0.999999238518982 
0.9999666803145242 
0.9999988174389985 
0.9999983577758811 
0.9999969610816717 
0.9999986909596192 
0.9999882381258652 
0.9999988284730411 
0.9999977417674984 
0.9999961216635516 
0.9999951940731259 
0.9999984327891731 
0.9999767942241847 
0.99996543741377 
0.9999965887203164 
0.998242757222103 
0.9999914885600727 
0.999996361046008 
0.9999959899372329 
0.999987413413919 
0.9615365692945963 
0.8076906107559896 
0.40125057304014855 
0.3461535887271369 
0.3461536899377393 
0.3461536334445165 
0.34615327866544227 
0.34615330879355793 
0.3461460250680044 
0.3461533629279424 
0.3461514298337802 
0.34615267780278713 
0.346153116502417 
0.30762987385673274 
0.3076414479573443 
0.3073532731205044 
0.26922845104157556 
0.26922427331808396 
0.26922797994932296 
0.2692306364583345 
0.23076752290688743 
0.23076899362535072 
0.2307685795413734 
0.23076914812369104 
0.2307687264865249 
0.1923068873692033 
0.19230744868657104 
0.19230310390997446 
0.1539526932119778 
0.15384490353661573 
0.15384515166400103 
0.11538458252681434 
0.11538365674355654 
0.11538342118741067 
0.1153845874734036 
0.07692299384762749 
0.0769214970392579 
1.0038094881684096e-280 
0.0 
9.901163843255644e-246 
0.0 
0.0 
3.24059969738334e-237 
6.200633461449438e-291 
0.0 
0.0 
0.0 
0.0 
0.0 
0.0 
0.0 
0.0 
0.0 
0.0 
0.0 
0.0 
0.0 
0.0 
0.0 
0.0 
0.0 
0.0 
0.0 
0.0 
0.0 
0.0 
0.0 
0.0 
0.0 
0.0 
0.0 
0.0 
0.0 
0.0 
0.0 
0.0 
0.0 
0.0 
0.0 
0.0 
0.0 
