t = 1000000
b = 105 105 105
E = -0.200863685215606 -0.56160073150225 0.360737046286644
0.909479622541731 3.39179293952588 6.22668146620251 0.929828777275508 0.0839089659568225 0.358298381774603 -0.24486692406152 0.867890422838523 0.432211063539338 0.527236116818266 -0.124738668750701 0.520316645061424 -0.583573178496479 0.23018296291179 0.000237978119128511
1.04794532404412 3.68909657295922 6.60309166709359 0.599252349293003 0.466318554107007 -0.650725462819991 -0.183643643477315 0.871234188974268 0.455220825723888 0.332487320800419 -0.268779776675283 0.041833582684054 -0.00109208505996259 0.0491598085329414 0.477586095407154
1.07923813978723 3.15410070646552 7.12486029020119 0.799205788364066 -0.585872185162137 0.134253083758607 -0.590363644772537 -0.80710052187133 -0.00771456582885738 0.118932947805089 0.0453893240052063 0.0865579726318205 0.190654292067898 -0.0714017821023261 0.277442761362151
0.537335282919352 4.48074900825476 7.73922709450046 0.348623269675933 0.885947617177443 0.305873561227516 0.537136253036822 0.0785854613298234 -0.839826750550988 0.314285853400034 0.0373067666388773 -0.0889183611206308 0.227524609150258 -0.0196537756798205 0.0809992108746846
0.522479109206095 4.82151068298064 7.30950330167516 0.554121742594172 0.656471116250624 0.511854244793393 0.437448631678333 0.293501160433471 -0.849997507918058 0.343569829839511 0.246089146799462 0.278494723847268 0.742871142182096 -0.225802236531589 0.198980866831599
0.628831129489652 5.14744524804471 6.94792737748342 0.793307613760579 -0.129339691154183 0.594923754981771 0.60844443893157 0.134064461387064 -0.782190568164965 0.481569507987144 0.182659314013648 0.425719417149482 0.0302578354633393 0.0147428169840504 -0.128405143049134
-0.144922756385074 5.43160531841514 6.69857046940031 0.0560368666048719 -0.886665432363299 0.459003573660459 0.637426630975275 0.385612804356083 0.667075749252005 0.445981069653677 0.0987383460413602 0.0171237706074976 0.19690193705637 0.0425108603742706 -0.453074567935912
0.0524300704354286 5.64059367060662 7.21583235002876 0.631119523113815 -0.757235128405354 -0.168175824224629 0.732149223182233 0.509914310908847 0.451602602432829 0.276118799283961 0.378396169349855 0.767494312007237 0.0827260571406113 -0.462509533744787 0.0734481131959964
0.359237536001699 5.73561295685106 7.59703636552177 0.569148494281373 -0.576441962317421 -0.586331523574204 0.822159499027115 0.408622616001155 0.396334853188258 0.42763400189845 0.265046836872181 0.328433307294324 -0.510527151912799 0.486100027505631 -0.439994582098425
-0.496184936789173 6.83276487587178 6.99172717090406 -0.859076335794212 -0.0243591037654597 -0.511267526195461 -0.264644956157503 0.876130724809733 0.402936719876383 0.420138880140281 0.518373248565314 0.148347664906409 0.385401579403209 -0.159934390126248 -0.362118376824604
-0.577843317264732 7.58009788132819 7.77930660638087 -0.372625211093351 0.571583102677755 -0.73105622820066 -0.743212825324881 0.287919965192672 0.603934425178825 -0.135587205593962 -0.240259641930189 0.0629652907406726 0.0868663867551904 0.375270062373921 -0.0925325063791355
-1.03217783322362 7.85875357852822 8.15249371019108 -0.38665945971023 0.0664087814280031 -0.919828427461347 -0.91356915191574 0.108732210957788 0.391878439019436 -0.180336787791954 0.691498137729145 -0.158811275072883 -0.0297297467998825 0.184168639738077 -0.0209903046697562
-1.54933680212853 8.05975611529336 8.0996653568477 -0.244479362667535 -0.812680155535631 -0.528943102827071 -0.91611377844843 0.0148312414968034 0.400643955667201 -0.459638154840181 -0.0122421499357189 -0.205084152383146 -0.0232524357136209 0.168241993863346 0.0312577104897691
-0.584277797977965 8.75754557252701 8.76923761827143 0.964126705697104 -0.259013531961616 -0.0580662175668543 -0.222220082618045 -0.667942429111841 -0.710261322523948 -0.246988624154489 0.189134184181558 0.0412563880435541 0.436273696971731 0.344041463090281 -0.346145664141581
-1.37632799470321 8.88372186943648 9.27405576670785 0.26686633605261 0.69224983144705 0.670501699881086 -0.737353617727205 -0.301327543903747 0.604575349902397 0.552118199901234 0.869000566452259 0.173494292787568 -0.15231721548541 0.226218789956275 -0.0997430856159488
-2.19176290457958 9.33952458450374 8.05454061619351 -0.854896040717883 0.516495508054045 -0.0488379946847765 0.123275894499082 0.293676721349558 0.947922484791245 -0.0728181225502403 0.171841440914362 0.229675659213381 0.47411575201141 -0.200391321910054 0.271531593189018
-2.01738657524577 9.81995912127183 8.33494240764083 -0.972298043328025 -0.154760424469414 0.175173416814944 0.0933716767913113 0.429880462296085 0.898044830790346 -0.0919805696517561 -0.168735817420086 0.472380087075147 -0.495191659357996 0.815562637752069 0.468037600345691
-2.17822257479761 10.1435158019916 8.72306541316189 -0.511227994044479 -0.796055792691872 0.323946157604845 0.169657944602003 0.276032605206731 0.946056120267762 0.0598391520058531 0.399216178911523 -1.09049881498473 0.320857565651572 0.444129038973762 -0.073461922184138
-2.24729769548052 10.3486023861166 9.15285185438254 -0.066239783983025 -0.960930475476933 0.268746929875747 0.139407220642242 0.25778413715911 0.956092550677972 -0.349745218917401 0.287332744054067 0.0488753985599031 -0.32706671179121 0.503519118629434 0.464703416125059
-1.29636934128281 10.9633312389994 9.11400954709523 0.0121721391098565 -0.764573072370172 0.644422110138823 0.952461733410659 0.205066207664718 0.225309779775197 0.210562763018915 0.0627110983979412 -0.070860420180889 -0.0868049568351201 0.220932788890797 0.170996848231035
-0.727411412138212 10.8782401178169 8.9005173588007 0.240920832264613 -0.962897011516077 -0.121599744219443 -0.159352246801299 -0.162834601204251 0.973700032910505 -0.0125428081987887 0.130520280077177 0.608631906481446 -0.309505074670413 0.894309279840216 -0.0419919195276407
0.107313122039801 11.4593289083302 8.67832884644441 0.0169243994189116 0.724039448409338 0.689550898666271 0.998232989054177 0.0270524251798969 -0.0529061986517081 0.0299788317077008 -0.0228844985391891 -0.325203978689452 -0.17055763715523 -0.0550138442038869 0.286500739510181
0.612369088420695 11.6795757919138 8.52484242123168 -0.0904715818376532 0.112346265606565 0.989541919013129 0.986226858694159 -0.128036905713355 0.104704985390632 0.19805729207531 -0.679165423718797 -0.0674680523664459 -0.224720948546554 -0.587550004770923 -0.21892182122469
0.704494938495148 10.8731089489555 8.91433948236474 -0.079664283804359 0.938604003713483 0.335672647230814 -0.793284867798293 0.144216297834392 -0.591524114437606 0.102877802849616 0.172754992285877 0.177742289021943 -0.0473789452385545 -0.645933939629041 -0.150415393893685
1.63953680118256 9.64958304900243 8.47967342970038 -0.110643712007096 -0.732039929281177 0.672216863022084 -0.588847847756445 -0.49658537483238 -0.637699911945505 0.159000897080832 0.17165970791217 -0.31341485244312 0.365173721828793 0.186701334047364 -0.246763604512661
2.42200169947214 10.1568564892371 7.83324848046273 0.149115633781974 -0.770504849344601 -0.619747371836615 -0.576270039288461 0.441601183485543 -0.687678148964103 -0.258387941893222 0.204568020942204 0.418804477611478 0.0281475000523765 0.208554686213924 0.140424633739276
10.8092947213395 24.9043231387418 -15.3614364029894 0.31264417414583 -0.949075586010767 -0.0388478108907946 0.949424748740731 0.313488599220191 -0.0178197821980745 -0.0575314071590273 0.0870213951171397 0.572930561086668 -0.0543610665876187 -0.726683083984815 -0.221052381546573
11.5102788453447 25.1092112023991 -15.6424977642936 0.0123269513292504 -0.99363780314777 0.111946247934543 0.950268949573696 -0.0232002813826295 -0.310565082421986 0.385004233009871 0.115718032671718 -0.520448825533879 0.116365687506763 0.10852903198506 -0.0537808096867142
12.0254284940895 24.8718081551914 -15.5764004121482 -0.388814350465964 -0.851572425086661 -0.35163589933862 0.909306936413631 -0.293273449560928 -0.295214463013993 1.21056808557732 0.404042202369788 0.0751343492898495 0.0682702141812024 -0.663733152761015 -0.0465582155072931
11.9293694200637 24.6975428013551 -15.0168756542562 -0.958390611132549 0.264773626483682 -0.106688158721531 -0.205101537771642 -0.898647032841442 -0.387771671952752 -0.026994534383234 -0.16935326946441 0.104230676873906 0.112798574102838 0.405352660624366 0.116226897061115
12.958205571304 25.3880764439012 -14.5813798435912 0.0407950274467266 -0.450227930504743 0.891981264561691 0.716802721257716 -0.608739291095991 -0.340044606299722 0.318454666234106 -0.178267939709539 0.155508657613243 -0.0848719933247628 -0.584665212967734 0.426635512196053
13.4774067047801 25.2716757823004 -14.5858589035306 -0.461946132643369 -0.754858092625807 0.465612532620493 0.683458917996514 -0.637555485329989 -0.355537495261434 -0.144295803034457 -0.0866047486251921 -0.290663160345853 -0.138679590821622 0.437270488273968 0.187017493541446
13.8284354044395 24.9135706006246 -14.4659194722325 -0.791924909092548 -0.580014273484778 -0.190888399104828 0.607780096416974 -0.718629727337852 -0.337897424355191 0.167018922600503 -0.819878133513001 -0.0982504641932959 -0.0300976293534186 0.439581037859248 0.383079915252303
13.9737737000551 24.4299614569247 -14.4064867783458 -0.600409965398409 -0.105400511896225 -0.792715967760462 0.517636597827169 -0.806813757677205 -0.284787487457923 -0.441133518218983 0.289795351892168 0.395590308905075 1.01617699403636 0.55433329958229 0.514809859049258
13.9849986876166 23.8822881289677 -14.5337893487823 -0.202984994548263 0.40672695275317 -0.890713353381695 0.381508566226429 -0.804915519615317 -0.454491166227113 0.376702862519268 -0.0278620486689272 -0.275894967557989 -0.0530674509925109 1.17407764274448 0.325341843339868
14.6670045818015 23.6715528755942 -14.7387425523583 -0.467411372325875 0.707680676878001 -0.529825130202317 0.654359787823398 -0.126026351516532 -0.745607555489682 0.781682090315054 -0.0709804375886845 0.338222553309001 -0.15945090143054 -0.13844145717681 0.0836538044606866
15.6107292453159 22.8713826542318 -14.5355047134319 0.413052209603657 -0.690598871617421 -0.593684319030156 0.649676722218423 -0.233390117470978 0.72349789887357 0.459720216213284 0.317399642254651 -0.430776509377296 -0.087643697150086 -0.067911446053499 0.556737643115022
15.716769272719 22.5050272245632 -14.2073090091952 0.776419064988937 0.137689044225005 -0.614992002079586 0.629126060970079 -0.111944780603742 0.769200081580753 0.250819485149221 -0.036252721307717 -0.441238708766377 0.0293821904975988 0.600306773461131 -0.501360908416492
16.0438809382381 22.2140641284096 -14.0276237146248 0.427637285870908 0.896296893961318 -0.117380703729897 0.370060042319742 -0.0551111198797393 0.927371732124541 0.301983328891792 -0.283280486649173 -0.102262563546549 0.122482413176748 -0.434167266516045 -0.177727122218568
16.5367598437752 22.1976480574469 -13.7209107254034 -0.371001023776917 0.902623163253802 0.218242217533899 0.238557669990914 -0.134490019777411 0.961770592536853 0.208272251984355 -0.802223002105786 -0.0428660575647257 -0.113380065133388 -0.331364338396023 0.134910626869751
15.5220812540207 21.0793588262214 -13.3593057179828 -0.947455247224049 0.286202660941054 -0.142886638206694 0.072476879353179 -0.243001635761212 -0.967314481942936 0.281063924061185 0.123963200321747 0.120521623596768 0.432632303120799 0.0667747145332153 -0.194562070899165
15.455093498645 20.7202659516682 -13.6226994535505 -0.499067983226815 0.794045125482163 -0.347020873746879 0.306678999717887 -0.212698911007618 -0.927743048687584 1.30701491882046 0.116290785793422 0.334664029372925 -0.45124504903486 -0.18065935946952 -0.0476096207793403
16.0297482537642 20.0466207939004 -12.604958585942 0.56207782867366 0.401971646823283 0.72283283659751 -0.475265696316966 -0.558281721834925 0.680032379353654 -0.401296582380198 0.279208466641525 0.498586450899206 -0.295661537603908 -0.514357915826833 0.0433555461401721
16.032827695786 19.7422397181491 -12.2853039955314 0.0287229608387247 0.82608469791356 0.562813524530091 -0.549949046112263 -0.457110941683655 0.6990033144939 0.016098631562054 0.0838324398694746 -0.141148989440111 0.347243674563555 0.248766710475918 -0.477331548279863
16.0736492272131 19.5515269743854 -11.8926769195416 -0.683312225154227 0.719943316002038 0.121515532746702 -0.477417738148215 -0.566495966188025 0.671680447530074 -0.128961214006592 0.0694026543957054 0.211117852233599 -0.130907781969471 -0.161160232058329 -0.161855307738716
15.9558412860893 19.4373678831114 -11.4533893054502 -0.963066235268839 0.0322309100869957 -0.267328627198686 -0.245238275208115 -0.514936547100941 0.821400353562492 -0.0962804172315925 0.164280536005245 -0.183704200651918 -0.173014557516182 -0.289856357507312 0.0928946232139457
15.6441048571065 19.5338876506644 -11.1040500789662 -0.410104057452103 -0.808860686270905 -0.421377564977667 -0.166074639146888 -0.388064530855674 0.906545715407759 0.295278200259137 -0.316374470914023 -0.103286928774253 -0.381416395601306 0.12104579016498 -0.421508797375814
15.3200816865313 19.384770646393 -10.7420848552892 0.483356746719652 -0.787254615310879 -0.382879127235182 0.0507982639484956 -0.411404592250906 0.910036151949348 -0.401938410438327 0.206675068180492 0.169391417813222 0.266268797174846 -0.250584405333215 -0.334481467112757
15.2555994682781 18.9439620339754 -10.4651040597613 0.995209870722712 0.0932269259039125 0.0294287869716373 0.00431666732018649 -0.342637998406958 0.939457592673057 -0.0782502571881653 -0.171096412549055 -0.295162080137596 -0.241946612889707 -0.243313199045037 0.251897532669125
15.267360615765 18.5887794326834 -10.1000934935125 0.742991307875954 0.528722829316427 0.410385289917288 -0.0816800210594522 -0.536943644459129 0.839654629496353 -0.24136253742513 0.220100272793354 0.322556106210111 0.0035091648137412 0.320198824130396 -0.0182257305992522
15.43380236701 18.201087135303 -9.80038730470356 0.134152845471034 0.922784173606863 0.361209610880933 0.0919884970553249 -0.374526969491261 0.922641677756443 0.0612601258454157 0.799278605487917 0.441597854250866 0.176050047839525 0.17976694975607 0.0232962908243369
15.7303832951534 18.0732711221313 -9.35721120428955 -0.565343168118856 0.780457627573248 0.266970024205193 0.0850918472263042 -0.26674834673782 0.960002446376221 -0.313237397841604 0.0361893058581831 -0.464756229246312 0.197377584693631 -0.330501093219335 -0.0263578427674204
