t = 0
b = 19 19 19
E = 0 0 0
-3.897239923477173 -1.602368712425232 -3.573591709136963 0.09876586238743874 0.9383582449247005 -0.3312538431606513 0.6868987112071548 0.1765684613721861 0.7049778287227255 0 0 0 0 0 0
-3.364943265914917 -1.53114914894104 -3.5572056770324707 -0.34219847519491176 0.9343566781671704 0.09938712964306803 0.6868772039247534 0.17657132598835434 0.7049980663570836 0 0 0 0 0 0
-2.910649061203003 -1.2469465732574463 -3.5181617736816406 -0.6531390591784804 0.5753872192082707 0.49227930826637717 0.6868992242338742 0.1765678537225198 0.7049774810437031 0 0 0 0 0 0
-2.605229616165161 -0.8315837383270264 -3.366905450820923 -0.7159568904044734 -0.0021898752683587046 0.6981410570426766 0.6868969639974439 0.1765677709933735 0.70497970403234 0 0 0 0 0 0
-2.4630134105682373 -0.41671618819236755 -3.056507110595703 -0.5067771361766067 -0.5789273952410018 0.6387644364616004 0.6869006052451115 0.17655187691953253 0.7049801367911649 0 0 0 0 0 0
-2.4363226890563965 -0.13381747901439667 -2.6004998683929443 -0.1050519160508174 -0.9357252078036197 0.33672307674842367 0.6869013207895766 0.1765700174115021 0.7049748963252784 0 0 0 0 0 0
-2.43356990814209 -0.0642198771238327 -2.0677413940429688 0.3365780041873094 -0.9370259905214064 -0.09326060360444242 0.6868940782992972 0.17656531113813123 0.7049831317840549 0 0 0 0 0 0
-2.3540966510772705 -0.20821373164653778 -1.556243658065796 0.6503360622748896 -0.5823340753455506 -0.48780122057681824 0.6868908251824385 0.1765581375116609 0.7049880980262023 0 0 0 0 0 0
-2.1263821125030518 -0.484955757856369 -1.1559350490570068 0.7170289143525886 -0.006403837336200042 -0.6970140076423998 0.6868890389539407 0.1765530250570818 0.7049911187441479 0 0 0 0 0 0
-1.7352169752120972 -0.7631535530090332 -0.9145114421844482 0.5112971955663497 0.5719553341753109 -0.6414376614406068 0.6868901059285599 0.17658272508222425 0.7049826406231486 0 0 0 0 0 0
-1.2275060415267944 -0.9109740853309631 -0.8193054795265198 0.11131927201762903 0.9330252239583412 -0.3421577868980221 0.6868868659357793 0.1765792872218813 0.7049866585469083 0 0 0 0 0 0
-0.6944440007209778 -0.8461112976074219 -0.8020927309989929 -0.3309391289538361 0.939621936131611 0.08712008991936937 0.6868955140605614 0.17656301395765864 0.7049823081933794 0 0 0 0 0 0
-0.23679481446743011 -0.5670595169067383 -0.7650241255760193 -0.6474864957401281 0.5892306852480049 0.48328918609496735 0.6868905106882188 0.17657006679068257 0.7049854167569795 0 0 0 0 0 0
0.07326563447713852 -0.15369075536727905 -0.6177874207496643 -0.7180369993902979 0.014989502941503707 0.6958435041790245 0.6868893744458241 0.17653870789962522 0.7049943772020847 0 0 0 0 0 0
0.9855064153671265 -0.025313541293144226 -0.22876803576946259 0.32829861285837003 0.2072775347981375 0.9215508908157364 0.9425414167807062 -0.0079178970935219 -0.3339954858357153 0 0 0 0 0 0
1.368481159210205 0.3394118845462799 -0.32357263565063477 0.3022330482435825 -0.4057052298484454 0.862588227964544 0.9425350028027126 -0.008008515024523292 -0.33401142522194155 0 0 0 0 0 0
1.8203604221343994 0.6116633415222168 -0.22176480293273926 0.1614268914172199 -0.8645548562510932 0.4759057251809701 0.942525673210224 -0.007891704706312574 -0.3340405309785666 0 0 0 0 0 0
2.309044599533081 0.6868353486061096 -0.011462959460914135 -0.04076655019292586 -0.9949611674670342 -0.09159892803960107 0.9425196731918187 -0.007863532486847792 -0.33405812443827154 0 0 0 0 0 0
2.788437843322754 0.5352026224136353 0.17794470489025116 -0.22754595719696655 -0.7473576881800185 -0.6242430001862532 0.9424904587105051 -0.007860979210822027 -0.3341405995168933 0 0 0 0 0 0
3.2159712314605713 0.21321798861026764 0.2250567525625229 -0.3277939061402228 -0.21582743737946244 -0.9197660965547432 0.9425188808058438 -0.007850072197476807 -0.33406067666068395 0 0 0 0 0 0
3.568794012069702 -0.1579689234495163 0.06251644343137741 -0.3035324509963804 0.39769879222180804 -0.8658543306223312 0.9425307142586289 -0.007870048793247948 -0.3340268178022702 0 0 0 0 0 0
3.85241961479187 -0.4384963810443878 -0.29741746187210083 -0.16399699974538848 0.8601487396174072 -0.4829587247468428 0.9425250811310372 -0.007856445389736642 -0.3340430327140053 0 0 0 0 0 0
4.098666191101074 -0.5229545831680298 -0.767429530620575 0.037900206146803526 0.9957956033420103 0.08339478843879562 0.9425124132907214 -0.007894250986618105 -0.3340778825278035 0 0 0 0 0 0
4.353556156158447 -0.38041558861732483 -1.2184361219406128 0.2253303653169553 0.7531235081608892 0.6180867317145405 0.9425284196846121 -0.007858686861300451 -0.33403355988230266 0 0 0 0 0 0
4.659804344177246 -0.06620883196592331 -1.528541088104248 0.3272017836193918 0.22434866819937788 0.9179360913884224 0.9425239362669967 -0.007855503305662329 -0.3340462851635703 0 0 0 0 0 0
5.040555000305176 0.2991430163383484 -1.6294093132019043 0.3047427180849399 -0.3896977586263804 0.8690612939809127 0.9425121962165895 -0.007978543060213509 -0.33407649248879745 0 0 0 0 0 0
5.49086332321167 0.5756527185440063 -1.5321685075759888 0.16640987595492207 -0.8556774706698781 0.490024304879531 0.9425241846178491 -0.007997720183043242 -0.3340422097315438 0 0 0 0 0 0
5.9791154861450195 0.6571226716041565 -1.323230266571045 -0.03511319389156154 -0.9965489952925828 -0.07521411832945794 0.9424832756449212 -0.007987775569041804 -0.33415785277482013 0 0 0 0 0 0
5.937155723571777 -0.538745105266571 -1.413480520248413 0.0349485308123229 0.9965549659710033 0.07521170116805197 -0.9425105708725833 0.007839312319788804 0.3340843740371434 0 0 0 0 0 0
5.690685272216797 -0.4511418342590332 -0.9441565275192261 -0.16651403568587503 0.855665839509126 -0.49000923156277953 -0.942532389285457 0.007864173001620157 0.3340222296956424 0 0 0 0 0 0
5.406270503997803 -0.16849510371685028 -0.5865275263786316 -0.30478391347814654 0.3896921594104977 -0.8690493581948778 -0.942505322655987 0.007920490774761637 0.33409726516543214 0 0 0 0 0 0
5.052353382110596 0.20298616588115692 -0.42701002955436707 -0.32721763299606665 -0.22433854623862282 -0.9179329154834751 -0.9425229619991082 0.007920817307137165 0.3340474917696805 0 0 0 0 0 0
4.623960971832275 0.5233299136161804 -0.4767345190048218 -0.2253437053277324 -0.7531245089714758 -0.6180806488280001 -0.9425362586202037 0.007899355397811928 0.33401048092915797 0 0 0 0 0 0
4.144111633300781 0.6720019578933716 -0.6673511862754822 -0.03794786351556493 -0.9957940552575403 -0.08339160130580936 -0.9425436117669526 0.007949109846409482 0.33398855005816913 0 0 0 0 0 0
3.6556413173675537 0.5936773419380188 -0.8769753575325012 0.16397639190640417 -0.8601475031878227 0.4829679240458024 -0.9425358974042486 0.00786332088940052 0.33401235050362765 0 0 0 0 0 0
3.2045485973358154 0.31928306818008423 -0.9765113592147827 0.3035481685974334 -0.39770087931854 0.8658478618847565 -0.9425269675620744 0.007854021999225025 0.33403776696157605 0 0 0 0 0 0
2.822648286819458 -0.045766815543174744 -0.8786773681640625 0.32775677145246074 0.2158177170702551 0.9197816109086128 -0.9425310460959181 0.00782665872916076 0.3340269009503158 0 0 0 0 0 0
2.515449047088623 -0.36162233352661133 -0.5711801648139954 0.22748547865293117 0.7473563130564321 0.6242666884727575 -0.9425326079055896 0.007886798126453671 0.3340210793497934 0 0 0 0 0 0
2.2601137161254883 -0.5071184039115906 -0.1213628351688385 0.040780804062309134 0.9949615380917698 0.09158855680755822 -0.9425422671663058 0.007887360777486934 0.33399380854286215 0 0 0 0 0 0
2.0140764713287354 -0.42580896615982056 0.34929877519607544 -0.16145257895846732 0.8645686585017434 -0.4758719360123644 -0.9425172543947603 0.007865506491378928 0.3340649023405439 0 0 0 0 0 0
1.731227993965149 -0.1474313586950302 0.7115030884742737 -0.30228677787011843 0.40569952415018923 -0.8625720839612255 -0.9425413027090281 0.007836683350468499 0.33399772316833687 0 0 0 0 0 0
1.3794903755187988 0.22343479096889496 0.8770788311958313 -0.32833022884251717 -0.20728753104920017 -0.9215373786774725 -0.9425282620593969 0.007894746619939866 0.3340331543351649 0 0 0 0 0 0
0.5441946387290955 0.25990867614746094 1.425668716430664 -0.9625134269265099 -0.18302497567313414 -0.20017432719016448 -0.23100636325911938 0.16640539680634056 0.9586163487274355 0 0 0 0 0 0
0.29445403814315796 0.6448040008544922 1.7052631378173828 -0.6962920176123402 -0.7164435554851376 -0.043428769417877953 -0.23097724649350393 0.16637112676719296 0.9586293130196332 0 0 0 0 0 0
-0.11397692561149597 0.8663959503173828 1.9749584197998047 -0.1655570781073306 -0.9776195268156256 0.12981107301519262 -0.23100193800772822 0.16640739237481916 0.9586170686982821 0 0 0 0 0 0
-0.5602365136146545 0.8651447296142578 2.274251937866211 0.42804889280629765 -0.8674100060443873 0.2537203712384533 -0.23096835159358642 0.16642225592853463 0.9586225812559388 0 0 0 0 0 0
-0.9088693261146545 0.6661624908447266 2.6313743591308594 0.8590652454225532 -0.4276754899375936 0.28124825228564104 -0.23098805085989765 0.1664244892639249 0.9586174470210665 0 0 0 0 0 0
-1.0617090463638306 0.3696918487548828 3.0526084899902344 0.9637295302023215 0.1745414031539361 0.2018927715423903 -0.23096914854118625 0.16646013688533523 0.9586158121219758 0 0 0 0 0 0
-0.9948411583900452 0.11301231384277344 3.5198612213134766 0.7022423177256272 0.7104589694945107 0.045866980063409925 -0.23097027138589626 0.16641060127794574 0.9586241419441919 0 0 0 0 0 0
-0.7679010033607483 0.018281936645507812 3.9975643157958984 0.17396031966736378 0.9764592213185157 -0.12753507863825714 -0.23089925749837828 0.16634503867260095 0.9586526279084143 0 0 0 0 0 0
-0.5013185143470764 0.1461315155029297 4.446208953857422 -0.4203905951511449 0.8714645294589722 -0.25262882140270165 -0.23103908037544538 0.1664371551290096 0.9586029505127922 0 0 0 0 0 0
-0.33054980635643005 0.47263526916503906 4.837259292602539 -0.8550489729270062 0.4354001627140106 -0.2816344300775119 -0.23101286301560145 0.1664026707548998 0.9586152556093459 0 0 0 0 0 0
-0.35470062494277954 0.8983898162841797 5.164113998413086 -0.9648521575191116 -0.1660728511504795 -0.2036666939915953 -0.2309965256017583 0.16643119357477393 0.9586142409568056 0 0 0 0 0 0
-0.5987878441810608 1.2862873077392578 5.444555282592773 -0.7080861744780435 -0.7044696627488938 -0.04833698148943086 -0.23096845720891693 0.1663780368921609 0.9586302314315168 0 0 0 0 0 0
-1.004290223121643 1.5135993957519531 5.713968276977539 -0.18231391086176854 -0.975213006949739 0.12538432510619354 -0.23096429185835102 0.16642950051644068 0.958622301662244 0 0 0 0 0 0
-1.4513460397720337 1.5186214447021484 6.011968612670898 0.41273020738254007 -0.8754674751451241 0.2514169363368091 -0.23095639142762886 0.166416517166586 0.9586264590928374 0 0 0 0 0 0
-0.956064760684967 0.46805381774902344 6.313690185546875 -0.4127404515634519 0.8754572265022308 -0.25143580534247634 0.23092847154122978 -0.16644985676678295 -0.958627396966073 0 0 0 0 0 0
-1.2230669260025024 0.3433399200439453 5.864418029785156 0.18231366161311394 0.9752148620072965 -0.1253702584718915 0.2309526884822368 -0.16641383734256654 -0.9586278164249924 0 0 0 0 0 0
-1.4485079050064087 0.44092750549316406 5.386566162109375 0.7080981225645424 0.7044589670579526 0.04831782851301128 0.2309760926880567 -0.16641883057758108 -0.958621310756103 0 0 0 0 0 0
-1.5125337839126587 0.6990909576416016 4.91972541809082 0.9648539402955211 0.16609184676081012 0.2036427566494579 0.23097621952878267 -0.16642819693715066 -0.9586196541258899 0 0 0 0 0 0
-1.3566232919692993 0.9951229095458984 4.499326705932617 0.8550602758583091 -0.4353997342093624 0.28160077432338304 0.23099407496788713 -0.16636661098227942 -0.9586260418327895 0 0 0 0 0 0
-1.0058046579360962 1.1918983459472656 4.143104553222656 0.4204175866027024 -0.8714627182552994 0.2525901493848167 0.23099652820237157 -0.1664125452329276 -0.9586174778020428 0 0 0 0 0 0
-0.5591493248939514 1.1900215148925781 3.8444652557373047 -0.17396819406647396 -0.9764478814310473 0.12761113706126542 0.23097172845546726 -0.16643215880207848 -0.9586200483876672 0 0 0 0 0 0
-0.15212395787239075 0.9655628204345703 3.574911117553711 -0.7022674643606461 -0.7104339489983955 -0.045869517231097244 0.23096397981404757 -0.16641494553065525 -0.9586249036680017 0 0 0 0 0 0
0.09477994590997696 0.5791568756103516 3.2948970794677734 -0.9637262274816437 -0.17454522408010745 -0.20190523325269272 0.2309744128758288 -0.16640267541150847 -0.958624519930801 0 0 0 0 0 0
0.12203074246644974 0.1529521942138672 2.9688549041748047 -0.8590686866527689 0.42767504251502336 -0.28123842131270016 0.23099718774571462 -0.16638542698811692 -0.9586220261080761 0 0 0 0 0 0
-0.04654143378138542 -0.1757526397705078 2.5787181854248047 -0.428012908375459 0.8674234175989871 -0.2537352259046315 0.23099520084219496 -0.16643013981602114 -0.9586147431313029 0 0 0 0 0 0
-0.3127466142177582 -0.30673789978027344 2.1307334899902344 0.16574994537476812 0.977588738868004 -0.1297968152410786 0.23095064867116294 -0.1664364999494191 -0.9586243734450717 0 0 0 0 0 0
-0.5411515831947327 -0.2148761749267578 1.653158187866211 0.6963374696886973 0.7163998636590813 0.04342077448402285 0.23099950416116685 -0.16642919633323064 -0.9586138699628595 0 0 0 0 0 0
-0.6108232140541077 0.04029655456542969 1.1854877471923828 0.9625318078197489 0.18297620676932838 0.2001305241375092 0.23095169236700827 -0.16639927866200216 -0.9586305836210214 0 0 0 0 0 0
-0.788374125957489 -0.13569964468479156 0.21724143624305725 0.7180100360700026 -0.014998489017474 -0.6958711327752762 -0.6869122123252022 -0.17658706599843876 -0.7049600135330795 0 0 0 0 0 0
-1.0137476921081543 0.1400260329246521 -0.18507181107997894 0.6474403846928946 -0.5892606593283483 -0.4833144148860417 -0.6869131422595781 -0.17650718873164692 -0.7049791112629675 0 0 0 0 0 0
-1.0915511846542358 0.28143540024757385 -0.6975488066673279 0.3309413043123694 -0.9396202602354771 -0.0871299010388644 -0.686887442551131 -0.176553771267676 -0.7049924872767992 0 0 0 0 0 0
-1.0939204692840576 0.20866291224956512 -1.2298856973648071 -0.111317994148556 -0.9330295714263245 0.34214634737601907 -0.6868985247745509 -0.17656638958883009 -0.7049785292688786 0 0 0 0 0 0
-1.1216615438461304 -0.07680003345012665 -1.6842339038848877 -0.5113013368071639 -0.5719531949799654 0.6414362678640934 -0.6868957668052653 -0.17656923690124365 -0.7049805033652484 0 0 0 0 0 0
-1.2659590244293213 -0.4926373064517975 -1.9923622608184814 -0.7170142703838075 0.0064043159483174175 0.6970290674019344 -0.6869034081180643 -0.17655717962092443 -0.7049760777785959 0 0 0 0 0 0
-1.5736925601959229 -0.9070183038711548 -2.1416072845458984 -0.6503307279224955 0.5823327740511556 0.48780988569901196 -0.686895032632342 -0.17654769094634984 -0.7049866147428093 0 0 0 0 0 0
-2.0296783447265625 -1.1886510848999023 -2.179652452468872 -0.3365798163022646 0.9370245841503023 0.09326819369906826 -0.6868913332211115 -0.1765598044882554 -0.7049871855465126 0 0 0 0 0 0
-2.5623831748962402 -1.25669264793396 -2.196441888809204 0.10505298301255597 0.9357301654592899 -0.336708966630967 -0.6868928510570288 -0.17656228542720495 -0.704985085325547 0 0 0 0 0 0
-3.0711398124694824 -1.1114330291748047 -2.2899832725524902 0.5067540729847112 0.5789103288370976 -0.6387982002785615 -0.6869354576834964 -0.17655634661152375 -0.7049450570422895 0 0 0 0 0 0
-3.4643819332122803 -0.8342044353485107 -2.5291378498077393 0.7159630188267424 0.0021816637928567667 -0.6981347978833263 -0.6868894900224969 -0.17658620011865883 -0.7049823702932487 0 0 0 0 0 0
-3.6944165229797363 -0.5564804077148438 -2.9274306297302246 0.6531402818450345 -0.5753902831182195 -0.4922741048689483 -0.6868978835077633 -0.1765732693605261 -0.7049774309720067 0 0 0 0 0 0
-3.775569200515747 -0.40991687774658203 -3.437938690185547 0.34217795627486425 -0.9343647895838836 -0.0993815185304678 -0.686902648915528 -0.1765708863595541 -0.704973384606137 0 0 0 0 0 0
-3.7787230014801025 -0.4763399362564087 -3.9711058139801025 -0.09876128751062425 -0.938355761936447 0.33126224072464666 -0.686922013052058 -0.17656814644288385 -0.7049552025811517 0 0 0 0 0 0
