t = 1000000
b = 105 105 105
E = -0.369523984226843 -0.710089797766389 0.340565813539546
32.8229879206013 10.9272867700019 13.6382261149826 -0.775845454992682 -0.627412008421581 -0.0664680498858138 0.0736175013808833 -0.194654482383737 0.978105360366912 0.0344732077219427 0.289802218189463 -0.403424671840642 -0.047566118267071 0.22891256784023 -0.086819192034512
32.5638193442364 10.9544535484 14.0819032031272 -0.174624021746303 -0.969743423548047 -0.170599365516408 -0.246976826195368 -0.124583861638586 0.960979348759268 -0.177759089541395 -0.135354713842147 0.442023827658609 -0.0680109930163852 0.364750657729449 0.956870410261902
32.1759177218198 10.8610484600114 14.3836704686772 0.478662498656058 -0.855989512273162 0.195356513223549 -0.392707462366277 -0.00972223486139897 0.919612052526102 -0.0417632903155557 0.529246536406358 -0.477351664908566 -0.191094736348828 -0.16529910593919 0.43955946862695
31.3913896221408 11.5417160042334 13.7623554713416 -0.535339833736183 0.434577401271906 -0.724260826442679 -0.350725456211906 -0.894435422097441 -0.277447166253891 -0.0627821944621405 -0.197209545584627 0.0742563582086318 -0.0687053045242678 -0.259048312272484 0.43195955350812
30.9182647256245 11.2754187218985 13.6476327292604 0.497803754825848 0.202683391623565 -0.843273896454325 -0.0727583492800185 -0.959122289121763 -0.273478805613549 -0.360340973178108 -0.0196476334469247 -0.0162795468344669 0.371398430622432 0.252992164491628 -0.219471082528161
31.1223071108294 12.0833844436711 14.2097847609321 -0.355777246258187 0.807885399041912 -0.469833729163535 -0.119971827701284 0.459086775697296 0.880253425405366 0.0636333812548064 -0.541478792592461 -0.14441814309431 -0.156607131589932 0.474188059142473 -0.275143709745912
30.962179283614 12.5491750416472 14.6221623067724 -0.618566666186101 0.212551841078674 -0.756437039242182 -0.465831204668822 0.67607439137181 0.570898157369696 0.274818354523587 -0.239201575979794 0.318743117541749 -0.0120236213486846 0.252506948565464 0.109168455919551
30.7063874190556 11.8211429201541 16.0473107818453 -0.533441253774497 -0.287699325880002 0.795405259386515 -0.454011322315971 -0.696037638533652 -0.556242145970271 0.399619863907807 0.227922134802997 0.357797593009328 -0.825465656193735 0.476760186044733 -0.168328421058343
30.6466352439611 12.470445257708 16.0145244564908 0.975336001557636 0.199354778962818 -0.0947489111818985 0.0625502769944544 0.162029375722494 0.98480147453738 -0.0986374507664494 0.163942905216281 0.0251401521636845 0.451173059779775 0.666684082172053 -0.287733328858762
29.3106574030883 13.240514227203 15.993353863749 -0.253958561744446 -0.236669900544156 0.937812565011357 -0.0440632886549593 0.971425119791945 0.233220203305869 0.0679370388657421 0.1696933477812 0.207599915416413 0.154521640409664 -0.287666627318141 0.223792379198252
29.0452862735238 13.5961105315586 16.1492754600592 0.613412857588148 -0.0949801836840481 0.784030248684852 -0.0507190216564404 0.985954964781382 0.159123814261992 -0.0121937643316278 0.530020768061467 0.0611078866361126 0.755046012072163 0.256708352320417 0.278083839944279
28.326925109682 14.1851169376631 15.9394894751888 0.120914514916636 -0.383912618328424 0.915418364230674 0.231440290115054 0.907672617354943 0.350094004255269 0.764358523138665 0.665380174706603 -0.310541426899309 0.210634528819424 0.295750718064865 0.365269617345671
27.6989930597424 14.6714060717567 15.7652121429011 -0.44444987060208 0.881738600450117 0.158118161506111 0.856634582943703 0.469966741832357 -0.212857823150257 -0.13440467606184 0.116989169460408 0.314654545919331 0.11228758357046 0.203822289701372 0.49287443026169
27.4392120787372 14.8019028250903 16.8508060454934 0.751802633718626 0.654538454767953 0.0798261308330255 -0.622023926958936 0.744158676617669 -0.243544858917789 0.317649976626355 -0.0501401455111785 0.102985628436353 0.409847220898952 -0.151140615134405 -0.107293820934424
27.1732377191582 15.1933817080604 16.934996848174 0.748027172683972 0.351146501895689 -0.563162039854354 -0.482931300793803 0.870048269414952 -0.0989614450262846 0.00341016555027067 -0.352306879639118 0.22212452934253 -0.0912414447937944 0.283208697662304 0.666033167000466
25.8897772211819 14.7818353928548 17.5384603863964 -0.179717083234727 -0.981723530864847 0.0626153251203212 0.0352471861116279 0.0571845009991255 0.997741233344969 0.581119933329697 0.156491338597795 -0.584098895929264 -0.0317109259331311 -0.538223536962553 0.831271778692853
25.6322674612764 14.7325849374323 17.9109427910399 0.661301102368904 -0.746842220025314 0.070053910621017 0.0403954868397574 0.128711427608863 0.990859007652396 0.275411574418981 -0.412652146237206 0.110233533993529 0.320017019345882 -0.327734870837862 -0.0520037278657261
24.8528287450708 15.6407172201693 18.4961237673967 -0.838435069057462 0.28198638350628 0.46638001081908 -0.54052361963767 -0.539717423106544 -0.645398574377893 -0.104122714991115 -0.498307273823482 0.0568911596579172 0.0911524253363234 -0.0870730990295971 -0.661035240781575
24.4321771657193 15.317568940764 18.517309657654 -0.55360236855232 0.832758406529997 0.00615255124968963 -0.731280058091891 -0.482580181674998 -0.482022660143278 -0.336796941089199 -0.302739813544927 0.358163341028341 -0.112868560109034 -0.0304822289990262 0.230604328793631
23.9705270383283 15.0923708308174 18.5432160469577 -0.245964921126956 0.793103790173955 -0.557214173892705 -0.725096129109408 -0.532050446151229 -0.437216109379435 -0.350966145914518 0.176084324460461 0.185895847721584 -0.262414779044274 -0.0964066577840052 0.630335189217275
23.4555553990431 14.9826608226273 18.4359104007725 0.26520667659473 0.634352592641763 -0.726128230341016 -0.731318960473098 -0.358449183415799 -0.580247155065105 0.49668042587228 -0.137485749432215 -0.172668092732909 -0.117564482976909 -0.0296639709575831 -0.246741859092331
22.9482883368947 15.0276502361308 18.2862525125039 0.488727454574485 0.172426457409421 -0.855227801191242 -0.809747355030097 -0.275227058481893 -0.51822706152925 -0.298634459090276 -0.0454510983095466 0.0319717551516546 0.576528326813155 -0.000839758845063994 -0.0964701043803247
22.5192620650587 15.0510599377791 17.9232060725037 0.807373494238763 -0.0931013279132214 -0.582649280048808 -0.568201880843396 -0.388847820228953 -0.725219963396659 -0.283434750188971 -0.0697446479854705 0.261120580347855 -0.66661016255733 0.339580979951031 0.0984711398276796
22.2728177711342 15.1132669167507 17.4220416227473 0.781580454715379 -0.6215805750706 -0.0526268135253128 -0.495487447234879 -0.567342076229821 -0.657734869207723 -0.113977014637739 0.657968274970495 -0.224692953286786 0.430619839672283 0.153786577310237 0.254800632438591
22.3098297750139 14.9697156438702 16.9441645395252 0.427007335124089 -0.805595913757222 0.410706658684495 -0.55775063407793 -0.592151588757814 -0.581610459085178 0.0936727851885056 0.459172924327795 0.442493877464694 0.380335642759743 -0.623533039068435 0.390283596034489
22.1859055633746 14.680618629547 16.6349408801414 -0.0777839530742408 -0.576392286405557 0.813462715074431 -0.389934911264506 -0.733348427021651 -0.55691188671287 -0.503378654403923 0.332170410971559 -0.23995491473872 0.215606013651594 -0.278537412471548 -0.272383607624077
22.3050749359986 13.8001697345606 17.612374777427 0.260984082276434 0.55014415504434 -0.793239382197372 0.676142301466294 0.482312586109197 0.556961540367409 0.078188550612861 0.175117197295459 0.0259978840433004 0.0156753697881555 -0.615166789039284 -0.369413400912368
22.8708515518853 14.0781392218819 17.5237379888622 -0.415235858945942 0.653329226899752 -0.633040364213773 0.509725005189938 0.743464712125134 0.432944154491841 -0.18592287362229 0.0784308681544261 0.375380408042251 -0.2239212754645 0.0853353718303097 0.350983231782384
23.2419692060595 14.3872824860628 17.27520250722 -0.811284645534529 0.563038148866334 0.157496878830231 0.579344337135782 0.737987053720494 0.34602781328922 -0.276215288282631 -0.353708476859305 -0.199981076480334 0.295033300988285 -0.201287492636609 -0.63049118189103
23.4906263713286 14.8671744466847 17.2796638051136 -0.824992261679103 0.140471762261977 0.547407939453215 0.40758689387448 0.818868571329608 0.404137584035892 -0.518177612178828 0.397931772899857 0.468011825664311 -0.0671025698596687 0.0556465421842934 0.0433601734878409
23.4769013431519 15.4021424303221 17.3279172729623 -0.428080023021667 -0.44293141377118 0.787755835639603 0.474699238620532 0.631530079736563 0.613050072376463 0.00961583683540439 -0.116082090686779 -0.327676305436106 -0.746502401521617 -0.134591952448901 0.573362839412779
23.4974594659693 15.8457522658731 17.6572373256168 -0.186642018828215 -0.743463823644838 0.642204250795022 0.383733262616416 0.546593642284995 0.744301130843893 0.261901222771818 0.193748646246935 -0.0370163938626148 -0.238544568023831 0.145477734665934 -0.255658206421402
23.4396411206245 16.1187354749936 18.0719420020405 0.481587663238718 -0.826810772504262 0.290615328376127 0.453781230313634 0.518937799945207 0.724421255074037 -0.142515381460877 0.129559280714725 0.1633590286126 0.2474926290407 -0.0216418098020769 0.610833491374536
23.6553256220616 16.2637766396909 18.6055784234367 0.651420661386155 -0.741640696444437 -0.160063110355154 0.517542216574808 0.28008681399658 0.808518045987891 -0.215962922341535 -0.342179297238443 0.52719506685424 -0.0533322803507772 -0.12455638257403 -0.547839456837883
23.8057316820757 16.1856601542355 19.0999945771031 0.766093873915287 -0.314430149219258 -0.560565658608818 0.623032784610867 0.149039867643902 0.767865396506884 -0.335785796757474 -0.339713271839086 0.155958059054506 0.265878247113448 0.236074216037865 0.228509637465243
22.4173057101822 16.4809530395361 19.639340379866 -0.577146986641436 -0.702786719470183 0.415923289498325 0.0447593976516018 0.481321916096624 0.875400370920098 0.010767606752015 0.109598904167365 0.0987851512621893 0.430457480909873 0.308203199900373 -0.241105481953695
22.1201254416519 16.7355621345686 19.9903732413025 0.130506548464206 -0.908293062795938 0.397456605033653 -0.100740451557196 0.386661857067568 0.91670277064539 -0.338406957880977 0.305356581418234 -0.400319392181776 0.37004715949427 -0.494483242801412 -0.403970358650724
21.8622683840045 16.7328650022312 20.3106463172873 0.782897360778819 -0.442431688106222 0.437408189046551 -0.210037525165933 0.473825397079707 0.855203912002515 0.173799704013996 0.487105216075753 0.0194739805186886 -0.52055557340628 0.559510006893955 -0.0576242256934971
20.993402273284 17.3023477083055 20.9670642609877 -0.117709553569916 0.236490199247753 0.964477499301096 -0.137768409868021 0.957948513217689 -0.251703220611665 -0.0240763600461369 -0.0684647257651118 0.387139804254437 -0.560438487626678 -0.15008982264744 -0.433155094009814
20.6068609708883 17.6143456343417 20.9264371262542 0.645358334600042 0.446541220152849 0.619768955875185 -0.235048081017317 0.888062093658339 -0.395092542852002 -0.40116963984645 -0.266273159171432 0.540400576929765 0.274313159849185 0.168561747053167 -0.306540659438245
20.3697144383452 18.0874077646793 20.9749002068145 0.993949642282681 0.106305801894435 -0.0276258047808772 -0.1089061039666 0.921174159290142 -0.373600895040239 -0.344048284533955 -0.0944790142146595 -0.397718083981158 0.30777776508866 -0.0307084058967537 -0.554000369654453
18.9921686815417 18.4307672382601 20.6208671736978 -0.709923439484294 0.357321373197053 -0.606902089572274 -0.585474195702646 -0.778385746391932 0.226573599477319 -0.42480952961875 -0.260282902508537 -0.432189391106451 0.177381702144687 -0.637066933857307 -0.130149548859247
18.5326683831381 18.4003611598571 20.8329967254643 -0.245987407816481 -0.429990515297491 -0.868676206621473 -0.413432358353062 -0.764052073903441 0.495275795320708 -0.303287807551041 0.102184726083658 -0.320872850103348 0.195751874030409 -0.571055574247009 -0.309473500114747
18.3759806472535 18.8060996240713 21.7253772252244 0.453970863519298 0.160085226533403 0.876517641192343 -0.748746037321855 0.601797291634384 0.27788377314324 -0.00628698781018097 0.572905616174123 -0.192924925785939 0.151366613386504 0.579455541706447 -0.000732586573624193
17.9817730499771 18.8637596354363 22.0620859694012 0.643681901891487 0.698163942199383 0.313433755345591 -0.759545127842352 0.532706804016593 0.373248790655092 -0.481856629199536 -0.499938061104906 0.396253356777786 -0.537094432685855 0.158021639213113 -0.284101056491959
17.4399874330059 19.1475299326037 22.188678457505 0.736976602165063 0.162284969582934 0.656147145470289 -0.570844483901243 0.669256912788335 0.475638265790987 -0.412704935156143 -0.325380938706952 0.753388631888774 0.257298411630375 -0.175098402873684 0.50804316798567
16.2685832243962 19.587180726379 22.0555064354106 -0.289628596547862 0.357407375326028 -0.887904974715375 -0.268018131047378 -0.920837903330381 -0.283238128118356 -0.0436912209693577 0.60782923144028 -0.347331045184315 0.156027808142321 0.231759473547038 -0.579406694409637
16.2238140179238 19.7044042907188 22.6618238570895 0.241510278893268 0.880893200727403 0.407062592362798 -0.63932304763593 -0.171135759514592 0.749652314460978 -0.301488547086592 0.290642445104839 0.494296940461859 0.268726460238325 0.170569528894913 0.0591003317228678
15.320449017735 19.727637777358 23.1187940462634 0.0955117027383664 0.952666937514545 0.288622973456573 0.0591516718173272 0.284004340942845 -0.956996663550523 -0.386653508719138 0.205294631598517 -0.12600141372465 0.0907027902218585 -0.172109297923345 -0.203120744706141
15.2018237190059 19.9998365588496 22.6908662107867 0.877213740187561 0.426243672824669 0.220935251607785 0.206417296633884 0.0806341758358815 -0.975135903009219 0.0377550234631447 0.106343456396187 -0.418622405743513 -0.0565501261155859 -0.375601401006782 0.262956580880824
14.6394536700377 19.9897759969549 23.5222522423791 0.783913965207832 0.583432629290681 0.212332904259106 -0.230474003141473 0.591008437837238 -0.77303994740319 0.0213592428235293 0.540871947389292 -0.0282758133978789 0.118159581776561 -0.274669068262037 0.116675561709831
13.9775729566562 19.9087050966911 22.5086544361361 -0.480245351492959 -0.15428277533559 -0.863458874298081 -0.573372960717533 0.800183326806754 0.175926380677764 -0.0147625656007561 -0.235836751414613 -0.0916767452914973 -0.323221830879637 0.786829997753911 -0.00195710215493703
