t = 100000000
b = 105 105 105
E = -0.311894377226153 -0.647327406027328 0.335433028801175
-31.5836478879479 143.771198120539 27.75092867095 0.664669302745708 -0.665294665357951 0.339996656211249 0.702328786972964 0.401139529017366 -0.588065772894785 -0.160540971589661 -0.353548687173646 0.019115130026803 0.329306162794445 -0.161506933765001 -0.147899079934045
-33.0568058950317 143.802127156333 27.5836839371245 -0.174984669044752 0.104514117777697 0.979008255728932 -0.0031624374743036 0.994285131376201 -0.10671024558623 -0.38898420276713 0.432007218301086 -0.0884340167052394 0.170457653831835 0.303090224105108 0.318303489266099
-33.1813496518808 142.991562804837 26.9693196457753 -0.549737089849235 -0.669301178890928 0.49982503336679 -0.539786758937933 -0.172021366551372 -0.824038169216202 -0.171365603206876 0.228976101475631 0.291282732295185 0.359105393988565 0.569100461069228 -0.019151164891299
-33.2149531682409 142.714183262149 26.6260996682494 -0.901520026762958 0.00594141612056791 0.432696592220313 -0.431720899376087 -0.08084328587491 -0.89837710799552 -0.228767160304723 -0.08632032547522 0.0137161953971037 0.328636691773748 0.196058823234067 0.0533344489266996
-33.58392563788 142.366748694245 26.1231381572775 -0.760137030913568 0.30717614953338 0.572568342988675 -0.611665143517357 -0.0409834256086591 -0.790054498773206 -0.296037591869917 0.272351835671745 -0.241666164790107 -0.441258397752513 -0.0607840254720709 -0.150197192200314
-34.0238927476693 142.127044351207 25.9846458629568 -0.269762322497499 0.950710991775351 0.152895060347087 -0.548554632309828 -0.0212291379078957 -0.835845164534149 0.0635301208794324 0.126533668349697 0.175498241970074 -0.0197154576931552 0.460632349477235 -0.0871804480895899
-34.4955021474844 142.186350791543 25.7994770616784 0.46791903842511 0.847509652794756 -0.250557701731871 -0.392432167360695 -0.0547754149023921 -0.918148489048354 -0.331006891713173 -0.285623146448813 -0.113818965131202 -0.167065216010003 0.118516393792934 -0.27033354990212
-34.7974702135935 142.372726016026 25.5757394401929 0.79229790022139 0.156543457026722 -0.589710253740707 -0.606558458723551 0.0975998216309038 -0.789025418455269 -0.215672856833433 0.309963007398492 -0.466268237468483 0.138574212760692 -0.0212709668866283 -0.0938675427348608
-34.9173180925577 142.696158676163 25.2176898648493 0.440039079577488 -0.77685090730142 -0.450409009977288 -0.705409521874972 0.0113295271980705 -0.708709424418395 0.487578768575928 0.5169340126716 -0.0315807730620094 0.0844787439225285 0.42419014380103 -0.0673620484967459
-35.0684178337698 142.791933917042 24.7017047815391 0.144545840561732 -0.985613161386894 0.0875967812051567 -0.684274678187575 -0.163512656134145 -0.710655877394669 0.549452616602707 0.0738510973032409 -0.310268991473812 0.393973569395018 0.109639722465004 -0.0190398487550426
-34.2463412320929 143.268782654922 24.4461519083142 0.653737321225893 -0.476824988881741 0.587592924407291 -0.0826199529809308 -0.816831562031007 -0.570929192316626 -0.501527865800288 0.27306570190247 0.253484294419841 -0.0874526344478332 -0.347942076639658 0.135594467665683
-34.1791101516688 143.238243924655 23.7752945865542 -0.0654036446527253 -0.990524606306888 0.120761614622835 -0.178192011627217 -0.107481926853271 -0.978107991171555 -0.451658138565368 -0.105641836108481 0.0502221413289631 0.0637331160080755 0.377696674372337 0.204250919382354
-33.8924335429829 143.098322551741 23.3583873710734 -0.778610099758865 -0.609489377516587 0.149295047638688 -0.0374767641399231 -0.192326867766489 -0.980615045817697 -0.0361544887406831 0.523210809744757 0.240021240777128 -0.210752392299441 0.221153967977605 -0.56873948910937
-33.9246189976251 142.714812175468 22.9017007527163 -0.978687099647994 0.17080417831715 0.114006550915794 -0.152532085024896 -0.23291170508296 -0.96046139988952 -0.101593770940249 0.27278131864286 0.315262350553012 0.306085534118652 0.927753089331364 -0.26696530241354
-32.6127882598064 142.894131335731 22.0818895177499 0.453571299959793 0.559591872650498 -0.693635359475803 0.272623414984917 0.653871638544383 0.705782086700511 0.0893231659361141 -0.245280695234016 -0.0864637178412188 -0.190684789669638 0.0674068701734879 -0.373581171883059
-32.2639531413989 143.053292574395 22.3301895951039 -0.105400999965311 0.667174728642584 -0.737406611488018 0.500694013310073 0.676289928957736 0.540312351353912 -0.224628835386488 -0.292701715409642 -0.0898969190475899 -0.0614535304591197 0.379070859769119 0.792566374362843
-32.0680790453395 142.370326930817 22.842375611819 0.434561598623051 0.332062476274435 0.837192169608694 0.33531066282139 -0.922377050066109 0.19180025263193 0.168357168393161 0.426987843607481 0.0151772785965881 -0.0945725964229113 0.110673535191243 0.720050298263124
-31.6522163426285 142.064810815932 22.918618638679 -0.220122309180092 0.161665579482341 0.961982541116159 0.428765860927879 -0.8697630907455 0.244278534628769 0.106964304012884 0.332137285370499 -0.39763667948893 -0.428671179740077 -0.130072795338752 -0.109434241480523
-31.2452222475446 141.673977807751 23.1043496201651 -0.681701606446021 -0.119655326501505 0.721779414093467 0.480283879676766 -0.81739459830428 0.318109203867578 0.248457128632566 0.800095084210513 0.210994245128306 0.39645933268568 0.48073868782652 -0.55607221193795
-30.9677655194733 141.634182682455 23.4651070219688 -0.61282512950622 -0.789377887390414 -0.0364405206490511 0.740359608763264 -0.589668939971712 0.322735481385164 -0.305196663248339 0.393894606375231 -0.0785113858428375 -0.0509975830536257 0.0170233206241527 -0.205021689225375
-30.6596169225207 142.438035160286 23.8968677337354 0.0616235307362612 0.791341535942651 0.608260728594092 0.928712449804612 0.177793304262429 -0.325396260791629 -0.655072224940042 0.283347612229199 -0.286739077107463 -0.682400544690231 -0.351011700506365 -0.464587836550227
-30.0246030528593 142.066256962105 24.5771352195125 0.772045783435209 0.612810947011986 0.168546882206466 0.35934884562962 -0.639619348590435 0.679525934790204 0.217353800040143 0.139699518590534 0.054119377483777 0.254898887629056 -0.063199799259553 0.0490083856263722
-30.3498849974993 141.419311863507 25.4392663608483 0.028783182174591 -0.988637614948211 -0.147537096121198 0.41411587335163 -0.122542056174765 0.901937629720688 -0.690445350028846 -0.35647715725187 0.546776956443838 0.0683592079696843 -0.449688123411971 0.25587321178538
-30.6858649746091 141.994584704395 25.495211600767 -0.387228813269053 -0.833239210627063 -0.394672350244058 -0.887741705636563 0.221381215686723 0.403614942009216 -0.400164265616524 0.0944866022834485 0.0389110076261609 0.0231872769893566 -0.126716671124122 -0.423413559154996
-31.0897081597774 142.108662060461 25.3663145250579 -0.162551891731432 -0.885288503403532 0.43570764078158 -0.889917755594093 0.322265923694643 0.322786404148035 -0.561726164789921 -0.493137366512418 0.166101068627162 0.0355454568659236 -0.236217724180596 0.0854522667096847
-31.5906333558155 141.977584436332 25.3697623668955 0.274565897205945 -0.137823327951849 0.951639794440774 -0.8610960166608 0.405200048292893 0.30712631107246 0.223487930132706 -0.0236740929715705 0.0981074347469582 -0.662355907035316 -0.220184596058649 -0.0450958156123854
-49.8324658889307 129.562034522094 41.6977637036709 -0.150231712240566 -0.297316583634554 -0.94288561434261 -0.245866255697321 -0.912511665546015 0.32691320645268 -0.0261964000978302 0.149155264380245 -0.0157409140408555 -0.879602184892979 0.223748159001032 0.124523940787484
-48.9692478919273 130.255240370515 42.8615318989887 0.650835248626628 0.247853137279562 0.717622673476041 0.464758225167114 0.617351634913091 -0.634725728965873 0.107741981917589 0.0301807492472466 -0.0184582350901545 -0.017481310027519 -0.268802884273677 -0.174418717936822
-48.8433115686461 130.770434736736 42.8666990710521 0.860283827812892 -0.27477194350295 0.429432316748771 0.501849113184944 0.604741765122756 -0.618413183164469 -0.57205611187921 0.0503165176854801 -0.16736610237194 0.423710443442105 -0.0206067319361472 0.0505487956511447
-50.0978976703707 130.640063928714 43.0593649920442 -0.444233627878173 0.895678411474845 -0.0204124246422803 -0.413068173328543 -0.224982729340141 -0.882472354061017 0.248878059579772 -0.289975836420888 0.259700431196247 -0.407499486920152 -0.560606911905511 0.29778574305918
-50.4985077142876 130.680456041741 42.660141993659 -0.0238033200691457 0.967128649920698 0.253171041899887 -0.52178402165453 0.203994118205822 -0.82832833736552 0.0777664690491135 0.21312102383018 0.72470702181429 -0.0227822940735221 0.43535530251088 0.359754993361801
-50.930808713924 130.841010361904 42.4353151379887 0.708134128581089 0.701425429310195 -0.0809223273004271 -0.356095165081322 0.255813379169699 -0.898752328755286 -0.209005679752635 -0.464497799325656 0.6950410522412 -0.198648894721933 -0.305650045244292 -0.239528992357292
-51.8694482925071 129.459334779197 42.0994740255159 -0.663062892340894 -0.263851077251061 0.700521384280745 -0.482690167298678 0.865982509319521 -0.130707673632858 0.629008718812144 0.00885854323895137 -0.0410011410497013 -0.429783176028668 0.0913332072419976 -0.583094703447298
-52.2361843677635 129.803961260382 42.099406400004 0.059568801690472 -0.0623863523356094 0.99627280446036 -0.268111028499297 0.96037219322559 0.0761690677167286 0.638221181972879 0.00779960984238429 0.230079457615025 -0.224314215969975 -0.136744375960942 0.504022736321092
-52.4949037127981 130.129458398814 42.3409972840049 0.892893077609809 0.238275791957741 0.382055753686455 -0.304468083174495 0.944620965256298 0.122435363874071 0.213450879878826 0.533063257546439 0.25735525200084 0.323279898210189 0.272315413496921 -0.286098063211649
-52.6864844305307 130.312906821745 42.711359950232 0.762246942376472 0.575140975990506 -0.296972147811307 -0.532183754112919 0.818011968444075 0.218258725692613 0.413456427570416 -0.577220991584621 -0.197765650724751 0.316210758081352 0.077151327300666 0.220108168760794
-52.6823197112655 130.592457922577 43.0139294869928 -0.00207339235520039 0.52614740604984 -0.850390856107982 -0.663357778366648 0.635626131105324 0.394887172919016 0.800800830353821 0.196771264800356 -0.342811159454503 0.393765411227812 0.174731531827223 0.0586684937918087
-52.6374840121453 131.021785297346 43.2243585869949 -0.859690417114095 -0.134780320554021 -0.492713559701977 -0.442330845862198 0.678860231478465 0.586082083769167 -0.676045276898123 0.260834504037662 0.468621823368004 0.0889431759388161 -0.263923847806226 0.0833920407432705
-52.9948963286751 131.490660442727 43.3854024321129 -0.614908480245596 -0.717999147872074 -0.326136144235857 -0.69469016053188 0.297461812668046 0.654921408157983 0.380474578301546 -0.177593552115588 -0.384784684969463 0.132032412567405 -0.265693501298011 -0.0419600185569753
-53.416247148311 131.698335154583 43.398247245535 -0.183453445649015 -0.886332980456404 0.425157242716547 -0.628936802587346 0.438221224268273 0.642184285818944 -0.125501275178384 0.0622055887139196 0.333606274755259 0.467859266868927 -0.512578559736517 -0.290707485770771
-52.507914921949 132.302682706799 44.1805704334265 0.499730929344602 0.473854201735344 0.725073233373128 -0.818407323074456 0.532465761821556 0.216077916563685 0.486583767129556 -0.059192735530078 0.54290687730579 0.110852474340835 0.146934224701347 0.328294673441031
-52.8958722031673 132.351455433737 44.5411803487481 0.423893038395428 0.90172369012529 -0.0849062934530178 -0.816888285733966 0.421124933927894 0.394141242010413 -0.350658150635206 0.552475979791828 0.00764450337034198 -0.50008516148662 -0.089958775491113 0.258398712021801
-53.1359742572969 132.659646868238 44.8619909466432 0.0632788941346953 0.551773867022823 -0.831589671188501 -0.849584177982441 0.466990225106795 0.245207777558116 -0.531090804701448 0.223939995169949 0.321310238634289 0.355753835959126 -0.614523594067378 0.168893817039138
-53.3698262119299 133.113602120493 45.0069310627122 -0.430672816538013 -0.246783611678584 -0.868112189813611 -0.863605037772597 0.392054638976928 0.31698501350671 -0.215610441667425 0.176077716918152 -0.271695643849827 0.478425448851304 0.0420003153941523 0.216678215414622
-54.0353051859473 132.964788121391 46.4276632792099 0.378336291117221 0.0166928811551597 0.925517692182439 -0.144653069812588 0.988620117276992 0.0413007640255722 -0.51772822867896 -0.331570658559643 -0.375835206990217 0.0206880835502748 -0.215929862442263 0.0643925894854449
-54.347084626809 133.361500995143 46.6850291302493 0.875615997513747 -0.0537792216914947 0.480004604366191 -0.0576734572275597 0.975031106814599 0.214448392564139 -0.234086200270954 -0.492344325972998 -0.160238860736542 -0.228286875339883 0.387316585758799 0.472010830851617
-54.7079418680751 133.854394535897 46.251717231685 0.729992209154086 0.533595107407422 -0.427068654815469 -0.370702438182967 0.834091270880229 0.408499025902567 -0.379637030214822 0.373962510124709 -0.0152477197090913 0.346791389469907 -0.385638604812595 -0.513666190609966
-54.5416964845769 134.211183239048 46.4684646901667 -0.225261466922703 0.537605940688333 -0.812549767125961 -0.34990954710597 0.733704309405741 0.582444242141914 0.149690533348304 -0.827285705344204 0.00938580235029886 0.0805482638936032 -0.0623520669937311 0.384646698512649
-54.5595110748451 134.759344697101 46.6949890101585 -0.762809483371017 0.0272685759669216 -0.646048076263567 -0.419727456166488 0.739140137802711 0.526783370304366 0.346182063930436 0.0191221692598235 0.457278911691358 0.340101573372443 -0.581528296566997 0.0949212882156773
-54.4588056310992 135.288410108979 47.2088004491362 -0.304467170314599 0.918663193097835 -0.251709514814169 0.938373129256489 0.24390295755968 -0.244882048308218 0.222177463202964 0.27474155564494 0.0986292965233415 -0.158431786971184 0.0552364654859799 0.314439199209556
-54.2254911283628 134.462278650499 48.0840072933417 -0.968792090351206 -0.104426374066861 -0.224804399579551 0.185035459156862 -0.908139797981504 -0.375558232734921 -0.265719743013117 -0.275198263192322 0.164839832212347 0.635649832572791 0.226839555565971 0.0943810022544152
-54.1938939892693 133.991603357067 48.2597541857607 -0.584055760167341 0.0533174019967318 -0.809960569200894 0.207203354436725 -0.954989689458818 -0.212276854452784 -0.895953028529414 0.504471626591512 0.143546855313886 0.0532337450962502 0.158928877770343 -0.630658781474002
