t = 100000000
b = 105 105 105
E = -0.264268655390431 -0.570584587372982 0.306315931982551
100.188062393237 -24.670902497184 -142.914057189694 0.965588709610461 -0.253983406152411 -0.0559542069269247 0.0926943372882234 0.537109265601365 -0.83840407718531 0.418336138728728 0.104271730589791 0.126384785752257 0.546912032569716 0.218566006067039 0.0500973794653483
100.483264599755 -24.3463377160812 -143.131047903107 0.377759884165368 -0.760895684853711 -0.527574854107142 0.178173621225555 0.618883577592789 -0.765008024850291 0.197328953408682 0.672238903541779 0.715858621811884 0.0298381971125566 -0.0681404498884678 -0.11104162002698
100.924548935587 -24.218587132582 -143.305064537761 -0.399355912797435 -0.475444962861024 -0.783879418152525 0.351514541277494 0.710269249489426 -0.60988123475027 -0.0648007655099554 -0.0410705186173876 0.383423291286721 0.157002830389728 0.171822429115266 -0.0185222247198955
101.074512173614 -23.4964112933065 -143.078453433012 0.533991701456003 -0.78996098089829 0.301354461446511 0.677830513985152 0.186941355445518 -0.711054656081575 0.022415783929624 0.580492193182544 -0.980273963752315 -0.0396861445546124 -0.276692652445422 -0.072165122109456
100.325798788976 -22.4872906305501 -144.177086210736 0.160828255064124 0.106542292346195 -0.981215069346168 -0.942399113235193 -0.278843636371379 -0.184743437849174 0.245964709640799 0.104087730548399 -0.168024236004521 0.478005804642911 0.583219093832263 -0.313882032055637
99.6815583474432 -22.504625848004 -143.430566146148 -0.985185899782119 -0.15925683595355 -0.0636081997290118 -0.138110351258968 0.516952471948019 0.844799190709027 -0.00495654969759666 -0.716777202982749 -0.282231475371806 -0.243824713897112 0.0126379783723933 -0.304939588332402
99.3995114758534 -22.1362184843163 -143.127743068389 -0.694868588093604 -0.697821218285578 0.17379065737422 -0.326665035342727 0.521579785100133 0.788190638399333 0.486049548714819 -0.0855354685970567 -0.0417198266954546 -0.306196334519588 0.0111531647449416 0.306523484612221
99.0241383334346 -21.8688195370324 -142.92245671034 0.0275076247740385 -0.843216189931 0.536870363883759 -0.409834290757844 0.480346348914337 0.775437450220234 0.457006156304552 0.140832028614077 0.324194132525955 -0.131403085922614 0.00977643799644474 -0.0561602699311138
98.5642744530195 -21.7868726444614 -142.603230482605 0.772798928971796 -0.266805214296341 0.575844417359989 -0.297778204460758 0.64883025840481 0.700248125113641 0.0511972217847688 0.692102341919417 0.0598905754201353 -0.328136767829949 0.0826283262105634 0.46376334011974
98.4577043842276 -21.7007290949038 -142.242644461234 0.731874321863549 0.64721902729519 -0.213231113356642 -0.402523745087462 0.663092671756974 0.631096461172422 0.163004571484251 -0.133003018430274 -0.467149348722219 -0.0651836184174602 -0.0540886813460936 -0.291883805724827
97.2413150472468 -21.0865653449303 -141.96128673862 -0.385943905045453 0.899079281953398 0.206648849305365 -0.320794362044792 0.0792284075217072 -0.943829347245448 0.137952776226852 0.218841762704435 -0.0513921230243831 0.389561074316462 -0.297684895541804 0.507325907357918
96.8686759488636 -21.1133480464829 -142.264923503529 0.564088760098062 0.81141099369735 -0.153023102953291 -0.265579362171286 0.00281370468850808 -0.964084895356211 -0.119649714404606 -0.0977656346549788 0.0430722822622373 -0.21807529740066 0.0409984812015843 -0.318834858780232
96.6913557532589 -20.8257944686394 -142.673774481732 0.951368370942245 0.308028239041747 -0.00410203909559889 -0.0545016712034769 0.155196812812327 -0.986378992643604 0.0219094271485889 -0.0540653255435061 -0.218550496790741 0.0245279685901345 -0.357080841894451 0.23480289189018
95.4570260861753 -21.602971493168 -142.34573641 -0.565557363780199 -0.708125700884685 0.422732610548677 -0.601431471207338 0.704863340891002 0.376095541199775 0.0109407222468502 -0.267584451922191 0.177039178767799 0.269798706626528 0.0954327393203023 0.423853150616055
95.993802122164 -22.0298440120623 -141.980408779809 0.0756323799542716 -0.226076535162641 -0.971168957160413 0.0719749487046464 0.972655786179705 -0.220817409572803 -0.124801811788361 -0.272034773475395 -0.00497619642803091 -0.181596102489685 0.3846049547574 0.151313765980347
95.4659257600976 -22.1565417101065 -141.263912350956 0.0527821508033991 -0.910012775236061 0.411206509510918 -0.433580651605681 -0.391825593592234 -0.81146812800038 -0.244221081105095 0.0780709003661636 -0.110425153091366 0.0926785452244783 -0.118303990672257 0.182677350275995
95.2656114677176 -22.1479669637378 -140.390909837148 0.791559199912148 -0.496286287908629 -0.356558485340556 0.541865216479481 0.300273431118585 0.784995511920394 -0.609015876696119 -0.103210948767002 0.0550680349662332 0.271298720684062 0.555461895021244 -0.0521197052733601
95.5905435612968 -22.1717234201205 -139.957977646595 0.640750028643372 -0.187750195533273 -0.744438892635759 0.75820705372627 0.307147994449195 0.575136656095761 0.147627894176372 0.337414877542769 0.139578814938645 -0.491306869143043 -0.247321320026751 0.428957305929742
96.0781305756871 -22.3607272026384 -139.820206825109 0.475720241965169 0.595187480127482 -0.647643509103033 0.682380222117028 0.214871862615616 0.698704025405508 -0.0145136282284073 -0.0962981569389638 -0.257565753351015 -0.341906357780099 -0.11184055536678 -0.305891313121137
96.6256349460144 -22.4051960220593 -139.748518775939 -0.0966283812546875 0.973659232364343 -0.206520350496772 0.690095817585641 0.215058673227194 0.69102643192765 0.0241281182536813 0.355693562273688 0.402660492721249 0.0211269728653215 -0.213977514646557 -0.0499733389913186
97.0947174663505 -22.1663391172047 -139.676564482889 -0.658770298180144 0.721156836886684 0.214370032530621 0.676992426751551 0.443924858905851 0.587036603427682 -0.0257349047919399 0.195179767314025 -0.236835614051054 -0.65589704095486 -0.573797215616233 0.234953740821212
97.4498482614863 -21.7713883980295 -139.536098567654 -0.78315018055921 0.215488069584933 0.583301539992464 0.600256040716035 0.506930126563554 0.618639258669336 -0.0473806200092668 -0.264228755840766 -0.160975749837602 -0.659004497796081 -0.327555893331322 -0.121095207876465
97.4283618558238 -21.3111654393877 -139.357572874197 -0.193871676369222 -0.448345802475234 0.872582268043705 0.737639414121733 0.519773129003014 0.43095706178271 -0.612252083350918 -0.074344051923257 -0.174428227858118 -0.337250981031498 -0.0131248249115583 -0.131654071226859
97.7022018518786 -21.0147775112095 -138.991018646082 0.163549428439907 -0.950802526431967 0.26310860910959 0.833583885114244 0.27582589186781 0.47860002492001 0.0660519486406451 -0.613033931063197 -0.188083306951462 -0.25957213156177 -0.305962293810571 -0.369177494262003
97.9576028445727 -21.0085494853976 -138.566213584539 0.437280532745279 -0.647093709125171 -0.624544207634922 0.877125591467867 0.153522699067107 0.455062059134677 -0.0383974027836885 0.254890158772431 -0.379322139223336 0.912354198661787 0.278113712606147 0.70497998179582
98.3071763228108 -19.7027561190777 -139.113969307404 0.212883346492574 0.360330861715662 -0.908208319099677 -0.821965607915213 -0.436495455940138 -0.365847312890834 0.393148506952521 -0.278660552070973 0.0273298862570695 -0.0367317976433754 0.0304028802398182 -0.435217477744857
99.371589904294 -6.12924827288087 -129.583186255937 -0.0937983768403835 -0.472693082928548 0.876220927536843 0.182974760611069 0.856925151995739 0.481870854956874 0.201281374589208 -0.0946527151666151 0.168826090862119 -0.14948298876318 0.0398485885680484 -0.254612082014433
99.2533858625397 -5.81128112224736 -129.237375232684 0.372625636337189 -0.640385862503251 0.671607089190496 0.0192448956307721 0.728905866386093 0.68434338744583 0.553881394564219 -0.115842176580421 0.410488377884696 -0.0215015155324679 0.304619348692978 -0.102185252625306
99.0786565999607 -5.70744553639095 -128.858743199875 0.94929576610978 -0.151537447553391 0.275452265256288 -0.04185984845163 0.807437397346937 0.588466313779594 -0.0481686477753511 0.0922087186614336 -0.700275575112767 -0.0931519140874047 0.145017626388131 0.364750278148114
99.0477532190994 -5.49731703262584 -128.384691093048 0.898328432194837 0.218959157153097 -0.380871258314211 -0.0345004847206181 0.89943033124853 0.435700350911598 0.263968422688817 -0.593029559384612 0.448086605421661 0.236693172726744 -0.15743778945749 -0.291961308303403
98.0855313825274 -6.10155547347511 -127.964119284363 -0.969131130975569 -0.243822669947123 0.036542531288224 -0.0399600881167108 0.00908336467104044 -0.999159989112559 -0.285580743179639 0.0740864672395757 -0.379593655367069 0.279469029089163 0.243776888843769 0.0476696699634076
98.7249249718455 -5.72593343173769 -127.123862532599 -0.977310269284267 0.105039354597333 0.183933062654873 -0.0487658643814204 -0.956630316503837 0.287193885758536 0.0919864495804735 -0.063953253820727 -0.337061667578017 -0.158680886207526 0.109917249771122 -0.00260464370371193
99.7189056205814 -5.89450791965543 -127.122375895023 0.640489317197236 -0.691987241879475 0.333057189733207 -0.596199135964007 -0.721401408201982 -0.352316049192345 0.0165428433540043 -0.091964210567313 -0.359502596364616 -0.438548359086548 0.0802793867546193 -0.0729272272719854
99.1550041953178 -6.1199478718617 -126.038655142792 0.951086603266449 -0.308724264029267 0.0111176385834437 0.253740791254742 0.801214241610738 0.541914522682571 -0.32603950723118 -0.00180690567046299 -0.392956295738134 -0.373778417414206 -0.952706166506168 -0.220012925108425
99.3245796445047 -5.85520319199133 -125.671058026783 0.73246951598756 -0.151221882303096 -0.663792400122615 0.430500447079818 0.858215827272286 0.27952631161193 0.175638514097533 -0.19125189077575 0.0862372449260972 0.488193329021849 -0.145195025132235 -0.0550507670858178
99.0754638511129 -6.07508378664222 -124.664685746679 -0.216130997916705 -0.20160217936871 0.955324004206193 -0.590888795238718 -0.751915476335466 -0.2923585950663 -0.435885325401205 -0.387530467205549 0.0231973313555684 0.510327018732572 0.308100397712301 -0.38100653032014
99.2909775983071 -6.65178617513662 -124.7703157669 -0.40272558019593 0.0184733259972556 0.915134330730973 -0.915213489612053 0.00717971313895501 -0.402905348873829 -0.284037985399938 0.188595057994101 0.0849717051441794 -0.138214969136054 -0.223161927893264 -0.41064501656332
98.7379122204242 -6.7609501520668 -124.757806797761 -0.10814021846292 0.669539844306817 0.734861953046839 -0.909197727801248 0.232357968158469 -0.345498576545134 -0.276904566253011 0.0657527267461913 -0.226415175874792 0.564622652268535 0.199955767163156 -0.297990377896774
98.2211352529967 -6.6394481535683 -124.787143240281 0.544287544677066 0.771371901647928 0.329752116077288 -0.647441323529543 0.636210578632529 -0.419590076412402 -0.429239808206143 -0.722725028011031 0.180699604801489 -0.289461303606094 0.360916747791531 -0.184234277872288
98.1407132685103 -7.40474035164823 -125.631364346312 0.481030694485705 -0.297688325460541 0.824615747999523 -0.706502907409348 -0.688549855750811 0.163562642334044 0.0203612576882484 -0.370406464943769 0.0328437300498105 -0.117046105012524 -0.134935206298768 0.448164726620408
97.2761679910783 -6.98130017025222 -126.437776636136 0.515335981094278 -0.00570646356799863 -0.85696923099028 -0.839915071117304 -0.201973077294541 -0.503735594690148 0.04779873688242 0.286233796369271 0.169144048483076 0.315979938386271 0.59088381509814 -1.0589529225953
96.9588675991814 -6.76537701319001 -126.761501868392 0.410204008900026 -0.736081066091849 -0.538439722924511 -0.879110457800193 -0.162033715657155 -0.44822971563356 0.172397516717636 -0.0879350825787825 0.0197749633516141 0.261881475465565 -0.305634332857667 0.675936680948692
96.7284713888411 -6.84423744847379 -127.189013776405 0.0980509934322283 -0.90951360891545 0.403944300472792 -0.92326536128872 -0.234632114755622 -0.304185541024529 0.302276425524205 0.13979474020487 0.460306768469808 -0.207265664450904 -0.023966267850074 0.711222497114753
96.4678657678603 -7.20174588318211 -127.437449769766 -0.258058376892076 -0.124118416234998 0.958123422564921 -0.929648393938726 -0.238045575824134 -0.28122618562262 -0.516684836298401 0.474800899662277 0.275776673028399 0.0756540600008591 0.361127969784502 -0.305168009682524
95.8200246585811 -5.9178911777371 -128.291573496847 -0.323031011658937 -0.218571842539647 -0.920802538634457 -0.892559124538459 -0.253098980176946 0.37320117287684 -0.074098393802491 0.501467048655626 -0.00443993130042638 0.142215530814045 0.317216044303273 -0.409209658323483
95.3760250162814 -5.82162334713141 -128.194320885347 -0.0305897547047319 -0.77549924692649 -0.630606997203508 -0.941828744517138 -0.188897408460619 0.27798630375796 0.309230246370871 -0.035260602735994 0.484927318200005 0.35009730297618 0.12668699753974 0.49399783559883
94.9446149863264 -5.12142842061081 -127.372694989344 0.128280438938927 0.38593041982611 -0.913565454710007 -0.287896009135193 -0.86701657471598 -0.406691710135928 -0.364767937039256 0.0851332082051585 -0.337475977314401 -0.0579800307104529 -0.564711541537826 0.532179270674214
94.5420514253088 -5.35659011393132 -127.534112886658 0.570471498731879 0.137799523268593 -0.809674972146834 -0.38584438752416 -0.825301317300189 -0.412312799073079 0.258582172787465 0.153511684400502 -0.136095107528253 -0.456680845578735 -0.214254956614224 0.560229261596957
94.2908781058605 -5.91653600909542 -127.463157185783 -0.153797974212664 0.985067515674881 -0.0773832843101831 0.977082912140327 0.163279078745618 0.136561067827458 0.29343361441502 0.108666323447941 -0.262320409698171 0.403158125602958 0.0382719779101704 0.0708924024337066
93.9264932570226 -6.2781270850364 -127.914936546729 0.588786595095803 -0.49373738999055 -0.639963854572421 -0.761003089038975 -0.0717838835839376 -0.644764586906845 0.215773551859543 0.32575615946481 0.454311113019356 0.0654955565756468 -0.0104470000788682 0.14213798810137
93.6941928318197 -6.10444296038848 -128.394670093144 0.391547603861584 -0.896646586487211 -0.206676977070344 -0.666418409998781 -0.121451321421677 -0.735619520771628 0.40016603016137 -0.193288575856381 -0.193565195004527 0.0470443787349092 0.225752048286337 0.210146665040106
92.8024448566537 -6.01112769484524 -128.308521098189 -0.734267846844886 0.52367852750772 -0.431985565635449 -0.319028728933471 0.295505259562542 0.900498368507828 -0.169195590718584 0.321150646382501 0.316600093849339 0.0144400393905335 -0.607806778282979 0.405750395051807
