t = 100000000
b = 105 105 105
E = -0.139902565006083 -0.454223623675539 0.314321058669456
79.4841703087265 388.004437083457 -7.59385698992555 -0.959145378421366 -0.160210612875695 0.233179550079655 -0.28155325026935 0.459810172513128 -0.842200909828404 0.134665754252244 -0.158224780199972 0.231982592653967 0.0931895574819369 -0.389987540315929 0.470507647394863
79.5750150683635 388.70461365083 -8.38243033472779 -0.568271493010616 0.769373179467286 -0.291774606412525 0.456310893460222 -0.000413973572332082 -0.889820317329996 -0.0340166815258861 0.340526881586584 0.550349832557591 0.639147240973155 0.0860634406740976 0.444476333334619
79.5444872069988 388.730829843623 -8.82129872078393 0.079148212339273 0.977279171403948 0.196623959944821 0.303317831150115 0.164280984051858 -0.938621356877293 0.146224882385058 0.0792692636430898 0.485000226326708 0.0619082074316137 0.209984619628215 -0.151980313605412
78.7123258443168 388.051921169506 -8.61894112649369 -0.80652606464107 0.304423652154881 -0.506795764646037 0.458773645113678 -0.218403156983085 -0.861293680209441 -0.254774986441718 -0.0256910741009765 -0.152049703249608 0.575751144506237 0.723276839393755 -0.60622830104474
78.6695210448211 387.719253294155 -9.06826201685424 -0.267371740675836 0.945735158333871 -0.18465471177092 0.634263597342809 0.0284659948489341 -0.772592632779016 0.536919052788177 0.136835410187752 0.379837637009725 0.332891655776549 0.278678716441815 -0.289546783717338
78.6972025365042 387.130298951199 -9.06903336983727 0.632198912105116 -0.774245683877095 0.0294644961301874 -0.650039087423296 -0.550706367694765 -0.52361405768283 0.2055820987534 -0.416289511854383 -0.0957942031858146 -0.470611313389631 0.0178223293704752 0.250321738217927
78.6416299681868 386.90508207268 -9.47162305570621 -0.0337197245264683 -0.700027541531979 0.713319298264455 -0.676480324657964 -0.509391747766267 -0.531878198142132 -0.194958150197401 -0.00588649697273176 0.0893684005900753 -0.459696524313294 -0.595510455334932 -0.386914139420133
78.7610971565808 386.944655790901 -10.2938899918238 0.30358087061314 -0.702616708338847 0.64355917844533 -0.658597488093405 -0.642841153715419 -0.391158024034975 -0.490345448587605 -0.33458872310033 0.347525599388273 -0.438612622436608 0.315393108721981 0.107287728611675
78.4732370323314 386.508849624271 -10.488338016108 0.483946813622547 -0.473802534564268 0.735735441461912 -0.49941875794659 -0.839922590094031 -0.212393377626972 -0.569199929603098 -0.387235524045727 -0.350989435155781 -0.314906929702259 0.459621398970341 0.136408418672946
78.4192949853722 385.994969868292 -10.683213103463 -0.0739504132424154 -0.0596253969461576 0.995477849287038 -0.460734962090052 -0.883250647169372 -0.0871297250303782 -0.0739819839239124 0.158029871104065 0.291678604048452 0.278361333236006 -0.481285257479478 0.283306825776612
78.2304177213432 385.46722573853 -11.3068502897326 0.661204354331148 0.49259194791069 -0.565828573570425 0.612703910719813 -0.789801916222778 0.0284051213723128 0.048253258750879 -0.404814302888007 -0.512048024451715 0.322853173583054 0.136977415312516 -0.434051256983935
79.3048903409553 385.707620637891 -10.6889973037967 0.460403283624694 -0.536549550035557 0.707208170755779 -0.0929643721553837 -0.821427516314943 -0.562685045962538 -0.491349158807335 0.276720569013478 0.208322608615447 0.339991751984706 0.783995570047084 0.539405570586735
79.5419662427056 385.166200923158 -10.9319385995733 -0.107633823263402 -0.429440465736073 0.89665815474894 0.0150088564399583 -0.902496729469704 -0.430435114187689 -0.371635954722374 -0.0932287964656185 0.0783177794580572 0.00307312111850331 -0.262395160679187 -0.305657132359462
79.8726863371211 385.283798919757 -11.1947693730291 0.255466137898202 -0.521019067977279 0.814417695775151 0.925939999037114 0.374204032067391 -0.0510535069092095 -0.784128689615174 0.531432771667123 0.359160978353886 -0.34563371529118 -0.204146249350141 0.173388534873384
80.1547039150047 385.549794010355 -10.9126299443127 0.502173678888695 -0.859669623861883 0.0937535814788888 0.862480272273722 0.505772464333531 0.0179441984960542 0.297316040458818 -0.459946636243572 0.712839233362219 0.39563732466855 0.336631244530943 -0.107945289766695
80.4709052773288 385.950062198916 -10.7106349277436 0.487924329928776 -0.732265490941244 -0.475096936466434 0.856232982811547 0.507321158032705 0.0974182824516486 0.142021334279153 0.146315273002588 -0.248538392823541 -0.201685459780226 0.231313671511857 0.169188469378058
80.9082440209085 385.954559344913 -10.5811264596355 0.280371062762643 -0.328427549106618 -0.90195754454102 0.900665584475555 0.41496263554385 0.12887015187483 -0.103076264132678 -0.0725351734169239 -0.196369880779772 0.182672366400352 0.117198614665483 -0.208900764614322
81.627286774175 386.229413384243 -9.87546282611197 0.762500484396659 -0.603494996725492 -0.233209777283975 0.646784479673675 0.720051826050619 0.251386564186296 -0.00357013854624922 0.0073156688768062 0.406944718264649 -0.439176879694782 0.293871963212 -0.424366842164388
81.9499459475045 386.394845516467 -9.56552845670545 0.502997120148316 -0.14169561151172 -0.852593836947597 0.632550195558047 0.732572628241951 0.251431092847406 0.441994844606282 0.188260388080176 -0.380731942646033 -0.391294470599881 0.504122449247965 0.183905307582312
82.4531733286989 386.570506213947 -9.4815716485365 -0.19639763639067 0.182353908172275 -0.96341840370306 0.716774001443803 0.697161752563358 -0.0141605655952511 -0.289318399526453 -0.43038725871195 0.43312432338047 0.110394916176909 0.203793981190376 0.174116327796693
82.8996467455719 386.718057156056 -9.6391819967827 -0.622806904427659 0.580481266624641 -0.524550339714965 0.692118017004542 0.721403700165793 -0.0234382577211881 -0.0502959591553536 0.411466823577391 -0.534458095512743 0.736518033521695 -0.273903427267572 -0.141787717912973
83.2899887846182 386.938802043038 -9.84128391560489 -0.520623471560788 0.811921315760989 0.264073811410283 0.810156074538139 0.567403573571347 -0.147310283369225 -0.0895584353579988 -0.190032502576 -0.00405777453293446 0.788213950010591 -0.0203688274084195 -0.37094081093906
83.566951072337 387.351389508782 -10.0205515599984 -0.290935674826614 0.174099352229831 0.940768754087795 0.785853398713814 0.604337676619079 0.131188445944891 -0.340517543194329 0.0108476822636855 -0.300265552981016 -0.209037988429537 -0.284045614784902 0.479646984675024
84.1832939320976 387.719499725803 -10.4292570139504 0.672281380906604 0.536555815736973 0.510044705379201 -0.214290836871612 -0.518432540679154 0.82783279591798 0.0170850228275698 -0.434621246496606 -0.48975913024391 0.00130576435292752 0.180297535512117 -0.78650408245045
83.7286587457273 386.953205691608 -11.4838699139494 -0.21592496195322 0.432002695627927 -0.875642667859236 0.960489255896427 0.255262283771168 -0.110912378895074 0.110931177555312 -0.484278906046147 -0.134252331685112 0.315782582283408 -0.622525553847696 0.256977220362834
83.7901518822777 386.447097079205 -11.6704817574365 0.453849793879197 -0.578642302170912 -0.677638141439835 -0.123565949921143 0.71225412701517 -0.690959850186531 0.0470764520387423 0.113288129105964 0.148233633022287 -0.197871950894428 0.0681185687589025 -0.156023465483081
87.1049151507872 379.923961652438 -5.47469439240066 0.803178340369511 0.272476223676466 0.529774726740245 0.532323528070976 0.0709979365422923 -0.843558506844007 0.0722170794779192 0.337155100567803 -0.435627734380898 0.00601368835916153 0.113310502240988 0.503997312983175
87.4363803212228 380.190766268088 -5.82238495399426 0.530993004319455 -0.825039017330365 0.193279717624786 0.400904473094343 0.043647833294566 -0.915079488405615 -0.175068995344633 0.0182600541061308 -0.10777408824499 0.575683064057244 0.357867341261539 0.143078753611742
86.6763780032118 380.091223036939 -6.3939188503494 0.0188602018256606 -0.999821215063499 -0.00135303238440251 0.990859349667363 0.0188719091827643 -0.133572453079629 0.147388029410324 -0.292691117343921 -0.630442254809154 0.0488701338451162 -0.0227556900955947 0.0869933699352051
85.6782409373429 380.740799902559 -7.20931324330802 -0.976405922099585 0.101757009088408 -0.19046518419101 0.205896912800069 0.704594904679838 -0.679082087526622 0.078855820531227 0.147699156600174 0.217941563752196 -0.0515992027808582 0.0762699977703814 -0.046412006813644
85.8290041237996 380.783145606243 -7.63442610529035 -0.795727978682005 0.538773762896856 0.276658302524626 0.0733125241541815 0.539117652404845 -0.839033629045226 -0.380432886749177 -0.183762822172284 0.0579395199193852 -0.430272747876029 -0.0808248907224587 -0.152712124305535
85.5380873463137 380.965132079268 -8.22856068281796 -0.0727363878426415 0.880027004664113 0.469320667502388 0.444864149603254 0.449789570117416 -0.774458024046853 -0.0179018845937888 0.286935900030578 0.121181850795178 -0.351787385721082 0.55173084423093 -0.237359253746616
85.6016607905448 381.30417386741 -8.66735753486312 0.343319351530353 0.594474066376096 0.727139881502945 0.448675413746684 0.576336918123041 -0.683027180943751 -0.250759049998475 -0.0780540651834562 0.0644216567795404 -0.165326752783478 0.104237657771441 -0.0740285280523044
85.6871253449047 381.757899324001 -8.98761365965818 0.525084211628182 0.251551627869096 0.8130241996492 0.607558493342041 0.55816839156492 -0.565084705000948 -0.00392185223620137 -0.946909801120495 -0.227158310683978 -0.489615583211184 -0.0129016161012058 0.144242341162431
85.7809877892495 382.234692674528 -9.19021091205156 0.698609351092592 -0.465868493344277 0.543057567367327 0.70402775861002 0.312184901812627 -0.637875773319281 -0.310828892914409 -0.156389607992101 0.229707722553515 -0.0442555431542304 -0.31123950216135 0.140202067733895
86.0703453645478 382.49166248821 -10.0228820449785 -0.217540497202129 0.87657023138924 0.429302645598482 0.971509173331616 0.15207603779368 0.18177679957226 0.291122839364374 0.240179535280385 0.0295378691198011 -0.0580663909793637 -0.257531783172187 0.181830165598583
86.4379791948045 382.721960981026 -10.2029882600798 0.0227495556682932 0.0582214537856139 0.998044447927053 0.994962956748658 -0.0988057842503517 -0.0169154277711355 -0.332035287616175 -0.0270072673620309 -0.081838862941144 -0.28416284690252 0.204572618653584 0.108334289614577
86.8103419676818 382.950858493765 -10.1434551504712 0.0529310010692555 -0.740791243804158 0.669646654758351 0.995291462744091 0.093662984866807 0.0249429239448344 -0.151330032371879 -0.0882613738514738 -0.0457367765094794 0.16915244614218 -0.390807506312143 -0.112685608905794
86.8844570004234 383.352814783296 -9.71903512282792 -0.150840972407754 -0.887217678665314 0.435995173948782 0.98596935996967 -0.103126377261097 0.131260700574991 0.058100812972873 -0.162726040232434 -0.0216638392650526 0.106933666658824 0.110436478601815 -0.623393934606835
85.8103715113697 383.780955416456 -10.3503074571755 -0.868813358785738 -0.327190599056879 0.371631079816012 0.387602679763794 0.0176119817548492 0.921658277638004 -0.0154765786175504 -0.35422560223939 -0.326066360448504 -0.158868950522742 -0.00616181679834438 0.350169004807182
85.3895036766274 383.272294255957 -10.8688760964666 -0.532075495239514 -0.571335654975699 0.624876977266771 -0.829709406939654 0.204738080429957 -0.519292420950965 0.0334499637872037 0.403681519489712 -0.00559684776897161 0.151465261120911 0.340189180511632 -0.445227446766508
84.9812576619171 383.095433121258 -11.1873038997561 -0.439478080612404 -0.0481026592439374 0.896964408900887 -0.881383500502111 -0.169526035364762 -0.440935424271484 0.562483365146671 0.524315290839394 0.440171934037036 -0.842122179637645 -0.181042681757046 -0.129487079645425
84.545937556748 382.701240003857 -11.4193102445701 -0.44299617844482 0.609755430359546 0.657231086476643 -0.844836141197706 -0.0386067731864878 -0.533630407295475 -0.185924169232571 0.154590020490754 -0.0907224271865897 0.135199879031178 0.330194896529207 0.153760630125073
85.6501449449563 382.791920822968 -12.6864395017947 0.320430945980643 0.79865728765276 -0.509382514165418 0.886987245156644 -0.0641984828047912 0.457309721890927 0.302138916732829 0.381056966016578 -0.469693101225838 0.226436830048523 0.323640298107153 0.0545787220962577
86.1464724282603 382.80036154996 -12.8534830690883 0.143054006602086 0.939799083549167 0.310343734839794 0.932387894783987 -0.233140674695479 0.276221359532296 -0.280237509208163 0.740015455093042 0.300043299850346 0.263519271503699 0.209737117650068 0.38140440000676
86.9833067589983 382.350005999957 -12.4532264004441 0.26241533636509 0.85684653744407 -0.443792972576822 0.0844186277415505 0.437761907929616 0.895118990556877 -0.36371384978227 0.177100987464625 -0.384812778597376 0.201241670680221 0.0989165375934157 0.433054080140712
87.379916732396 381.886915732526 -12.9511099393588 -0.323727660791155 -0.630687276748615 -0.705289983329832 -0.735011728603298 0.637028602422467 -0.232276383883489 0.350936803943653 0.388520339276342 -0.246253768594079 0.23777139392534 0.138839792834982 0.399732582864489
87.9962630443799 381.828890603901 -12.9420493942305 0.478240214946926 -0.538646872048439 -0.693646771807935 0.868271134307287 0.171392733132331 0.465542445281351 -0.258602725295575 0.301148884154554 0.108631321342496 0.329013784561198 -0.00800994701707439 0.521120087824556
88.3683411777412 381.743258597121 -12.4721866861895 0.566355271940894 -0.320948063057746 -0.759100814626079 0.79524141278083 -0.0290391811640318 0.605597078390882 0.221639427988814 0.163013669325053 0.183758656285567 0.166391457477694 -0.0269708942915457 0.0323019482002056
87.853237858237 382.561270291989 -11.7133610742079 -0.567176489632949 -0.0515954762470438 -0.821978549865095 -0.718382378425213 -0.457105990051996 0.524386186150941 0.0196386368760304 -0.482702112501547 -0.16076273610085 0.463080774512054 0.189430605330093 0.368516990469818
88.7812510851525 381.497297562582 -11.8073677625503 0.741225977474812 -0.0657744895621391 -0.668025274101683 0.443621185748007 -0.698877256835057 0.56104440415585 0.307975707038756 0.538330869289188 -0.0964353096740979 0.684187120062058 0.054988768138786 0.380315194835335
89.5485495747532 382.205930164547 -11.186127120947 -0.00538820689578499 0.734339837250328 -0.678760613658319 0.218041933189516 0.663301131234703 0.715883597151662 -0.327827092366232 -0.399587590061977 -0.47881466587658 -0.117278817629041 0.281194938460629 0.138496463003773
