        0.1434 26   0.002227   0.002227   0.316248    0.011449   0.000000  -1.051915   0.000000  -0.455232  -0.172689   0.000000   0.061308
        0.1530 26   0.002377   0.002377   0.289348    0.044905   0.000000  -1.146800   0.000000  -0.346192  -0.125594   0.000000   0.059568
        0.1616 25   0.002548   0.002548   0.257017    0.052469   0.000000  -1.152767   0.000000  -0.331712  -0.117909   0.000000   0.059393
        0.1810 26   0.002537   0.002537   0.300038    0.045636   0.000000  -1.155800   0.000000  -0.336667  -0.116197   0.000000   0.059508
        0.1790 26   0.002903   0.002903   0.276282    0.046971   0.000000  -1.131661   0.000000  -0.342778  -0.117954   0.000000   0.058554
        0.1506 26   0.003829   0.003829   0.297328    0.038562   0.000000  -1.129900   0.000000  -0.326119  -0.118969   0.000000   0.059185
        0.1419 26   0.004430   0.004430   0.291332    0.036211   0.000000  -1.085288   0.000000  -0.315858  -0.122275   0.000000   0.061175
        0.1312 26   0.005120   0.005120   0.322623    0.037399   0.000000  -1.098870   0.000000  -0.338335  -0.118880   0.000000   0.058874
        0.1538 25   0.005025   0.005025   0.303655    0.075484   0.000000  -1.109853   0.000000  -0.312721  -0.112507   0.000000   0.060778
        0.1975 26   0.004443   0.004443   0.334638    0.051291   0.000000  -1.063621   0.000000  -0.307133  -0.104648   0.000000   0.055814
        0.1893 26   0.005074   0.005074   0.316244    0.049335   0.000000  -1.106233   0.000000  -0.291656  -0.095168   0.000000   0.060248
        0.2531 25   0.004042   0.004042   0.335026    0.051159   0.000000  -1.063487   0.000000  -0.318556  -0.104203   0.000000   0.058114
        0.2494 26   0.004540   0.004540   0.365733    0.046606   0.000000  -1.106445   0.000000  -0.307345  -0.101472   0.000000   0.057452
        0.2034 26   0.006144   0.006144   0.325208    0.043564   0.000000  -1.058785   0.000000  -0.330176  -0.103416   0.000000   0.057546
        0.1843 26   0.007192   0.007192   0.334233    0.058327   0.000000  -1.118641   0.000000  -0.303722  -0.105615   0.000000   0.059621
        0.1730 25   0.008083   0.008083   0.374513    0.067561   0.000000  -1.094869   0.000000  -0.306298  -0.110124   0.000000   0.057766
        0.2349 23   0.006819   0.006819   0.373656    0.054245   0.000000  -1.106115   0.000000  -0.282218  -0.114370   0.000000   0.056784
        0.1561 24   0.009828   0.009828   0.351204    0.046679   0.000000  -1.030210   0.000000  -0.295678  -0.108330   0.000000   0.056156
        0.2042 24   0.008864   0.008864   0.327212    0.038828   0.000000  -1.088970   0.000000  -0.286267  -0.090249   0.000000   0.058391
        0.2301 25   0.008637   0.008637   0.324716    0.043283   0.000000  -1.056163   0.000000  -0.298241  -0.106628   0.000000   0.059986
        0.1959 25   0.010390   0.010390   0.268383    0.070025   0.000000  -1.056261   0.000000  -0.282241  -0.096190   0.000000   0.063546
        0.1407 25   0.013109   0.013109   0.335173    0.050370   0.000000  -1.074940   0.000000  -0.303002  -0.106770   0.000000   0.059921
        0.2546 23   0.009669   0.009669   0.367884    0.051585   0.000000  -1.111162   0.000000  -0.285358  -0.118693   0.000000   0.056308
        0.2358 24   0.010963   0.010963   0.301271    0.050744   0.000000  -1.102028   0.000000  -0.278692  -0.108124   0.000000   0.059692
        0.1719 25   0.014099   0.014099   0.313959    0.070425   0.000000  -1.096840   0.000000  -0.297174  -0.108369   0.000000   0.061068
        0.2575 25   0.011531   0.011531   0.280322    0.052278   0.000000  -1.075897   0.000000  -0.297557  -0.102942   0.000000   0.057995
        0.1973 26   0.014589   0.014589   0.359035    0.057350   0.000000  -1.113666   0.000000  -0.328760  -0.120387   0.000000   0.056732
        0.2225 26   0.014326   0.014326   0.330389    0.052783   0.000000  -1.139103   0.000000  -0.316850  -0.107808   0.000000   0.057424
        0.1683 25   0.017442   0.017442   0.286774    0.062870   0.000000  -1.109080   0.000000  -0.317015  -0.114072   0.000000   0.057647
        0.2162 24   0.016162   0.016162   0.320996    0.046706   0.000000  -1.090399   0.000000  -0.307810  -0.120919   0.000000   0.058597
        0.1485 26   0.020106   0.020106   0.348825    0.040856   0.000000  -1.105234   0.000000  -0.301410  -0.113007   0.000000   0.064118
        0.2316 26   0.017126   0.017126   0.330916    0.048413   0.000000  -1.075886   0.000000  -0.316770  -0.104570   0.000000   0.060681
        0.2456 24   0.017337   0.017337   0.312984    0.056343   0.000000  -1.090291   0.000000  -0.288907  -0.110259   0.000000   0.056713
        0.1950 25   0.020576   0.020576   0.321378    0.035775   0.000000  -1.102485   0.000000  -0.316692  -0.112813   0.000000   0.058920
        0.2129 26   0.020621   0.020621   0.324847    0.049765   0.000000  -1.058917   0.000000  -0.299586  -0.108149   0.000000   0.061110
        0.1996 25   0.022212   0.022212   0.357242    0.046277   0.000000  -1.108088   0.000000  -0.274898  -0.092082   0.000000   0.057384
        0.2713 24   0.019609   0.019609   0.378582    0.045730   0.000000  -1.109019   0.000000  -0.287024  -0.105439   0.000000   0.057042
        0.2225 24   0.022956   0.022956   0.318984    0.056945   0.000000  -1.089167   0.000000  -0.298040  -0.109062   0.000000   0.059579
        0.2696 24   0.021519   0.021519   0.290842    0.060244   0.000000  -1.131304   0.000000  -0.303515  -0.112034   0.000000   0.059090
        0.2184 25   0.025147   0.025147   0.275030    0.054925   0.000000  -1.117758   0.000000  -0.287254  -0.109037   0.000000   0.058022
        0.2665 24   0.023586   0.023586   0.311913    0.047605   0.000000  -1.082973   0.000000  -0.304714  -0.118173   0.000000   0.059472
        0.2430 26   0.025842   0.025842   0.391818    0.047027   0.000000  -1.089181   0.000000  -0.326910  -0.112886   0.000000   0.057924
        0.1704 25   0.031072   0.031072   0.323264    0.063709   0.000000  -1.129558   0.000000  -0.302160  -0.103989   0.000000   0.061711
        0.2163 26   0.029469   0.029469   0.351594    0.048254   0.000000  -1.099005   0.000000  -0.311250  -0.112901   0.000000   0.057047
        0.2038 23   0.031318   0.031318   0.355910    0.030701   0.000000  -1.066207   0.000000  -0.290923  -0.108766   0.000000   0.059361
        0.2534 25   0.029486   0.029486   0.352102    0.049692   0.000000  -1.124920   0.000000  -0.309814  -0.115336   0.000000   0.058254
        0.2357 26   0.031651   0.031651   0.299645    0.041876   0.000000  -1.074047   0.000000  -0.322785  -0.111101   0.000000   0.054865
        0.1948 25   0.035358   0.035358   0.296308    0.046808   0.000000  -1.075396   0.000000  -0.297291  -0.115841   0.000000   0.058444
        0.2483 26   0.033172   0.033172   0.368124    0.052727   0.000000  -1.093596   0.000000  -0.332085  -0.110903   0.000000   0.060318
        0.2792 25   0.032424   0.032424   0.306596    0.043264   0.000000  -1.066387   0.000000  -0.309706  -0.103059   0.000000   0.059214
        0.1984 25   0.038799   0.038799   0.328687    0.073089   0.000000  -1.127048   0.000000  -0.300301  -0.106614   0.000000   0.060858
        0.2726 25   0.035179   0.035179   0.297346    0.055233   0.000000  -1.122311   0.000000  -0.329888  -0.101089   0.000000   0.058459
        0.2269 26   0.039404   0.039404   0.316735    0.040828   0.000000  -1.106679   0.000000  -0.335852  -0.122435   0.000000   0.056053
        0.1792 26   0.044005   0.044005   0.313124    0.049507   0.000000  -1.091612   0.000000  -0.323803  -0.115777   0.000000   0.059619
        0.2621 24   0.039556   0.039556   0.355910    0.044370   0.000000  -1.082643   0.000000  -0.315688  -0.112938   0.000000   0.061402
        0.3488 23   0.035097   0.035097   0.318949    0.058733   0.000000  -1.064462   0.000000  -0.261360  -0.100404   0.000000   0.059810
        0.2547 25   0.042643   0.042643   0.335309    0.053703   0.000000  -1.096493   0.000000  -0.289211  -0.098258   0.000000   0.060099
        0.2529 24   0.044097   0.044097   0.326578    0.055940   0.000000  -1.080774   0.000000  -0.284621  -0.096413   0.000000   0.056445
        0.4547 21   0.032008   0.032008   0.350768    0.060409   0.000000  -1.070412   0.000000  -0.259983  -0.086004   0.000000   0.057871
        0.4222 23   0.035195   0.035195   0.322508    0.054960   0.000000  -1.070395   0.000000  -0.261887  -0.088076   0.000000   0.060402
        0.3821 23   0.039047   0.039047   0.346133    0.051322   0.000000  -1.060878   0.000000  -0.289788  -0.106369   0.000000   0.057346
        0.4219 20   0.037642   0.037642   0.309397    0.050549   0.000000  -1.029517   0.000000  -0.252364  -0.098002   0.000000   0.057128
        0.7528 21   0.019880   0.019880   0.350060    0.046445   0.000000  -1.028958   0.000000  -0.253140  -0.078208   0.000000   0.054840
        0.7633 22   0.020276   0.020276   0.354633    0.062623   0.000000  -1.004492   0.000000  -0.284542  -0.096608   0.000000   0.054263
        0.7062 22   0.024110   0.024110   0.373752    0.053820   0.000000  -0.970361   0.000000  -0.284019  -0.100653   0.000000   0.055334
        0.6719 21   0.026993   0.026993   0.369662    0.043517   0.000000  -0.978020   0.000000  -0.271478  -0.106930   0.000000   0.056235
        0.7864 21   0.021913   0.021913   0.414993    0.049187   0.000000  -1.009927   0.000000  -0.264215  -0.087906   0.000000   0.057014
        0.5925 21   0.033906   0.033906   0.353429    0.049457   0.000000  -0.970616   0.000000  -0.247221  -0.089318   0.000000   0.056355
        0.5886 22   0.035338   0.035338   0.332632    0.053809   0.000000  -0.994147   0.000000  -0.267345  -0.089703   0.000000   0.061822
        0.6658 21   0.031702   0.031702   0.335776    0.074323   0.000000  -0.967795   0.000000  -0.251585  -0.083911   0.000000   0.059319
        0.6961 20   0.031006   0.031006   0.366501    0.051449   0.000000  -0.966859   0.000000  -0.257333  -0.093162   0.000000   0.054925
        0.7405 20   0.029489   0.029489   0.334434    0.040714   0.000000  -0.939139   0.000000  -0.252796  -0.100453   0.000000   0.053729
        0.7723 21   0.028732   0.028732   0.340946    0.052253   0.000000  -1.004010   0.000000  -0.245077  -0.084782   0.000000   0.056039
        0.7653 20   0.030234   0.030234   0.334961    0.044964   0.000000  -0.973530   0.000011  -0.251719  -0.097656   0.000000   0.061457
        0.8227 20   0.027994   0.027994   0.345300    0.043742   0.000000  -0.980564   0.000000  -0.242483  -0.076693   0.000000   0.056050
        0.9541 19   0.021957   0.021957   0.315297    0.042666   0.000000  -0.968857   0.000000  -0.237669  -0.086571   0.000000   0.058217
        0.8240 21   0.030090   0.030090   0.360611    0.048936   0.000000  -0.933471   0.000000  -0.259084  -0.091985   0.000000   0.060087
        0.9237 20   0.025507   0.025507   0.334180    0.056838   0.000000  -0.944710   0.000000  -0.263742  -0.086370   0.000000   0.056240
        0.9811 20   0.023454   0.023454   0.299399    0.044585   0.000000  -0.915769   0.000000  -0.254916  -0.083114   0.000000   0.060691
        1.0498 20   0.020928   0.020928   0.303332    0.043610   0.000000  -0.898992   0.000000  -0.227764  -0.078523   0.000000   0.056696
        1.0597 19   0.021361   0.021361   0.349437    0.032060   0.000000  -0.926610   0.000000  -0.248446  -0.090917   0.000000   0.052668
        0.8514 19   0.034118   0.034118   0.313059    0.053912   0.000000  -0.964703   0.000000  -0.231936  -0.083636   0.000000   0.056581
        0.9759 19   0.027808   0.027808   0.310353    0.046539   0.000000  -0.961007   0.000000  -0.195740  -0.086818   0.000000   0.055158
        0.9660 20   0.029454   0.029454   0.348548    0.049695   0.000000  -0.894448   0.000000  -0.230675  -0.073027   0.000000   0.053586
        1.2359 18   0.016629   0.016629   0.347882    0.066630   0.000000  -0.925755   0.000000  -0.219844  -0.078039   0.000000   0.055548
        1.0212 19   0.028428   0.028428   0.329481    0.042906   0.000000  -0.920439   0.000000  -0.207787  -0.072665   0.000000   0.056745
        1.2012 18   0.019944   0.019944   0.346451    0.049058   0.000000  -0.933428   0.000573  -0.220246  -0.086948   0.000000   0.054557
        1.0373 19   0.029666   0.029666   0.298393    0.037413   0.000000  -0.909898   0.000000  -0.223542  -0.083354   0.000000   0.052914
        1.0615 20   0.029350   0.029350   0.301435    0.055646   0.000000  -0.857853   0.000000  -0.222284  -0.081919   0.000000   0.053729
        1.1204 20   0.027057   0.027057   0.402809    0.049970   0.000000  -0.946674   0.000000  -0.238098  -0.093610   0.000000   0.051228
        1.1269 19   0.027745   0.027745   0.366269    0.053900   0.000000  -0.946447   0.000000  -0.233347  -0.088582   0.000000   0.059337
        1.1361 18   0.028289   0.028289   0.337598    0.045835   0.000000  -0.935876   0.000000  -0.231218  -0.080229   0.000000   0.054556
        1.3747 18   0.017121   0.017121   0.324251    0.052145   0.000000  -0.953239   0.000000  -0.207762  -0.072500   0.000000   0.057242
        1.3527 19   0.018978   0.018978   0.309196    0.044258   0.000000  -0.893741   0.000000  -0.245150  -0.085028   0.000000   0.053785
        1.4467 19   0.015622   0.015622   0.321502    0.059403   0.000000  -0.914592   0.000000  -0.223700  -0.085256   0.000000   0.051380
        1.5573 19   0.011965   0.011965   0.342989    0.045233   0.000000  -0.909078   0.000000  -0.224453  -0.079524   0.000000   0.056327
        1.3389 18   0.022396   0.022396   0.336409    0.054695   0.000000  -0.898697   0.000000  -0.216255  -0.069458   0.000000   0.050763
        1.4342 19   0.018674   0.018674   0.330005    0.056164   0.000000  -0.919090   0.000000  -0.201225  -0.070434  -0.000103   0.051703
        1.3491 19   0.023805   0.023805   0.347144    0.050745   0.000000  -0.905423   0.000000  -0.229182  -0.079483   0.000000   0.053093
        1.3281 19   0.025934   0.025934   0.383802    0.067302   0.000000  -0.930353   0.000055  -0.246224  -0.078273   0.000000   0.053710
        1.3848 19   0.023900   0.023900   0.351955    0.039392   0.000000  -0.929011   0.000000  -0.220006  -0.082703   0.000000   0.053297
