        0.1434 26   0.002227   0.002227   0.309647    0.011449   0.000000  -1.051915   0.000000  -0.455232  -0.172689   0.000000   0.061308
        0.1818 26   0.008532   0.008532   0.275384    0.041789   0.000000  -1.143512   0.000000  -0.334837  -0.117208   0.000000   0.059875
        0.2181 26   0.019013   0.019013   0.281177    0.043202   0.000000  -1.115613   0.000000  -0.321411  -0.103252   0.000000   0.059423
        0.2070 24   0.036656   0.036656   0.311847    0.065634   0.000000  -1.145244   0.000000  -0.287399  -0.097619   0.000000   0.057875
        0.2242 25   0.057712   0.057712   0.321482    0.059028   0.000000  -1.088121   0.000000  -0.312739  -0.113012   0.000000   0.056856
        0.2023 26   0.087398   0.087398   0.339645    0.051999   0.000000  -1.119999   0.000000  -0.319038  -0.094169   0.000000   0.059371
        0.1968 26   0.121284   0.121284   0.350811    0.033375   0.000000  -1.087371   0.000000  -0.315537  -0.117906   0.000000   0.059064
        0.2996 25   0.146296   0.146296   0.283133    0.045821   0.000000  -1.096527   0.001802  -0.259749  -0.098609   0.000000   0.058427
        0.3505 25   0.181082   0.181082   0.332379    0.043441   0.000000  -1.066273   0.000000  -0.298302  -0.100650   0.000000   0.057357
        0.2720 26   0.240653   0.240653   0.331150    0.064227   0.000000  -1.130642   0.000000  -0.310004  -0.107398   0.000000   0.055768
        0.3483 24   0.280146   0.280146   0.332584    0.051048   0.000000  -1.074879   0.000000  -0.304028  -0.112426   0.000000   0.055130
        0.3632 25   0.334609   0.334609   0.297407    0.054300   0.000000  -1.044601   0.000000  -0.302485  -0.094361   0.000000   0.057607
        0.4796 25   0.372542   0.372542   0.358468    0.045104   0.000000  -1.025876   0.000000  -0.294641  -0.104273   0.000000   0.054789
        0.4948 25   0.434913   0.434913   0.365710    0.064210   0.000000  -1.007947   0.000000  -0.310588  -0.102378   0.000000   0.055562
        0.4777 25   0.509903   0.509903   0.334508    0.054319   0.000000  -1.044719   0.000000  -0.303444  -0.096582   0.000000   0.056365
        0.6731 24   0.536655   0.536655   0.320586    0.052349   0.000000  -0.962092   0.000000  -0.271248  -0.092282   0.000000   0.055336
        2.6081 17   0.207593   0.207593   0.413507    0.070386   0.000000  -0.814292   0.000000  -0.209125  -0.071702   0.000000   0.048978
        4.2431 15   0.052721   0.052721   0.371183    0.056517   0.000000  -0.706434   0.000000  -0.164471  -0.054746   0.000000   0.041555
        4.9779 12   0.024491   0.024491   0.313901    0.056288   0.000000  -0.680205   0.000000  -0.139531  -0.053730   0.000000   0.042412
        5.6525 13   0.008765   0.008765   0.361994    0.054212   0.000000  -0.687639   0.000000  -0.141184  -0.046679   0.000000   0.040174
        6.0541 13   0.005945   0.005945   0.407748    0.039051   0.000000  -0.677897   0.000000  -0.162262  -0.049185   0.000000   0.037145
        5.8402 13   0.027261   0.027261   0.355971    0.045044   0.000000  -0.737192   0.000000  -0.154583  -0.046876   0.000000   0.037560
        5.9004 11   0.042676   0.042676   0.270244    0.047367   0.000157  -0.696438   0.000000  -0.124177  -0.040246   0.000000   0.041455
        6.4967 8   0.024649   0.024649   0.324286    0.062851   0.000000  -0.731430   0.000000  -0.099150  -0.037329   0.000000   0.035478
        6.9829 9   0.015901   0.015901   0.363455    0.059465   0.000000  -0.712849   0.000000  -0.116910  -0.042447   0.000000   0.033767
        7.1263 9   0.023541   0.023541   0.316377    0.074659   0.000000  -0.672427   0.000000  -0.100782  -0.035936   0.000000   0.032156
        7.9153 9   0.005057   0.005057   0.316256    0.078045   0.000000  -0.663698   0.000000  -0.097662  -0.032559   0.000000   0.033713
        7.9237 8   0.014735   0.014735   0.351724    0.042976   0.000173  -0.699252   0.000000  -0.088966  -0.036926   0.000000   0.032183
        8.3316 8   0.010775   0.010775   0.383751    0.056860   0.000000  -0.705390   0.000000  -0.094770  -0.028135   0.000000   0.032316
        8.6382 8   0.010696   0.010696   0.377472    0.041001   0.000000  -0.669040   0.000000  -0.093115  -0.030449   0.000000   0.031339
        8.9069 8   0.011981   0.011981   0.353761    0.052319   0.000000  -0.652071   0.000000  -0.085497  -0.025750   0.000000   0.031020
        9.3125 7   0.008513   0.008513   0.374407    0.068272   0.000000  -0.635998   0.000000  -0.089107  -0.027742   0.000000   0.028392
        9.4265 5   0.015525   0.015525   0.344491    0.039029   0.000000  -0.582801   0.000000  -0.078296  -0.022816   0.000000   0.030884
        9.7453 5   0.014918   0.014918   0.304243    0.058103   0.000000  -0.553454   0.000014  -0.060815  -0.022386   0.000000   0.030798
       10.3150 5   0.005939   0.005939   0.391246    0.063922   0.000000  -0.561410   0.000000  -0.072226  -0.031134   0.000000   0.029031
       10.6229 5   0.005846   0.005846   0.357794    0.064803   0.001727  -0.570006   0.000000  -0.063532  -0.021646   0.000000   0.028419
       11.0496 6   0.003100   0.003100   0.355920    0.050307   0.000000  -0.578927   0.000000  -0.069033  -0.021417   0.000000   0.030293
       11.2555 6   0.005242   0.005242   0.330456    0.049788   0.000000  -0.605237   0.000000  -0.069639  -0.017704   0.000000   0.028132
       11.6904 6   0.002522   0.002522   0.338878    0.053451   0.000000  -0.586103   0.000000  -0.075788  -0.024563   0.000000   0.024769
       11.5802 5   0.014549   0.014549   0.333188    0.058422   0.000000  -0.620410   0.000000  -0.059356  -0.022044   0.000000   0.027757
       12.2953 4   0.002587   0.002587   0.332189    0.057111   0.000000  -0.672031   0.000000  -0.035228  -0.017341   0.000000   0.026764
       12.4260 5   0.006457   0.006457   0.341805    0.047692   0.000000  -0.700170   0.000000  -0.054670  -0.015689   0.000000   0.027359
       12.4714 5   0.015458   0.015458   0.362765    0.054527   0.000000  -0.687077   0.000000  -0.063519  -0.022598   0.000000   0.023930
       12.9995 4   0.007453   0.007453   0.286956    0.046235   0.000000  -0.604850   0.000000  -0.037689  -0.018315   0.000000   0.023978
       13.4038 5   0.004810   0.004810   0.354511    0.072881   0.000000  -0.616764   0.000000  -0.048187  -0.013846   0.000000   0.021959
       13.4360 4   0.013356   0.013356   0.313988    0.065493   0.001495  -0.602264   0.000000  -0.041214  -0.017470   0.000000   0.023694
       13.5967 5   0.019590   0.019590   0.296323    0.075060   0.000000  -0.589284   0.000000  -0.041257  -0.012123   0.000000   0.021668
       14.2473 4   0.006587   0.006587   0.304255    0.062693   0.000000  -0.532422   0.000000  -0.044638  -0.018897   0.000000   0.022381
       14.3984 3   0.011487   0.011487   0.340689    0.050289   0.000000  -0.551852   0.000000  -0.032130  -0.013616   0.000000   0.022295
       14.8421 3   0.006973   0.006973   0.357644    0.060653   0.000000  -0.526841   0.000000  -0.038370  -0.013249   0.000000   0.021743
       14.9060 2   0.015462   0.015462   0.327797    0.064574   0.000000  -0.527720   0.000000  -0.020675  -0.014383   0.000000   0.019541
       15.3895 3   0.008823   0.008823   0.358314    0.052759   0.000000  -0.563388   0.000000  -0.037373  -0.015780   0.000000   0.020807
       15.5719 2   0.013142   0.013142   0.303892    0.045141   0.000004  -0.509588   0.000000  -0.024457  -0.005081   0.000000   0.021517
       16.2245 1   0.003078   0.003078   0.340438    0.056643   0.000000  -0.547919   0.000000  -0.015925  -0.004059   0.000000   0.021049
       17.0303 0   0.000881   0.000881   0.381443    0.054470   0.000000  -0.576710   0.001132   0.000000   0.000000   0.000000   0.021165
       17.5738 0   0.004944   0.004944   0.318116    0.041839   0.000000  -0.541612   0.000000   0.000000   0.000000   0.000000   0.030996
       17.3703 0   0.000254   0.000254   0.302597    0.043546   0.000000  -0.583044   0.000000   0.000000   0.000000   0.000000   0.032661
       17.4001 0   0.003916   0.003916   0.305568    0.043905   0.000000  -0.562676   0.000000   0.000000   0.000000   0.000000   0.027386
       18.1888 0   0.000388   0.000388   0.335840    0.055470   0.000000  -0.581661   0.000000   0.000000   0.000000   0.000000   0.029864
       18.3982 0   0.000013   0.000013   0.344937    0.069154   0.000000  -0.571738   0.000000   0.000000   0.000000   0.000000   0.030854
       18.5902 0   0.000241   0.000241   0.351629    0.047471   0.000000  -0.558914   0.000981   0.000000  -0.000001   0.000000   0.032145
       19.0865 0   0.000292   0.000292   0.353531    0.055618   0.000000  -0.536096   0.000000   0.000000   0.000000   0.000000   0.032263
       19.0516 0   0.001642   0.001642   0.328150    0.056782   0.000000  -0.507138   0.000000   0.000000   0.000000   0.000000   0.029038
       19.5812 0   0.000005   0.000005   0.323298    0.062735   0.000000  -0.575670   0.000000   0.000000   0.000000   0.000000   0.034403
       19.9879 0   0.000229   0.000229   0.377723    0.057764   0.000000  -0.570416   0.000000   0.000000   0.000000   0.000000   0.028011
       20.4534 0   0.001806   0.001806   0.351813    0.050773   0.000000  -0.553713   0.000000   0.000000   0.000000   0.000000   0.027253
       20.2438 0   0.002007   0.002007   0.324604    0.050170   0.000000  -0.513040   0.000000   0.000000   0.000000   0.000000   0.031334
       20.5196 0   0.002465   0.002465   0.311858    0.050119   0.000000  -0.482644   0.000000   0.000000   0.000000   0.000000   0.029129
       21.5066 0   0.004397   0.004397   0.312833    0.054402   0.000000  -0.510330   0.000000   0.000000  -0.000000   0.000000   0.026186
       21.4455 0   0.000018   0.000018   0.337512    0.036522   0.000000  -0.516220   0.000000   0.000000   0.000000   0.000000   0.027719
       21.3002 0   0.005202   0.005202   0.329830    0.050589   0.000000  -0.534949   0.000000   0.000000  -0.000494   0.000000   0.028615
       21.9467 0   0.000197   0.000197   0.400463    0.059533   0.000000  -0.595859   0.000000   0.000000   0.000000   0.000000   0.030187
       22.4384 0   0.000317   0.000317   0.350500    0.054181   0.000000  -0.523298   0.000000   0.000000   0.000000   0.000000   0.033146
       22.4216 0   0.001350   0.001350   0.359703    0.043220   0.000000  -0.513220   0.000000   0.000000  -0.000229   0.000000   0.031748
       22.7748 0   0.000809   0.000809   0.301541    0.047628   0.000000  -0.552771   0.004727   0.000000   0.000000   0.000000   0.031390
       23.2251 0   0.000013   0.000013   0.355874    0.050788   0.000000  -0.636169   0.000000   0.000000   0.000000   0.000000   0.028312
       23.6046 0   0.000083   0.000083   0.332915    0.062339   0.000000  -0.618979   0.000000   0.000000   0.000000   0.000000   0.026195
       23.9818 0   0.000462   0.000462   0.347763    0.047927   0.000000  -0.627759   0.000000   0.000000   0.000000   0.000000   0.029734
       24.0473 0   0.000364   0.000364   0.392801    0.031345   0.000000  -0.674307   0.000000   0.000000   0.000000   0.000000   0.033443
       24.6417 0   0.000912   0.000912   0.332888    0.063195   0.000000  -0.658557   0.000000   0.000000  -0.000495   0.000000   0.028982
       24.7644 0   0.000000   0.000000   0.314477    0.051762   0.000000  -0.657561   0.000000  -0.000233  -0.002174   0.000000   0.035307
       25.1897 0   0.000396   0.000396   0.316640    0.061563   0.000000  -0.670224   0.001475   0.000000  -0.000000   0.000000   0.033502
       25.5767 0   0.001151   0.001151   0.366854    0.053527   0.000000  -0.713311   0.000000   0.000000   0.000000   0.000000   0.027572
       25.6352 0   0.000061   0.000061   0.339079    0.053732   0.000000  -0.700365   0.000000   0.000000   0.000000   0.000000   0.028489
       25.7143 0   0.002123   0.002123   0.339373    0.046754   0.000466  -0.700288   0.000000   0.000000   0.000000   0.000000   0.029005
       26.4633 0   0.000867   0.000867   0.356807    0.070338   0.000000  -0.665236   0.000951   0.000000   0.000000   0.000000   0.024905
       27.2069 0   0.010826   0.010826   0.304324    0.061598   0.001188  -0.643251   0.000000   0.000000  -0.000558   0.000000   0.023383
       26.9655 0   0.000129   0.000129   0.325137    0.042397   0.000000  -0.677572   0.000000   0.000000   0.000000   0.000000   0.025843
       26.8819 0   0.002973   0.002973   0.337483    0.051305   0.000000  -0.750715   0.000000   0.000000   0.000000   0.000000   0.029202
       27.5137 0   0.000001   0.000001   0.331665    0.043286   0.000000  -0.768871   0.000000   0.000000   0.000000  -0.010193   0.029331
       27.9143 0   0.000304   0.000304   0.313623    0.058220   0.000000  -0.736418   0.000000   0.000000   0.000000   0.000000   0.027646
       27.9146 0   0.001169   0.001169   0.316393    0.041980   0.000000  -0.721385   0.000000   0.000000   0.000000   0.000000   0.030769
       28.4390 0   0.000010   0.000010   0.344883    0.047831   0.000000  -0.713797   0.000000   0.000000   0.000000   0.000000   0.028488
       28.7786 0   0.000084   0.000084   0.337144    0.048832   0.000000  -0.673397   0.000000   0.000000   0.000000   0.000000   0.027043
       28.7745 0   0.001868   0.001868   0.329640    0.059063   0.000000  -0.692357   0.000000   0.000000   0.000000   0.000000   0.026180
       28.9954 0   0.003294   0.003294   0.305672    0.028739   0.000000  -0.679854   0.000000   0.000000   0.000000   0.000000   0.029226
       29.6334 0   0.000001   0.000001   0.317618    0.042448   0.000000  -0.723651   0.000000   0.000000   0.000000   0.000000   0.032057
       30.2424 0   0.002603   0.002603   0.322091    0.049818   0.000000  -0.723232   0.000000   0.000000   0.000000   0.000000   0.026006
       30.0883 0   0.000720   0.000720   0.314324    0.049234   0.000000  -0.743660   0.000000   0.000000   0.000000   0.000000   0.030607
       30.5977 0   0.000064   0.000064   0.367483    0.051967   0.000010  -0.749645   0.000000   0.000000   0.000000   0.000000   0.026508
       30.7785 0   0.000169   0.000169   0.369903    0.050541   0.000000  -0.749799   0.000000   0.000000   0.000000   0.000000   0.036040
