0.49999912791867207 
0.4615379867251205 
0.4615379511649609 
0.46153774010904675 
0.46153795005984005 
0.46153641264771955 
0.4615368736178726 
0.4615309650081283 
0.46153599979145954 
0.3627804541322982 
0.30767316781350257 
0.3076909526106629 
0.30761879099495554 
0.3076918247079463 
0.3461520590385248 
0.34615326038463673 
0.34615312448941893 
0.3461527051227304 
0.34615007182620033 
0.3461533968351287 
0.3461535125793294 
0.3685343024881095 
0.3461530807220546 
0.34615216339812677 
0.3461546668324438 
0.3461532798669455 
0.3461527327762596 
0.34615239772617623 
0.346153532423507 
0.3461533133161248 
0.3461503922153497 
0.3461533820801911 
0.34615248397057186 
0.3461510939319573 
0.34615333115912633 
0.3461490387480361 
0.3461527897735823 
0.3461533714676385 
0.34614255863043625 
0.34615180381758653 
0.34615347791189505 
0.3461478595974061 
0.3461473376708218 
0.3461523802692916 
0.34615365637481754 
0.34549245138263157 
0.34614898090314977 
0.34615352938337757 
0.3461518993619738 
0.34615295531872164 
0.34615118458672545 
0.34740366340667606 
0.34614939973044645 
0.34614966847444023 
0.34615155546267834 
0.34615367216553194 
0.34615267539122124 
0.34614362229229517 
0.34615315945707426 
0.3461526536125324 
0.34615355701322864 
0.3461472967456576 
0.3461535922825933 
0.3461534452370107 
0.34611647395411677 
0.3461534721673252 
0.3461536366186918 
0.3846143711469878 
0.384607423059525 
0.3846151239704162 
0.3846148676223162 
0.3846134455926719 
0.3845980128406389 
0.3846102741412661 
0.3846147027368706 
0.3846149283927281 
0.3846129949951079 
0.38461096796985716 
0.3846124613051114 
0.3846146764069585 
0.3846151476064392 
0.38461478612286143 
0.38460776790811113 
0.3846148170604413 
0.3461470594427562 
0.3461525288804446 
0.3461409984207211 
0.34615334003046166 
0.3461528128193111 
0.34615290904511065 
0.3461524243830916 
0.38460855575817726 
0.38460620690968944 
0.3846149922034715 
0.3846127550296922 
0.3461535090709329 
0.3461533492157507 
0.3461519983341308 
0.34615182433054426 
0.34615242176875427 
0.3461417869294692 
0.346156729954117 
0.3461479821048629 
0.34615368599351165 
0.34615338770004367 
0.3461534873017881 
0.3491562651523567 
0.34615358388179074 
0.3461537258724609 
0.3461533900080299 
0.359838200448289 
0.3076759219025108 
0.3077194050513772 
0.3076921205116335 
0.3076895225706778 
0.3076919176817628 
0.3076919167833468 
0.30768936835121125 
0.3076842119418818 
0.3076507624381863 
0.3076907567616355 
0.26923041533870634 
0.26922902112696356 
0.3064750794334072 
0.2692183737641557 
0.30958147058012536 
0.34615372459414534 
0.34615290136776455 
0.3845604756285969 
0.34615277975044884 
0.3461520640742448 
0.34615358492613263 
0.3461526755523028 
0.34615271670402836 
0.30769177216003213 
0.3076920233435333 
0.3465100399009033 
0.3461520902278758 
0.34615340966028124 
0.34615327333140916 
0.3076438869188918 
0.3076896112101227 
0.3076915056139242 
0.30768825633339725 
0.3076911669863585 
0.3076910237346293 
0.3076918659337386 
0.30769181619981784 
0.3076864544199511 
0.2692306353230181 
0.2692303302029441 
0.26923061847087076 
0.2692306325202012 
0.26923028162137314 
0.26922787088356703 
0.3461530552017272 
0.30808791020179427 
0.30769207792324027 
0.30769218134878956 
0.307691900504838 
0.3076919430809841 
0.3075954324249527 
0.30769171320895694 
0.30769213182024263 
0.3076552104953769 
0.2692300375731094 
0.27057533464289896 
0.3461494153090745 
0.3461530699193344 
0.3461603959378098 
0.34615134883657434 
0.34615270642999857 
0.34614899369121266 
0.3846139651056288 
0.3503302218432414 
0.3076921851485531 
0.3404802329643592 
0.3076892493395687 
0.3292558860703589 
0.3076913405785193 
0.3078767829392512 
0.30769124006072535 
0.30768990015019154 
0.3461363667795876 
0.3076920656117873 
0.306315258776942 
0.30769208968938694 
0.30769216263194904 
0.3076910307089275 
0.3076842714675045 
0.3076920284933481 
0.3076905809968367 
0.30769200543919567 
0.30769200805248215 
0.34841452618165125 
0.30769199583792184 
0.3461529540730215 
0.3461505062737432 
0.3461535267991207 
0.3461534980376367 
0.3846041234688785 
0.3461536424829511 
0.3461529108168359 
0.346153251142996 
0.3461527823130631 
0.3461500205223403 
0.3461533561755549 
0.38458275801696684 
0.46153651554687875 
0.42307628737621383 
0.4230745483082521 
0.423076130717478 
0.42307599458870304 
0.4230764022850939 
0.46152541628755783 
0.4615380559197642 
0.3846109029340448 
0.38461473500027554 
0.38461196992501345 
0.38461434948364415 
0.3846140924135616 
0.3846141512476565 
0.38460830397593665 
0.3846134810687821 
0.3846149036532708 
0.422225195815367 
0.3846020222179428 
0.3845499685434283 
0.38461697660064914 
0.3846127403369736 
0.3846144016444556 
0.38461403571128966 
0.3846139112760762 
0.3846143518725062 
0.3846141421920782 
0.38461414232032404 
0.38461417227655453 
0.38461406122965597 
0.3846141306005961 
0.3846130408285987 
0.38460766500093935 
0.3461574506550805 
0.3461529576435852 
0.3461471207109049 
0.34615314564645827 
0.3461509657775693 
0.34616315908773565 
0.34614642254518735 
0.3461534433687856 
0.38289513001385345 
0.35642682160022193 
0.346041914335921 
0.34615338968026094 
0.3461516920538842 
0.34615365933192943 
0.38390369690636317 
0.34614662558616377 
0.3461883552404672 
0.34615270446389407 
0.3077404296316146 
0.3076921071959703 
0.3076883672032628 
0.30769152164895464 
0.30769183879126094 
0.3076909835490906 
0.3076912909196216 
0.30768511933137105 
0.30770270921261555 
0.30768891298645085 
0.3076895788172567 
0.3076919339686299 
0.3076912861632674 
0.30769210398200086 
0.3461488394748099 
0.3076917541360728 
0.30769202237472626 
0.3076921892429128 
0.30769184550426004 
0.3076920901739958 
0.3076921187898488 
0.30769076176721843 
0.34292751789568493 
0.30769059791865927 
0.30769191770354715 
0.30768836148165246 
0.30769036880649797 
0.3076904282772838 
0.30769195147944617 
0.3461531510155344 
0.3461519051855131 
0.346153487392096 
0.34615209560288 
0.3461530311195601 
0.34615127053310635 
0.3461522401497058 
0.3461535068669329 
0.3461533347625856 
0.3461533828326537 
0.34615330361949986 
0.3461533586291493 
0.3461534959338532 
0.34615331936812704 
0.4230763990796701 
0.34615338741374013 
0.3461522407964664 
0.3461535956126412 
0.38456523238828755 
0.4230703267703709 
0.42307317821282003 
0.4230767113212594 
0.34615275092805575 
0.3846149784110103 
0.38461332770817347 
0.3846087688128347 
0.3845812434814477 
0.30768569798863665 
0.30769187435346024 
0.26922963387266147 
0.2692304141567433 
0.3076898064724362 
0.30769133831427875 
0.2692306259828331 
0.2692299432390398 
0.2692294424596552 
0.26923059570006047 
0.26923036354228697 
0.2307774748962838 
0.23076738772543254 
0.2307683805400052 
0.2307686049408204 
0.23076909995510014 
0.2666526072165748 
0.23076914443814295 
0.23076820142769922 
0.23076901806603842 
0.23076906609868356 
0.23076860922925524 
0.2547435865144467 
0.19230739094729243 
0.3256131097083767 
0.23076878658813682 
0.26904541831832635 
0.2307682787189374 
0.26788346414220443 
0.3076920874644816 
0.30769045919148474 
0.30769149055099704 
0.3076919012798729 
0.26923017743485445 
0.3081767255488349 
0.3076915538717273 
0.3458377499322288 
0.3076909862425699 
0.30769198522479474 
0.30768849104059076 
0.307691951607902 
0.3076906175761056 
0.38472993856592635 
0.346243145219154 
0.38428203460439114 
0.3461483060924588 
0.38385454945873254 
0.34614850303692807 
0.38460979314727284 
0.3846149380586163 
0.4230704654238151 
0.4230674080172292 
0.4484418685596989 
0.42307535691729525 
0.4230744347203347 
0.4230718746290265 
0.4230759904791066 
0.4230767473504077 
0.4230675934501379 
0.42307544418705495 
0.42307338206094774 
0.4230754988015014 
0.4235056058975872 
0.3846049449909176 
0.38460460405926666 
0.38461451693125986 
0.3846145012035441 
0.38461509381860964 
0.42307704991895434 
0.42307587172261074 
0.38459921015054205 
0.38461486166332265 
0.38460497485120215 
0.38461317953013785 
0.3846110339522262 
0.38460756561663556 
0.3846148049963217 
0.38461385354581146 
0.34615808550923904 
0.38461362059657783 
0.38461449554520905 
0.34615956803506326 
0.3457631187766635 
0.34931568065903507 
0.34615349801137607 
0.3461532306485114 
0.34614554022775523 
0.3461457463782913 
0.3461609263833132 
0.38455434383105047 
0.3846145290993566 
0.38461290882339444 
0.3846149396914461 
0.38458821243771896 
0.38454386766564236 
0.38461118722181226 
0.38461494371768257 
0.3846138257730027 
0.38461456597598465 
0.38461478638164476 
0.38460621207296586 
0.42307615143432437 
0.42307657664632053 
0.34614382714772784 
0.38461504938185015 
0.34603590098579523 
0.3461536331744896 
0.38490405777936404 
0.3846077002167965 
0.3846144096983352 
0.30769206613333205 
0.30769195601678334 
0.4230355386936485 
0.34615270222351097 
0.346151985048887 
0.34615357368101374 
0.34614584915991153 
0.3461531459832683 
0.3461417481493104 
0.3461534861548846 
0.30984053374877235 
0.3076911086104474 
0.3076919587084453 
0.30775200008233894 
0.3076918985233275 
0.30769113840146933 
0.3076820018094255 
0.30769139732231765 
0.2692303247654975 
0.26923049162700546 
0.2692276757007519 
0.356972498648922 
0.2692301675601182 
0.30765051877192245 
0.3076879543528 
0.30769148970651006 
0.3076916105114146 
0.3453171272072151 
0.3076914396888201 
0.3076919984254579 
0.30769706140552944 
0.30769027672314003 
0.3076918132051629 
0.3076920553692642 
0.26921862228393256 
0.26923063669283703 
0.30475065079910035 
0.2692295544299422 
0.2692064577039929 
0.23076917983552012 
0.23076785819998133 
0.2671683459266746 
0.19230596176276354 
0.1923072311046591 
0.19231920179039078 
0.2307690294977068 
0.19230747231686546 
0.19230707694936514 
0.23086669985413372 
0.19230253585538826 
0.30769213937239936 
0.2692306182240808 
0.29751727986236987 
0.2307686600290757 
0.1923325211928803 
0.26923045966971654 
0.19241020532764713 
0.19231763752413458 
0.19224213652755634 
0.1923078412948645 
0.1923076578133536 
0.23076590612043443 
0.23074639320722196 
0.23076538807941255 
0.230769032763216 
0.2692320414491596 
0.23076852274001733 
0.23076863908071202 
0.2307518093969138 
0.23076918497054155 
0.2259674720313565 
0.23076897682740752 
0.2307684451161478 
0.2689714482230691 
0.23076857907013418 
0.23076903960878992 
0.23076914088756284 
0.23168818806585095 
0.2307743513716353 
0.23076671868817333 
0.23076918911759492 
0.23076877109389332 
0.23076891037352684 
0.23076637343501016 
0.2726146204224191 
0.1923071844143658 
0.1923075985060731 
0.22167594882547287 
0.19230759429331437 
0.2793049739861614 
0.15402692556917996 
0.19230728961720017 
0.1923039911307975 
0.19230660098314908 
0.19230764102777884 
0.19230405084123559 
0.1923075336135402 
0.19230863039721516 
0.23074326561397418 
0.1923075945768963 
0.2692300919188461 
0.24872074901106267 
0.214214589907508 
0.19230301147442844 
0.19230758576424462 
0.19230752240996285 
0.23076879967287367 
0.23076913595743836 
0.23076566869196816 
0.2307653289281021 
0.23076800645097964 
0.23076892938884427 
0.23076839733118973 
0.23076815906922996 
0.23076895515314153 
0.2307684291608178 
0.238912080347717 
0.2692306971211362 
0.23076868911682558 
0.23076866844645622 
0.26923057236308817 
0.23076911814264411 
0.28186600583893207 
0.23076888300186524 
0.2307666011636498 
0.23076908600417137 
0.2307691088856292 
0.2692099103597363 
0.23076914546100136 
0.26923045705023263 
0.2687479723514884 
0.26923047619641305 
0.2692261645147934 
0.2692305194984767 
0.26922965171307245 
0.2692272593031578 
0.37689065553293477 
0.3461475413618324 
0.36946900185965287 
0.3834261306293571 
0.38439611474681823 
0.353913905868664 
0.38461262661957524 
0.3810540127276019 
0.34615336818063847 
0.3845896634875092 
0.38461476897869684 
0.3846599271856576 
0.38461450332891517 
0.38461460185547275 
0.384615045489151 
0.3846150895466822 
0.38513829745143624 
0.3846142280861354 
0.38461411508938015 
0.38461513247723944 
0.38461469118469044 
0.384615263714372 
0.38456018353906996 
0.3846149926237385 
0.3846142563822595 
0.3846147617741892 
0.3846141084880888 
0.3846152762961698 
0.42293029552244354 
0.38461511227736034 
0.3846147615434823 
0.38461042762518954 
0.3846136983253009 
0.384613480524315 
0.3846146546013414 
0.3846147663749584 
0.3846153364259408 
0.42307710561182343 
0.42307423351273715 
0.423080050226685 
0.42307625074736244 
0.4230760759047643 
0.42307624731821164 
0.4230762343305302 
0.42307646589231934 
0.4230761412370375 
0.4230739267919237 
0.42307113586497225 
0.4230747344949044 
0.42307617022238164 
0.42307571694886864 
0.4230740655327206 
0.4230762206315303 
0.42307608257269413 
0.4230750881840809 
0.42307601314554977 
0.4615382839088126 
0.38460082674076734 
0.3461527821065218 
0.3844509857421015 
0.34608130605646825 
0.3461523955531972 
0.3461533037784346 
0.3461509593465611 
0.346153670342521 
0.3461530164394339 
0.3849487191359031 
0.34615350983098037 
0.34615328465194584 
0.34615357700671245 
0.3461535242480466 
0.3461531307271702 
0.3461527597351858 
0.3461534008790264 
0.3076916861991132 
0.3076916849451762 
0.30769062525749497 
0.3076919344688679 
0.3076901998524476 
0.3076901818507354 
0.30769140667525313 
0.3076893499212969 
0.3461533968036918 
0.3076917062743929 
0.30769202508551674 
0.3076912230045557 
0.3076914684719347 
0.3461536015128352 
0.30769192960729697 
0.30768881308021095 
0.3076914741162046 
0.33380694083115586 
0.3461534434398584 
0.30768827063433296 
0.3461537416420992 
0.3076920028707221 
0.3461534225818076 
0.34615224060625904 
0.3461446242871848 
0.346153514708617 
0.3461523569035015 
0.34615349333053136 
0.34615238978343843 
0.3461520688432325 
0.3461532826486101 
0.3461491724217854 
0.34615260558774025 
0.34615339558171304 
0.3461387478057439 
0.3461534125221515 
0.34615199653737583 
0.3845600195360108 
0.34615288417379286 
0.3461448236428144 
0.3461498135455989 
0.3461521018097423 
0.3461506146708314 
0.3461514957571768 
0.346130366043296 
0.3461511332510764 
0.3461527225572495 
0.3461518398314203 
0.3461534152096968 
0.34615335184070584 
0.3461533193727248 
0.3846148935877728 
0.38461484454125194 
0.3846147251880433 
0.3461529089207126 
0.3461539475952546 
0.3461529156129547 
0.34615454769286197 
0.34615014172282316 
0.3461537358619827 
0.34615262541651537 
0.3461534511772115 
0.34614272947810093 
0.3461536410874024 
0.34615379336760027 
0.34615347758072407 
