t = 10000000
b = 34 34 34
E = -0.829719273707178 -1.19174840352763 0.362029129820453
-108.663732586115 4.39915289712451 -74.4890084313699 -0.503701527548525 -0.594885217541958 -0.626415476417257 -0.834997155361052 0.14933728609993 0.529601855660963 0.188336505869731 0.887587826263872 0.383626231564439 -0.577059951819626 -0.0792776058429011 -0.141603586132557
-109.15027857436 4.56056801088782 -74.5968395607513 -0.215122703655004 -0.976575382815949 0.0047690721896559 -0.925151218368443 0.205353927879568 0.319256930161262 -0.22889312264935 0.537547367787595 0.285332762659999 -0.0389673347166671 -0.163175226897156 0.37778566257126
-109.78206589391 4.47413246994717 -74.5467474821402 0.192012559392659 -0.973889192698461 -0.12112397525228 -0.936458576454338 -0.2187383580759 0.274224115079223 -0.0183195465199035 -0.132644592270026 -0.190544653212612 -0.00482604928988263 -0.199489255404067 0.382935835675966
-110.289823655961 4.32077353092669 -74.6898556241761 0.418514134924558 -0.676912891556822 0.605503803548758 -0.89776571915857 -0.207522644799367 0.38852421468762 0.315222741388784 -0.362210918701007 0.631190015622591 -0.609807055047726 0.807651662731782 0.437306761889001
-110.656059865989 3.95413251995755 -74.6148171685095 0.483556814238043 -0.091075776103565 0.87056189349812 -0.862215471595834 -0.220969754541229 0.455803519203976 0.235821903691903 -0.211350697544637 -0.371816308396069 0.859149615719358 -0.0306320235048742 0.0777343248579927
-110.974516858652 3.57331027268261 -74.3229999310119 0.491854313188081 0.579687054094569 0.649647792202577 -0.755691623106832 -0.086367705858953 0.649207817382643 0.216960629019022 0.315582228165173 0.233378021482667 -0.420962575096191 -0.69856497386299 -0.630142953364768
-111.137220899401 3.33476032030878 -73.9016497669308 0.0753565094730141 0.977949736896906 0.194770913082935 -0.736688435553025 -0.0770373450838097 0.671829886492601 0.0454579725610393 -0.672410896814502 -0.249786659436378 0.153281095038144 0.334152703576048 -0.226605193749483
-111.201670357412 3.26658642785957 -73.3561112770064 -0.374752114701234 0.907135085472411 -0.191485741589337 -0.660280450484817 -0.116148373060486 0.741983343575452 0.0620197127687456 0.222115709992724 -0.14004191560058 -0.24762224700591 0.435016000071825 0.125854497181992
-111.349701659987 3.41347690799535 -72.809139730877 -0.577033206940212 0.578425130717606 -0.576590882899585 -0.736014726494237 -0.0622872793186399 0.67409392314314 0.103040538596138 0.606541123521217 0.307858460698184 0.203123895948111 -0.08971889276219 -0.118692198705268
-111.450364383859 3.76218764735023 -72.4660764620293 -0.790883464210418 -0.214529926189613 -0.573131971545196 -0.596857334878988 0.0635794552447381 0.799824339884089 0.648288882216157 0.0127077306581008 0.129085756680489 -0.354296144164772 -0.10039224877742 -0.0469888715607886
-111.87534099324 4.01269121187466 -72.2891194669255 -0.419728806994484 -0.815845340485743 -0.397773942066676 -0.583273874829749 -0.0933328955028245 0.806895629903995 -0.127204971281064 0.0710344049842157 0.3108561698783 -0.586607843968549 -0.271984112334702 0.17324117654148
-112.334713044123 4.10413259729461 -72.0488929422349 -0.0645222299050578 -0.949669832373775 -0.306535628152845 -0.790458897696322 -0.138855916830582 0.596568324178584 0.387618804799834 -0.25812389075278 -0.162537298715938 -0.816610379538331 0.354685822421404 -0.209106078134135
-112.832730789425 3.91862012762624 -71.880210897359 0.520365492184117 -0.853671672880807 0.02155062561643 -0.646598613920813 -0.377406307271059 0.662928888876662 0.0165372159676185 -0.0029712085598581 -0.0395034513767517 0.197446985880947 -0.23754913568459 0.522657085138513
-113.222322265632 3.6491941959694 -71.7807782790589 0.802695357818981 -0.440958208003817 0.401542054248038 -0.57932056243898 -0.416583842828366 0.700603730955928 0.428866744225168 0.0134144331638249 0.0501121294133381 0.348527141160195 0.343133823140118 -0.204371542775979
-113.447612085767 3.23741297090431 -71.6455509331028 0.609255322884879 0.201746899900944 0.766880785987446 -0.707313698051605 -0.298945940365123 0.640576816071035 -0.740741440664496 -0.737162504364583 0.0863585285004662 0.711944831638457 -0.368202098340902 0.13811302546204
-113.613802785947 2.94220747100068 -71.2339413817783 0.460568416575135 0.676888645128402 0.574193778919553 -0.598778292800803 -0.240601453247098 0.763921132555987 -0.29985543366729 -0.03227725815209 -0.290307009255469 -0.0381729648806192 0.39607806680851 0.0764527343296191
-113.651345875849 2.77205067621166 -70.6757999105371 0.206075761546215 0.930508957176401 0.302796732343011 -0.467993195769175 -0.178034575702396 0.865613111365822 0.254512063681605 0.465649500685723 -0.185359071680965 -0.106948427050911 -0.0498917061425459 0.233042539500192
-113.566156909747 2.68983756823462 -70.135442789974 -0.353843936228361 0.932861065105961 -0.0675625784299919 -0.40150429381451 -0.0862585518796008 0.91178602987561 0.27349293518606 0.0145350571685223 0.579634552217678 -0.352778787023514 0.097596407324229 0.333570630691925
-113.583775005725 2.83737259639427 -69.5848592860641 -0.660845374684424 0.643956520861318 -0.385491102359545 -0.39359616728738 0.139974184458686 0.908564408713873 -0.249442933823607 -0.472975232595154 0.0608954287536145 0.880772730414643 -0.146343210660051 0.176535233704798
-113.676376245342 3.05562885243925 -69.048947147316 -0.831887473719943 0.283807165065186 -0.476882295881239 -0.408367225619033 0.268804904348615 0.872341752089096 -0.0244152166222628 0.475706267195961 0.589022519145315 0.329850632571005 -0.21078566236784 -0.636650995145949
-113.74249558285 3.51019812182892 -68.7290519459976 -0.905368967881314 -0.359407888334496 -0.226126075011952 -0.262024683786005 0.0538194478066865 0.963559303896024 0.11757355459824 0.28559209683071 -0.0468302659636874 -0.0928290224377646 0.717993410483662 0.480571775231272
-114.084688619382 3.75787234714103 -68.3322332201826 -0.502281028711883 -0.837291387033663 -0.216002086553654 -0.420994703519086 0.0185972484213018 0.906872428713121 -0.292192368754145 0.315386868279663 0.0991192616607334 0.0829584893412884 -0.363282509641567 -0.0110503369569167
-114.517013067791 3.86445287668261 -68.021794777275 0.0572226694119905 -0.988989985465295 -0.136471149899836 -0.438262588640299 -0.147703938861304 0.886628135039345 0.0243544749516704 -0.616361345045284 0.145783108395825 -0.33127221714759 -0.265173706123979 0.477346165528428
-114.952459465541 3.65028308946685 -67.7250310276935 0.588005746425062 -0.808073093230458 0.0355966033227166 -0.398939716521894 -0.251448492997569 0.881828077320447 -0.10706717974609 0.291549897651066 0.245268347618087 0.254868493398689 -0.30076224177751 -0.373220802970889
-115.310185846398 3.31155531341983 -67.5239071402591 0.921043497014878 -0.238372005566926 0.307989713414673 -0.37352513147403 -0.316774812505841 0.871855890797896 0.428554847563557 -0.385130916101124 0.153429976171354 -0.564630053786964 0.603395834821447 -0.0108405469760133
-115.431785144703 2.8169508914846 -67.1580912146931 0.91394998151734 0.242203678829284 0.325626794423454 -0.322747653131669 -0.0526363564084571 0.945020299455261 0.19521875538406 -0.0218301178092052 -0.0686840055562719 0.214935060474945 0.270153386159244 -0.00682808346820684
-115.391781717086 2.42449739458331 -66.857308373793 0.578930579576664 0.737362932041193 0.34804495468665 -0.305067232797257 -0.199971493007782 0.93109902022173 0.16242874214846 0.290255743568644 0.208283997300588 -0.794199887981674 0.510509496396632 0.235435467461552
-115.272916663943 2.17869313636958 -66.5102802534922 -0.097459673374817 0.968470931324929 0.229272037641794 -0.515338728793436 -0.246187952260407 0.820863866160406 0.162153349943831 -0.467453372436149 0.447905551369165 -0.110470147797283 -0.812426146682495 0.471514435961068
-115.343048062316 1.3906612955174 -66.1573651772818 0.98102077791874 -0.0474068306416934 -0.188018152580292 0.165158951060255 -0.303735330239088 0.938332227970909 -0.0192755188661882 -0.1533831354852 0.391037766429978 -0.0636119308102476 0.107485463018535 0.223160953329084
-115.248011622 0.967594234949078 -65.8344847933379 0.867779871219382 0.493995532545392 0.0540972174112066 0.131683710124471 -0.333548988804517 0.933490478020504 0.219240733603746 -0.58208447932237 0.0148161048335557 -0.423990787918206 0.174616936149661 0.0363172309112491
-114.911659027346 0.831662277022069 -65.4607998171724 0.107404159716006 0.981808865443991 0.156574896491767 0.339354254105932 -0.184230558836091 0.922441212983844 0.234060408128713 -0.290824516130492 0.535763341560521 0.0388276254804689 -0.0748843240618406 0.130741866051164
-114.634467311548 0.783714873320014 -65.0600670145149 -0.457546684858163 0.864578117672685 0.207739523482814 0.373718595787392 -0.0250103436786016 0.927204882359642 -0.488459984218908 0.30385687220111 0.362796212455196 0.249065273133329 0.261268199613747 0.731645481047301
-114.11057386308 -0.725488912371095 -64.8630911086619 0.547383649908602 -0.674042478954511 0.496022052309923 -0.800948124799061 -0.250130650263864 0.543982315135218 0.143965317840626 0.228114719088386 -0.684727588763271 0.239484667159993 -0.0142898341440396 -0.524282244788796
-114.579019858125 -1.07692490260835 -64.597356539053 0.595918268067039 -0.09867046467781 0.796960197992218 -0.803013046041071 -0.0643520368209679 0.592476888363352 0.433939446947079 -0.0903285757297286 0.488334722883655 0.00325025348816884 0.0525573742513729 0.427511367686262
-114.792988304025 -1.3395737124688 -64.3176618366082 0.2836916642577 0.697056141083748 0.658507232920042 -0.721330940913211 -0.297348649649384 0.625512153545504 -0.78455950445996 -0.0339954691631182 0.427119006401629 0.00185550737382642 -0.132822604179072 -0.412502679812426
-114.879975897622 -1.49414277701284 -63.8511191540362 -0.262427926566523 0.963810390889483 0.046916028938611 -0.71911933881199 -0.227759932243827 0.65650041112755 -0.277729748981311 0.00209564710998061 -0.926286416398734 0.0679016995177047 -0.00228499600477294 -0.252419159780485
-115.022992233747 -1.38881410016527 -63.3452852864851 -0.575966627085146 0.584705435195498 -0.571298519634838 -0.791144044454887 -0.222758474119014 0.569622474215931 0.252613072472327 -0.122729886722119 0.356761816458427 0.527132887606677 0.153725809510119 0.263028346359103
-115.397049768596 -1.23415356750059 -62.9695004661921 -0.393008344219192 0.122742875094004 -0.911306001290029 -0.915063714280144 0.0454084038924717 0.400744900982676 -0.232985975519309 0.488542237022001 0.0860445137709287 -0.0723858693661236 -0.0372883008645296 2.33819024957431e-05
-115.987948518067 -1.22526117049953 -63.0155007378355 0.28506722329898 -0.327949855634969 -0.900658409381642 -0.898099439788173 -0.419692082126525 -0.131438017531416 -0.237023008560114 0.124934496190745 0.249522027621761 0.361679795216215 -0.518709760229226 -0.388426116363351
-115.450708195592 -1.03154226710097 -61.8680024439635 0.471301767405835 0.816861154724355 -0.332584572616127 -0.77417838004823 0.202508334309607 -0.599698432882295 -0.721142055052765 -0.0686834900250272 -0.0724543920552899 -0.51957555776906 0.16593257009396 0.131329298953392
-114.835961494042 3.09723572971876 -65.9969410101892 -0.0718457671798683 -0.880340241322535 -0.468870179523425 0.129093313157415 0.457923688035254 -0.879568537656046 0.0519972081323327 0.32130530154372 0.118536034272016 -0.420608211640991 -0.224800636579168 -0.046673388072227
-114.630000312442 3.20371765934264 -66.4542049932681 -0.618642823799761 -0.737300872169039 -0.271419381143015 0.280327563447375 0.115581631386526 -0.952920428817409 -0.0213861937958043 0.290553778107243 -0.162068874260586 -0.428775244777112 -0.0388352589349248 0.617205819969254
-114.293015881603 3.00676023440946 -66.8428627393858 -0.959252911211996 -0.0641042555720898 -0.275180843717171 0.269548514844465 0.0844021179758113 -0.95928091851471 0.0317555304231663 0.118179821755333 0.620316526085935 -0.261139799344157 -0.130671467877115 -0.356371382759928
-114.209221060115 2.8137753409842 -67.2433944969075 -0.911858910867457 0.357591917464756 -0.201596992128211 0.260839563931027 0.125513569790307 -0.957188103607015 0.0839718246451485 0.196651770180702 0.62351724970441 -0.484197671987032 -0.207074239555288 -0.178128955520801
-114.315003184197 2.67014377986366 -67.7274627721374 -0.520449809751712 0.853127560566656 0.0361297790013187 0.122861755356856 0.11668912816373 -0.985539769080658 -0.0294552873504798 0.137653173026181 0.258184625706292 0.227011057198472 -0.426620942257096 0.404838327328191
-114.537530244654 2.63365134751635 -68.2081273095864 0.143584882934128 0.948697865278306 0.281701511904321 0.226105685093011 0.245673935838684 -0.942613672942736 -0.406278499491388 0.0169717024160809 -0.0571476481199817 -0.51911326238125 0.619218065727867 -0.0113935921019212
-114.706053749811 2.74708358835709 -68.6112246342973 0.501680146694515 0.809887149150869 0.303973413398322 0.135570124533948 0.273441863598937 -0.952286873040734 0.0158613611324361 0.399878861900545 0.462930056217718 -0.331851584988685 0.162727309759871 -0.146480021758376
-114.840068744095 3.08494846686319 -69.0374247423263 0.879683479495995 0.361108033923667 0.309447836859659 0.308221389199916 0.062604163086269 -0.949252492229615 -0.485111790371571 -0.0575776840674749 -0.44746612497593 -0.49410951512371 -0.358597601169697 0.267866002804469
-114.744333553922 3.36902985376398 -69.5185035821196 0.919959377569893 -0.179519082209305 0.348493389813318 0.35996457653303 0.0347958567238291 -0.932316873169573 0.262309827176112 0.560121015681919 0.153236268252725 -0.303320397942579 -0.0361703497398747 -0.0581831343800619
-114.43926780394 3.5948375534466 -69.9378432855192 0.735483486222775 -0.557687256608833 0.384771315601471 0.533591647996603 0.126787857096354 -0.836184664103121 -0.453820030332369 -0.000324458688442023 -0.381766105361781 -0.12561652974783 0.490091618385346 -0.279160507342757
-113.964673378637 3.79661539874324 -70.1906863569572 0.352628544384305 -0.934077140725251 0.0561516238450853 0.552928374883052 0.159577009181162 -0.817805227661422 -0.148943551406903 0.322420198969527 -0.52931066231588 0.0794970206696134 0.377480408811012 0.194983535936578
-113.512098612282 3.92100279362162 -70.3662915334131 -0.118410758752584 -0.968615030428474 -0.218549342346239 0.626081476461163 0.0980052294064583 -0.7735741463114 0.112992307087567 0.0548603864752295 0.251510722030191 0.71317945275124 -0.250973240496739 0.330909172766189
-113.06160929816 3.75527892883984 -70.5306536432567 -0.456707275885818 -0.688069684323256 -0.563895889032658 0.748335668795882 0.0456169725692418 -0.661749815732181 -0.250723222824726 0.262398206010192 0.439107525976272 0.0411148245164755 -0.390284266676834 0.160035071261145
-112.680916776221 3.45871183847245 -70.7037771312193 -0.611920710407768 -0.121221434761288 -0.781574313759709 0.780471735362049 0.0675373438736405 -0.621532442824796 0.681792538061798 -0.344446269794477 0.293386030555771 0.50586081063538 0.255017391502745 -0.122669340052755
-112.252939838077 3.51193554737741 -70.0375788913508 0.506563597821986 -0.226729811017921 -0.831857508325416 0.823024206255028 -0.16037382792737 0.544895761806636 -0.140524012379981 -0.254377596695547 -0.0212655361431859 0.454557289960837 0.979780597428153 -0.28278154312252
-111.911897010684 3.06489732990414 -69.9706693256902 0.551648368606573 0.437086652291413 -0.710379712409018 0.828739012287989 -0.191032646873583 0.526021080700065 0.395486710173886 -0.0459642576744154 0.19423693282687 0.34886483695421 0.122297565772953 0.052252464384135
-111.426338302596 2.7958058181707 -69.9988525915147 0.31249126348895 0.901547940451136 -0.299266639156254 0.862739488912404 -0.137517350023367 0.486589717024747 -0.0154591439314207 -0.123920360068768 0.343411671698039 0.585926663615618 -0.520296613472384 0.289900875903978
-110.872455116463 2.72136508452403 -70.0175484597578 -0.120905289136498 0.985811923628736 0.11643351016748 0.854187356236323 0.0435653605300608 0.518137066622934 -0.617635580956645 0.393106798767338 -0.2877291005241 -0.28379037173496 -0.217528258258234 0.00569231932803164
-110.358262201605 2.87087087687409 -70.1539488620642 -0.339593654153809 0.742912041928589 0.576851668989644 0.918836244775073 0.130943619504569 0.3722817801058 0.151125623422907 0.245063170501231 0.196288995122438 -0.215517359508003 -0.0857230555849481 0.314786203632959
-109.897268946922 3.25707503075754 -70.0592284920917 -0.504133325935613 0.206379884909706 0.838604157386736 0.862804997142471 0.162684058323478 0.478645415807039 -0.171863990876842 0.329850236621939 -0.0866231434229119 -0.0536546784723328 0.351407365308041 -0.0314905178831073
-109.61838619723 3.65455737178825 -69.8582127677074 -0.381420697907621 -0.396981227692953 0.83481983449543 0.861134495454328 0.175766492200223 0.477025702617593 0.0114171193776089 0.185892862988318 -0.025524283278744 0.622520618924006 0.274188440913745 0.722850726151848
-109.348188583968 3.89975713536904 -69.353413195658 -0.255657896450836 -0.900458272383544 0.351872050151837 0.77491591000064 0.0267564219807932 0.63149776429572 0.434279282870267 0.108205313982032 0.0188127191893765 -0.183020185402991 -0.127396909510938 0.09539472152856
-109.273885482805 4.07319784127402 -68.8700151428119 0.238125621610755 -0.965205721444745 -0.10804676590659 0.665202595759412 0.0810227800606832 0.742253875507688 0.0960181182544634 0.120512946286715 -0.150349957296915 -0.0827866964614213 0.631489535534914 -0.600710976787329
-109.024313481748 4.00293268056938 -68.4542651476336 0.411093690602072 -0.841022177052449 -0.351686899462238 0.540756215188681 -0.0856034983893407 0.836812258991633 -0.392383499984222 -0.0107602946606082 -0.416952515292077 -0.527212752818176 -0.490188393289709 0.0808905032905978
-108.91564621499 3.86156183327228 -68.0199447086961 0.710466754960367 -0.361307017122154 -0.603899188172041 0.595120759571154 -0.149531129939964 0.789602256016469 0.0168046997962579 0.565588572576475 0.103647649187212 -0.440354980512087 0.193500653171241 0.0717241082808114
-108.743944929716 3.60420850283329 -67.6862922874257 0.812080991896947 0.0987233653601503 -0.575133166955126 0.575355560341458 -0.299995722655295 0.76089982624073 0.299636248972888 0.19125815878333 0.615707507389849 -0.567645725389711 0.242744329879279 -0.013365337524435
-108.319781764272 3.24708609249831 -67.4916628005456 0.620244447791629 0.585868582198619 -0.521588755031871 0.756565799848417 -0.271223195995708 0.59501778835054 0.616836153987167 -0.0309259120649374 0.472638200851245 0.553250938679091 0.194384528901779 -0.00343483166145636
-107.882467709235 2.98310106049792 -67.5326454590045 0.325375846317048 0.945418504824861 0.0177315923737939 0.773776722554312 -0.276988203700546 0.569690370853719 0.153551999252113 -0.402322215651056 0.112303640809667 0.0517499801272357 -0.136811639961298 0.641912912183405
-107.286923807262 2.94419274453945 -67.3881491986238 -0.155797946387699 0.936883505162358 0.313011657380782 0.701286188319185 -0.11825305571925 0.703003482840698 0.0186295956436608 -0.135992065411478 -0.186826193466618 0.383231966658175 -0.0565638899529392 -0.567670561581329
-106.804717252403 3.00418212534163 -67.3239351497894 -0.587548945767962 0.473531180466352 0.656166486078587 0.749066195394895 0.0115558803469707 0.662394366330047 0.390542033470067 -0.331839674653669 0.285596914824217 0.403770628896641 0.179584382614563 0.0751916145077192
-106.629175447451 3.41581862343385 -67.1485193415276 -0.346233699878527 -0.293273786342762 0.891130019308546 0.849387850921063 0.305311126261479 0.43049436104224 0.00148415209661295 -0.344762371366463 -0.49296593017515 -0.135909590705262 0.283505412146579 0.124429463253303
-106.43776061147 3.75737916843575 -66.798231548929 -0.0629403620142743 -0.839814877207656 0.539211909039995 0.946238187880531 0.121550601116819 0.29976447949068 -0.387449271054681 0.860788182734412 -0.0480159829130509 0.550782671978993 0.284482388581005 0.374936399247752
-106.170669928193 3.74238291178624 -66.471051409831 0.214665061814746 -0.789763354654388 -0.574624011751356 0.963511914737319 0.0749266716854719 0.256964557925033 0.212942072701885 -0.216817468497521 0.814845781327002 0.61349348346201 0.12491807180772 -0.149654714410533
-105.796966117079 3.49112316016072 -66.2216637641478 0.244608467845505 -5.75287877932265e-05 -0.969621933615965 0.966713495282107 0.0774103633423224 0.243870157433752 -0.284101415878983 0.58137110657768 -0.478428542511484 0.485568022343909 -0.10712449453071 -0.215833117479987
-105.401897512919 3.17731650474072 -66.2389440305216 0.200205512976084 0.819375451074969 -0.537160704770379 0.931471587529717 0.0108065802034717 0.363653543154358 -0.168583172713143 0.414824754292122 0.249918727697412 -0.290402355468288 -0.400980543582568 0.109387929332938
-104.466763881975 3.29375803373325 -65.9035613389215 0.0227219275915903 0.676477020094949 -0.736113140278126 0.350409680627688 0.684205241973919 0.639590683623771 0.0327904902643785 0.0513150158173506 0.412386583474035 -0.156213485920168 -0.539233791514757 0.581563034325659
-104.215338675882 3.63767105993852 -65.7995891949501 -0.820017201367 0.449314660439617 -0.354525211200356 0.0311070189209822 0.653505275469657 0.756282492397576 -0.336765629130566 -0.164940981182683 0.803587907687938 0.426137690188063 -0.0864286210519779 0.269667645281354
-104.136774492182 4.08791895535592 -65.6663674001852 -0.931931250276708 -0.314965228748096 0.179724927143456 -0.0308320351462564 0.56263289713996 0.826131713871905 0.540258854217376 0.0575377181890659 -0.379917459564686 0.207057047359868 0.216514060199688 -0.23941699039153
-103.147225812026 4.88340887851457 -65.1774736667795 -0.795815935411407 0.449949536821317 0.405243644317032 0.0439148560709691 -0.624581339139112 0.779724076975534 -0.430138400869679 -0.10787851589641 -0.409442343680559 -0.366074370769733 0.314155708760873 0.748760080139053
-103.255563957749 5.2668384501811 -65.3859739542818 -0.756470994196789 -0.653614677419775 0.0232268896028781 0.284848546419982 -0.297289589459211 0.911306866868505 0.316336324932105 0.161509472809582 -0.431435283270349 -0.163299781605129 -0.0697732779926271 -0.279538132367948
-107.475785220076 4.11088596161069 -67.5770002377414 -0.224467377428542 -0.974416409293505 -0.0112719905225486 -0.710411929833104 0.171546884731448 -0.682558829910797 -0.114571362534548 0.106273647354883 0.956452156351019 0.0223497368876789 0.215352050850274 0.317375070260817
-107.585944108785 3.92629743420434 -68.0710897059488 -0.657652661990664 -0.523799312142711 0.541412279852646 -0.642070098152459 0.0138513703479603 -0.76652079462854 0.385678758273833 0.133444868613767 0.40142564190782 -0.1545551579818 0.154130833472211 0.0621650445569571
-107.72257933887 3.57837747811822 -68.4431357924707 -0.805866295553149 0.0967045441560302 0.584147023300752 -0.592093611894478 -0.12801736396072 -0.795636040711435 -0.452452147496679 -0.212690211821057 0.134161400742598 -0.369004768852391 0.0893276887753931 -0.188570347093713
-108.109698067973 3.37837788849625 -68.7317911168612 -0.605764143344922 0.518274105325754 0.603690114534435 -0.745868229051298 -0.105746895236007 -0.657645937446284 -0.247529335475418 0.623041372851278 -0.435552781353569 -0.762775344786019 0.0336339204782262 0.0736553257625513
-108.569604115767 2.9825104051693 -68.9052735298088 -0.378320907427974 0.869759133651974 0.316847503433584 -0.819777730957899 -0.155827918287758 -0.551073617321637 0.0977385330403262 0.104058410345925 0.181613638613209 -0.247644488888133 0.486686401108594 -0.499263709115174
-109.063052537968 2.92066093903485 -69.0464537754156 -0.140966888424341 0.972221689021643 0.18685107375477 -0.914132133503826 -0.0553570982160944 -0.401619265191346 -0.459947628614519 -0.0450695725544705 0.273527087253983 -0.0950937844991322 -0.626517671704685 -0.628855817329388
-109.585884422113 2.8062020494206 -68.9619386370081 0.168329550850575 0.944469877123818 -0.282208811904616 -0.881938819820373 0.0164262713230835 -0.471077589898525 0.651172575915272 -0.0906635479451833 0.0644069797365043 -0.183039461871337 0.0345609629422406 0.187250808923717
-110.104338777908 3.05273158284232 -68.9632012116655 0.428267441195654 0.53872042625088 -0.725511751215517 -0.900727407018166 0.189947420466343 -0.390653447065837 0.258722269427526 -0.00402514643384777 -0.0462193382032687 -0.0637259993975271 -0.251181826183239 0.0542379770602997
-110.51338598158 3.43988374998743 -69.0344656132751 0.458416579388209 -0.14267786853487 -0.877209932441285 -0.885615769092568 0.00931954017867082 -0.464325161611584 -0.48292649788304 -0.0906190465795463 -0.488250716025658 0.297877945988242 -0.310351763420105 -0.377987992958232
-110.772443167534 3.72777581478321 -69.3888724374282 0.339620673814846 -0.744283343470016 -0.575065302857371 -0.783052793670241 0.114958041454563 -0.611238882132049 -0.169840357633176 -0.0876688513867266 0.148435356382596 -0.327939214910722 0.195571260208332 -0.0608776747965807
-110.994013639649 3.91153245418619 -69.8509558619199 0.144853070928469 -0.98101758514751 -0.128926667040834 -0.678477147716461 -0.00363740354746951 -0.734612502835367 0.162804154752969 -0.0120643710512202 -0.309020420841605 -0.0305548879114062 0.179267066798129 -0.00307724488275599
-111.057401959388 3.91559169412254 -70.3865569379052 -0.307017019140511 -0.852229018082107 0.423610966214522 -0.800785485524227 -0.00919663164628004 -0.59888064598846 -0.0784207713081535 0.158232946475338 0.304813692885972 0.278772785842848 0.104080079757048 0.590449402913278
-111.299156293548 3.6616231154906 -70.7579744315337 -0.495836916672688 -0.31731001558395 0.808368793357566 -0.848362535240896 -0.0218950969506141 -0.528962771401711 0.0578704277468617 0.0857576357280901 -0.0715595357971712 0.136754295739507 -0.468460066175963 -0.0224684461728529
-111.577268918848 3.41395415479092 -71.0303405794407 -0.537079614204139 0.156929708031475 0.828805498741225 -0.841724509100311 -0.0354248685411985 -0.538743844019884 -0.261257084291826 0.327310307683149 0.102583998246952 -0.346726060775609 -0.132716912119848 0.328876162356481
-112.316571542196 2.99792824883924 -71.3576240347138 -0.76195829772794 0.512945031940025 -0.395356733509793 0.417484031259819 -0.0776586865613858 -0.905359714171506 0.806392082963484 0.119507354001334 -0.14127873418031 -1.02608180739614 0.159274044472747 -0.156776153063559
-112.273741936573 2.85600488315905 -71.8830367596387 -0.391696733996229 0.918842711648415 0.0479764507559391 0.274562542481424 0.166493281769112 -0.947045615264193 0.518886352641747 -0.226983111078653 0.13952404769006 0.403047538479968 0.179029118096419 0.299667584892623
-112.318364770264 2.95770440332528 -72.4450401579747 -0.0189011595943441 0.92552107745122 0.378224115254511 0.224532773094646 0.372558350767401 -0.900436177127398 0.264046498986988 0.236409651258994 -0.334872155238184 0.421016083455621 0.153380157081833 0.876307912340096
-112.456015798241 3.19115162038528 -72.9270452055049 0.443704337515837 0.700537750137563 0.558903678197085 0.288069987607976 0.479066573323714 -0.829162770849933 0.316354086607085 0.524271496252086 0.156484185001829 0.375001488582847 -0.199483306177807 0.663420602948447
-112.311481297135 3.63531300862101 -73.3018083634128 0.641732892726046 0.153096298727413 0.751492127510016 0.577926308369082 0.547613750257188 -0.60507880695345 0.373858479267563 -0.561134323754118 0.333740413359634 0.319338106565872 -0.137149123776478 -0.163592817707147
-112.053596581272 4.10144442797222 -73.4147792968091 0.623077127007428 -0.675330399332231 0.394593139242845 0.749669663688745 0.371733792325995 -0.547548521126412 -0.348222441474093 -0.308004677929478 0.00386271922149306 -0.150026550621282 -0.145969195425201 0.144368019701333
-111.490012879391 4.37425035266639 -73.4425100187888 0.217016619017811 -0.976167187082477 -0.00118740622430654 0.781889578270887 0.1745537805384 -0.598481131775399 0.382777381262514 0.00820943783274381 -0.00410073558652513 -0.293503839718038 0.160792712556056 -0.0215287586828382
-110.960380934798 4.4314590241547 -73.5162870680133 -0.112269940568802 -0.905166486235513 -0.409962306366474 0.920755825347837 0.0603677968388141 -0.385440578030655 0.386328707600698 0.428430552118029 0.194446202477308 0.0471056917821359 0.178770959029887 0.268687276041183
-110.428423117603 4.33389760810227 -73.491620008201 -0.43918109337813 -0.642705719622546 -0.627733482604709 0.865571743575702 -0.115552650410928 -0.48727111725045 0.125067920963903 -0.122699700873269 0.321212428610194 0.075968474196786 -0.548109034696055 -0.590717902680102
-110.094990569285 3.96769338362085 -73.5437181835656 -0.441161557867746 -0.0167194669445031 -0.89727194277151 0.893094944834283 -0.106308314317612 -0.437126940165392 -0.652958784597818 -0.181626636425337 0.4774814004459 -0.0987224889838105 -0.3274237642974 0.161035531641138
-109.802569295662 3.64100624736293 -73.8666097753659 -0.282019881628377 0.645873766470173 -0.709444757646362 0.835088502762472 -0.198789312930419 -0.512942493481653 -0.0460359138048191 -0.446602665848477 0.388648822904934 0.460593094521597 -0.240155275525896 -0.0634532024570842
-109.589685601643 3.40995465732964 -74.2488460283735 0.0234883905547837 0.941072587763959 -0.337388025971176 0.769953840437874 -0.232288687333108 -0.594317296847261 0.243546384294283 0.05100609458877 0.467024610396136 -0.152849452731226 0.472340435353928 0.11081552864773
-109.332851587713 3.3196727491967 -74.748969400715 -0.0203612521418845 0.993374079048168 0.113107729563469 0.746557638696346 0.0903552583940758 -0.659156748721283 -0.546567511860979 0.0983681216770185 -0.113741701133789 -0.0705543269153575 0.205562092728768 -0.091861717174185
-109.262352488847 3.60678802740263 -75.1962398886037 0.427864085671848 0.685403668346316 0.589197874749918 0.593952521121659 0.278151424885279 -0.754885545951921 0.112609651239722 -0.0628695155038799 -0.699056089807634 -0.409426827046867 -0.468212429620628 -0.213487304157202
-109.263093378159 3.97223633723516 -75.5365104930386 0.805846999083767 -0.0478922142249973 0.590183827196238 0.582207817965078 0.245733085353988 -0.775015682075073 -0.338212586737355 -0.780988914294642 0.302428894049334 0.640963682811741 -0.463354637084348 0.0286437978192439
-109.012287923153 4.36185853705624 -75.7360637025451 0.655239894087601 -0.692759389266561 0.301239289898428 0.610125850353961 0.250183268999444 -0.751767769089878 -0.185196660858937 0.126954007214221 0.252489161009879 -0.551234578950344 -0.749155218849673 -0.0518372058009303
-108.593580529225 4.6024340799725 -75.9608440096388 0.292826092918599 -0.952299894492361 0.0858940641465032 0.806843451520245 0.197892707137307 -0.556634638879856 -0.477958719905531 -0.0912553659121877 -0.157396060317826 0.0889701013230504 -0.50731585997259 0.369605281201957
-108.119502991631 4.5922312078146 -76.017684954482 -0.127665691275651 -0.877959161368867 -0.461399157172958 0.813947167442766 0.173081734933219 -0.554556328649274 0.109725799754396 -0.293904297089935 0.090849061352479 -0.19659433708153 -0.250916903331135 0.178211252518762
-107.708174515974 4.38481832296269 -76.1456781921048 -0.525649023257845 -0.134736975725397 -0.839963720478736 0.810534858707082 0.220492830848805 -0.542601284890891 -0.544975876299387 0.0863118234036731 -0.809032030210706 -0.519302048222018 -0.374177887099626 0.126452988432986
-107.519953629769 4.26241817594306 -76.4649402354248 -0.298819854312711 0.797976856134862 -0.523392426140994 0.805659553142292 -0.0830103160318281 -0.58653386250322 -0.0308480600606238 -0.0289439828906411 -0.228508276486225 -0.179466366341811 -0.0522276821350495 0.163185286698194
-106.945532781332 5.2724137834042 -76.0819289469908 0.722916413829137 0.263415406410155 0.638752050706846 0.59009445778699 0.245517529919078 -0.76909666062916 0.0404725059156332 0.249577605629968 -0.430704606350815 0.211555006072783 -0.306708318505529 -0.0583130580829229
-106.747755480275 5.64620225076886 -76.170182023684 0.763149363298765 -0.642399566860107 0.0701843700156563 0.424770219379051 0.416812451420166 -0.803640243559986 -0.658101365011454 -0.0393727420366733 -0.636873699039555 0.38675486343905 0.00826576765738084 -0.0456575660087099
-106.243894931887 5.70781999298237 -76.3731446037296 -0.190624486959438 -0.798036513166596 -0.571664262154074 0.496023830941144 0.424229475418682 -0.757621086905629 0.36419628008702 0.00158048178133746 0.534999109341798 0.457292806464968 -0.701523266952902 0.245923633235731
-105.813077008086 5.79452250795132 -76.6877371990752 -0.799279451763635 -0.355577761920313 -0.484475812828907 0.298230820784888 0.465206830749219 -0.833451247619147 -0.519248536625305 0.0424825500178878 0.170414414453858 -0.225998324938482 -0.538544686864645 0.172680257146358
-106.091740287339 7.33207101029136 -76.0063093877583 -0.889823638645042 0.445844704437408 0.0971410913789771 -0.10604863429948 -0.409118549760229 0.90629779841157 0.466324003156447 -0.124231840704537 -0.155301937569293 0.614575085210031 0.131547166739075 0.106411136847746
-105.456923847305 6.64172503512896 -76.8925045621644 0.504374450346833 -0.854781030957565 -0.122293920344592 -0.412413450517524 -0.362898832495628 0.835595346567774 0.370929906366901 0.392234090742079 -0.444722197001009 -0.0672963116456066 0.194714238260425 0.0998768695952237
