t = 7000000
b = 105 105 105
E = -0.586897536745569 -0.924735353052226 0.337837816306657
-35.9363881716201 13.7106647606591 38.4582216034045 0.0152046162076515 -0.976707725074777 -0.214034668745461 -0.488940448803964 0.17945824550411 -0.85365799688412 0.216043639412345 -0.450755444974411 0.492572913780945 0.510238409101306 0.0413740477014157 0.166887503616725
-35.8864069682243 13.6064262218149 37.992572815562 -0.802257887048089 -0.585943978458736 0.114245073315798 -0.237983807305229 0.138398819937726 -0.961358140393042 0.137574341612684 -0.236527730451448 -0.398548902228868 0.220560387378385 -0.409419292362237 -0.53480908945612
-35.9068626619783 13.4641777167128 37.5167275879527 -0.951587805212778 -0.177792269430155 0.250740020542041 -0.258014165560625 0.0186627140680762 -0.965960865394432 -0.707818134765746 -0.616018000628382 -0.711746982408226 -0.611385854545287 0.217271706724847 -0.133089663454569
-36.1167550728274 13.1122320988803 37.1964919895625 -0.87016174794263 0.467758180864497 0.154986504742283 -0.290239309103846 -0.232337745150328 -0.928321235149247 0.264322166435728 0.237163743416094 -0.0419540170517003 0.472654917644473 0.0112236795465995 0.389446913065278
-36.4411225569678 12.8099113578494 36.9723870032638 -0.401970734487568 0.903640725720493 -0.147827492147556 -0.514492419321698 -0.356448486339311 -0.779898728711833 -0.481970528420324 -0.26716298081516 0.49869911513308 -0.611529555787888 0.586799398177798 0.185865664228245
-36.794916278722 12.592684469614 36.6756402790818 -0.0360110987372866 0.985760987078967 -0.16425126215946 -0.693751705368247 -0.142960556811485 -0.705883028903948 0.233907927720218 0.0569139858069184 -0.276368213876511 -0.348929331170947 -0.0895312280310531 0.101071407694251
-37.3159973970063 12.8039845260319 36.5885693552853 0.515575709168162 0.595959309616297 -0.615641283051374 -0.582622940170134 -0.283002682552196 -0.761879249786988 0.415983202361677 -0.0830058313497611 -0.124105672494146 -0.683590062960983 -0.144874467208304 -0.230127521016084
-38.3390582373281 11.6159432702869 36.8886075486417 -0.674152838414636 -0.0259487768772999 0.738135903093792 -0.427672387315489 0.828512008730724 -0.361475006766626 -0.0808252971924624 0.235544602085763 0.053661635358892 -0.643900437302373 -0.228778798814645 0.633320920350206
-38.4093047860285 10.8139265639584 36.7206403691346 -0.109577213820362 -0.808716955924782 0.577901132903134 -0.664847974260632 0.491832204948365 0.562208371778132 0.185893412973294 -0.135459853015672 0.244658875217268 -0.168300732480165 0.206866921194687 0.249401182308337
-38.8881946784542 10.8032471583242 36.8832014000883 0.478759717472157 -0.349192609514151 0.805514527731572 -0.60782599704223 0.530218523070156 0.591114096527462 -0.248864146888249 -0.263230640506917 -0.0716027599896685 0.330473532891908 -0.0383295804740124 -0.149447122893355
-39.1355433028383 10.8223988832258 37.2937743283539 0.88825599277412 0.400622560056056 0.224728404245602 -0.450579177931383 0.664764810072874 0.595874275080862 0.126747035415151 -0.156058197406979 0.0648377870688384 -0.369313750521762 0.323261428250547 -0.207675369340434
-39.3115694329826 10.9976119605665 37.7811234358819 0.763047238613273 0.538765274629895 -0.357058665344077 -0.365260773095446 0.815200843487841 0.449479868753217 -0.313194325760958 0.173065092404029 0.000488317871149337 -0.331631583040554 0.258697852628422 -0.227319896173771
-40.7165588880621 11.1038531921797 37.6522113184037 -0.880847596918382 -0.120463542401801 -0.457816607338552 -0.439704943427641 0.566516628602469 0.696935055971736 0.0731256463503149 -0.124027659068286 0.164378836002788 0.424493979480742 0.477718320092833 0.153217844610592
-40.9147720765487 11.5066891150367 37.8421262368479 -0.739284189405116 -0.671716288519678 0.0474985792781868 -0.488368359786814 0.583383341163092 0.648968583532754 -0.146517141973698 -0.19259836366722 0.468242562443437 -0.250562531473086 0.264527615025095 0.0301505738735064
-41.2269314102673 11.7727082598965 37.8379237222456 -0.0335560838105131 -0.440670702866011 0.897041426510085 -0.266092796775911 0.869090047084091 0.416985747433999 -0.127315513529171 -0.334917872000348 -0.799229000384373 -0.227482474355214 -0.13231520308546 0.70768940608051
-41.6296077043463 11.9498636559349 38.0629884380651 0.770223639262374 0.0413747677550719 0.63643041576816 -0.273203443191363 0.923104287603084 0.270625853971534 -0.114981101348566 -0.0927599268150879 0.00548667529914246 0.263564450990798 0.203023427156476 0.230665729354739
-41.8248320197412 12.2461023120528 38.4544483343058 0.860401373815545 0.477061372072023 -0.179225899949859 -0.421810761700624 0.86401719157001 0.274863555213661 0.0392142315652898 0.43389361707665 -0.0843202213419517 -0.139443810909862 -0.776244163694881 0.485652207887704
-42.5968652193972 11.7255645395896 39.1086449603048 -0.234854198895385 0.714501578123865 0.659037935266104 -0.965122353860021 -0.252094644461488 -0.0706196312187306 0.170790291772914 0.161817379980488 0.159276515654481 0.494543267557823 -0.483006099386976 0.240342881880238
-42.9795949805491 11.5929770704168 39.3573885009229 -0.286084958441175 0.939133973262151 -0.190217709003424 -0.862382672922735 -0.338882882464975 -0.37610439696344 0.199245130067192 0.0211730858628836 -0.312708296722391 -0.0718328456378008 0.495319455341357 -0.283962483452401
-43.384148928309 11.6564941175442 39.37961547551 0.0883000476401141 0.459121574188318 -0.883974253981462 -0.874071965636956 -0.389882811609308 -0.289809579032682 -0.467426832611334 0.0525244610546684 0.246633981235857 -0.041453356353255 0.251451421451329 0.317896930770193
-43.8750185470956 11.5925880325099 39.3054088059579 0.458808104075218 0.0998273800834968 -0.882909745002959 -0.835694075470817 -0.289078352739792 -0.466957298047968 -0.461608609168449 0.242505842311266 0.0716305888221514 0.204634185725409 -0.0918582432399174 0.22440675255011
-44.345060470456 11.6418520683646 38.9745679739158 0.792711557199144 -0.193331856944142 -0.578127304469848 -0.602391236270789 -0.393820989776397 -0.694283678675974 0.0540293277403044 -0.289497630487587 -0.524740325543153 -0.597356298951679 0.116844103012275 -0.16312287196178
-44.5958002798117 11.7547445680651 38.6479707127904 0.560647395199663 -0.827139065264437 -0.0389289733949549 -0.688679160502843 -0.439661720738879 -0.57655752983238 -0.3300832164297 -0.170211284857456 -0.394657360008976 0.102214422094569 0.479468743273217 -0.471749051404321
-45.06464288821 11.4680927558805 38.3606550656939 0.822172892280578 -0.513653256040665 0.245340717692571 -0.255162419239359 -0.71782675279657 -0.647778428768023 -0.314294975713671 0.182062558702494 0.069157526519394 -0.483916317640988 -0.0277615611159276 -0.106621057189052
-44.9280463882504 11.2501962684924 37.918711776543 0.352018731486588 -0.685544819361162 0.637268478217492 -0.0697353865276743 -0.698164454650517 -0.712533065989298 0.0689224191902389 -0.360707521251941 -0.36875247112005 -0.038710735494731 0.0472174144242843 -0.178842857795756
-44.8670380938976 10.7902143837314 37.5846813415299 0.315756221609447 -0.420667198496404 0.85049227899162 0.0689564200215765 -0.883805289464534 -0.46274531056764 -0.389584662423321 0.0897698396804676 0.154878632088686 0.15858433983416 0.531485326240735 -0.344002452624626
-32.8154971724158 14.0119101712525 28.2372989983413 -0.273060543380618 0.128032954841634 0.95343877733317 -0.165548843005933 -0.982572035528194 0.0845326894002793 0.654967023619294 -0.101963373953114 -0.498805372054211 -0.014779652427323 -0.70372364808839 -0.724963270387128
-33.5777799022598 14.6100869806201 28.1863888139971 -0.745644426969918 -0.452100050858764 0.489509890137467 0.515242647333999 -0.857018310267352 -0.00668058644545009 0.553156736551943 0.643458901319384 0.234695296338679 -0.639530237538229 0.258763897603223 0.0785369438150008
-32.8824927743857 14.8326019157731 28.8034148899349 0.638264472646089 -0.40909462561793 0.65211965945554 0.765831103304901 0.251335498003539 -0.591889507132926 0.437762413635494 -0.0196453899383502 -0.153500391029445 -0.0557585239618173 0.665217184553332 0.124622816078562
-33.3741912861731 14.8575954578253 29.1918232759459 0.232112373242247 -0.768062838293024 0.596827716029643 -0.0347498513446754 0.606645801302163 0.794212389473805 -0.127121013995488 -0.182307452467851 -0.05789086603904 0.111103963431079 0.0160421807556946 0.0430865384228671
-33.7876413921392 15.0051320477315 29.738511281167 0.251982691179682 -0.92586545442429 0.281563285336573 0.199463098894256 0.334394719340046 0.921083407655141 0.1133524924404 0.0293808509580238 -0.123485668732851 -0.178142254865504 -0.12675591313624 0.838391637996123
-33.9144777550483 15.0909457241892 30.2022326614685 0.745925179505717 -0.664845546234007 0.0396991968614884 0.0182271891372363 0.0799608023697232 0.996631345914968 -0.431950725010131 -0.0252525938382125 0.538961131692519 -0.348234689236182 -0.4157887433096 -0.0317737382449594
-33.9915400631723 14.861012935798 30.6449308297874 0.996188057207419 0.0695551991137706 0.0526443629777531 -0.0584059269868456 0.0835782147827195 0.99478813307469 -0.301193032897467 -0.816865283508885 -0.039705736238045 -0.0853083669263506 -0.370850889169641 -0.0171182531515558
-33.7671619366182 14.6587681826695 31.0988941889087 0.636032948029721 0.769074060046465 -0.0631441144040574 0.0328127024722218 0.0547999474988318 0.997958061398763 0.262156600282742 -0.00336117968387018 0.998633797309367 -0.306790308486604 0.0801493423386473 0.495904554172787
-33.5129753859553 14.5179751744002 31.4842678821184 -0.10049476011671 0.992809742646335 0.0650355141132212 0.0253761413698767 -0.0627874982231151 0.99770425553667 -0.325529932097398 -0.0434828468206167 0.30176021718473 0.484563770352148 0.28644913774308 0.0464412123114794
-33.2718453666144 14.6721476478916 31.8416350312894 -0.926247473180774 0.374962300683118 0.0383261202391328 -0.0863084286658666 -0.309979971224066 0.946817444168162 0.135785116209139 0.256302791253659 -0.520311104145518 0.595690833812107 -0.00348910605750375 0.149743463296509
-33.4373315551365 14.9157796490727 32.3165865228296 -0.827215950354329 -0.478399400006803 -0.29469948346182 -0.0341404003164113 -0.480721220195732 0.876208617579232 -0.10099655992131 0.289780513072046 0.380777896346494 0.0669348481877824 0.650318213132416 0.181666837506827
-33.6391367839151 14.8322282955962 32.7000457652244 -0.249023279182527 -0.820220875472115 -0.515000118315193 -0.332554938718976 -0.427004409399408 0.840877189063391 0.126281692555515 0.269186789452167 -0.585042881637127 -0.0612973579835022 -0.285764654846272 -0.141792299308458
-34.0992306065279 14.6795009756519 32.9738485736188 0.368630258762771 -0.899803697457323 -0.233377458994648 -0.435219730847527 -0.388903468537997 0.811996230311708 0.0666783528881971 -0.718007669949176 0.0463878995588758 0.124952119686773 -0.264699754336598 -0.348591910589527
-34.5218284205687 14.398959456111 33.1654681381561 0.83873767602475 -0.423892656128572 0.341810074305677 -0.517298332178455 -0.424216026773279 0.743265227327255 0.119229253032779 0.236611924694052 0.449844769060395 -0.262179780476888 -0.401929765563594 -0.0215363640126425
-34.7889305889718 13.9730624780383 33.3532253121474 0.641470503184863 0.405483977104623 0.651228330046556 -0.674103790511561 -0.107285018645429 0.730803670209611 0.116674413362686 -0.31198438757053 0.423836083907276 -0.067662893854132 -0.00156219648809616 -0.195897314747103
-34.9277927473988 13.77100960807 33.7973100052689 0.0538781746759721 0.997679643058277 0.0416229758768351 -0.903258307333459 0.0309238002194595 0.427981481857597 0.164549295081645 0.333813808183205 0.612557060867553 0.350384952804686 -0.0628999490100686 -0.483496802398165
-35.2379827232109 13.890837114083 34.2307622083529 -0.212824195638436 0.733734542977824 -0.645243738591783 -0.949830996908582 -0.00046130414523386 0.312763272315906 -0.220043658962747 0.385819930792874 -0.101202504431667 0.351184853732742 -0.100437086766454 0.237503364383661
-35.5562776097225 14.1895567301431 34.5198770420735 -0.313427234177731 0.200601971436367 -0.92818221160025 -0.934400514025433 0.109099799212694 0.339106050080113 0.00887048653633282 0.413659220061706 -0.00287455259606004 0.103437878106843 0.515447823361597 0.251711314079447
-36.4478871524434 14.1754292078875 35.0873471752761 -0.46700104412218 0.372777898982527 0.801839549298255 0.875800228812492 0.32010126998539 0.361260482430179 -0.422185499352995 0.148678371542318 0.470046726354609 0.00495559306553784 0.18285629084466 0.169544861786137
-36.6791788141024 13.5612989607592 35.9430955711799 -0.620661718594287 -0.591355208819707 0.514857308458953 0.410161523526304 0.314758210853006 0.855975930338655 0.517037153531655 0.0307698990594837 -0.353194019705707 0.0769634886779771 0.187325099815721 0.322275536473425
-36.8275345924205 13.8248397744874 36.3795457936404 0.0202072434243415 -0.94802538699257 0.317552409738977 0.326342694847517 0.306475187337622 0.894188685382325 0.370525648411797 -0.501048475124585 0.623742990747785 0.241008442599251 0.59709494431582 -0.0746462977434985
-37.00441581054 13.8739443495448 36.9042554485918 0.484417158568526 -0.874526423707055 -0.0233141742847804 0.288786189349655 0.134694787081209 0.947871220775211 0.284773585709772 -0.621646852707956 -0.482579955200075 0.399480354626981 -0.333795270141362 0.620473642151799
-37.1782251931282 13.6547259342517 37.323164188109 0.911389029582791 -0.406977627676225 -0.0611493853386179 0.0600771931302166 -0.015425785400248 0.998074534296091 -0.0702651360463679 0.317435162030802 0.0804404402060028 -0.023680171619606 0.387843994483036 0.231868592592339
-37.0683813693792 13.3782328331015 37.761402847738 0.981985429141543 -0.0451734684710811 -0.183477450113457 0.160702460661553 -0.311108295968867 0.936689034480874 0.271443885177822 0.106372457013665 -0.291258859437447 0.0865361302406648 -0.245746601949048 -0.116536076754577
-36.8706721390409 13.0139513314731 38.042554743944 0.827966206367885 0.558968751736466 -0.0450099510683849 0.300613734669095 -0.374655664346358 0.877077257544381 -0.208285240548775 -0.495479394822926 0.0899635083302992 -0.0223148247378869 0.485570642491368 0.0284666867901634
-36.5244227821728 12.7937800051885 38.286186418701 0.325754863916934 0.891616969569588 0.314488391216092 0.369523153799454 -0.426242480782753 0.825693639543344 0.212412538524208 -0.287984706937105 -0.0109877704129927 0.180181819602054 0.523936857428108 -0.339995263590547
