t = 1000000
b = 105 105 105
E = -0.10905562742654 -0.431475536538424 0.322419909111884
-21.3929304983012 3.31518831842232 -1.86186093416239 0.877504884531091 -0.462676419261934 -0.126157475731452 0.223344729511165 0.161483667238207 0.961270074960713 0.126684336006581 0.388419084072082 0.0510654747023691 0.113200234098935 0.4999922202175 0.594165573278782
-21.9253972084453 3.91593724831077 -0.953253585407291 -0.209540536503697 -0.863951072250259 0.457909716340952 0.97020623437095 -0.241955984219544 -0.0125365261528571 0.242234900694477 0.115328469465095 -0.43069604832367 0.284750173226416 0.325169019565312 0.181165884519521
-21.6067771749775 3.7160971788598 -0.543039281043979 0.0678484701280976 -0.790794300895656 -0.608309920001431 0.988002290315198 -0.0315300114900196 0.151186417072129 -0.167526066611174 0.334212047510342 0.35485220869798 0.444406007151325 -0.124586666167003 -0.13243234065436
-20.6081678878598 4.68784519037459 -1.07137958949868 0.947214006522763 0.133967562175372 0.291270180642854 0.261573473016985 -0.848247518202326 -0.460494805700573 0.204762071532503 0.227768844826203 0.778338266774905 0.0875485983448135 0.479040323292495 -0.243293847557004
-20.267345726913 4.52873713040502 -1.34305908921876 0.204247480760896 -0.545909762733912 0.812567226483192 0.122822487568711 -0.809215238443142 -0.57453053393067 0.293091493910087 0.170978233559996 0.544833798040336 0.20696830545901 -0.231565890292522 -0.381467474417202
-19.9600563942058 4.11133203922441 -1.42216751593151 -0.678792021772231 -0.293623386440648 0.673072580123118 0.0136078117583498 -0.921452014154377 -0.388253799813871 0.132127794800361 -0.297642291295666 -0.338505595696399 0.748276950070465 0.608888829438573 0.134255146828695
-19.1936971286404 3.54313918760942 -1.45733087083335 0.198121571969752 -0.952153760055764 0.232703803002389 0.510151013484499 -0.102552005391321 -0.85394907906199 0.144831068681484 -0.629092958171285 0.424993691137879 -0.132185500353801 -0.287693822278421 0.123809493363264
-18.7890507424795 3.27857081424163 -2.36976135919941 0.630888075442451 0.596533909164191 -0.496112418189472 0.775607953536074 -0.468155715824379 0.423394057767335 -0.251892954977899 0.239468521508749 -0.124425805925247 0.160197819127416 0.340673181408621 0.212854272863801
-19.6964321298013 3.41993387745961 -2.42823473045172 0.0303886588952637 0.873762159507222 -0.485403149993845 -0.782181013560682 -0.281562284093674 -0.555801711225603 -0.0448922994394089 0.436989881013829 0.0850690218067302 1.14681096809237 0.107924873297356 -0.187164178467736
-20.1946206982855 3.50825395552701 -2.47566023126872 0.173733049670212 0.58270440767313 -0.793896971105607 -0.943836803624173 -0.131545611780296 -0.303097080398252 -0.281990856442007 -0.140909662140312 -0.0699018810300936 -0.0969591060169849 -0.00135691551306051 0.0211201226694535
-19.6415170827784 1.98315467552747 -1.94295325957878 0.972347875398402 -0.0873079002667286 -0.216603185016456 0.228003176923889 0.154184788759967 0.96137485000785 0.535505775556991 -0.421075662451616 0.157294672244449 -0.219414076807242 0.127534942945654 0.312981757409929
-19.3548961106884 2.00255465128501 -1.44098393003982 0.682632519671739 0.437235711676248 -0.585523505524376 0.588793991186283 0.145481639376311 0.795082843826516 0.398404391600565 -0.148417417660734 0.616229173228203 -0.147070962047194 0.128667067245501 -0.241887075312855
-18.5885449041772 1.80817867891329 -0.995533989831731 0.517250699291057 -0.829092291692487 0.212267957871406 -0.099990778403525 -0.304870427674388 -0.947130332406164 0.200854842181029 0.746995963930348 -0.0623074612419027 0.146542803263024 -0.0406752367755466 -0.032310491677253
-18.4367757210401 1.89597932532992 -0.774727461462659 -0.528140179674248 -0.0961970532157098 0.843690747588356 -0.80721475479477 -0.251523634743397 -0.533985206543128 -0.512936781854444 0.508249940441859 0.23810954227008 0.709974628879269 -0.251295424038559 0.0201812230587991
-18.3984061199551 2.31539042125746 0.0854262699379956 0.721189377256859 -0.206053969891353 0.661383129225279 0.185660005867157 0.977302514500677 0.102030178731441 0.280035158844831 0.617191113477805 -0.396252890850239 0.349198092999209 -0.13158731015201 -0.464773901241878
-18.3744672967116 2.65587021863993 0.399701444345942 0.96088126314575 -0.195976826830456 -0.195704577056616 0.21026790106359 0.976099566698644 0.0549276403366963 -0.395121681718787 0.142377362822081 -0.0960367886523278 0.508653978964605 0.284135077501457 0.180478801861732
-18.1019806466641 3.14119637747923 0.610559442854296 0.530983540632407 -0.414017622102692 -0.739355048786438 0.410682839389725 0.888930571844491 -0.202835016382811 0.478204515685353 -0.0520077923531529 0.0126974758238036 0.400349007594911 0.493815518103733 -0.326966530070943
-17.6737089554687 3.26778716425484 0.409380965080002 -0.451174715807374 0.182153147561133 -0.873648445686092 0.315866323906643 0.948173712145056 0.0345698860101309 0.15026474098535 -0.221468734460653 -0.129948666469725 -0.328904412578265 -0.0263776591771375 0.0132157369997375
-17.2561784948425 3.35993327492004 -0.161890004956118 -0.177634874368182 0.823514827674621 -0.538766350107517 0.883758127616475 0.374333588985787 0.280795185195315 0.532773391826108 0.0306620737429343 0.142062749815093 -0.63022905596074 0.0351915132599202 0.0779737610781422
-16.8498083836159 3.56621208370642 -0.425816385347371 -0.397972934788056 0.899217382611984 0.181729584780872 0.917139633143057 0.394670273339601 0.0555901849289834 0.317182283865664 0.295431543860948 0.473912108248607 0.413051094960363 -0.103023168620843 0.313146850459411
-16.514067843223 3.81157434209251 -0.684348555039155 -0.301592271058623 0.693211013274819 0.654599566996688 0.908551133293493 0.417132224197214 -0.0231418609272365 0.012013007676778 -0.188701141245047 -0.184382387415445 -0.105764052444509 0.141658030992576 -0.0909366256475951
-16.1102866489025 3.92537130364035 -0.962092975447967 -0.378271751459044 -0.617511475927151 -0.689630378642338 -0.61332107695329 -0.390820314265065 0.686364872733538 -0.393992713825586 -0.632659289448683 0.0173340102129818 -0.353605896933027 -0.718195992062905 -0.612240053009025
-14.7218420256182 4.47881469495855 -1.04223700315757 0.985450929824118 0.140291489370034 -0.0959414556860514 -0.109840424916557 0.0949259371205397 -0.98940595688323 -0.685800677800432 -0.711789753652165 0.0641049089693306 -0.295862866064741 0.464916488130968 0.235886185478688
-14.7532403071838 4.77767208896533 -1.47104925790353 0.734525343261993 -0.674820051780659 -0.0713471640678752 -0.18812979425473 -0.101490813959442 -0.976886275466889 0.0644915057556613 -0.173627023781629 0.0916023211776743 -0.708509525863059 0.178053338464337 -0.396407033789761
-14.6183135381872 4.78042172307714 -2.04089972082648 0.848977565448821 -0.513817389523207 0.123404957713308 0.181804511351841 0.0647366726632387 -0.981201448666231 0.306152818713057 -0.245857172994381 0.383593909694246 0.226695817967218 0.179286811834458 -0.0792067960871105
-14.2486714237794 4.98899192389799 -2.21770888555193 0.185655027052256 -0.889493756526646 -0.41753211616642 -0.136368634720883 0.397483725776057 -0.907419573961005 -0.282312442198365 0.295076496481646 -0.113969606199279 0.136213869668247 -0.249757747418378 0.271778158432613
25.5945387052833 21.2616416303708 0.385282187839976 -0.474784394612828 0.645122800132294 0.598662134581379 -0.111997149499859 -0.718976140339923 0.685951855545262 -0.366891508555344 -0.0735771235874764 0.591496213455274 0.394205644419804 -0.0687012642313319 0.334493665777508
25.6943098259835 21.1220332200837 0.82305176660117 -0.953856428642417 0.243899814098542 0.17513079175339 -0.0221286316189999 -0.638772947040936 0.769077009012364 -0.317217994551916 -0.324993593880293 -0.430121357396975 0.493390471212141 -0.11564650952101 0.484211058410724
26.606575780488 21.3812046097264 0.508491029995368 -0.710894826145589 0.60062057095767 0.365900909949608 0.355942810951065 -0.141452782510943 0.923740128852358 -0.306762088390867 -0.324650102066313 -0.177863527315997 -0.106778574730433 0.140215312177044 -0.126523497723665
26.7769800246597 21.5296256587707 -0.0549140940167354 0.54714141602935 0.730565460760841 -0.408546666133561 -0.351300677386515 0.643439774166088 0.680127260951071 -0.285758826065893 -0.126539916414442 -0.516487157941132 -0.263697887120248 0.273397439939261 0.266503842557915
25.8162826114804 21.6399162214313 -1.09050439330185 0.351023191249758 -0.576582353050808 -0.737790965894204 -0.919821141330025 -0.359795309944077 -0.156449362109723 0.449432230348756 -0.386917531561431 0.306307618772096 0.411302608389703 -0.208780203388769 -0.605993866994346
25.4776140684383 21.6317815478098 -1.39386298471383 0.330270408453861 -0.913510947745008 -0.237527273485795 -0.899998579154396 -0.228937027462199 -0.37093179289014 -0.44648474763235 0.00557928049754053 0.0711612473512608 0.102724091261722 0.331486391223816 0.200781668450978
24.4530873307685 22.2270140585853 -1.23382192486872 -0.926581858400445 -0.2732904615383 -0.258376437229682 -0.277658209998998 0.960467980773408 -0.0201786106860674 0.0727833626545639 -0.0218362788386288 -0.0183579421800451 0.0118558976664663 -0.480017881900756 0.0622574026161786
24.2641240656903 22.5031187027746 -1.55302376238853 -0.739156867633523 0.0727059130122028 0.669597621891894 -0.155622739716329 0.948819862620971 -0.274813447958934 -0.083278430334511 0.1019373228504 0.212950041001244 -0.482849349667451 -0.170868392738288 0.111187636323895
23.9768431924679 22.890484917921 -1.88329373424513 -0.258779385939586 0.20154689594456 0.944675647059814 -0.450483653340124 0.839937644597811 -0.302604083351252 0.379283975342595 0.421610127851495 0.213807686996782 0.315725058636385 0.0973612684311582 0.442247271583547
23.7232630554592 22.6087267316309 -2.95834838579558 -0.44964019970992 0.258879094230161 -0.854871513957173 0.0878773177015117 -0.939613593807982 -0.330762560403736 -0.0262881691610072 -0.241866796955205 0.122903422126594 0.174207988382562 -0.316123466654223 0.408809252488017
23.5782715079885 22.0817203769297 -3.20788305492447 0.295839230780326 0.601259749881984 -0.742270747573272 0.275431570155644 -0.797742766966706 -0.53641768046338 -0.0706369119129739 0.188316937084537 -0.351432298381155 -0.0722752794525354 -0.305840286286982 -0.1132913984576
23.8576804377344 21.6551518529274 -3.36628547899703 0.804095417987814 0.152843674772353 -0.574516640188071 -0.555489541465645 -0.151136071890642 -0.81767307470387 -0.136789627560573 -0.118839965205712 -0.304501581771005 0.266164161621672 0.102023580607314 -0.348129574799275
24.0791813961115 20.480430844227 -4.04005793158103 0.770086744768257 0.029616170635918 -0.637251353838534 0.409563829908534 -0.788821541226371 0.458277258139584 -0.163091663045875 0.401957550462522 0.273693136446781 0.445455170561303 0.296885620404629 -0.111443839730295
22.9585401933489 21.0420613047775 -3.41510797326873 -0.55817946628524 0.819793806782671 -0.127960141365656 -0.74078810510287 -0.56185404489807 -0.368175251163982 -0.0367488565379368 0.971772310693441 0.052399402443101 -0.492974480779361 0.0693527578618448 -0.325525026106171
22.4964028081128 20.9321793712451 -3.41843121887277 0.441081656290304 0.241789798360735 0.864282746497306 -0.316404453024034 0.943085668805496 -0.102360360493465 0.752147123649181 0.0145135999363633 0.273865604820215 -0.382441961038286 0.473338686536027 -0.521551422464916
22.0700536102131 20.1185749654658 -3.92467967871498 -0.740795409992501 0.608060302118536 0.285455477301861 -0.169315044493455 0.242209675464741 -0.955336008333945 0.333425428114439 0.20243320525882 -0.399867529362643 -0.145649585610823 0.256526898103582 0.618537318240132
21.7237023565127 20.1592999443275 -4.27574173939345 0.237234242008051 0.932455097908394 0.27248376979808 -0.0807486108090665 0.298448107316258 -0.951003884898348 -0.183349405523785 -0.0780655883122477 -0.134663113319895 0.363452242710641 -0.142314097204985 -0.038360889929996
21.1620891511915 18.8092532932448 -4.7524814792305 -0.963310884353773 -0.265505629199961 -0.0392288280302191 0.0030295294982639 0.135398330553599 -0.990786613774255 0.388809710081671 0.377745469877565 0.238453777708976 -0.0408950244374384 0.0402308229892163 0.28642561590583
21.0977658017413 18.5756599696862 -5.19104184651007 -0.876623687995832 0.477247703605467 0.0613639882011249 -0.0899078957997302 -0.0371767428584487 -0.995255977155307 0.136810715460938 0.551609576396108 -0.169000995984158 -0.189009469768383 -0.328582934178673 -0.499521585691345
22.3714936803796 18.4810451214847 -6.11012074188504 0.582308401002815 0.60294998703007 -0.545314807484667 0.624695651255175 0.0974010566744771 0.774769886780263 0.270937112255086 -0.11599883327724 -0.0935354565199578 -0.000386551586294587 0.203924665586558 0.189714154361182
22.7573238282799 18.3077948720185 -5.99431833698572 0.00683252689235877 0.981957872180496 0.188976331425069 0.379703966203507 -0.177374567287239 0.907944470179197 0.062135476821116 -0.135727877693065 -0.37703291176146 -0.386258772365477 -0.214815356966544 -0.207724231966627
23.1793624135957 18.3036093549693 -5.61370043850447 -0.527538917183004 0.848044636852657 0.0502293217435636 0.449468197098495 0.228448313789199 0.863591169317815 0.145441348370582 0.519913163885726 0.178474397724178 0.0839615204936103 0.147592336341976 0.559259958458836
23.5920598056903 18.5688483776102 -5.36857238627402 -0.907467941378383 0.249593324560501 0.33794246212244 0.40492151533719 0.305206916894445 0.861909104428553 0.0835362102255539 -0.121182155937242 0.390926640687047 0.12714755707567 0.179880640509148 0.269179319534527
24.8879051554812 17.8187137916162 -4.8522186443107 0.591354114174129 -0.388511210327924 0.706653628801907 0.35570858678105 -0.660766495909964 -0.660953129331529 -0.211407760158596 0.0961994489739585 0.228523309231033 -0.368342396962477 0.118502281521835 -0.494245502553771
25.3283268505155 17.6703696923918 -5.13310202071921 -0.124694567896153 -0.84756258106579 0.515838090794275 0.103756898554864 -0.528184198867925 -0.842766846802113 -0.0150438869795658 0.529246235507615 0.208842579605585 0.399875516678615 -0.0380580501327238 0.6961775363366
24.242529853603 18.4912343713079 -6.05512398097018 -0.198431440003642 0.465657316083024 -0.862431578501328 -0.598719971840942 -0.754258987777396 -0.269495407522585 0.465891632167325 -0.0892105242639019 -0.0371503716808111 -0.345639337038644 -0.0194517255329345 0.130011215120086
