t = 7000000
b = 105 105 105
E = -0.294286533662725 -0.635498986227781 0.341212452565056
57.7119506860964 75.5195674300205 -54.160019036256 0.292061525068685 0.930992818289194 0.218980450881098 -0.832129027068623 0.134496981179894 0.538025877038372 -0.102233197722748 0.373505960196144 0.369867090459999 0.00782772440708914 -0.0506938872587282 -0.582187006465679
57.2864464516013 75.9319471948133 -54.2996645930215 0.0073242545027098 0.695636366571149 0.718356736447523 -0.731631446750189 -0.485974198961244 0.478063284586867 0.664963646290016 -0.229710510442394 -0.248485362395352 0.339727015941188 -0.125960243794307 -0.158799857959492
57.5069561369881 75.2445185611953 -55.4729072812734 0.182470487827981 -0.94894093152216 0.25732397780542 -0.482033766244229 -0.314447084143833 -0.817781437472191 0.111163618031364 0.0446544270535426 0.125882430415724 0.119731469756946 -0.471626095877685 0.116827892494879
57.5308429638039 74.8760648816133 -55.8818233066479 -0.575767249189881 -0.632002341126802 0.518714869239908 -0.285239121897709 -0.43929892513675 -0.851853918059045 0.0766804382886158 -0.528561396407487 0.056044341405432 -0.332103379389929 -0.202901736547424 0.714486479709507
57.8880980339227 74.3842776943825 -56.7678389052581 -0.221174620893879 -0.962396208105262 -0.157719135481954 -0.197177805560089 0.202513861234215 -0.959223148700266 0.416054632602051 -0.180183551241627 0.316039958248999 0.0504952939819756 0.0646602561412217 -0.113519419723744
57.9251527872586 74.4255423537993 -57.3792643584 -0.126934052630008 -0.983460709607049 0.129200537699709 -0.17590367035746 -0.105871137681204 -0.978697706629103 -0.0349231403366786 -0.177309821928072 -0.290690228107359 0.483412577332439 -0.218669308180249 0.203072964649438
58.0079740114668 74.2158130306463 -57.8641118441898 -0.665335281493517 -0.672911038171152 0.323295063227445 -0.227786125464247 -0.229420109497494 -0.946297994505071 0.134390740946479 0.244523234303153 -0.396096512005112 -0.441165172677771 -0.234881983651733 0.564735891988962
57.8824360994059 73.7401271302935 -58.1773099261588 -0.914503155364642 0.209083201993686 0.346364249702176 -0.398014810752163 -0.311352433731713 -0.862927501260036 -0.264772009210405 -0.295361964833907 -0.187549439506764 -0.0650628338632367 0.485261984079882 -0.0224021842413838
57.6343545215985 73.3252459891936 -58.2747321607829 -0.59835540869594 0.748017330421708 -0.287125196165468 -0.149120320668402 -0.456060296075417 -0.877366591743442 -0.457438637543527 0.379745848093119 0.019764488665805 0.00799143353420985 0.0399640700287131 -0.612736202884529
57.8875713414396 73.179408898233 -57.3482329964106 0.142408735037988 0.980388927632197 0.136225191358083 -0.904787977596896 0.0731325656849153 0.419535866681813 -0.152856909909638 -0.218448614923771 -0.0249349731272495 0.447670024316013 0.172603420491533 0.542301758633407
57.5509705059978 72.7092431838219 -56.4384365132478 -0.304713230713248 -0.640113532738785 0.705269106251748 0.938577275533164 -0.327704820740201 0.108084449930582 0.192838268522651 -0.281309663478992 0.623284421570714 -0.551665539806304 0.218631453774296 0.1548495122302
58.0067359706486 72.6675614853295 -56.2484657250168 -0.249609636468729 -0.964410256245257 0.0872232023651681 0.967711409342121 -0.245170092405851 0.0585342123791086 -0.341576357004137 -0.0138581757450172 0.656026791135487 0.340655838587556 0.410133774573005 0.458507168942195
58.2665192838938 72.3879749608672 -55.9314810071936 0.0848502515933954 -0.567490270960278 -0.818996475676127 0.98797098589205 -0.0587316491004248 0.143052173802047 0.150093528845392 0.185116865416749 -0.0999988339914013 0.664913890249186 -0.229303036498485 -0.155594506347037
58.6763489721967 72.0089856259673 -55.8165808594392 -0.002964834358933 0.198378590472991 -0.980120984674545 0.981626104975713 -0.186423047189421 -0.0407018120828617 -0.299437622774487 -0.203355015305915 0.364095083617511 -0.471140518599207 -0.430243037417813 0.707412483043984
59.1268700267625 71.5307986469256 -54.8801350873257 0.097467814237154 -0.950466158915522 0.295150988384719 -0.762162528427113 -0.261994114350822 -0.592002841468722 -0.553409890316262 -0.175669680015939 0.103449571206693 0.445206648104766 0.0820482799642272 -0.5238435655531
59.8048184516177 71.6304172321815 -54.9484183909242 0.80756485592957 0.111655226893958 -0.57911321326181 0.465225614833605 -0.724115746746611 0.5091380094002 0.302511464426907 0.238053719402015 0.144830738319865 0.172377247851631 -0.0252223468722702 -0.236230371802768
59.617509198469 72.1581659462645 -53.8305460740143 0.157481467336579 0.454057960904747 -0.876944100604032 -0.8793519982668 0.468578094978316 0.0847031997668335 -0.230777968242667 -0.180918722313796 -0.650027257703168 -0.0789462234450512 -0.866538341138024 0.394338508840482
59.9944889356661 71.144273603318 -53.0808070632215 0.650285599254162 -0.24563746069414 -0.718881685193354 0.598284298966915 0.748752565943349 0.285351524619822 -0.00567204208715428 0.109352996475945 0.414958420877726 -0.12105372674594 -0.134550760757655 0.273719409613129
60.439092177239 71.3181035728521 -52.9260645292612 0.0626189083947993 0.190491343055894 -0.979689706250076 0.557322695036317 0.807634693760666 0.192659323759079 0.169679274201937 -0.169602561737991 -0.0373847428173585 0.251701581312256 0.225676646262134 0.0194768648738621
60.8312622143391 71.5220044657216 -53.106933066645 -0.701327899389526 0.67759500304894 -0.221368898856149 0.633800620611585 0.734863473143443 0.241396870634339 -0.724689893140395 0.221699568439043 -0.180353184285985 -0.158536401985312 0.277539147968315 0.372292207531243
61.1275583992987 71.823802583966 -53.1232826492433 -0.832054204119033 0.450611576905307 0.323473350010278 0.520222182439882 0.836294358541944 0.173149146024164 -0.435722182034421 -0.0860784454016975 -0.238751038066594 0.43476073866419 0.0947946540296858 -0.171395083426176
61.481980413009 72.1922069730275 -53.3379896767554 -0.620084869540625 0.224567911534919 0.751707394985474 0.460980220990651 0.879598545625974 0.117488869209651 -0.601370747764192 0.355689505173046 0.273849992613994 -0.0931765823161162 -0.0448043470689635 -0.360876198784762
61.4614293457168 72.6931473768317 -53.2794283505833 -0.0856532282236134 -0.35978345390961 0.929096007303669 0.442697303790484 0.821669688116883 0.358995850737458 -0.159784043595665 0.596436135444562 -0.420360126003024 0.452935062841795 0.32243119810992 -0.295793365176604
61.8282880513288 73.1247653188031 -53.0313991178528 -0.148540307080893 -0.657022108544795 0.739092501690934 0.407852384493959 0.640157220445727 0.651041600493747 0.244759548626027 0.464679850268082 0.156768652288963 -0.0511606822164311 -0.232562452373821 0.12650542506923
61.6120355970148 73.2799460858896 -52.6230761964694 0.745941565619739 -0.496163204869 0.444289606917258 0.232225888749443 0.818989958883146 0.524715717167839 -0.124346407716786 -0.0336131076110719 -0.334374032826249 -0.331847670650037 0.354733332972442 -0.449861358873404
61.6662166115415 73.3157121568138 -52.1441678167466 0.574080171350613 -0.684781054320465 0.44889515981565 -0.366378654650828 0.275457657900176 0.888757424790295 0.379995046772767 0.249712725621171 -0.567135135582689 -0.217545182287003 -0.0146534477434492 0.207144824066158
30.1907909773963 93.9673917260968 -58.3606874022281 0.967503097440992 -0.215911283276144 0.13160575289769 -0.00300407242385519 -0.530248621391639 -0.847836879984021 0.191237244191417 -0.387247245707533 0.316047615558489 0.583717498795078 -0.151438009519216 -0.145934410687336
30.2519905270674 93.8508107948222 -58.8877390772634 0.734879852073806 -0.426972800363967 0.526921085899251 0.141419626584583 -0.663389617370798 -0.734788884497608 -0.395222865118922 0.0592237415696387 0.465806560966463 -0.565963486443159 -0.169019949455749 -0.487237733076423
30.5871158767073 93.6033054095835 -59.2488792239465 0.0333997805498755 -0.640761552351877 0.767013094860091 -0.0674236769097321 -0.767137522364329 -0.637929517715338 0.0800827714303687 -0.165412990971491 -0.00609630002306862 0.0929814507108584 -0.101124799751439 -0.239700347352572
30.9983619028721 93.4116245299209 -59.4067874195509 -0.626888705890838 -0.665574968006032 0.404994459702933 0.278247492911613 -0.676796183975478 -0.68156089826568 -0.674218048863576 0.176373657601768 0.167104752563144 0.245710016738313 -0.227171694471607 0.500634180316008
31.2194906083104 93.0166101828241 -59.3955576530096 -0.79730251992666 -0.385667066140069 -0.464294740239407 0.59385872788945 -0.638746477297398 -0.489218508490875 -0.220674213011529 -0.129266275535638 0.519026659880168 0.198258094142256 0.404288194217515 0.153515875424535
31.3873775339152 92.528426236187 -59.6370702706403 -0.790320076767524 0.157105284764244 -0.59220951170805 0.352693928468442 -0.673706153583115 -0.649405121203646 -0.813774266686242 -0.124138770277424 -0.620563317388289 -0.356920494656242 0.0975146782521227 -0.203575473345509
31.2818274407921 92.15071565566 -59.9437549989492 -0.0766996803116955 0.720049126582152 -0.689671236422193 0.39385023626536 -0.613575639808927 -0.684402604924162 0.225906298755174 0.0956104339995994 0.392739973667844 0.372308912827235 0.122590912453963 0.160331676038445
31.1080654410808 91.9165735429335 -60.3190899375532 0.800987320609391 0.512975961486563 -0.308666446442755 0.302471567371494 -0.791684839386999 -0.530797575368212 0.641820106524445 -0.232067306975652 -0.225585993034464 -0.391301237013791 0.16738332562866 0.300954069609893
31.1066126116544 91.690298723457 -60.753902563204 0.92815717199258 -0.0437416584599594 0.369609160322441 0.189082631715232 -0.799953672001132 -0.56949265231059 -0.265495754442876 -0.217150142916057 0.440078650498871 0.167283727618616 0.108811043314715 -0.3779419280982
31.2855373378253 91.3885683471788 -61.0770798712851 0.132357182720627 -0.269767630403203 0.953785616251857 0.0739352070125858 -0.956883780119711 -0.280903927541649 -0.490779233651148 -0.0251179658396126 -0.0667146295849729 -0.100661377395221 0.268501907484643 0.208614585918135
31.4477892179689 90.9111337006223 -61.0720259740549 -0.76209338087026 -0.111634641499634 0.63777063718147 -0.0556062366931046 -0.970099718819629 -0.236250887802059 -0.136885458105879 -0.11008769571541 0.348710531333478 0.689699044675394 0.80308408057534 -0.212682526472544
31.4587989041332 90.4185120376589 -60.9586367402496 -0.970665414408809 0.209298235294778 0.118333858101104 -0.218278640647497 -0.973464363188123 -0.0687136714174569 -0.104590438406391 0.223270953380789 -0.26890175797374 0.465426598985605 0.347915538259095 -0.00905806557872504
31.2121960144768 90.054018729904 -60.6608441405605 -0.601104771296188 0.0432652546040351 -0.797998227860551 -0.223449167236969 -0.967807032738438 0.115844797220946 0.184194091749422 -0.802499624119072 0.0570457689524411 -0.28810221337947 0.289390964090161 0.173814580902935
32.1168262434174 89.9771859246828 -59.5563768389672 -0.454698465174269 -0.142724973449173 0.879135306834103 0.192179279506392 -0.979546570138388 -0.0596291997124049 -0.1551855151993 -0.477925431945376 -0.560314974131302 -0.664441262293656 0.1366958380203 0.34605717207729
32.3267553097766 89.4957141226326 -59.4876117977488 -0.607237199976349 0.212394036818183 0.765605483319652 0.0833262093604775 -0.941268427003744 0.327216275817771 -0.179204576033348 0.143416757424018 0.126631663897059 -0.321020710388406 -0.164908734105103 0.263612987056063
32.6167164852852 89.1397331975683 -59.081620904269 -0.946888511234026 0.0491222071407437 0.317787910498098 0.0166364759382192 -0.97945605659064 0.200970298493399 -0.222131552666441 -0.485545676919881 0.108719896509991 -0.456511162128108 0.352213138344181 0.109957831244876
32.578323014242 88.8525798510781 -58.7504124571146 -0.919000780508563 -0.144747394210517 -0.366722998043181 -0.020780087939279 -0.911088892093502 0.411685825174283 0.245041350330055 -0.468607285294719 -0.227257649717595 -0.522776861054924 0.291602275122389 -0.327646716270968
34.1663491191697 88.8369018063176 -58.8618724298624 0.513880426915101 -0.288914768896151 -0.807746967278342 -0.171275515984462 0.888070774103586 -0.426608717453548 -0.152488767226845 -0.0844311121814737 0.0231026933644117 -0.0707948416463515 0.153211535525619 0.236027675408752
34.4470500260614 88.3445287194928 -57.9718065336269 0.994108849983951 0.105158803725941 -0.0262530071200515 -0.0456634840455302 0.626020859250224 0.778468194603151 -0.701187666342899 -0.12131669575015 0.343546840636498 -0.180888770093999 0.157500769206354 0.335059686825089
34.0296837592985 89.5212321475355 -57.3962886381784 -0.585872614851946 0.688174666198029 -0.427982368760728 -0.753071630372829 -0.26720895386227 0.601234142829397 -0.174419986195152 0.130489292217289 -0.0753871122165534 0.0223593419051644 0.480891951632054 -0.0637414868033808
34.4717039626769 89.3450255076922 -56.3581785906403 -0.41977042448067 -0.179591446030834 0.889685170857991 0.857686392908815 -0.399168219012079 0.324096874945749 -0.696777380541369 0.266182506217711 0.280952866666085 -0.221364694903677 0.101536285344703 0.504659206855682
34.7755665593097 89.7867020789284 -57.1041050753022 -0.279850067819215 -0.571807286526744 -0.771181150325156 -0.708719122398507 0.664908543236694 -0.235825856676872 -0.0482883592133618 0.236160449877066 -0.184490538450642 0.175668971382789 -0.00225593827867509 -0.0834596542238184
34.6994857873282 90.1307780943254 -57.5600644240976 -0.619432195068081 -0.784949600516888 -0.012565045219536 -0.761039850026571 0.604338422627016 -0.235782564258594 -0.0943598934764226 0.710082665833905 -0.136385363913271 -0.470440995071442 -0.378178775755744 -0.321926265173329
34.2918302280679 90.2488046116164 -57.8615999128882 -0.469139347510176 -0.397456330026651 0.78862965854643 -0.813149241377447 0.542786105946202 -0.210170298660788 -0.612366994440287 -0.160639303636606 0.841792977041864 -0.335759021003474 0.177687003283622 0.217812712445431
33.8928412646086 90.4563546359917 -58.0414173748985 0.161790934064999 0.184815701871854 0.969364147261433 -0.770244570860627 0.637710493889509 0.00697330933680785 0.136762234501713 -0.717046581684914 -0.308130640210858 -0.189938306701125 0.439310558346336 0.0801509010932406
33.4884758016077 90.6952478900666 -57.9353628140242 0.748501880773759 0.540554744114796 0.384116522806495 -0.571985940613839 0.819360829641121 -0.0384696580374715 0.266224695597351 -0.686577112343352 0.626763816316089 0.0370461552468141 -0.00386448831311375 0.144542620781572
