        0.7217 21   0.050131   0.050131   0.329961    0.044601   0.000000  -0.980637   0.000000  -0.249731  -0.092422   0.000000   0.055926
        0.8314 21   0.042136   0.042136   0.294075    0.046035   0.000000  -0.979135   0.000000  -0.262346  -0.079483   0.000000   0.056332
        0.7793 22   0.045848   0.045848   0.330477    0.059898   0.000000  -1.028994   0.000000  -0.254637  -0.083691   0.000000   0.057087
        0.7026 22   0.051597   0.051597   0.325617    0.057835   0.000000  -0.994934   0.000000  -0.290123  -0.101894   0.000000   0.057255
        0.7447 21   0.048400   0.048400   0.313106    0.049193   0.000000  -1.042309   0.000000  -0.258735  -0.102925   0.000000   0.055597
        0.7405 22   0.048714   0.048714   0.337766    0.050772   0.000000  -1.027505   0.000000  -0.246963  -0.093942   0.000000   0.053792
        0.6803 21   0.053329   0.053329   0.318234    0.049833   0.000000  -0.996367   0.000000  -0.273612  -0.093043   0.000000   0.051255
        0.7906 21   0.045031   0.045031   0.286657    0.038008   0.000000  -1.021756   0.000000  -0.247651  -0.092118   0.000000   0.057998
        0.8196 21   0.042962   0.042962   0.310969    0.032459   0.000000  -1.029503   0.000000  -0.263953  -0.083854   0.000000   0.056177
        0.7680 21   0.046675   0.046675   0.299272    0.052940   0.000000  -1.051399   0.000000  -0.262898  -0.091052   0.000000   0.055125
        0.8141 20   0.043350   0.043350   0.294661    0.043888   0.000000  -1.036184   0.000000  -0.254629  -0.092148   0.000000   0.056631
        0.7329 22   0.049284   0.049284   0.300462    0.042878   0.000000  -1.039890   0.000000  -0.244763  -0.085676   0.000000   0.055989
        0.6870 21   0.052809   0.052809   0.304870    0.048750   0.000000  -1.037229   0.000000  -0.260044  -0.097713   0.000000   0.056197
        0.8109 21   0.043581   0.043581   0.310671    0.036404   0.000000  -1.004771   0.000000  -0.281788  -0.107448   0.000000   0.053184
        0.7106 22   0.050978   0.050978   0.383769    0.036993   0.000000  -1.060439   0.000000  -0.295481  -0.103032   0.000000   0.058533
        0.7950 21   0.044714   0.044714   0.326071    0.041826   0.000000  -1.003578   0.000000  -0.258261  -0.095354   0.000000   0.055132
        0.6531 21   0.055489   0.055489   0.313033    0.038050   0.000000  -1.048021   0.000000  -0.251309  -0.090109   0.000000   0.057476
        0.7180 22   0.050415   0.050415   0.336647    0.038469   0.000000  -1.037979   0.000000  -0.270323  -0.090730   0.000000   0.056849
        0.6674 22   0.054350   0.054350   0.314280    0.063611   0.000000  -1.072950   0.000000  -0.280521  -0.100630   0.000000   0.054290
        0.7780 22   0.045942   0.045942   0.280239    0.034348   0.000000  -0.989362   0.000000  -0.275480  -0.092713   0.000000   0.054223
        0.7261 22   0.049797   0.049797   0.300603    0.058883   0.000000  -1.035701   0.000000  -0.275527  -0.093774   0.000000   0.054381
        0.5863 21   0.060959   0.060959   0.296510    0.043611   0.000000  -0.993655   0.000000  -0.266424  -0.097565   0.000000   0.056606
        0.6925 21   0.052379   0.052379   0.337706    0.051865   0.000000  -1.010426   0.000000  -0.268475  -0.099158   0.000000   0.057331
        0.6569 20   0.055180   0.055180   0.299917    0.079956   0.000000  -0.991343   0.000000  -0.232673  -0.101027   0.000000   0.056674
        0.8116 22   0.043531   0.043531   0.371707    0.034406   0.000000  -0.962969   0.000000  -0.263632  -0.087745   0.000000   0.053689
        0.6887 22   0.052675   0.052675   0.350711    0.055353   0.000000  -0.980631   0.000000  -0.261197  -0.084957   0.000000   0.057612
        0.7499 22   0.048008   0.048008   0.335884    0.071926   0.000000  -0.963875   0.000000  -0.264850  -0.084225   0.000000   0.053301
        0.6937 22   0.052284   0.052284   0.334729    0.061603   0.000000  -1.011160   0.000000  -0.235932  -0.089772   0.000000   0.057435
        0.7025 22   0.051606   0.051606   0.318286    0.027641   0.000000  -0.976289   0.000000  -0.258925  -0.093759   0.000000   0.058683
        0.6978 21   0.051965   0.051965   0.376464    0.053403   0.000000  -0.999778   0.000000  -0.254504  -0.096015   0.000000   0.055883
        0.7606 21   0.047220   0.047220   0.354546    0.042636   0.000000  -0.983685   0.000310  -0.239069  -0.078497   0.000000   0.055415
        0.7655 21   0.046859   0.046859   0.370659    0.058710   0.000000  -0.996833   0.000000  -0.265286  -0.096681   0.000000   0.056521
        0.7989 21   0.044433   0.044433   0.355454    0.045659   0.000000  -1.009268   0.000000  -0.229336  -0.085253   0.000000   0.055221
        0.7800 22   0.045797   0.045797   0.373186    0.040535   0.000000  -0.979164   0.000000  -0.238164  -0.086706   0.000000   0.057804
        0.7190 21   0.050338   0.050338   0.367974    0.071189   0.000000  -0.957132   0.000000  -0.268402  -0.081789   0.000000   0.057115
        0.7675 21   0.046709   0.046709   0.326371    0.042413   0.002653  -0.950031   0.000000  -0.261907  -0.084637   0.000000   0.055801
        0.7575 22   0.047446   0.047446   0.358785    0.050377   0.000000  -0.996437   0.000000  -0.245363  -0.097653   0.000000   0.058698
        0.7397 22   0.048772   0.048772   0.322852    0.048055   0.000000  -0.971634   0.000000  -0.254775  -0.092950   0.000000   0.056383
        0.6872 20   0.052792   0.052792   0.360382    0.043274   0.000000  -0.993055   0.000000  -0.255633  -0.094526   0.000000   0.055835
        0.7633 21   0.047020   0.047020   0.358772    0.049743   0.000000  -1.034655   0.000000  -0.258550  -0.097457   0.000000   0.054332
        0.6896 21   0.052606   0.052606   0.328245    0.034939   0.000000  -1.063692   0.000000  -0.263163  -0.084225   0.000000   0.057900
        0.6750 22   0.053748   0.053748   0.357997    0.048700   0.000000  -1.057242   0.000000  -0.291131  -0.097623   0.000000   0.054263
        0.8387 22   0.041630   0.041630   0.277392    0.048944   0.000000  -1.040788   0.000000  -0.264868  -0.104894   0.000000   0.057979
        0.7556 22   0.047589   0.047589   0.310372    0.053380   0.000000  -1.046539   0.000000  -0.269264  -0.092778   0.000000   0.055516
        0.8716 22   0.039377   0.039377   0.339675    0.068921   0.000000  -1.016127   0.000000  -0.282967  -0.097342   0.000000   0.055051
        0.9227 21   0.036012   0.036012   0.336775    0.062817   0.000000  -0.990766   0.000000  -0.268903  -0.089479   0.000000   0.054746
        1.1684 19   0.021916   0.021916   0.340098    0.061116   0.000000  -1.002167   0.000000  -0.238341  -0.077427   0.000000   0.054242
        1.0510 20   0.028216   0.028216   0.329003    0.056402   0.000000  -1.012459   0.000000  -0.234925  -0.085400   0.000000   0.054022
        1.1007 20   0.025453   0.025453   0.338682    0.033960   0.000000  -0.984758   0.000000  -0.240891  -0.093313   0.000000   0.054993
        1.0310 21   0.029367   0.029367   0.382975    0.051997   0.000000  -0.977555   0.000000  -0.259375  -0.080532   0.000000   0.057338
        1.0925 20   0.025898   0.025898   0.313000    0.047566   0.000000  -0.926122   0.000000  -0.238657  -0.093545   0.000000   0.054351
        1.1615 20   0.022261   0.022261   0.340997    0.033194   0.000000  -0.952015   0.000000  -0.230898  -0.092416   0.000000   0.056052
        1.0156 21   0.030273   0.030273   0.338059    0.037376   0.000000  -0.988357   0.000000  -0.252047  -0.081503   0.000000   0.055634
        0.9947 20   0.031519   0.031519   0.354438    0.059569   0.000000  -0.991686   0.000000  -0.273828  -0.090517   0.000000   0.058044
        1.1851 20   0.021083   0.021083   0.372634    0.042197   0.000000  -0.933484   0.000000  -0.258658  -0.087543   0.000000   0.053011
        1.0489 20   0.028333   0.028333   0.346583    0.041247   0.000000  -0.927400   0.000000  -0.245165  -0.089633   0.000000   0.055258
        1.1743 20   0.021617   0.021617   0.345652    0.044203   0.000000  -0.952582   0.000000  -0.241755  -0.090156   0.000000   0.053155
        1.1217 20   0.024326   0.024326   0.348552    0.043066   0.000000  -0.929663   0.000000  -0.258957  -0.096898   0.000000   0.056213
        1.0449 20   0.028563   0.028563   0.319131    0.043623   0.000000  -0.973656   0.000000  -0.240065  -0.089627   0.000000   0.056441
        0.9015 20   0.037391   0.037391   0.327685    0.052887   0.000000  -0.994932   0.000000  -0.253879  -0.095391   0.000000   0.055475
        0.9546 20   0.033985   0.033985   0.292390    0.052704   0.000000  -0.984424   0.000000  -0.243902  -0.082883   0.000000   0.059518
        1.0303 20   0.029411   0.029411   0.344111    0.049047   0.000000  -0.977835   0.000000  -0.225184  -0.091542   0.000000   0.054534
        0.9020 19   0.037358   0.037358   0.358870    0.039253   0.000000  -0.960290   0.000000  -0.207777  -0.079421   0.000000   0.055950
        1.1356 18   0.023597   0.023597   0.340680    0.050090   0.000000  -0.955917   0.000000  -0.204448  -0.079869   0.000000   0.053944
        1.0801 19   0.026580   0.026580   0.319524    0.051942   0.000000  -0.963979   0.000000  -0.215040  -0.069297   0.000000   0.055759
        1.0440 19   0.028614   0.028614   0.364773    0.043384   0.000000  -0.973748   0.000000  -0.242847  -0.085786   0.000000   0.057911
        0.9976 17   0.031344   0.031344   0.311949    0.037232   0.000000  -0.926954   0.000000  -0.232940  -0.086161   0.000000   0.056632
        1.0073 19   0.030762   0.030762   0.304051    0.039346   0.000000  -0.933031   0.000000  -0.223348  -0.071350   0.000000   0.056392
        1.1563 18   0.022526   0.022526   0.308672    0.044418   0.000000  -0.942019   0.000000  -0.213202  -0.067051   0.000000   0.058394
        1.1230 18   0.024257   0.024257   0.336155    0.055739   0.000000  -0.927778   0.000000  -0.225009  -0.083890   0.000000   0.051640
        1.0871 19   0.026193   0.026193   0.328867    0.055102   0.000000  -0.973703   0.000000  -0.223562  -0.088647   0.000000   0.053329
        1.0088 20   0.030676   0.030676   0.352722    0.046842   0.000000  -0.997526   0.000000  -0.208079  -0.079063   0.000000   0.054026
        0.9216 20   0.036084   0.036084   0.352944    0.063032   0.000000  -0.975133   0.000000  -0.261395  -0.094817   0.000000   0.054949
        1.1294 18   0.023920   0.023920   0.359723    0.057782   0.000000  -0.981922   0.000000  -0.226490  -0.087411   0.000000   0.057361
        1.1269 20   0.024053   0.024053   0.304498    0.046973   0.000000  -0.926758   0.000000  -0.230003  -0.085627   0.000000   0.056531
        1.0682 20   0.027241   0.027241   0.325160    0.073075   0.000000  -0.934704   0.000000  -0.254524  -0.085316   0.000000   0.057414
        1.0698 20   0.027152   0.027152   0.309101    0.052597   0.000000  -0.939499   0.000000  -0.260777  -0.093794   0.000000   0.056771
        1.0291 20   0.029476   0.029476   0.299764    0.057117   0.000000  -0.965534   0.000000  -0.252584  -0.089393   0.000000   0.054526
        1.1611 20   0.022282   0.022282   0.318463    0.051249   0.000000  -0.967276   0.000000  -0.242760  -0.086427   0.000000   0.057333
        0.9913 20   0.031724   0.031724   0.332070    0.064242   0.000000  -0.965458   0.000000  -0.251595  -0.083669   0.000000   0.057393
        1.0469 20   0.028451   0.028451   0.301840    0.049040   0.000000  -0.969941   0.000000  -0.221700  -0.095064   0.000000   0.054733
        1.0088 19   0.030675   0.030675   0.340542    0.052163   0.000000  -0.966642   0.000000  -0.241736  -0.080402   0.000000   0.051632
        1.0682 19   0.027240   0.027240   0.347264    0.041573   0.000000  -0.991655   0.000000  -0.227741  -0.082280   0.000000   0.051942
        1.1854 21   0.021070   0.021070   0.310156    0.055458   0.000000  -0.976735   0.000000  -0.230325  -0.082642   0.000000   0.052082
        1.1438 19   0.023166   0.023166   0.305598    0.040689   0.000000  -0.945284   0.000000  -0.213492  -0.083239   0.000000   0.053501
        1.1919 18   0.020749   0.020749   0.326702    0.036722   0.000000  -0.950124   0.000000  -0.237632  -0.090410   0.000000   0.050241
        1.3153 19   0.015150   0.015150   0.305846    0.050663   0.000000  -0.954325   0.000000  -0.219182  -0.081538   0.000000   0.053491
        1.3851 20   0.012370   0.012370   0.333118    0.049637   0.000000  -0.899449   0.000000  -0.247470  -0.082497   0.000000   0.054237
        1.3098 20   0.015379   0.015379   0.329966    0.039644   0.000000  -0.902501   0.000000  -0.231418  -0.086171   0.000000   0.049349
        1.3814 20   0.012513   0.012513   0.315842    0.069458   0.000000  -0.918734   0.000016  -0.227373  -0.085332   0.000000   0.050540
        1.4667 19   0.009482   0.009482   0.288671    0.057296   0.000000  -0.892071   0.000000  -0.223257  -0.082870   0.000000   0.052303
        1.2535 20   0.017843   0.017843   0.306452    0.063439   0.000000  -0.881605   0.000000  -0.233371  -0.084334   0.000000   0.053277
        1.5046 18   0.008270   0.008270   0.333172    0.036791   0.000000  -0.853566   0.000405  -0.204130  -0.076143   0.000000   0.052898
        1.2091 19   0.019917   0.019917   0.384084    0.048264   0.000000  -0.888401   0.000000  -0.221108  -0.089839   0.000000   0.055008
        1.6059 18   0.005436   0.005436   0.385644    0.046476   0.000000  -0.901046   0.000000  -0.230190  -0.077658   0.000000   0.050414
        1.5802 18   0.006098   0.006098   0.320343    0.048205   0.000000  -0.889763   0.000000  -0.207634  -0.083532   0.000000   0.053329
        1.7656 18   0.002171   0.002171   0.331939    0.042407   0.000000  -0.887273   0.000000  -0.200039  -0.068271   0.000000   0.054042
        1.6865 17   0.003606   0.003606   0.330708    0.060837   0.000000  -0.869659   0.000000  -0.208489  -0.090255   0.000000   0.052692
        1.8270 17   0.001309   0.001309   0.301420    0.067648   0.000000  -0.871849   0.000000  -0.187690  -0.066420   0.000000   0.048187
        1.7610 15   0.002245   0.002245   0.331627    0.050666   0.000000  -0.885936   0.000000  -0.183795  -0.075503   0.000000   0.052582
        1.8301 18   0.001270   0.001270   0.366335    0.047190   0.000000  -0.896609   0.000506  -0.207056  -0.073561   0.000000   0.050145
        1.7324 18   0.002729   0.002729   0.375065    0.054487   0.000000  -0.873415   0.000000  -0.223724  -0.077134   0.000000   0.047667
        2.0032 17   0.000039   0.000039   0.339337    0.054403   0.000000  -0.881050   0.000000  -0.201832  -0.071574   0.000000   0.049877
        1.5942 18   0.005732   0.005732   0.369883    0.043206   0.000358  -0.914462   0.000000  -0.208376  -0.070967   0.000000   0.050694
        1.5324 17   0.007432   0.007432   0.345144    0.045110   0.000000  -0.885420   0.000000  -0.192942  -0.079867   0.000000   0.054464
        1.5760 16   0.006210   0.006210   0.348779    0.048120   0.000000  -0.869356   0.000000  -0.201090  -0.063403   0.000000   0.049284
        1.6473 14   0.004448   0.004448   0.400877    0.034247   0.000000  -0.865824   0.000000  -0.178918  -0.066738   0.000000   0.054556
        1.6332 16   0.004773   0.004773   0.374555    0.042609   0.000000  -0.838303   0.000362  -0.195086  -0.069532   0.000000   0.048872
        1.8499 15   0.001043   0.001043   0.306552    0.049207   0.000000  -0.862375   0.000000  -0.160311  -0.056731   0.000000   0.052948
        1.7719 16   0.002073   0.002073   0.316294    0.045830   0.000000  -0.845344   0.000000  -0.160501  -0.069159   0.000000   0.052705
        2.0825 16   0.000052   0.000052   0.341088    0.047526   0.000000  -0.856588   0.000000  -0.188611  -0.068427   0.000000   0.051433
        1.8054 14   0.001588   0.001588   0.362273    0.075437   0.000000  -0.871635   0.000000  -0.170126  -0.058786   0.000000   0.051320
        1.9041 14   0.000533   0.000533   0.329725    0.059930   0.001792  -0.835746   0.000000  -0.175826  -0.072239   0.000000   0.050351
        1.8700 16   0.000834   0.000834   0.348140    0.059518   0.000000  -0.838538   0.000000  -0.189261  -0.058183   0.000000   0.046864
        1.7742 11   0.002038   0.002038   0.354878    0.050380   0.000000  -0.904527   0.000000  -0.144229  -0.048350   0.000000   0.048682
        1.6679 15   0.003995   0.003995   0.336475    0.028508   0.000000  -0.889827   0.000000  -0.166498  -0.060859   0.000000   0.054538
        1.9894 17   0.000074   0.000074   0.368782    0.048350   0.000000  -0.889943   0.000096  -0.197283  -0.071208   0.000000   0.050122
        1.7746 18   0.002032   0.002032   0.315381    0.039989   0.000000  -0.868492   0.000000  -0.205546  -0.063886   0.000000   0.054313
        2.0403 18   0.000000   0.000000   0.312439    0.063869   0.000000  -0.913985   0.000000  -0.198516  -0.071719   0.000000   0.053421
        1.9176 18   0.000432   0.000432   0.330899    0.060018   0.000000  -0.894203   0.000000  -0.215866  -0.077744   0.000000   0.050012
        1.6699 17   0.003951   0.003951   0.331726    0.048634   0.000000  -0.902122   0.000000  -0.167052  -0.060175   0.000000   0.052611
        1.4186 17   0.011140   0.011140   0.297081    0.063152   0.000000  -0.878234   0.000000  -0.205594  -0.072031   0.000000   0.050032
        1.9142 17   0.000457   0.000457   0.331760    0.049213   0.000000  -0.878867   0.000000  -0.189309  -0.075492   0.000000   0.051300
        1.8997 18   0.000568   0.000568   0.356699    0.047630   0.000000  -0.829205   0.000000  -0.218186  -0.071459   0.000000   0.054345
        2.0327 15   0.000002   0.000002   0.388288    0.036847   0.000000  -0.855728   0.000000  -0.198645  -0.076219   0.000000   0.050719
        1.9433 18   0.000270   0.000270   0.356274    0.068557   0.000848  -0.875146   0.000000  -0.202415  -0.067149   0.000000   0.054643
        1.7872 18   0.001844   0.001844   0.356697    0.053209   0.000000  -0.828088   0.000000  -0.217319  -0.082044   0.000000   0.053901
        1.9689 17   0.000146   0.000146   0.312381    0.049956   0.000996  -0.787598   0.000000  -0.219408  -0.072389   0.000000   0.047670
        1.8867 18   0.000678   0.000678   0.323094    0.058573   0.000224  -0.856542   0.000000  -0.213074  -0.076037   0.000000   0.051624
        1.7384 18   0.002624   0.002624   0.337588    0.057019   0.000000  -0.852458   0.000000  -0.226552  -0.079112   0.000000   0.048128
        1.9505 17   0.000231   0.000231   0.325841    0.066777   0.000000  -0.897595   0.000000  -0.191163  -0.064716   0.000000   0.053476
        1.6809 17   0.003720   0.003720   0.333857    0.060274   0.000000  -0.875967   0.000000  -0.209891  -0.075434   0.000000   0.052057
        1.7096 18   0.003150   0.003150   0.338061    0.037092   0.000327  -0.832765   0.000000  -0.230281  -0.081052   0.000000   0.054177
        1.5304 18   0.007491   0.007491   0.361014    0.049702   0.000000  -0.853415   0.000000  -0.222778  -0.078443   0.000000   0.049803
        1.9076 18   0.000506   0.000506   0.407659    0.041394   0.000000  -0.873923   0.000000  -0.204056  -0.070059   0.000000   0.048916
        1.7543 17   0.002355   0.002355   0.317325    0.058921   0.000000  -0.847699   0.000000  -0.191821  -0.056815   0.000000   0.049495
        1.9137 16   0.000460   0.000460   0.351129    0.060950   0.000000  -0.854095   0.000000  -0.199983  -0.074300   0.000000   0.049884
        1.8223 17   0.001367   0.001367   0.362185    0.053190   0.000000  -0.815930   0.000000  -0.209409  -0.072317   0.000000   0.053224
        2.0020 18   0.000042   0.000042   0.325682    0.055736   0.000000  -0.798230   0.000000  -0.212383  -0.074130   0.000000   0.047519
        1.9616 18   0.000177   0.000177   0.349917    0.054145   0.000000  -0.842640   0.000000  -0.226137  -0.077028   0.000000   0.051128
        1.7998 16   0.001664   0.001664   0.323273    0.040068   0.000000  -0.817935   0.000000  -0.202562  -0.081704   0.000000   0.052456
        2.0255 15   0.000006   0.000006   0.309700    0.050497   0.000000  -0.819049   0.000000  -0.164238  -0.062310   0.000000   0.051587
        2.0589 17   0.000010   0.000010   0.405152    0.075998   0.000259  -0.872191   0.000000  -0.191642  -0.074615   0.000000   0.048036
        1.8676 17   0.000857   0.000857   0.336131    0.045399   0.000000  -0.865001   0.000000  -0.188521  -0.061260   0.000000   0.046777
        1.8316 16   0.001253   0.001253   0.323517    0.056793   0.000000  -0.876145   0.000000  -0.198264  -0.070689   0.000000   0.052732
        1.7710 17   0.002087   0.002087   0.331259    0.039887   0.000000  -0.876105   0.000000  -0.196083  -0.064744   0.000000   0.056662
        1.7789 17   0.001966   0.001966   0.305765    0.051166   0.000000  -0.872099   0.000000  -0.219719  -0.067061   0.000000   0.051813
        1.7286 17   0.002797   0.002797   0.297560    0.054169   0.000000  -0.885049   0.000000  -0.211325  -0.081603   0.000000   0.052921
        1.8862 17   0.000683   0.000683   0.326577    0.056045   0.000000  -0.924054   0.000000  -0.196481  -0.067780   0.000000   0.047663
        2.0862 16   0.000062   0.000062   0.344647    0.051295   0.000000  -0.935440   0.000000  -0.184239  -0.072010   0.000000   0.048637
        2.0448 16   0.000001   0.000001   0.350206    0.039608   0.000000  -0.946932   0.000000  -0.179334  -0.069302   0.000000   0.050694
        1.9239 17   0.000389   0.000389   0.362317    0.053788   0.000000  -0.920987   0.000000  -0.196110  -0.074418   0.000000   0.046261
        1.9196 17   0.000418   0.000418   0.393319    0.046262   0.000000  -0.894223   0.000592  -0.215996  -0.081134   0.000000   0.050843
        1.6620 17   0.004123   0.004123   0.353864    0.056912   0.000000  -0.928346   0.000000  -0.190236  -0.069039   0.000000   0.050074
        2.0153 17   0.000018   0.000018   0.345057    0.061801   0.000000  -0.879270   0.000000  -0.181450  -0.066900   0.000000   0.053081
        1.6950 15   0.003434   0.003434   0.339607    0.061375   0.000000  -0.846313   0.000000  -0.173060  -0.058217   0.000000   0.056004
        1.6731 15   0.003883   0.003883   0.339686    0.053769   0.000000  -0.872500   0.000000  -0.168312  -0.069308   0.000000   0.051283
        1.7919 17   0.001776   0.001776   0.349055    0.053703   0.000000  -0.836141   0.000000  -0.201820  -0.072709   0.000000   0.050214
        1.8174 16   0.001429   0.001429   0.380791    0.063289   0.000000  -0.908470   0.000000  -0.196835  -0.069099   0.000000   0.049730
        1.5213 17   0.007762   0.007762   0.352459    0.047520   0.000000  -0.913626   0.000000  -0.191019  -0.068281   0.000000   0.053388
        1.8130 16   0.001486   0.001486   0.343651    0.042875   0.001360  -0.879350   0.000000  -0.175821  -0.067464   0.000000   0.054897
        1.7610 16   0.002245   0.002245   0.386693    0.039202   0.000000  -0.898504   0.000000  -0.195573  -0.070723   0.000000   0.049192
        1.9900 17   0.000072   0.000072   0.324060    0.045659   0.000000  -0.901647   0.000000  -0.193985  -0.072410   0.000000   0.049926
        1.7957 18   0.001722   0.001722   0.326410    0.045422   0.000000  -0.879522   0.000000  -0.210217  -0.077120   0.000000   0.050876
        1.6826 17   0.003685   0.003685   0.362565    0.049499   0.000000  -0.924721   0.000000  -0.209485  -0.074069   0.000000   0.050474
        2.0665 18   0.000020   0.000020   0.332961    0.054421   0.000000  -0.895070   0.000000  -0.211489  -0.075695   0.000000   0.049707
        1.9411 17   0.000282   0.000282   0.343168    0.052294   0.000000  -0.866834   0.000000  -0.215890  -0.067971   0.000000   0.050898
        1.8472 17   0.001073   0.001073   0.313764    0.055909   0.000000  -0.816937   0.000000  -0.204008  -0.067166   0.000000   0.050929
        1.9570 15   0.000199   0.000199   0.350568    0.056578   0.000000  -0.914535   0.000000  -0.177212  -0.066316   0.000000   0.051941
        1.6652 15   0.004052   0.004052   0.298278    0.058080   0.000000  -0.954641   0.000000  -0.168495  -0.059382   0.000000   0.052256
        1.6438 17   0.004527   0.004527   0.339610    0.047534   0.000000  -0.935734   0.000402  -0.220350  -0.071290   0.000000   0.050425
        1.9963 16   0.000055   0.000055   0.308346    0.053590   0.000642  -0.900679   0.000533  -0.201729  -0.064670   0.000000   0.049961
        1.5744 16   0.006253   0.006253   0.333186    0.034639   0.000053  -0.943709   0.000000  -0.178666  -0.059281   0.000000   0.049998
        1.8386 16   0.001170   0.001170   0.356965    0.053307   0.000000  -0.964306   0.000000  -0.187302  -0.070647   0.000000   0.051747
        2.1512 14   0.000357   0.000357   0.337184    0.040222   0.000000  -0.937953   0.000000  -0.155282  -0.058250   0.000000   0.049832
        1.8496 14   0.001046   0.001046   0.335308    0.058131   0.000000  -0.942698   0.000000  -0.174856  -0.053203   0.000000   0.047986
        1.8958 14   0.000600   0.000600   0.328171    0.063511   0.000000  -0.944024   0.000000  -0.177109  -0.064266   0.000000   0.045650
        1.9211 14   0.000408   0.000408   0.313900    0.047597   0.000000  -0.878010   0.000000  -0.159916  -0.060964   0.000000   0.047966
        2.0261 14   0.000006   0.000006   0.364974    0.056615   0.000000  -0.946772   0.000000  -0.165012  -0.054035   0.000000   0.047897
        2.2430 14   0.001189   0.001189   0.356628    0.062508   0.000000  -0.918668   0.000000  -0.165425  -0.062141   0.000000   0.043794
        1.9523 14   0.000222   0.000222   0.347318    0.053925   0.000000  -0.914146   0.000000  -0.155367  -0.061016   0.000000   0.044167
        2.0522 13   0.000004   0.000004   0.283337    0.075534   0.000000  -0.868857   0.000000  -0.169678  -0.059359   0.000000   0.051509
        2.3342 13   0.002497   0.002497   0.329455    0.047891   0.000000  -0.935263   0.000000  -0.152352  -0.057436   0.000000   0.048570
        1.9845 13   0.000089   0.000089   0.337416    0.048368   0.000000  -0.883123   0.000000  -0.162372  -0.058926   0.000000   0.047056
        1.9890 13   0.000075   0.000075   0.333527    0.051872   0.000000  -0.925204   0.000000  -0.145237  -0.060486   0.000000   0.049374
        2.2313 14   0.001055   0.001055   0.317584    0.066082   0.000000  -0.959221   0.000000  -0.154985  -0.058126   0.000000   0.047004
        1.7687 15   0.002123   0.002123   0.355442    0.039137   0.000000  -0.935326   0.000000  -0.165463  -0.054593   0.000000   0.047517
        2.0339 13   0.000001   0.000001   0.313658    0.055451   0.000000  -0.956144   0.000000  -0.141543  -0.059418   0.000000   0.052004
        2.0430 15   0.000000   0.000000   0.349594    0.049440   0.000000  -0.939199   0.000000  -0.166033  -0.064184   0.000000   0.047630
        1.9235 13   0.000391   0.000391   0.280228    0.038936   0.000000  -0.897302   0.000000  -0.145156  -0.051428   0.000000   0.052709
        1.9948 16   0.000059   0.000059   0.348171    0.043942   0.000189  -0.878988   0.000000  -0.201379  -0.067335   0.000000   0.048942
        1.6781 16   0.003777   0.003777   0.359608    0.053630   0.000000  -0.971220   0.000000  -0.183281  -0.065150   0.000000   0.051830
        1.9070 17   0.000510   0.000510   0.357539    0.052519   0.000000  -0.960447   0.000000  -0.199068  -0.068195   0.000000   0.047692
        1.9942 16   0.000060   0.000060   0.367849    0.053882   0.000000  -0.995229   0.000000  -0.185893  -0.074707   0.000000   0.049275
        2.0137 16   0.000020   0.000020   0.326133    0.053757   0.000000  -0.902703   0.000000  -0.205449  -0.076678   0.000000   0.050424
        1.9630 16   0.000171   0.000171   0.345474    0.067170   0.000000  -0.931708   0.000000  -0.170752  -0.071532   0.000000   0.048217
        1.9809 14   0.000101   0.000101   0.352011    0.046790   0.000000  -0.901313   0.000000  -0.168774  -0.066643   0.000000   0.046880
        2.0302 16   0.000003   0.000003   0.346552    0.049996   0.000000  -0.891933   0.000000  -0.189648  -0.061478   0.000000   0.056685
        2.0264 15   0.000005   0.000005   0.295301    0.044108   0.000000  -0.874444   0.000028  -0.191304  -0.070047   0.000000   0.049333
        2.0392 16   0.000000   0.000000   0.281855    0.059386   0.000000  -0.881338   0.000000  -0.188523  -0.068702   0.000000   0.051850
        1.8036 15   0.001612   0.001612   0.310893    0.048338   0.000000  -0.892624   0.000000  -0.196977  -0.074246   0.000000   0.049528
        1.9465 14   0.000252   0.000252   0.323661    0.037711   0.000000  -0.898618   0.000000  -0.172260  -0.071909   0.000000   0.052691
        1.9818 16   0.000098   0.000098   0.350579    0.050642   0.000000  -0.904799   0.000000  -0.190682  -0.055023   0.000000   0.049102
        2.1882 16   0.000634   0.000634   0.334446    0.054817   0.000000  -0.866737   0.000000  -0.207372  -0.076682   0.000000   0.050498
        2.1440 16   0.000312   0.000312   0.321854    0.063492   0.000000  -0.905509   0.000000  -0.191777  -0.068005   0.000000   0.050230
        1.9041 15   0.000533   0.000533   0.290758    0.046247   0.000000  -0.892203   0.000000  -0.172296  -0.074453   0.000000   0.048797
        1.8822 16   0.000718   0.000718   0.335429    0.044876   0.000000  -0.912500   0.000000  -0.198252  -0.064387   0.000000   0.047068
        1.7419 16   0.002564   0.002564   0.313262    0.058512   0.000000  -0.926275   0.000000  -0.189720  -0.069856   0.000000   0.051745
        2.1446 16   0.000315   0.000315   0.325562    0.049667   0.000000  -0.930328   0.000000  -0.165849  -0.064921   0.000000   0.048319
        1.9707 16   0.000139   0.000139   0.366739    0.042699   0.000000  -0.966726   0.000000  -0.201322  -0.068532   0.000000   0.054188
        2.2033 16   0.000770   0.000770   0.325563    0.049214   0.000000  -0.939006   0.000000  -0.173566  -0.053770   0.000000   0.046575
        1.9658 15   0.000159   0.000159   0.377342    0.049290   0.000857  -0.982858   0.000000  -0.173492  -0.067922   0.000000   0.050234
        2.2048 16   0.000783   0.000783   0.310089    0.053611   0.000000  -0.926480   0.000000  -0.161371  -0.054409   0.000000   0.051641
        1.8954 17   0.000603   0.000603   0.338858    0.048368   0.000000  -0.851990   0.000000  -0.224828  -0.079854   0.000000   0.049396
        1.8507 17   0.001034   0.001034   0.345346    0.050037   0.001148  -0.855280   0.000000  -0.197862  -0.074642   0.000000   0.051140
        1.6879 17   0.003576   0.003576   0.315839    0.066927   0.000000  -0.847514   0.000000  -0.181510  -0.071350   0.000000   0.047120
        2.1647 17   0.000448   0.000448   0.332169    0.041003   0.000000  -0.844307   0.000000  -0.196625  -0.070975   0.000000   0.045194
        1.9294 17   0.000353   0.000353   0.324058    0.072129   0.000000  -0.871760   0.000000  -0.188506  -0.069240   0.000000   0.051297
        2.2645 16   0.001454   0.001454   0.365050    0.047883   0.000000  -0.889053   0.000000  -0.192394  -0.078811   0.000000   0.051010
        2.1530 15   0.000369   0.000369   0.301501    0.051310   0.000000  -0.891881   0.000000  -0.175490  -0.054429   0.000000   0.050633
        1.7819 15   0.001922   0.001922   0.360109    0.048761   0.002852  -0.926529   0.000000  -0.185208  -0.063589   0.000000   0.046600
        1.6420 16   0.004570   0.004570   0.306025    0.044341   0.000000  -0.908396   0.000000  -0.199502  -0.073773   0.000000   0.051937
        1.8860 18   0.000684   0.000684   0.340865    0.043088   0.000000  -0.938495   0.000000  -0.220390  -0.072746   0.000000   0.051660
        1.6344 17   0.004745   0.004745   0.331797    0.047360   0.000000  -0.894379   0.000000  -0.220232  -0.071974   0.000000   0.049087
        1.7317 18   0.002742   0.002742   0.359051    0.049931   0.000000  -0.904982   0.000114  -0.208203  -0.078761   0.000000   0.054069
        1.5245 18   0.007665   0.007665   0.357408    0.046170   0.000000  -0.938464   0.000175  -0.205167  -0.079776   0.000000   0.052428
        1.9255 18   0.000378   0.000378   0.363723    0.054641   0.000000  -0.912686   0.000000  -0.230658  -0.076082   0.000000   0.049846
        1.8505 18   0.001036   0.001036   0.349955    0.035818   0.000000  -0.893213   0.000000  -0.215337  -0.087567   0.000000   0.052979
        1.7948 18   0.001734   0.001734   0.363861    0.041498   0.000000  -0.947773   0.000000  -0.227276  -0.074157   0.000000   0.047806
        1.8511 18   0.001029   0.001029   0.341983    0.025574   0.000000  -0.945000   0.000000  -0.209015  -0.073771   0.000000   0.052430
        1.6655 17   0.004046   0.004046   0.404364    0.057584   0.000000  -0.999878   0.000000  -0.210366  -0.075229   0.000000   0.051473
        2.0162 17   0.000016   0.000016   0.341174    0.060987   0.000169  -0.943697   0.000000  -0.205407  -0.077688   0.000000   0.052196
        1.9440 18   0.000266   0.000266   0.330005    0.039066   0.000000  -0.940632   0.000498  -0.194331  -0.063204   0.000000   0.052632
        1.9457 18   0.000256   0.000256   0.368287    0.056507   0.000000  -0.904306   0.000000  -0.240157  -0.082350   0.000000   0.051363
        2.1730 18   0.000511   0.000511   0.326381    0.049244   0.000000  -0.952936   0.000000  -0.212427  -0.075005   0.000000   0.051895
        1.9971 18   0.000053   0.000053   0.379370    0.035251   0.000000  -0.921931   0.000000  -0.243710  -0.086412   0.000000   0.053034
        1.9298 18   0.000350   0.000350   0.347166    0.060394   0.000000  -0.922936   0.000000  -0.227296  -0.078065   0.000000   0.055806
        1.4692 18   0.009399   0.009399   0.410583    0.069115   0.000000  -0.966792   0.000000  -0.226685  -0.080217   0.000000   0.052227
        1.6814 18   0.003709   0.003709   0.281766    0.060273   0.000000  -0.925154   0.000000  -0.213920  -0.064073   0.000000   0.049158
        1.5686 18   0.006410   0.006410   0.283262    0.029840   0.000000  -0.909187   0.000909  -0.216254  -0.083949   0.000000   0.050117
        1.8315 18   0.001254   0.001254   0.338103    0.051370   0.000000  -0.940606   0.000000  -0.221542  -0.075676   0.000000   0.048670
        2.1163 18   0.000168   0.000168   0.331755    0.037353   0.000000  -0.928949   0.000000  -0.222739  -0.082721   0.000000   0.050933
        1.8922 18   0.000630   0.000630   0.353119    0.062736   0.000000  -0.957719   0.000000  -0.221373  -0.080207   0.000000   0.050649
        1.7336 16   0.002708   0.002708   0.280739    0.048912   0.000000  -0.903158   0.000000  -0.199829  -0.076949   0.000000   0.050366
        1.9384 17   0.000298   0.000298   0.323596    0.048701   0.000000  -0.937531   0.000000  -0.214402  -0.076736   0.000000   0.052506
        1.8048 17   0.001596   0.001596   0.301203    0.037385   0.000000  -0.943898   0.000000  -0.214755  -0.078813   0.000000   0.050861
        1.5225 18   0.007726   0.007726   0.358233    0.058413   0.000000  -0.941123   0.000000  -0.224589  -0.081525   0.000000   0.049327
        1.9695 16   0.000144   0.000144   0.356216    0.037415   0.000000  -0.884750   0.000000  -0.197686  -0.078346   0.000000   0.047374
        1.7389 16   0.002615   0.002615   0.340594    0.064416   0.000000  -0.907240   0.000000  -0.180865  -0.061736   0.000000   0.050877
        1.9681 17   0.000149   0.000149   0.338188    0.049026   0.000000  -0.865951   0.000000  -0.194157  -0.075187   0.000000   0.049116
        1.9297 16   0.000351   0.000351   0.354928    0.067375   0.000000  -0.886553   0.000000  -0.194667  -0.078541   0.000000   0.048932
        1.8268 17   0.001311   0.001311   0.374561    0.071568   0.000000  -0.896245   0.000000  -0.196888  -0.067046   0.000000   0.050341
        2.2591 15   0.001385   0.001385   0.336451    0.051597   0.000000  -0.867340   0.000000  -0.189970  -0.066505   0.000000   0.052779
        1.9569 14   0.000199   0.000199   0.316659    0.069405   0.000000  -0.939172   0.000000  -0.161318  -0.067443   0.000000   0.046935
        2.1506 15   0.000353   0.000353   0.336978    0.054732   0.000000  -0.913391   0.000287  -0.192668  -0.068673   0.000000   0.049957
        1.8239 15   0.001347   0.001347   0.293137    0.045504   0.000000  -0.884096   0.000436  -0.167822  -0.069241   0.000000   0.054353
        1.9670 15   0.000154   0.000154   0.308285    0.030979   0.000000  -0.909067   0.000000  -0.185686  -0.071229   0.000000   0.047766
        1.9386 15   0.000297   0.000297   0.316472    0.032885   0.000000  -0.921536   0.000000  -0.171261  -0.067654   0.000000   0.048286
        1.8157 15   0.001451   0.001451   0.300750    0.033683   0.000000  -0.907957   0.000000  -0.171818  -0.052693   0.000000   0.054511
        2.0334 16   0.000001   0.000001   0.341312    0.045386   0.000000  -0.909235   0.000115  -0.199314  -0.062350   0.000000   0.047996
        1.8067 16   0.001570   0.001570   0.339014    0.055487   0.000000  -0.881262   0.000000  -0.219455  -0.072673   0.000000   0.051840
        1.9270 16   0.000368   0.000368   0.326863    0.051248   0.000010  -0.887788   0.000000  -0.201640  -0.068889   0.000000   0.058312
        1.6909 17   0.003516   0.003516   0.317869    0.049578   0.000000  -0.877246   0.000000  -0.205951  -0.071552  -0.000168   0.053919
        2.0360 17   0.000000   0.000000   0.311962    0.047242   0.000000  -0.866329   0.000000  -0.198297  -0.066157   0.000000   0.049624
        1.9726 15   0.000131   0.000131   0.305863    0.054381   0.000000  -0.891282   0.000000  -0.169870  -0.063696   0.000000   0.048532
        1.8247 17   0.001337   0.001337   0.386476    0.040857   0.000000  -0.888585   0.000000  -0.198832  -0.064919   0.000000   0.053399
        1.8560 17   0.000977   0.000977   0.327990    0.066963   0.000000  -0.903384   0.000000  -0.204447  -0.080833   0.000000   0.048526
        1.4687 17   0.009413   0.009413   0.331490    0.041215   0.000000  -0.914564   0.000000  -0.185893  -0.060844   0.000000   0.050744
        1.7139 16   0.003068   0.003068   0.306746    0.032304   0.000000  -0.903010   0.000000  -0.190841  -0.064558   0.000000   0.050498
        1.9334 16   0.000328   0.000328   0.322662    0.048608   0.000000  -0.908668   0.000000  -0.190090  -0.073961   0.000000   0.046818
        1.8352 17   0.001210   0.001210   0.316656    0.041153   0.000000  -0.918752   0.000000  -0.180781  -0.072337   0.000000   0.049638
        1.9189 17   0.000423   0.000423   0.332241    0.044998   0.000000  -0.947279   0.000000  -0.206444  -0.074667   0.000000   0.050480
        2.0020 17   0.000042   0.000042   0.344096    0.080915   0.000000  -0.924415   0.000000  -0.201943  -0.068246   0.000000   0.050375
        1.5319 17   0.007447   0.007447   0.364847    0.047499   0.000000  -0.925455   0.000000  -0.196347  -0.081355   0.000000   0.052483
        1.7637 16   0.002203   0.002203   0.363997    0.057774   0.000000  -0.906510   0.000000  -0.199126  -0.075118   0.000000   0.047730
        1.8839 17   0.000703   0.000703   0.364789    0.043656   0.000000  -0.949368   0.000000  -0.200618  -0.068392   0.000000   0.052680
        1.8342 17   0.001221   0.001221   0.311082    0.050820   0.000000  -0.929241   0.000000  -0.203106  -0.069952   0.000000   0.049649
        1.9573 17   0.000197   0.000197   0.320048    0.058587   0.000002  -0.958357   0.000000  -0.217336  -0.071504   0.000000   0.050249
        1.6596 16   0.004174   0.004174   0.361594    0.068724   0.000000  -0.921516   0.000000  -0.212889  -0.071401   0.000000   0.051080
        1.9216 17   0.000404   0.000404   0.346655    0.041224   0.000000  -0.863875   0.000000  -0.207374  -0.076051   0.000000   0.047296
        1.7600 17   0.002262   0.002262   0.330692    0.046402   0.000000  -0.868913   0.000000  -0.195028  -0.069317   0.000000   0.053253
        2.0454 17   0.000001   0.000001   0.309559    0.065430   0.000000  -0.860362   0.000000  -0.197206  -0.065592   0.000000   0.048510
        2.1538 17   0.000373   0.000373   0.341657    0.058187   0.000000  -0.866456   0.000000  -0.200677  -0.068479   0.000000   0.049711
        1.9131 17   0.000465   0.000465   0.336064    0.040168   0.000020  -0.835582   0.000000  -0.194204  -0.068020   0.000000   0.051190
        1.6610 17   0.004143   0.004143   0.336337    0.056165   0.000000  -0.812074   0.000000  -0.203505  -0.063565   0.000000   0.046073
        1.9658 15   0.000159   0.000159   0.374973    0.055314   0.000000  -0.862045   0.000000  -0.179501  -0.068074   0.000000   0.049970
        1.5400 15   0.007212   0.007212   0.368177    0.043929   0.000000  -0.873328   0.000000  -0.187282  -0.068546   0.000000   0.051287
        2.0049 18   0.000036   0.000036   0.298489    0.054388   0.000000  -0.850250   0.000000  -0.210779  -0.072956   0.000000   0.049276
        1.9072 17   0.000509   0.000509   0.302875    0.050607   0.001039  -0.830635   0.000254  -0.201623  -0.073944   0.000000   0.048571
        1.8151 17   0.001459   0.001459   0.290710    0.055055   0.000908  -0.864748   0.000000  -0.198280  -0.069355   0.000000   0.051480
        1.5109 18   0.008076   0.008076   0.333552    0.047608   0.000000  -0.897083   0.000000  -0.208297  -0.078808   0.000000   0.051143
        2.0745 18   0.000034   0.000034   0.333894    0.054848   0.000000  -0.884626   0.000000  -0.238026  -0.079238   0.000000   0.047676
        1.7929 17   0.001761   0.001761   0.320461    0.038947   0.000000  -0.859891   0.000000  -0.182875  -0.082247   0.000000   0.053295
        1.9508 18   0.000229   0.000229   0.307813    0.056735   0.000000  -0.860535   0.000000  -0.184292  -0.074540   0.000000   0.048268
        2.0315 17   0.000002   0.000002   0.358213    0.043557   0.000000  -0.890096   0.000000  -0.188596  -0.071005   0.000000   0.052168
        1.7705 18   0.002095   0.002095   0.340787    0.044474   0.000000  -0.886643   0.000000  -0.209688  -0.078553   0.000000   0.052700
        1.9316 17   0.000339   0.000339   0.359057    0.048066   0.000000  -0.941602   0.000000  -0.207212  -0.077062   0.000000   0.054635
        1.6599 16   0.004168   0.004168   0.318421    0.055204   0.000000  -0.888032   0.000000  -0.191062  -0.070484   0.000000   0.049908
        2.0844 17   0.000057   0.000057   0.299331    0.057949   0.000000  -0.882188   0.000000  -0.204414  -0.064441   0.000000   0.051271
        1.7724 18   0.002065   0.002065   0.326512    0.041980   0.000000  -0.914085   0.000000  -0.199009  -0.068697   0.000000   0.050362
        1.9061 18   0.000517   0.000517   0.296538    0.041161   0.000000  -0.932343   0.000000  -0.225352  -0.084532   0.000000   0.048315
        1.7019 18   0.003297   0.003297   0.304239    0.046422   0.000736  -0.953519   0.000000  -0.217667  -0.074660   0.000000   0.056167
        2.0901 18   0.000073   0.000073   0.344364    0.044383   0.000000  -0.925850   0.000000  -0.222242  -0.080984   0.000000   0.053753
        1.9006 17   0.000560   0.000560   0.329870    0.046405   0.000000  -0.895524   0.000000  -0.210977  -0.084369   0.000000   0.048443
        1.8446 16   0.001101   0.001101   0.336464    0.050404   0.000000  -0.920167   0.000000  -0.199804  -0.065239   0.000000   0.050745
        1.7048 16   0.003241   0.003241   0.390975    0.044839   0.000000  -0.967152   0.000000  -0.184634  -0.069695   0.000000   0.051398
        1.5037 17   0.008296   0.008296   0.355079    0.062958   0.000000  -0.950492   0.000000  -0.186463  -0.067813   0.000000   0.049952
        1.8305 18   0.001266   0.001266   0.355800    0.063908   0.000000  -0.908437   0.000000  -0.210849  -0.069464   0.000000   0.049422
        1.9881 17   0.000078   0.000078   0.328444    0.060302   0.000000  -0.922955   0.000000  -0.224436  -0.083571   0.000000   0.051935
        1.6823 18   0.003690   0.003690   0.329442    0.048382   0.000000  -0.953809   0.000000  -0.203505  -0.065651  -0.000001   0.050159
        1.8448 18   0.001099   0.001099   0.304387    0.054749   0.000000  -0.902168   0.005919  -0.218696  -0.083235   0.000000   0.050607
        1.9775 17   0.000113   0.000113   0.299827    0.047566   0.000000  -0.900011   0.000000  -0.198025  -0.074529   0.000000   0.049192
        1.4935 18   0.008616   0.008616   0.331015    0.048045   0.000000  -0.873016   0.000000  -0.229102  -0.075536   0.000000   0.056110
        1.9505 18   0.000231   0.000231   0.352078    0.041863   0.000000  -0.868725   0.000000  -0.234158  -0.082692   0.000000   0.051939
        1.9263 18   0.000373   0.000373   0.311032    0.062034   0.000000  -0.868169   0.000000  -0.217512  -0.077551   0.000000   0.053816
        1.8382 17   0.001175   0.001175   0.340520    0.051837   0.000000  -0.920297   0.000000  -0.217405  -0.076908   0.000000   0.050393
        1.9850 18   0.000087   0.000087   0.288585    0.051345   0.000000  -0.908398   0.000000  -0.208429  -0.075882   0.000000   0.047183
        1.9291 18   0.000355   0.000355   0.290246    0.049037   0.000000  -0.918694   0.000000  -0.216954  -0.074862   0.000000   0.051940
        1.6070 18   0.005408   0.005408   0.270586    0.056091   0.000000  -0.889962   0.000000  -0.218022  -0.075983   0.000000   0.054673
        1.6733 17   0.003879   0.003879   0.315241    0.047059   0.000000  -0.897147   0.000000  -0.205300  -0.071348   0.000000   0.051576
        1.9947 18   0.000059   0.000059   0.328677    0.039883   0.000000  -0.884842   0.000000  -0.214359  -0.064440   0.000000   0.053331
        1.7724 17   0.002066   0.002066   0.353746    0.045385   0.000000  -0.854679   0.000000  -0.211572  -0.075526   0.000000   0.050655
        1.8692 17   0.000841   0.000841   0.362670    0.052142   0.000000  -0.867075   0.000000  -0.221589  -0.077883   0.000000   0.049823
        1.6088 18   0.005364   0.005364   0.338346    0.040869   0.000000  -0.871635   0.000000  -0.217345  -0.071887   0.000000   0.049587
        1.7554 18   0.002336   0.002336   0.325419    0.060130   0.000000  -0.908659   0.000299  -0.214527  -0.076142   0.000000   0.053900
        1.8601 17   0.000934   0.000934   0.352737    0.066582   0.000000  -0.946603   0.000000  -0.217276  -0.073569   0.000000   0.055690
        1.4515 16   0.009990   0.009990   0.305791    0.045006   0.000000  -0.905580   0.000000  -0.196261  -0.072582   0.000000   0.050194
        1.9282 17   0.000360   0.000360   0.296150    0.042579   0.000000  -0.871758   0.000000  -0.205037  -0.073841   0.000000   0.052303
        1.7117 18   0.003110   0.003110   0.318159    0.061065   0.000000  -0.914831   0.000000  -0.221094  -0.074301   0.000000   0.046698
        1.9353 17   0.000316   0.000316   0.317693    0.059565   0.000000  -0.889142   0.000000  -0.191260  -0.070635   0.000000   0.051812
        1.8265 18   0.001315   0.001315   0.346854    0.041912   0.000000  -0.918911   0.000000  -0.202381  -0.074565   0.000000   0.050937
        1.8115 17   0.001507   0.001507   0.337624    0.067686   0.000000  -0.913267   0.000000  -0.201361  -0.076489   0.000000   0.051464
        2.0378 18   0.000000   0.000000   0.359883    0.049740   0.000000  -0.951422   0.000000  -0.223112  -0.084370   0.000000   0.045944
        2.0602 16   0.000012   0.000012   0.305015    0.056873   0.000000  -0.943475   0.000000  -0.170381  -0.069829   0.000000   0.051375
        1.6115 17   0.005296   0.005296   0.315515    0.051929   0.000000  -0.916340   0.004706  -0.192006  -0.067588   0.000000   0.050912
        1.7260 18   0.002845   0.002845   0.343270    0.042231   0.000000  -0.927227   0.000000  -0.202888  -0.073808   0.000000   0.048812
        1.7659 17   0.002168   0.002168   0.368504    0.034705   0.000000  -0.935055   0.000000  -0.199544  -0.078380   0.000000   0.051258
        2.0315 17   0.000002   0.000002   0.364798    0.058533   0.000000  -0.891600   0.000000  -0.198195  -0.070981   0.000000   0.049519
        1.6307 17   0.004832   0.004832   0.327244    0.054100   0.000000  -0.888149   0.000000  -0.201439  -0.077296   0.000000   0.055859
        2.0859 16   0.000061   0.000061   0.380834    0.049820   0.000000  -0.969118   0.000000  -0.185895  -0.071670   0.000000   0.050402
        1.7005 18   0.003326   0.003326   0.355981    0.049068   0.000000  -0.936134   0.000000  -0.230226  -0.074494   0.000000   0.049713
        1.6744 18   0.003855   0.003855   0.311287    0.051575   0.000000  -0.940467   0.000000  -0.214588  -0.077879   0.000000   0.056003
        1.9346 18   0.000320   0.000320   0.336459    0.042844   0.000000  -0.956016   0.000000  -0.220120  -0.077884   0.000000   0.050957
        1.5182 18   0.007854   0.007854   0.293268    0.039059   0.000000  -0.953405   0.000000  -0.192937  -0.065636   0.000000   0.052689
        2.0232 17   0.000008   0.000008   0.356315    0.058727   0.000000  -0.994493   0.000000  -0.224409  -0.085792   0.000000   0.053512
        1.7723 18   0.002067   0.002067   0.305037    0.045823   0.000000  -0.978045   0.000000  -0.204193  -0.073950   0.000000   0.049850
        1.6109 18   0.005312   0.005312   0.383916    0.047447   0.000000  -0.998230   0.000000  -0.212076  -0.074781   0.000000   0.051935
        2.0310 18   0.000002   0.000002   0.320917    0.044035   0.000000  -0.927211   0.000000  -0.218093  -0.073525   0.000000   0.049717
        2.0416 18   0.000000   0.000000   0.339212    0.062281   0.000000  -0.961158   0.000000  -0.220323  -0.080233   0.000000   0.047222
        1.9442 17   0.000265   0.000265   0.297806    0.068157   0.000000  -0.948158   0.000000  -0.198638  -0.067514   0.000000   0.049312
        1.8360 18   0.001200   0.001200   0.279633    0.053823   0.000000  -0.915883   0.000000  -0.207967  -0.067111   0.000000   0.048162
        2.1058 18   0.000125   0.000125   0.285175    0.050741   0.000000  -0.921086   0.000000  -0.216327  -0.078483   0.000000   0.051613
        1.6702 18   0.003944   0.003944   0.338374    0.056575   0.000000  -0.954605   0.000000  -0.248885  -0.092152   0.000000   0.046530
        1.8828 17   0.000713   0.000713   0.294026    0.044159   0.000000  -0.944316   0.000000  -0.213642  -0.079656   0.000000   0.047760
        1.7294 18   0.002782   0.002782   0.322461    0.053436   0.000000  -0.963258   0.000000  -0.227446  -0.081473   0.000000   0.051374
        1.9364 17   0.000309   0.000309   0.357066    0.034407   0.000000  -0.949568   0.000000  -0.201727  -0.069762   0.000000   0.053014
        1.8010 17   0.001648   0.001648   0.312400    0.044213   0.000000  -0.955647   0.000000  -0.215094  -0.073585   0.000000   0.055230
        1.7279 17   0.002810   0.002810   0.324302    0.051236   0.000000  -0.962092   0.000000  -0.203038  -0.078582   0.000000   0.050737
        2.0043 18   0.000037   0.000037   0.333180    0.073135   0.000000  -0.966983   0.000000  -0.218852  -0.073663   0.000000   0.051549
        2.0549 18   0.000006   0.000006   0.345536    0.050078   0.000000  -0.926867   0.000000  -0.211943  -0.074122   0.000000   0.051279
        1.8590 18   0.000945   0.000945   0.338494    0.059565   0.000000  -0.909689   0.000000  -0.221668  -0.074058   0.000000   0.049659
        1.9504 18   0.000232   0.000232   0.310837    0.033668   0.000000  -0.902799   0.000000  -0.212190  -0.080413   0.000000   0.054829
        1.7853 18   0.001871   0.001871   0.317251    0.046194   0.000000  -0.919883   0.000000  -0.217262  -0.077966   0.000000   0.049448
        1.4839 18   0.008919   0.008919   0.346550    0.053190   0.000000  -0.944670   0.000000  -0.215436  -0.074624   0.000000   0.053118
        1.7445 18   0.002518   0.002518   0.297953    0.053326   0.000000  -0.924707   0.000000  -0.232347  -0.075384   0.000000   0.053933
        1.7196 18   0.002961   0.002961   0.315795    0.047372   0.000000  -0.924461   0.000000  -0.238603  -0.084505   0.000000   0.050198
        1.5764 18   0.006199   0.006199   0.288775    0.058185   0.000000  -0.920924   0.000000  -0.214901  -0.080863   0.000000   0.047838
        1.4830 18   0.008948   0.008948   0.305681    0.051792   0.000000  -1.001974   0.000000  -0.198407  -0.072400   0.000000   0.051579
        1.5418 18   0.007158   0.007158   0.324991    0.046221   0.000000  -1.028053   0.000070  -0.198410  -0.076894   0.000000   0.052302
        1.8587 18   0.000949   0.000949   0.317600    0.049737   0.000000  -1.015379   0.000000  -0.194039  -0.074436   0.000000   0.049247
        1.9976 18   0.000052   0.000052   0.353618    0.070780   0.000000  -1.013085   0.000000  -0.198065  -0.068122   0.000000   0.049529
        1.6308 18   0.004830   0.004830   0.337469    0.075125   0.000000  -1.000174   0.000000  -0.208490  -0.070685   0.000000   0.052593
        1.6780 17   0.003781   0.003781   0.322454    0.077190   0.000000  -0.970394   0.000919  -0.200731  -0.076194   0.000000   0.051934
        1.9606 17   0.000182   0.000182   0.401054    0.072930   0.000000  -0.974858   0.000000  -0.209254  -0.073675   0.000000   0.051004
        1.8134 17   0.001481   0.001481   0.347960    0.032429   0.000000  -0.956158   0.000923  -0.186710  -0.069419   0.000000   0.051990
        1.9753 17   0.000121   0.000121   0.315747    0.041481   0.000000  -0.910654   0.000000  -0.201456  -0.071724   0.000000   0.050607
        1.7870 17   0.001846   0.001846   0.350071    0.056027   0.000000  -0.937788   0.000000  -0.204605  -0.077520   0.000000   0.048047
        1.8221 16   0.001370   0.001370   0.326783    0.032401   0.000000  -0.908007   0.000000  -0.184022  -0.071975   0.000000   0.050397
        1.9317 17   0.000338   0.000338   0.407824    0.048293   0.000000  -0.928685   0.000000  -0.196767  -0.077772   0.000000   0.049479
        1.5554 16   0.006774   0.006774   0.388227    0.060097   0.000000  -0.926107   0.000464  -0.171728  -0.059002   0.000000   0.050092
        1.6385 14   0.004649   0.004649   0.352665    0.039990   0.000000  -0.884547   0.001251  -0.170363  -0.066240   0.000000   0.049220
        1.8300 15   0.001272   0.001272   0.332218    0.067953   0.000000  -0.872593   0.001267  -0.167939  -0.070469   0.000000   0.049543
        1.9070 15   0.000511   0.000511   0.349228    0.056710   0.000000  -0.912837   0.000000  -0.176801  -0.068839   0.000000   0.051264
        2.0590 14   0.000010   0.000010   0.321415    0.061976   0.000000  -0.898952   0.000000  -0.189478  -0.064420   0.000000   0.046373
        1.7159 16   0.003030   0.003030   0.364134    0.048098   0.000000  -0.917387   0.000000  -0.178764  -0.060913   0.000000   0.054335
        1.5613 15   0.006611   0.006611   0.323244    0.053162   0.000000  -0.910374   0.000000  -0.171809  -0.060882   0.000000   0.055697
        2.0207 15   0.000011   0.000011   0.354656    0.039484   0.000000  -0.902239   0.000000  -0.189762  -0.060755   0.000000   0.050329
        2.0492 17   0.000002   0.000002   0.349826    0.038285   0.000000  -0.919808   0.000000  -0.187696  -0.064436   0.000000   0.052648
        1.9245 16   0.000385   0.000385   0.347591    0.037119   0.000000  -0.898114   0.000000  -0.168775  -0.063042   0.000000   0.048251
        1.7776 16   0.001986   0.001986   0.368078    0.035144   0.000000  -0.876285   0.000000  -0.194651  -0.073983   0.000000   0.053581
        1.8506 16   0.001034   0.001034   0.314019    0.058251   0.000000  -0.836155   0.000000  -0.207104  -0.074649   0.000000   0.051567
        1.9363 13   0.000310   0.000310   0.321149    0.070693   0.000000  -0.870136   0.001430  -0.173851  -0.065516   0.000000   0.049149
        1.9578 16   0.000195   0.000195   0.331254    0.072373   0.000000  -0.844206   0.000000  -0.179911  -0.064015   0.000000   0.050073
        2.2030 16   0.000766   0.000766   0.348174    0.043972   0.002228  -0.866983   0.000000  -0.184556  -0.064009   0.000000   0.051615
        1.9421 16   0.000276   0.000276   0.348431    0.053565   0.000000  -0.911779   0.000000  -0.197430  -0.070418   0.000000   0.049591
        1.8549 15   0.000989   0.000989   0.388539    0.058206   0.000000  -0.908962   0.000000  -0.192610  -0.066573   0.000000   0.052910
        1.9136 13   0.000461   0.000461   0.323360    0.075365   0.000000  -0.897391   0.000000  -0.160380  -0.051859   0.000000   0.047328
        2.0014 15   0.000043   0.000043   0.372654    0.085861   0.000000  -0.948210   0.005555  -0.181026  -0.062554   0.000000   0.047113
        1.8087 16   0.001544   0.001544   0.323546    0.043285   0.000000  -0.887281   0.000000  -0.189948  -0.068999   0.000000   0.049531
        2.0292 15   0.000003   0.000003   0.328874    0.049577   0.000000  -0.854235   0.000000  -0.177620  -0.079259   0.000000   0.047487
        2.0094 16   0.000027   0.000027   0.324837    0.047995   0.000000  -0.855746   0.000000  -0.175392  -0.053639   0.000000   0.048360
        1.7641 15   0.002196   0.002196   0.328322    0.050641   0.000000  -0.861360   0.000000  -0.162864  -0.069224   0.000000   0.046152
        1.7823 16   0.001915   0.001915   0.346791    0.063669   0.000000  -0.876680   0.000000  -0.177437  -0.065862   0.000000   0.057616
        2.0703 16   0.000026   0.000026   0.372461    0.041578   0.000000  -0.856690   0.000000  -0.168354  -0.066745   0.000000   0.053744
        1.9574 15   0.000197   0.000197   0.388832    0.045258   0.000000  -0.871108   0.000000  -0.181606  -0.058972   0.000000   0.055643
        1.9206 15   0.000411   0.000411   0.357255    0.034629   0.000000  -0.872020   0.000000  -0.185170  -0.070182   0.000000   0.050778
        2.2055 14   0.000791   0.000791   0.347784    0.064350   0.000000  -0.936935   0.000000  -0.169040  -0.057701   0.000000   0.047293
        2.0597 15   0.000011   0.000011   0.311561    0.055265   0.000000  -0.914821   0.000000  -0.164843  -0.069237   0.000000   0.045775
        1.8299 16   0.001274   0.001274   0.395558    0.070678   0.000000  -0.960400   0.000000  -0.175821  -0.063472   0.000000   0.052853
        1.9234 15   0.000392   0.000392   0.421697    0.045251   0.000000  -0.956113   0.000000  -0.170818  -0.062887   0.000000   0.045927
        1.9386 17   0.000297   0.000297   0.398478    0.045721   0.000000  -0.925043   0.000000  -0.174653  -0.068066   0.000000   0.048121
        2.2635 16   0.001441   0.001441   0.367632    0.054806   0.000000  -0.893825   0.000000  -0.174750  -0.063651   0.000000   0.047555
        1.8599 16   0.000935   0.000935   0.345782    0.041484   0.000000  -0.895242   0.000000  -0.178086  -0.061130   0.000000   0.047285
        1.8018 16   0.001636   0.001636   0.320575    0.052709   0.000000  -0.891112   0.000000  -0.186115  -0.077661   0.000000   0.049204
        1.9377 17   0.000302   0.000302   0.374474    0.059772   0.000000  -0.945393   0.000000  -0.221127  -0.075910   0.000000   0.048597
        2.1072 16   0.000130   0.000130   0.319630    0.064901   0.000000  -0.929004   0.000697  -0.183109  -0.067796   0.000000   0.050741
        1.9964 17   0.000055   0.000055   0.312875    0.061884   0.000000  -0.949428   0.001319  -0.182734  -0.069537   0.000000   0.051106
        1.9947 17   0.000059   0.000059   0.317951    0.071516   0.000000  -0.977488   0.000000  -0.187136  -0.072227   0.000000   0.046572
        2.1492 16   0.000344   0.000344   0.337555    0.058359   0.000000  -0.971130   0.000000  -0.212850  -0.086692   0.000000   0.048991
        1.3819 16   0.012494   0.012494   0.272538    0.058696   0.000000  -0.937490   0.000000  -0.184722  -0.070087   0.000000   0.050028
        1.8189 17   0.001410   0.001410   0.297449    0.038419   0.000000  -0.906473   0.000000  -0.197599  -0.064531   0.000000   0.055434
        1.8079 16   0.001554   0.001554   0.370981    0.075658   0.000000  -0.960352   0.000000  -0.189979  -0.067935   0.000000   0.052478
        2.0883 16   0.000067   0.000067   0.370512    0.060946   0.000000  -0.950324   0.000000  -0.211909  -0.067544   0.000000   0.051936
        2.0675 15   0.000022   0.000022   0.304139    0.049826   0.002134  -0.916057   0.000000  -0.182123  -0.070054   0.000000   0.050953
        2.1443 13   0.000314   0.000314   0.287465    0.048165   0.000000  -0.894685   0.001293  -0.149970  -0.054197   0.000000   0.056183
        2.0440 15   0.000000   0.000000   0.324171    0.059596   0.000000  -0.898728   0.000000  -0.186344  -0.070825   0.000000   0.047206
        2.0271 14   0.000005   0.000005   0.318610    0.053880   0.000000  -0.900774   0.000000  -0.177972  -0.056027  -0.013433   0.049869
        1.9426 15   0.000274   0.000274   0.308335    0.047352   0.000000  -0.874001   0.000000  -0.180109  -0.059681   0.000000   0.050476
        1.9582 15   0.000193   0.000193   0.297751    0.052520   0.000000  -0.896202   0.000000  -0.163629  -0.061170   0.000000   0.049549
        1.9474 15   0.000247   0.000247   0.324036    0.059407   0.000000  -0.911142   0.000000  -0.185947  -0.065328   0.000000   0.050224
        1.8061 13   0.001578   0.001578   0.329524    0.052016   0.000000  -0.949326   0.000000  -0.153199  -0.064142   0.000000   0.047236
        1.5798 15   0.006109   0.006109   0.360656    0.051411   0.000000  -0.925922   0.000000  -0.174962  -0.068262   0.000000   0.045326
        2.2955 15   0.001882   0.001882   0.299392    0.042066   0.000000  -0.922547   0.000000  -0.165883  -0.052390   0.000000   0.049695
        2.2713 14   0.001543   0.001543   0.325389    0.055964   0.000000  -0.915537   0.000000  -0.184942  -0.069492   0.000000   0.052539
        1.9516 15   0.000225   0.000225   0.351890    0.058240   0.000000  -0.938284   0.000000  -0.180711  -0.063523   0.000000   0.049747
        1.7395 14   0.002605   0.002605   0.341061    0.047931   0.000000  -0.926839   0.000000  -0.189331  -0.066713   0.000000   0.046590
        1.9345 17   0.000321   0.000321   0.331737    0.056295   0.000860  -0.946258   0.000000  -0.189265  -0.071310   0.000000   0.048109
        1.8677 16   0.000856   0.000856   0.336337    0.045713   0.000000  -0.949313   0.000249  -0.214819  -0.076970   0.000000   0.056037
        2.0010 16   0.000044   0.000044   0.360266    0.052844   0.000000  -0.972750   0.000000  -0.191610  -0.068895   0.000000   0.049784
        1.8780 17   0.000757   0.000757   0.396153    0.048917   0.000000  -0.977234   0.000000  -0.188759  -0.079261   0.000000   0.053083
        1.8422 17   0.001129   0.001129   0.353500    0.053673   0.000000  -0.940182   0.000000  -0.217669  -0.077209   0.000000   0.048568
        2.2481 15   0.001249   0.001249   0.365874    0.037016   0.000000  -0.931837   0.000000  -0.175641  -0.072701   0.000000   0.046764
        1.9094 16   0.000492   0.000492   0.319326    0.052124   0.002485  -0.932397   0.000000  -0.186550  -0.060156   0.000000   0.053939
        2.1730 13   0.000510   0.000510   0.372629    0.024782   0.000000  -0.992143   0.000000  -0.165934  -0.063419   0.000000   0.047105
        1.8359 15   0.001202   0.001202   0.301698    0.046172   0.000000  -0.981343   0.000000  -0.160424  -0.062523   0.000000   0.047661
        1.9580 14   0.000194   0.000194   0.304807    0.054473   0.000000  -1.029583   0.000000  -0.168179  -0.066103   0.000000   0.053934
        2.0014 15   0.000043   0.000043   0.271855    0.036188   0.000000  -0.960071   0.000000  -0.181696  -0.062214   0.000000   0.050703
        2.0692 14   0.000025   0.000025   0.329018    0.040622   0.000000  -0.950331   0.000000  -0.176164  -0.063412   0.000000   0.046563
        2.2078 14   0.000812   0.000812   0.321549    0.059143   0.000000  -0.916775   0.000000  -0.185053  -0.065883   0.000000   0.055135
        1.9226 15   0.000397   0.000397   0.320522    0.036510   0.000000  -0.901720   0.000000  -0.188615  -0.065129   0.000000   0.046206
        1.9443 15   0.000264   0.000264   0.302789    0.057504   0.000122  -0.935181   0.000000  -0.187583  -0.065676   0.000000   0.047370
        2.2296 15   0.001037   0.001037   0.334445    0.054737   0.000000  -0.951670   0.000000  -0.189854  -0.067924   0.000000   0.049637
        1.9840 15   0.000090   0.000090   0.352981    0.053406   0.000000  -0.972474   0.000000  -0.168494  -0.068908   0.000000   0.047735
        2.0317 15   0.000002   0.000002   0.291868    0.054928   0.000000  -0.953348   0.000000  -0.160138  -0.060670   0.000000   0.046932
        2.0400 15   0.000000   0.000000   0.341163    0.063325   0.000000  -0.937159   0.000000  -0.171812  -0.063183   0.000000   0.049017
        2.0931 15   0.000081   0.000081   0.391256    0.045582   0.000000  -0.992952   0.000000  -0.188219  -0.064465   0.000000   0.050377
        2.0664 14   0.000020   0.000020   0.351525    0.043124   0.000000  -0.961937   0.000000  -0.175384  -0.065750   0.000000   0.050624
        2.2051 13   0.000787   0.000787   0.308375    0.038488   0.000000  -0.945331   0.000000  -0.163237  -0.072908   0.000000   0.048457
        2.0330 16   0.000001   0.000001   0.306676    0.058056   0.000000  -0.938224   0.000000  -0.168833  -0.057456   0.000000   0.047862
        1.9866 15   0.000082   0.000082   0.350616    0.042515   0.000000  -0.901369   0.000000  -0.190101  -0.072657   0.000000   0.049781
        1.8140 16   0.001473   0.001473   0.355809    0.047498   0.000000  -0.910079   0.000000  -0.190176  -0.076502   0.000000   0.049564
        2.1589 15   0.000408   0.000408   0.304104    0.055759   0.000000  -0.884839   0.000000  -0.190135  -0.067262   0.000000   0.048146
        2.0637 12   0.000016   0.000016   0.351141    0.047968   0.000000  -0.901208   0.000000  -0.158502  -0.066271   0.000000   0.055600
        2.0652 14   0.000018   0.000018   0.362646    0.046732   0.000000  -0.934008   0.000000  -0.186573  -0.067218   0.000000   0.047701
        1.8512 15   0.001028   0.001028   0.355207    0.056770   0.000000  -0.916376   0.001474  -0.161906  -0.056286   0.000000   0.052532
        2.3045 15   0.002018   0.002018   0.365300    0.059026   0.000000  -0.920579   0.000000  -0.176702  -0.060814   0.000000   0.047759
        2.0254 15   0.000006   0.000006   0.305513    0.076702   0.000000  -0.920764   0.000000  -0.168205  -0.058261   0.000000   0.045175
        1.9095 15   0.000491   0.000491   0.302409    0.055544   0.000000  -0.920015   0.000000  -0.178688  -0.066460   0.000000   0.050490
        1.7342 14   0.002697   0.002697   0.289251    0.041064   0.000000  -0.887956   0.000000  -0.169069  -0.063313   0.000000   0.049119
        1.6274 14   0.004911   0.004911   0.294997    0.040688   0.000000  -0.910205   0.000000  -0.156964  -0.051196   0.000000   0.046639
        1.8917 15   0.000634   0.000634   0.333734    0.051722   0.000000  -0.929533   0.000000  -0.163954  -0.062186   0.000000   0.051154
        2.2582 14   0.001374   0.001374   0.338060    0.037335   0.000000  -0.903902   0.000000  -0.161852  -0.064614   0.000000   0.049785
        1.7269 15   0.002828   0.002828   0.366105    0.067425   0.000000  -0.908855   0.000000  -0.178979  -0.061404   0.000000   0.052499
        2.1654 14   0.000454   0.000454   0.337229    0.054265   0.000000  -0.906814   0.000000  -0.171409  -0.057886   0.000000   0.051432
        2.1900 15   0.000649   0.000649   0.289947    0.050444   0.000000  -0.847651   0.000000  -0.191618  -0.061095   0.000000   0.044908
        1.9783 15   0.000110   0.000110   0.301329    0.050240   0.000000  -0.871118   0.000000  -0.174234  -0.062857   0.000000   0.055252
        1.9148 15   0.000452   0.000452   0.331420    0.060176   0.000000  -0.898709   0.000000  -0.192276  -0.067200   0.000000   0.047232
        1.8748 14   0.000787   0.000787   0.328648    0.048610   0.000000  -0.868432   0.000000  -0.184535  -0.072520   0.000000   0.052588
        1.9487 14   0.000240   0.000240   0.319743    0.076031   0.000000  -0.886530   0.000000  -0.176858  -0.066038   0.000000   0.047254
        1.9940 15   0.000061   0.000061   0.301680    0.036710   0.000001  -0.834338   0.000000  -0.192416  -0.065176   0.000000   0.051774
        2.0135 15   0.000020   0.000020   0.295423    0.044801   0.000000  -0.876933   0.000000  -0.176326  -0.063024   0.000000   0.053672
        2.0017 15   0.000042   0.000042   0.294290    0.064234   0.000000  -0.896453   0.000000  -0.152616  -0.066115   0.000000   0.048799
        1.9804 14   0.000103   0.000103   0.280360    0.065339   0.000000  -0.884360   0.000000  -0.178902  -0.064751   0.000000   0.047532
        1.8318 14   0.001250   0.001250   0.290462    0.043722   0.000118  -0.901167   0.000000  -0.174135  -0.066148   0.000000   0.054022
        1.8706 14   0.000828   0.000828   0.277406    0.047536   0.000000  -0.923607   0.000000  -0.179096  -0.061659   0.000000   0.046928
        1.9188 14   0.000424   0.000424   0.272871    0.040276   0.000000  -0.929512   0.000000  -0.190008  -0.072376   0.000000   0.050516
        1.7373 15   0.002643   0.002643   0.378059    0.048437   0.000000  -0.987590   0.000000  -0.182978  -0.070727   0.000000   0.045771
        1.7832 14   0.001902   0.001902   0.331938    0.049168   0.000000  -0.980318   0.000000  -0.176115  -0.064742   0.000000   0.046374
        2.0228 13   0.000008   0.000008   0.324701    0.053722   0.000000  -0.976312   0.000000  -0.174419  -0.060879   0.000000   0.044213
        2.1476 13   0.000334   0.000334   0.262682    0.039694   0.000000  -0.952219   0.000000  -0.173033  -0.061146   0.000000   0.046300
        2.1424 14   0.000302   0.000302   0.332208    0.035739   0.000000  -0.967423   0.000000  -0.180681  -0.063288   0.000000   0.046590
        2.1969 14   0.000710   0.000710   0.310021    0.034257   0.000000  -0.851631   0.000000  -0.173802  -0.063133   0.000000   0.044679
        2.0704 15   0.000027   0.000027   0.335173    0.062600   0.000000  -0.954844   0.000000  -0.178403  -0.063282   0.000000   0.043439
        2.1654 15   0.000453   0.000453   0.295051    0.036657   0.000000  -0.975271   0.000000  -0.153673  -0.053344   0.000000   0.045758
        2.1220 14   0.000194   0.000194   0.355152    0.052908   0.000000  -0.983942   0.000000  -0.175168  -0.061297   0.000000   0.047475
        1.9559 14   0.000204   0.000204   0.350933    0.038571   0.000008  -0.957938   0.000000  -0.188726  -0.068432   0.000000   0.048607
        1.8719 13   0.000815   0.000815   0.355806    0.047938   0.000000  -0.971768   0.000000  -0.165656  -0.059095   0.000000   0.046027
        1.8783 13   0.000755   0.000755   0.354931    0.031886   0.000000  -0.929199   0.000000  -0.166047  -0.066164   0.000000   0.044258
        2.0583 14   0.000010   0.000010   0.350395    0.058846   0.000000  -0.960332   0.000000  -0.160558  -0.054104   0.000000   0.045654
        1.6441 14   0.004522   0.004522   0.350572    0.040240   0.000000  -0.970859   0.000000  -0.164370  -0.051305   0.000000   0.047226
        1.9684 13   0.000148   0.000148   0.302328    0.043651   0.000000  -0.924019   0.000000  -0.153649  -0.057967   0.000000   0.045688
        2.2282 13   0.001022   0.001022   0.306636    0.031600   0.000000  -0.932102   0.000000  -0.156785  -0.062760   0.000000   0.047348
        2.4056 14   0.003857   0.003857   0.344262    0.029876   0.000000  -0.948317   0.000000  -0.187047  -0.070260   0.000000   0.043940
        2.0033 13   0.000039   0.000039   0.283555    0.034590   0.000000  -0.930703   0.000000  -0.169216  -0.063874   0.000000   0.045918
        1.9727 15   0.000131   0.000131   0.303909    0.041042   0.000000  -0.926231   0.000000  -0.168941  -0.066712   0.000000   0.044184
        2.3787 14   0.003309   0.003309   0.314990    0.052002   0.000000  -0.968222   0.000000  -0.164258  -0.064523   0.000000   0.046019
        2.1316 14   0.000242   0.000242   0.294275    0.036158   0.000000  -0.904859   0.000000  -0.170689  -0.061819   0.000000   0.046652
        2.1018 15   0.000110   0.000110   0.307944    0.051118   0.000000  -0.918050   0.000000  -0.181683  -0.060334   0.000000   0.044530
        2.1120 13   0.000150   0.000150   0.363074    0.063239   0.000000  -0.976646   0.000000  -0.144207  -0.059774   0.000000   0.047420
        1.9397 14   0.000290   0.000290   0.316941    0.043497   0.000000  -0.907904   0.000000  -0.170652  -0.062099   0.000000   0.049075
        1.9657 15   0.000159   0.000159   0.326629    0.052077   0.000000  -0.917857   0.000000  -0.180874  -0.065276   0.000000   0.048288
        1.9810 14   0.000101   0.000101   0.327043    0.047779   0.000000  -0.935548   0.000000  -0.169017  -0.055556   0.000000   0.047776
        2.3153 14   0.002186   0.002186   0.298751    0.035157   0.000000  -0.910742   0.000000  -0.167577  -0.057864   0.000000   0.046422
        2.2475 14   0.001242   0.001242   0.346352    0.041715   0.000000  -0.956835   0.000000  -0.168278  -0.057909   0.000000   0.043431
        1.9105 15   0.000484   0.000484   0.361025    0.044953   0.000000  -0.937979   0.000000  -0.177795  -0.060590   0.000000   0.044824
        1.8876 13   0.000670   0.000670   0.334267    0.071233   0.000000  -0.952229   0.000000  -0.172039  -0.059672   0.000000   0.050226
        2.2801 15   0.001663   0.001663   0.343069    0.060583   0.000000  -0.921012   0.000340  -0.182857  -0.051846   0.000000   0.046046
        2.0168 13   0.000015   0.000015   0.386113    0.059497   0.000000  -0.941541   0.000000  -0.169185  -0.064557   0.000000   0.046160
        2.0552 14   0.000007   0.000007   0.336290    0.065598   0.000000  -0.909809   0.000000  -0.169081  -0.066912   0.000000   0.048210
        1.8770 14   0.000766   0.000766   0.296950    0.047856   0.000000  -0.855134   0.000000  -0.165419  -0.066787   0.000000   0.048118
        2.0312 13   0.000002   0.000002   0.280307    0.049920   0.000000  -0.826316   0.000000  -0.157220  -0.055505   0.000000   0.053163
        1.9110 14   0.000480   0.000480   0.296212    0.042644   0.000000  -0.823253   0.000000  -0.167342  -0.059984   0.000000   0.045265
        1.7507 14   0.002413   0.002413   0.332601    0.040341   0.000000  -0.861645   0.000000  -0.169586  -0.053055   0.000000   0.051020
        1.9599 14   0.000185   0.000185   0.286865    0.037742   0.001414  -0.815690   0.000000  -0.180140  -0.066925   0.000000   0.058154
        1.7636 14   0.002205   0.002205   0.292929    0.051806   0.000000  -0.857267   0.000000  -0.182613  -0.068485   0.000000   0.053000
        2.0353 16   0.000001   0.000001   0.343514    0.048564   0.000000  -0.880238   0.000000  -0.180423  -0.060137  -0.002888   0.054248
        1.9419 17   0.000278   0.000278   0.382403    0.048193   0.000000  -0.825824   0.000000  -0.196665  -0.079661   0.000000   0.048077
        2.1037 16   0.000117   0.000117   0.328158    0.039350   0.000000  -0.827153   0.000168  -0.167500  -0.073067  -0.000006   0.050555
        1.7168 17   0.003014   0.003014   0.363489    0.039290   0.000000  -0.884124   0.000000  -0.188547  -0.062273   0.000000   0.053278
        2.2063 16   0.000797   0.000797   0.352963    0.055941   0.000000  -0.893223   0.000000  -0.185334  -0.073539   0.000000   0.050953
        1.8768 15   0.000768   0.000768   0.340592    0.052315   0.000000  -0.863529   0.000000  -0.174844  -0.071873   0.000000   0.055282
        2.1180 15   0.000176   0.000176   0.330153    0.059545   0.000000  -0.869607   0.000000  -0.171799  -0.064956   0.000000   0.049477
        1.9488 16   0.000240   0.000240   0.343695    0.049872   0.000000  -0.880958   0.000000  -0.163292  -0.063564   0.000000   0.046840
        1.9784 16   0.000110   0.000110   0.346597    0.035393   0.000000  -0.894941   0.000000  -0.175738  -0.069392   0.000000   0.054320
        2.2312 15   0.001054   0.001054   0.378383    0.047050   0.000000  -0.966692   0.000000  -0.173748  -0.063767   0.000000   0.050530
        1.9900 16   0.000072   0.000072   0.306244    0.070819   0.000000  -0.924689   0.000000  -0.204155  -0.067477   0.000000   0.059996
        2.0061 16   0.000033   0.000033   0.299315    0.064186   0.000000  -0.942403   0.000000  -0.180473  -0.066849   0.000000   0.049539
        2.0947 15   0.000086   0.000086   0.325779    0.057981   0.000000  -0.899504   0.000000  -0.165189  -0.058701   0.000000   0.048610
        1.9001 15   0.000565   0.000565   0.348145    0.061957   0.000000  -0.894790   0.000000  -0.168074  -0.063117   0.000000   0.047418
        1.8803 15   0.000736   0.000736   0.398927    0.052133   0.000000  -0.909141   0.000000  -0.181563  -0.065096   0.000000   0.051270
        2.1023 16   0.000112   0.000112   0.339846    0.033754   0.000000  -0.905434   0.000000  -0.189211  -0.072281   0.000000   0.050719
        2.0165 16   0.000016   0.000016   0.309895    0.044181   0.000000  -0.874473   0.000000  -0.197343  -0.073138   0.000000   0.056897
        1.8023 16   0.001630   0.001630   0.325623    0.044396   0.000000  -0.887871   0.000000  -0.192937  -0.073617   0.000000   0.046998
        1.9242 15   0.000387   0.000387   0.344163    0.051474   0.000000  -0.910111   0.000000  -0.167011  -0.068073   0.000000   0.051227
        1.9825 16   0.000095   0.000095   0.312675    0.051052   0.000000  -0.857499   0.000000  -0.201192  -0.075476   0.000000   0.047544
        1.9189 16   0.000423   0.000423   0.341407    0.050295   0.000000  -0.868919   0.000000  -0.186419  -0.064983   0.000000   0.046227
        2.0704 14   0.000027   0.000027   0.355907    0.054496   0.000000  -0.876191   0.000000  -0.187215  -0.068610   0.000000   0.050675
        2.1222 14   0.000195   0.000195   0.335084    0.063952   0.000000  -0.827327   0.000000  -0.181044  -0.069465  -0.000000   0.046282
        1.9281 15   0.000361   0.000361   0.351611    0.048616   0.000000  -0.806224   0.000000  -0.183362  -0.065233   0.000000   0.048440
        2.0545 15   0.000006   0.000006   0.338692    0.048993   0.000000  -0.813980   0.000000  -0.158111  -0.059284   0.000000   0.051742
        1.6421 14   0.004568   0.004568   0.325937    0.041086   0.000000  -0.763850   0.000000  -0.179123  -0.064597   0.000000   0.045321
        1.7797 15   0.001955   0.001955   0.305750    0.061350   0.000000  -0.797382   0.000000  -0.184678  -0.062919   0.000000   0.047057
        2.0072 15   0.000031   0.000031   0.321818    0.049225   0.000000  -0.800401   0.000000  -0.186354  -0.068843   0.000000   0.046602
        1.7537 14   0.002364   0.002364   0.292405    0.039687   0.000000  -0.844476   0.000000  -0.172112  -0.058004   0.000000   0.048334
        1.9587 14   0.000191   0.000191   0.319326    0.051592   0.000000  -0.803755   0.000000  -0.178191  -0.067244   0.000000   0.046194
        1.8021 15   0.001633   0.001633   0.339583    0.047833   0.000000  -0.836256   0.000000  -0.188639  -0.071121   0.000000   0.047681
        1.8399 12   0.001155   0.001155   0.332745    0.038622   0.000000  -0.845181   0.000000  -0.147816  -0.053157   0.000000   0.048067
        2.0379 15   0.000000   0.000000   0.380429    0.044978   0.000000  -0.893735   0.000000  -0.164047  -0.056110  -0.002881   0.046981
        2.0211 13   0.000010   0.000010   0.341978    0.055108   0.000000  -0.907026   0.000000  -0.156617  -0.062479   0.000000   0.049872
        1.9540 14   0.000213   0.000213   0.327854    0.060594   0.000000  -0.878818   0.000000  -0.181412  -0.070194   0.000000   0.054688
        1.9764 14   0.000117   0.000117   0.297200    0.042093   0.000000  -0.795123   0.001040  -0.157884  -0.062486   0.000000   0.051282
        1.9663 14   0.000157   0.000157   0.333134    0.057584   0.000000  -0.813880   0.000000  -0.179018  -0.060426   0.000000   0.049939
        2.1975 14   0.000716   0.000716   0.308527    0.029919   0.000000  -0.785235   0.000000  -0.178755  -0.061447   0.000000   0.050387
        1.9209 15   0.000409   0.000409   0.304887    0.042393   0.000000  -0.804919   0.000000  -0.186093  -0.069664   0.000000   0.054997
        2.2924 15   0.001838   0.001838   0.333530    0.050462   0.000000  -0.844986   0.000000  -0.184694  -0.063633   0.000000   0.049350
        2.2030 15   0.000766   0.000766   0.277296    0.043329   0.000000  -0.831739   0.000000  -0.198128  -0.071815   0.000000   0.051611
        2.0487 15   0.000002   0.000002   0.317584    0.040501   0.000000  -0.873423   0.000000  -0.164446  -0.068040   0.000000   0.047861
        2.0385 13   0.000000   0.000000   0.323009    0.059567   0.000000  -0.859201   0.000000  -0.162595  -0.062251   0.000000   0.048136
        1.8552 15   0.000986   0.000986   0.305756    0.055363   0.000000  -0.855934   0.000000  -0.162879  -0.063365   0.000000   0.049079
        2.0577 15   0.000009   0.000009   0.305487    0.053647   0.000000  -0.854112   0.000000  -0.166545  -0.057286   0.000000   0.049769
        2.0333 14   0.000001   0.000001   0.321873    0.036198   0.000000  -0.857267   0.000000  -0.177174  -0.063305   0.000000   0.046295
        1.8417 14   0.001135   0.001135   0.306212    0.054713   0.000000  -0.895494   0.000000  -0.163456  -0.061679   0.000000   0.054623
        2.1218 15   0.000193   0.000193   0.315203    0.032978   0.000000  -0.815552   0.000000  -0.191325  -0.063091   0.000000   0.044322
        1.9192 15   0.000421   0.000421   0.352184    0.059883   0.000380  -0.827687   0.000000  -0.174921  -0.061403   0.000000   0.053532
        1.9469 15   0.000250   0.000250   0.335895    0.074194   0.000968  -0.839853   0.000000  -0.173407  -0.056833   0.000000   0.047475
        1.9241 15   0.000387   0.000387   0.312878    0.033801   0.000000  -0.808640   0.000109  -0.166274  -0.055580   0.000000   0.047929
        1.7070 14   0.003199   0.003199   0.318886    0.045835   0.000000  -0.817053   0.000000  -0.165733  -0.057057   0.000000   0.044354
        2.3849 15   0.003431   0.003431   0.307947    0.058569   0.000000  -0.811151   0.000000  -0.192704  -0.068579   0.000000   0.045133
        1.9480 14   0.000244   0.000244   0.363502    0.057142   0.000000  -0.841340   0.000000  -0.157007  -0.060046   0.000000   0.049910
        2.0345 13   0.000001   0.000001   0.342306    0.053606   0.000000  -0.841287   0.000000  -0.161768  -0.061061   0.000000   0.052590
        2.0044 15   0.000037   0.000037   0.335258    0.040565   0.000000  -0.789722   0.000000  -0.177629  -0.068289   0.000000   0.045502
        2.1724 14   0.000506   0.000506   0.328047    0.037962   0.000000  -0.755329   0.000000  -0.177648  -0.069784   0.000000   0.045277
        2.3218 15   0.002290   0.002290   0.319730    0.066335   0.000000  -0.849698   0.000000  -0.176931  -0.061763   0.000000   0.049136
        2.0577 15   0.000009   0.000009   0.277531    0.053858   0.000000  -0.851265   0.000000  -0.173377  -0.061159   0.000000   0.045520
        1.7809 15   0.001937   0.001937   0.311782    0.069612   0.000000  -0.876471   0.000000  -0.163168  -0.050828   0.000000   0.047584
        1.9949 15   0.000059   0.000059   0.347177    0.043315   0.000000  -0.834544   0.000000  -0.187500  -0.072951   0.000000   0.048861
        1.9091 14   0.000494   0.000494   0.327029    0.056987   0.000299  -0.873357   0.000000  -0.174299  -0.070958   0.000000   0.047987
        2.1466 14   0.000328   0.000328   0.342365    0.040022   0.000000  -0.864323   0.000000  -0.170104  -0.068526   0.000000   0.046241
        2.1929 15   0.000674   0.000674   0.280882    0.065945   0.000000  -0.863411   0.000000  -0.168682  -0.066429   0.000000   0.052108
        1.7152 15   0.003044   0.003044   0.341610    0.035171   0.000000  -0.935824   0.000000  -0.178025  -0.059663   0.000000   0.051396
        2.2022 13   0.000759   0.000759   0.311178    0.041520   0.000000  -0.904383   0.000000  -0.169158  -0.059592   0.000000   0.054963
        1.9621 14   0.000175   0.000175   0.327582    0.045400   0.000000  -0.909583   0.000000  -0.176108  -0.059918   0.000000   0.049365
        1.9094 12   0.000492   0.000492   0.349002    0.047664   0.000000  -0.915102   0.000000  -0.172855  -0.067940   0.000000   0.042674
        2.1816 14   0.000579   0.000579   0.306601    0.049409   0.000000  -0.889022   0.000000  -0.171408  -0.067375   0.000000   0.046760
        2.0473 14   0.000002   0.000002   0.340499    0.050408   0.000000  -0.929188   0.000000  -0.185110  -0.070379   0.000000   0.046914
        2.5031 14   0.006188   0.006188   0.344652    0.052899   0.000000  -0.903080   0.000000  -0.178039  -0.072699   0.000000   0.046924
        1.9614 14   0.000178   0.000178   0.344626    0.051829   0.000000  -0.929404   0.000000  -0.182356  -0.066603   0.000000   0.044535
        2.2387 13   0.001138   0.001138   0.335046    0.038623   0.000000  -0.939321   0.000000  -0.144425  -0.057479   0.000000   0.046879
        2.1115 13   0.000148   0.000148   0.348812    0.056531   0.000000  -0.919331   0.000000  -0.159324  -0.060508   0.000000   0.049722
        1.8773 14   0.000764   0.000764   0.330601    0.052291   0.000000  -0.863266   0.000000  -0.176156  -0.069061   0.000000   0.049512
        2.0223 13   0.000009   0.000009   0.324258    0.065678   0.000000  -0.884417   0.000000  -0.159975  -0.052334   0.000000   0.046073
        1.9327 14   0.000332   0.000332   0.331369    0.045651   0.000000  -0.892447   0.000000  -0.177781  -0.062845   0.000000   0.047086
        2.0758 12   0.000037   0.000037   0.304523    0.047697   0.000000  -0.883908   0.000000  -0.165964  -0.064753   0.000000   0.046481
        1.7658 14   0.002168   0.002168   0.333595    0.036064   0.000000  -0.915778   0.000000  -0.156082  -0.054274   0.000000   0.049921
        2.2633 14   0.001438   0.001438   0.353075    0.037818   0.000000  -0.896571   0.000000  -0.171480  -0.051816   0.000000   0.045968
        1.9211 14   0.000408   0.000408   0.363633    0.045619   0.000000  -0.879780   0.000000  -0.182113  -0.065266   0.000000   0.048686
        2.3422 14   0.002634   0.002634   0.303442    0.058916   0.000000  -0.882149   0.000000  -0.187621  -0.062695   0.000000   0.047312
        2.3263 14   0.002365   0.002365   0.356740    0.041597   0.000000  -0.915933   0.000000  -0.175519  -0.060551   0.000000   0.046310
        1.9021 12   0.000548   0.000548   0.316453    0.036488   0.000000  -0.929394   0.000000  -0.134963  -0.048029   0.000000   0.053451
        2.0400 13   0.000000   0.000000   0.308224    0.048052   0.000000  -0.907194   0.000000  -0.167472  -0.058583   0.000000   0.052953
        2.0062 14   0.000033   0.000033   0.334952    0.057632   0.000000  -0.898162   0.000000  -0.169959  -0.072976   0.000000   0.053336
        1.8491 14   0.001051   0.001051   0.351135    0.041374   0.001012  -0.903691   0.000000  -0.165436  -0.060596   0.000000   0.052728
        1.9948 15   0.000059   0.000059   0.344191    0.065268   0.000000  -0.882302   0.000000  -0.181672  -0.064307   0.000000   0.054249
        1.9649 15   0.000163   0.000163   0.327972    0.055657   0.000000  -0.866928   0.000000  -0.167346  -0.058137   0.000000   0.048487
        1.7521 15   0.002392   0.002392   0.354515    0.049488   0.000649  -0.878749   0.000000  -0.187702  -0.073669   0.000000   0.051289
        2.0263 15   0.000005   0.000005   0.323721    0.056025   0.003251  -0.875516   0.000000  -0.175179  -0.057640   0.000000   0.051859
        2.0718 15   0.000029   0.000029   0.375900    0.037433   0.000000  -0.863718   0.000000  -0.183256  -0.070028   0.000000   0.048793
        1.6605 15   0.004155   0.004155   0.324296    0.046750   0.000000  -0.849611   0.000000  -0.178681  -0.046029   0.000000   0.055232
        2.1089 13   0.000137   0.000137   0.365416    0.051015   0.000000  -0.874725   0.000000  -0.156762  -0.064398   0.000000   0.050373
        1.8090 14   0.001539   0.001539   0.320300    0.045163   0.000000  -0.842065   0.000000  -0.155257  -0.059804   0.000000   0.051970
        2.1116 15   0.000148   0.000148   0.363586    0.043176   0.000000  -0.804066   0.000000  -0.170367  -0.066495   0.000000   0.051500
        2.0907 13   0.000074   0.000074   0.348854    0.038372   0.000000  -0.806783   0.000000  -0.147631  -0.062454   0.000000   0.050003
        2.1663 13   0.000460   0.000460   0.340434    0.059892   0.000000  -0.850395   0.000000  -0.160337  -0.059621   0.000000   0.047845
        1.9763 15   0.000117   0.000117   0.310175    0.040361   0.000002  -0.816562   0.000000  -0.193029  -0.059844   0.000000   0.047562
        1.8014 14   0.001642   0.001642   0.352954    0.054864   0.000000  -0.896596   0.000000  -0.170732  -0.061022   0.000000   0.048848
        2.0773 14   0.000040   0.000040   0.351186    0.029794   0.000000  -0.871078   0.000000  -0.164586  -0.050755   0.000000   0.050418
        2.0159 13   0.000017   0.000017   0.345116    0.062581   0.000000  -0.878515   0.000000  -0.158554  -0.066203   0.000000   0.052673
        1.8907 14   0.000643   0.000643   0.287622    0.042397   0.000000  -0.896455   0.000000  -0.155404  -0.054245   0.000000   0.050997
        1.7534 15   0.002370   0.002370   0.323225    0.045552   0.000000  -0.915519   0.000000  -0.187872  -0.065056   0.000000   0.049243
        2.1529 13   0.000368   0.000368   0.315898    0.034588   0.000000  -0.903445   0.000000  -0.172067  -0.063645   0.000000   0.047877
        1.8467 15   0.001078   0.001078   0.321653    0.055882   0.000000  -0.917064   0.000000  -0.184207  -0.062039   0.000000   0.047744
        2.2896 15   0.001797   0.001797   0.251057    0.040945   0.000000  -0.911271   0.000000  -0.162506  -0.061345   0.000000   0.048186
        1.9680 15   0.000149   0.000149   0.335041    0.042505   0.000000  -0.892419   0.000000  -0.183847  -0.065546   0.000000   0.046956
        1.9320 15   0.000336   0.000336   0.328523    0.066487   0.000000  -0.887913   0.000000  -0.178497  -0.061714   0.000000   0.043994
        1.6992 14   0.003350   0.003350   0.343710    0.051377   0.000000  -0.910763   0.000614  -0.175272  -0.061905   0.000000   0.047988
        1.8064 14   0.001574   0.001574   0.312427    0.051394   0.000000  -0.861624   0.000000  -0.151683  -0.060912   0.000000   0.053180
        2.1832 15   0.000591   0.000591   0.302070    0.051740   0.002833  -0.891431   0.000000  -0.169870  -0.055083   0.000000   0.045800
        1.8789 13   0.000749   0.000749   0.314740    0.048067   0.000000  -0.900997   0.000000  -0.160146  -0.066953   0.000000   0.048625
        2.0500 15   0.000003   0.000003   0.314118    0.043723   0.000000  -0.918454   0.000000  -0.168826  -0.060282   0.000000   0.045882
        2.0684 14   0.000023   0.000023   0.344277    0.045627   0.000000  -0.900391   0.000000  -0.169193  -0.059967   0.000000   0.049683
        1.9207 15   0.000411   0.000411   0.331919    0.055855   0.000000  -0.890344   0.000000  -0.180956  -0.071456   0.000000   0.046250
        2.1267 14   0.000217   0.000217   0.329584    0.036868   0.000000  -0.908907   0.000000  -0.181777  -0.055941   0.000000   0.047061
        2.2675 14   0.001493   0.001493   0.321695    0.040175   0.000000  -0.880985   0.000000  -0.175644  -0.061313   0.000000   0.053726
        1.9706 15   0.000139   0.000139   0.372972    0.073235   0.000000  -0.937707   0.000000  -0.172530  -0.058911   0.000000   0.050383
        1.8511 15   0.001030   0.001030   0.356900    0.071249   0.000450  -0.914750   0.000000  -0.146916  -0.051110   0.000000   0.049702
        2.0502 15   0.000003   0.000003   0.349352    0.050465   0.000000  -0.875181   0.000000  -0.175311  -0.062637   0.000000   0.053115
        1.7033 14   0.003271   0.003271   0.378119    0.050691   0.000000  -0.900615   0.000000  -0.149774  -0.054700   0.000000   0.050412
        2.2344 15   0.001090   0.001090   0.363798    0.064989   0.000000  -0.934037   0.000000  -0.178608  -0.063166   0.000000   0.050759
        2.2455 15   0.001218   0.001218   0.332906    0.053947   0.000000  -0.911494   0.000000  -0.184476  -0.065810   0.000000   0.045249
        2.4764 14   0.005493   0.005493   0.330833    0.040245   0.000000  -0.932219   0.000000  -0.173545  -0.053636   0.000000   0.049690
        2.2041 14   0.000776   0.000776   0.377926    0.058226   0.000000  -0.969503   0.000000  -0.171298  -0.051780   0.000000   0.048577
        2.0224 15   0.000009   0.000009   0.363522    0.082501   0.000000  -0.977127   0.000000  -0.175342  -0.069488   0.000000   0.051525
        2.0275 14   0.000005   0.000005   0.336570    0.063545   0.000000  -0.927639   0.000000  -0.173578  -0.064201   0.000000   0.049379
        2.1145 13   0.000160   0.000160   0.287843    0.050862   0.000000  -0.903324   0.000000  -0.172165  -0.049967   0.000000   0.046936
        1.9024 12   0.000546   0.000546   0.343999    0.061167   0.000000  -0.924462   0.000000  -0.139312  -0.056954   0.000000   0.050260
        2.0731 14   0.000032   0.000032   0.378399    0.048901   0.000000  -0.878053   0.000000  -0.172595  -0.071162   0.000000   0.049127
        2.1690 14   0.000480   0.000480   0.332006    0.035350   0.000000  -0.869310   0.000000  -0.151208  -0.064618   0.000000   0.049426
        1.9668 15   0.000155   0.000155   0.339330    0.042553   0.000000  -0.877325   0.000000  -0.166914  -0.061777   0.000000   0.051427
        2.1455 16   0.000321   0.000321   0.314047    0.050523   0.000000  -0.870437   0.000000  -0.169575  -0.055890   0.000000   0.051285
        1.8846 15   0.000697   0.000697   0.321973    0.048731   0.000000  -0.860234   0.000000  -0.188265  -0.067477   0.000000   0.048214
        2.1483 16   0.000338   0.000338   0.301457    0.043322   0.000000  -0.896394   0.000000  -0.179265  -0.064883   0.000000   0.050465
        1.9392 15   0.000293   0.000293   0.277396    0.048271   0.000000  -0.851508   0.000000  -0.153229  -0.058164   0.000000   0.047387
        2.0819 13   0.000051   0.000051   0.396408    0.041095   0.000000  -0.883943   0.000000  -0.174912  -0.058258   0.000000   0.049405
        1.9324 15   0.000334   0.000334   0.333359    0.054537   0.000000  -0.822746   0.000000  -0.175223  -0.058781   0.000000   0.048656
        2.2044 15   0.000779   0.000779   0.320227    0.040012   0.000000  -0.831829   0.000000  -0.183551  -0.067733   0.000000   0.050011
        2.2561 15   0.001347   0.001347   0.300535    0.028156   0.000000  -0.824415   0.000000  -0.180073  -0.054615   0.000000   0.047051
        2.0550 15   0.000007   0.000007   0.335678    0.038356   0.000000  -0.884009   0.000000  -0.176555  -0.063047   0.000000   0.048259
        1.8705 14   0.000828   0.000828   0.313447    0.058829   0.000000  -0.874196   0.000000  -0.164045  -0.060334   0.000000   0.052151
        1.9298 15   0.000350   0.000350   0.361960    0.051354   0.000000  -0.864064   0.000000  -0.189564  -0.061726   0.000000   0.048262
        2.2243 14   0.000980   0.000980   0.327382    0.042412   0.000000  -0.866328   0.000000  -0.157536  -0.050969   0.000000   0.049290
        2.3169 14   0.002211   0.002211   0.310958    0.044442   0.000000  -0.839001   0.000000  -0.175093  -0.078245   0.000000   0.046604
        1.8549 14   0.000989   0.000989   0.314945    0.029608   0.000000  -0.898323   0.000000  -0.171515  -0.062531   0.000000   0.044682
        1.9752 13   0.000121   0.000121   0.297420    0.044619   0.000000  -0.921591   0.000000  -0.162464  -0.064404   0.000000   0.050415
        2.3490 14   0.002754   0.002754   0.305394    0.046661   0.000000  -0.954499   0.000000  -0.179442  -0.064551   0.000000   0.041924
        2.1321 15   0.000245   0.000245   0.332513    0.043628   0.000000  -0.988981   0.000000  -0.176618  -0.066699   0.000000   0.049504
        1.9980 15   0.000051   0.000051   0.334058    0.047164   0.001234  -1.000782   0.000000  -0.194289  -0.072717   0.000000   0.051074
        2.1527 15   0.000367   0.000367   0.359075    0.051211   0.000000  -1.026808   0.000000  -0.178819  -0.061188   0.000000   0.047042
        1.8901 15   0.000648   0.000648   0.303985    0.041005   0.000000  -0.968422   0.000000  -0.182377  -0.068388   0.000000   0.045362
        2.3948 15   0.003632   0.003632   0.297549    0.077204   0.000000  -1.012842   0.000000  -0.178339  -0.064077   0.000000   0.049679
        1.9876 14   0.000079   0.000079   0.321623    0.053170   0.000000  -0.992433   0.000000  -0.186128  -0.071101   0.000000   0.048590
        2.1950 15   0.000693   0.000693   0.311663    0.054945   0.000000  -0.927662   0.000000  -0.191319  -0.066220   0.000000   0.047062
        2.1631 14   0.000437   0.000437   0.320087    0.073912   0.000000  -0.907170   0.000176  -0.176739  -0.066817   0.000000   0.048928
        2.1448 15   0.000317   0.000317   0.297513    0.052685   0.000000  -0.889142   0.000000  -0.159162  -0.065943   0.000000   0.043317
        2.0656 15   0.000019   0.000019   0.371846    0.059193   0.000000  -0.939396   0.000000  -0.183298  -0.061539   0.000000   0.044018
        2.0878 14   0.000066   0.000066   0.324424    0.051308   0.000000  -0.865587   0.000000  -0.178520  -0.062923   0.000000   0.048976
        2.1243 15   0.000205   0.000205   0.292760    0.062971   0.000000  -0.890582   0.000420  -0.176400  -0.056414   0.000000   0.045650
        2.2648 15   0.001458   0.001458   0.382350    0.038362   0.000000  -0.920559   0.000000  -0.180493  -0.060466   0.000000   0.050831
        1.9492 14   0.000238   0.000238   0.364272    0.054481   0.000000  -0.943844   0.000000  -0.172093  -0.064405   0.000000   0.050954
        2.3434 14   0.002654   0.002654   0.297995    0.032215   0.000000  -0.925625   0.000000  -0.163579  -0.059585   0.000000   0.045713
        1.8244 15   0.001341   0.001341   0.339412    0.065410   0.000000  -0.943806   0.000000  -0.195555  -0.071093   0.000000   0.048599
        2.0324 15   0.000002   0.000002   0.295830    0.029646   0.000000  -0.879745   0.000000  -0.180188  -0.062478   0.000000   0.050416
        2.1497 15   0.000347   0.000347   0.312498    0.041261   0.000000  -0.890298   0.000000  -0.185477  -0.066809   0.000000   0.052884
        2.2739 15   0.001578   0.001578   0.332540    0.034110   0.001022  -0.889041   0.000000  -0.173635  -0.062956   0.000000   0.052003
        2.2794 14   0.001653   0.001653   0.332853    0.051926   0.000000  -0.923660   0.000000  -0.161996  -0.056314   0.000000   0.048312
        1.8929 14   0.000624   0.000624   0.392270    0.072161   0.000000  -0.952987   0.000003  -0.189244  -0.069054   0.000000   0.050214
        2.2673 14   0.001490   0.001490   0.353245    0.043576   0.000000  -0.938016   0.000000  -0.164306  -0.055250   0.000000   0.050579
        2.0229 14   0.000008   0.000008   0.345236    0.035383   0.005690  -0.932153   0.000000  -0.165541  -0.063115   0.000000   0.047366
        2.1572 15   0.000396   0.000396   0.285930    0.051842   0.000000  -0.932935   0.000000  -0.172708  -0.055510   0.000000   0.050249
        2.0751 15   0.000036   0.000036   0.363504    0.058940   0.000000  -0.966849   0.000000  -0.190339  -0.055315   0.000000   0.049369
        2.0051 15   0.000035   0.000035   0.312127    0.048439   0.002461  -0.961044   0.000000  -0.170957  -0.051130   0.000000   0.047517
        2.1395 15   0.000286   0.000286   0.305565    0.059352   0.000000  -0.964321   0.000000  -0.170273  -0.057522   0.000000   0.047829
