        0.1434 26   0.002227   0.002227   0.331438    0.011449   0.000000  -1.051915   0.000000  -0.455232  -0.172689   0.000000   0.061308
        0.1815 26   0.007382   0.007382   0.293639    0.026266   0.000000  -1.152588   0.000000  -0.333573  -0.110341   0.000000   0.059439
        0.2375 25   0.014788   0.014788   0.254757    0.046260   0.000000  -1.136973   0.000000  -0.292983  -0.106087   0.000000   0.057727
        0.1964 25   0.030196   0.030196   0.293495    0.044340   0.000000  -1.132581   0.000000  -0.329906  -0.112647   0.000000   0.058046
        0.2439 25   0.044476   0.044476   0.275733    0.046049   0.000000  -1.120821   0.000000  -0.296320  -0.106414   0.000000   0.056000
        0.2990 26   0.060881   0.060881   0.316007    0.049531   0.000000  -1.092890   0.000000  -0.329994  -0.104715   0.000000   0.057375
        0.2911 26   0.086011   0.086011   0.369584    0.070553   0.000000  -1.088779   0.000000  -0.308103  -0.108265   0.000000   0.056283
        0.2401 26   0.120490   0.120490   0.338875    0.043979   0.000000  -1.044636   0.000000  -0.304170  -0.112269   0.000000   0.058409
        0.3346 26   0.141577   0.141577   0.351621    0.060826   0.000000  -1.095157   0.000000  -0.309273  -0.105540   0.000000   0.056209
        0.3318 25   0.178026   0.178026   0.365901    0.049097   0.000000  -1.110390   0.000000  -0.286908  -0.103352   0.000000   0.056704
        0.3428 24   0.216461   0.216461   0.366120    0.041135   0.000000  -1.074755   0.000000  -0.296229  -0.113343   0.000000   0.056262
        0.3871 26   0.252930   0.252930   0.353501    0.057070   0.000000  -1.094011   0.000000  -0.304578  -0.101224   0.000000   0.057916
        0.4105 26   0.296086   0.296086   0.329200    0.054512   0.000000  -1.069219   0.000000  -0.313406  -0.098499   0.000000   0.055577
        0.3061 24   0.368530   0.368530   0.337902    0.052667   0.000000  -1.079980   0.000731  -0.298261  -0.102122   0.000000   0.059953
        0.3770 25   0.409890   0.409890   0.343320    0.055209   0.000000  -1.050245   0.000000  -0.318424  -0.097513   0.000000   0.057242
        0.3965 23   0.465254   0.465254   0.334124    0.050270   0.000000  -1.041114   0.000000  -0.277486  -0.106100   0.000000   0.056349
        0.4672 26   0.511626   0.511626   0.322649    0.053496   0.000000  -1.023194   0.000000  -0.301422  -0.090434   0.000000   0.057275
        0.4995 24   0.570008   0.570008   0.312226    0.063734   0.000000  -1.038184   0.000000  -0.284446  -0.083762   0.000000   0.055639
        0.4535 26   0.652848   0.652848   0.370947    0.040350   0.000000  -1.044844   0.000000  -0.317422  -0.099748   0.000000   0.056694
        0.4471 24   0.729784   0.729784   0.309129    0.070123   0.000000  -1.038406   0.000000  -0.291675  -0.090865   0.000000   0.056328
        0.5259 25   0.785139   0.785139   0.379523    0.055103   0.000000  -1.073746   0.000000  -0.280238  -0.087528   0.000000   0.055858
        0.5352 25   0.864327   0.864327   0.329927    0.060173   0.000000  -1.019072   0.000000  -0.311928  -0.097456   0.000000   0.055141
        0.5346 25   0.950608   0.950608   0.327306    0.042873   0.000000  -1.007764   0.000000  -0.293780  -0.086112   0.000000   0.054868
        5.2210 14   0.050287   0.050287   0.558695    0.079983   0.000000  -0.580140   0.000000  -0.153150  -0.050401   0.000000   0.041999
        6.6739 7   0.000514   0.000514   0.375071    0.062954   0.000000  -0.482958   0.000000  -0.082565  -0.026571   0.000000   0.038157
        6.8240 10   0.001796   0.001796   0.366665    0.058162   0.000000  -0.558256   0.000000  -0.108572  -0.037579   0.000000   0.035575
        6.8359 9   0.007317   0.007317   0.316857    0.045727   0.000000  -0.543662   0.001361  -0.116683  -0.043578   0.000000   0.037935
        7.2478 10   0.003694   0.003694   0.338160    0.047178   0.000000  -0.542361   0.000000  -0.136082  -0.045200   0.000000   0.035445
        7.2632 10   0.010682   0.010682   0.329597    0.048759   0.000000  -0.616407   0.000000  -0.114812  -0.043067   0.000000   0.035575
        7.8321 9   0.002695   0.002695   0.352235    0.046841   0.000000  -0.613827   0.000000  -0.110597  -0.041072   0.000000   0.033450
        7.7430 9   0.012602   0.012602   0.419617    0.050827   0.000000  -0.710893   0.004640  -0.104500  -0.034230   0.000000   0.034678
        8.3027 8   0.003891   0.003891   0.375173    0.044586   0.000000  -0.689905   0.000000  -0.101395  -0.039439   0.000000   0.033452
        8.6169 9   0.002938   0.002938   0.358543    0.045265   0.000000  -0.665224   0.000000  -0.108024  -0.033901   0.000000   0.031268
        8.5694 9   0.011549   0.011549   0.379834    0.048516   0.000000  -0.690725   0.000000  -0.112029  -0.030562   0.000000   0.030674
        8.8242 7   0.011964   0.011964   0.305879    0.055551   0.000000  -0.638262   0.000000  -0.078459  -0.030107   0.000000   0.030101
        9.4526 9   0.002290   0.002290   0.306981    0.066327   0.000000  -0.603763   0.000000  -0.109290  -0.037643   0.000000   0.028446
        9.0491 9   0.026106   0.026106   0.324508    0.068014   0.000000  -0.605430   0.000000  -0.114583  -0.040272   0.000000   0.032323
        9.4480 8   0.019324   0.019324   0.365144    0.052369   0.000000  -0.660202   0.000000  -0.108324  -0.035183   0.000000   0.033388
       10.0412 6   0.006964   0.006964   0.344723    0.051881   0.000000  -0.658506   0.000000  -0.080656  -0.022819   0.000000   0.030354
       10.2718 7   0.008007   0.008007   0.322487    0.046953   0.000000  -0.635770   0.000000  -0.094024  -0.026977   0.000000   0.027599
       10.3462 7   0.014894   0.014894   0.325316    0.053735   0.000000  -0.675163   0.000000  -0.092588  -0.030737   0.000000   0.028353
       10.6619 7   0.012908   0.012908   0.308019    0.055529   0.000000  -0.641967   0.000000  -0.094553  -0.027582   0.000000   0.027525
       10.6900 7   0.023728   0.023728   0.301113    0.062465   0.000781  -0.642873   0.000000  -0.090761  -0.023196   0.000000   0.027114
       11.4048 4   0.006056   0.006056   0.330651    0.043575   0.000000  -0.638979   0.000000  -0.054288  -0.025551   0.000000   0.025496
       11.4573 4   0.013020   0.013020   0.337526    0.051837   0.000000  -0.642504   0.000000  -0.037294  -0.011439   0.000000   0.026061
       11.6459 6   0.016197   0.016197   0.290186    0.063546   0.000000  -0.547390   0.000000  -0.080906  -0.021907   0.000000   0.027797
       12.3089 5   0.003582   0.003582   0.371094    0.083618   0.000000  -0.618199   0.000446  -0.057035  -0.019853   0.000000   0.027008
       12.5528 6   0.004047   0.004047   0.338170    0.056528   0.000000  -0.565118   0.000000  -0.089321  -0.024648   0.000000   0.024239
       12.7552 6   0.005541   0.005541   0.354723    0.069609   0.000167  -0.611345   0.000000  -0.074993  -0.021734   0.000000   0.024635
       12.6801 6   0.017527   0.017527   0.351910    0.055861   0.000000  -0.603098   0.000000  -0.074444  -0.025501   0.000000   0.025652
       12.6923 5   0.030805   0.030805   0.394934    0.073876   0.000000  -0.659054   0.001571  -0.058974  -0.025007   0.000000   0.024705
       13.1114 6   0.022357   0.022357   0.323837    0.096969   0.000000  -0.619626   0.000000  -0.085907  -0.018897   0.000000   0.022916
       13.7231 5   0.008249   0.008249   0.325089    0.062132   0.000000  -0.578485   0.000000  -0.065501  -0.017919   0.000000   0.021992
       14.1700 4   0.003612   0.003612   0.316731    0.056692   0.000000  -0.556536   0.000000  -0.052665  -0.021271   0.000000   0.021241
       14.2336 4   0.008930   0.008930   0.287991    0.044657   0.000000  -0.565321   0.000000  -0.042327  -0.016082   0.000000   0.023159
       15.3376 0   0.002286   0.002286   0.312443    0.040432   0.000000  -0.615728   0.000000   0.000000   0.000000   0.000000   0.026600
       15.5894 0   0.002060   0.002060   0.276739    0.033744   0.000000  -0.490181   0.000000   0.000000   0.000000   0.000000   0.026765
       15.2742 0   0.002845   0.002845   0.299702    0.074869   0.000000  -0.594160   0.000180   0.000000   0.000000   0.000000   0.027299
       16.0315 0   0.000905   0.000905   0.299694    0.059052   0.000849  -0.620662   0.000000   0.000000   0.000000   0.000000   0.030695
       16.0637 0   0.000093   0.000093   0.337135    0.051536   0.000000  -0.572567   0.000000   0.000000   0.000000   0.000000   0.028535
       16.2630 0   0.000440   0.000440   0.300621    0.049468   0.000000  -0.552195   0.000000   0.000000   0.000000   0.000000   0.038345
       16.7593 0   0.000328   0.000328   0.323324    0.055894   0.000000  -0.571844   0.000000   0.000000   0.000000   0.000000   0.026640
       16.9814 0   0.000114   0.000114   0.353757    0.043961   0.001452  -0.584269   0.000000   0.000000   0.000000   0.000000   0.031924
       17.0629 0   0.000428   0.000428   0.333987    0.040282   0.000000  -0.583463   0.000000   0.000000   0.000000   0.000000   0.027792
       17.3097 0   0.000575   0.000575   0.366390    0.046638   0.000000  -0.642645   0.000000   0.000000   0.000000   0.000000   0.023420
       17.5049 0   0.001298   0.001298   0.333674    0.058069   0.000000  -0.670668   0.000000   0.000000  -0.000026   0.000000   0.028617
       18.1959 0   0.001307   0.001307   0.332578    0.057096   0.000000  -0.694572   0.000000   0.000000   0.000000   0.000000   0.029392
       18.3434 0   0.000257   0.000257   0.355462    0.059728   0.000000  -0.706632   0.000000   0.000000  -0.000577   0.000000   0.032331
       18.2765 0   0.001644   0.001644   0.335751    0.051591   0.000000  -0.689568   0.000559   0.000000   0.000000   0.000000   0.030700
       18.8552 0   0.000157   0.000157   0.337005    0.046928   0.000000  -0.666660   0.000000   0.000000   0.000000   0.000000   0.026582
       19.0341 0   0.000005   0.000005   0.344034    0.041344   0.000000  -0.693892   0.000000   0.000000   0.000000   0.000000   0.025479
       18.9457 0   0.003903   0.003903   0.284613    0.032826   0.001025  -0.618321   0.000000   0.000000   0.000000   0.000000   0.029140
       19.5486 0   0.000028   0.000028   0.329519    0.053075   0.000000  -0.615656   0.000000   0.000000  -0.000000   0.000000   0.025634
       19.8338 0   0.000004   0.000004   0.350693    0.046526   0.000000  -0.628748   0.000000   0.000000   0.000000   0.000000   0.025472
       20.0853 0   0.000020   0.000020   0.408694    0.050705   0.000000  -0.636200   0.000000   0.000000   0.000000   0.000000   0.026993
       20.3595 0   0.000010   0.000010   0.372674    0.062017   0.000000  -0.615332   0.000000   0.000000   0.000000   0.000000   0.032574
       20.6616 0   0.000009   0.000009   0.354162    0.041758   0.000000  -0.572529   0.000000   0.000000   0.000000   0.000000   0.030438
       20.6899 0   0.001398   0.001398   0.356370    0.046283   0.000000  -0.572524   0.000000   0.000000   0.000000   0.000000   0.028219
       21.4410 0   0.002024   0.002024   0.357217    0.044143   0.000000  -0.565033   0.000000   0.000000   0.000000   0.000000   0.034000
       21.4044 0   0.000041   0.000041   0.359879    0.053196   0.000000  -0.562879   0.000000   0.000000   0.000000   0.000000   0.030014
       21.7985 0   0.000235   0.000235   0.314508    0.052955   0.000000  -0.529401   0.000000   0.000000  -0.000015   0.000000   0.029079
       21.9753 0   0.000000   0.000000   0.325184    0.050790   0.000000  -0.508976   0.000000   0.000000   0.000000   0.000000   0.025929
       22.3694 0   0.000480   0.000480   0.322686    0.038554   0.000000  -0.477133   0.000000   0.000000   0.000000   0.000000   0.034823
       22.4664 0   0.000047   0.000047   0.306826    0.051208   0.000000  -0.495464   0.000000   0.000000   0.000000   0.000000   0.028727
       22.6482 0   0.000446   0.000446   0.272121    0.045910   0.000000  -0.484296   0.000000   0.000000   0.000000   0.000000   0.025274
       23.1485 0   0.000348   0.000348   0.298314    0.040208   0.000000  -0.492854   0.000000   0.000000   0.000000   0.000000   0.031830
       23.3195 0   0.000006   0.000006   0.317932    0.043901   0.000190  -0.576225   0.000000   0.000000  -0.000013   0.000000   0.028463
       23.6048 0   0.000033   0.000033   0.343499    0.037770   0.000000  -0.565086   0.000000  -0.000060  -0.000025  -0.000266   0.027535
       23.8800 0   0.000053   0.000053   0.346805    0.045937   0.000000  -0.588578   0.000000   0.000000   0.000000   0.000000   0.030088
       24.0470 0   0.000091   0.000091   0.351080    0.049482   0.000000  -0.601278   0.000000  -0.001515  -0.002463   0.000000   0.031875
       24.3354 0   0.000033   0.000033   0.298249    0.050583   0.000000  -0.574198   0.000000   0.000000   0.000000   0.000000   0.031755
       24.7221 0   0.000218   0.000218   0.323539    0.048214   0.000000  -0.598614   0.003801   0.000000   0.000000   0.000000   0.031648
       24.9916 0   0.000235   0.000235   0.322916    0.055517   0.000000  -0.604739   0.000000   0.000000   0.000000   0.000000   0.030535
       25.2214 0   0.000084   0.000084   0.286472    0.056748   0.000000  -0.571255   0.000000   0.000000   0.000000   0.000000   0.028291
       25.6008 0   0.000807   0.000807   0.307931    0.042245   0.000000  -0.622574   0.000000   0.000000  -0.002050   0.000000   0.029800
       25.5086 0   0.001052   0.001052   0.309439    0.046684   0.000000  -0.596854   0.000004   0.000000   0.000000   0.000000   0.029161
       25.9560 0   0.000003   0.000003   0.355691    0.045679   0.000000  -0.656280   0.000000   0.000000   0.000000   0.000000   0.026866
       26.3251 0   0.000251   0.000251   0.342702    0.049881   0.000000  -0.670441   0.000000   0.000000   0.000000   0.000000   0.028506
       26.5036 0   0.000001   0.000001   0.312446    0.046741   0.000000  -0.625528   0.000000   0.000000   0.000000   0.000000   0.027942
       26.8205 0   0.000092   0.000092   0.287392    0.047149   0.000000  -0.623146   0.000000   0.000000   0.000000   0.000000   0.037624
       26.9372 0   0.000248   0.000248   0.339829    0.041083   0.000000  -0.604763   0.000000   0.000000   0.000000   0.000000   0.025015
