t = 7000000
b = 105 105 105
E = -0.287830674742284 -0.570768828767007 0.282938154024723
-67.2206847592002 -33.1008452291914 38.5538904248001 -0.44014631898024 0.604006731670824 0.664414844795187 -0.317028540770502 -0.79682347792326 0.514359066574668 0.115995746545569 0.565908104307198 -0.174970036286707 0.00671810226953757 0.155744666670396 -0.0784765228119519
-67.3220927892067 -34.3992877476086 38.5347871821926 -0.885099551097375 -0.45655482225994 0.090313226706957 0.208712890195349 -0.562830762574324 -0.799787760700854 0.416901132975607 -0.125259833237795 0.28692227188521 -0.801187830855704 0.298535037380063 -0.0294211815444854
-67.2033249268336 -34.8311965314889 38.3928831186859 -0.800502052524701 0.339973668636607 -0.493573063018282 0.11982864481024 -0.716123290886564 -0.687610738814195 -0.453694952195752 0.0450280327329437 0.118429410687665 -0.249255147528703 -0.36915821728377 -0.506620527787244
-67.3258847296592 -35.2468039672399 38.2202826981206 -0.0776599721031153 0.614996559612458 -0.784696221730299 0.275033578875847 -0.743316109799546 -0.609784955048138 0.251782620807221 -0.313035518212143 0.138173177863975 -0.112658626984963 0.176533403793679 0.279525544797608
-67.4666130865441 -35.5357604725933 37.8551888408539 0.814636015542845 0.49147844769388 -0.307923850379602 0.321078526534021 -0.824321365248947 -0.466264803081696 0.422568561295036 0.00148018956012103 0.445656052819115 0.0667683859709145 0.091574602932249 -0.16919546133498
-68.2429593510041 -35.5073927972233 38.888082328462 -0.750177672267177 0.660533383345918 0.0304812978267606 -0.563153445894361 -0.662381584583154 0.494073711891563 0.0532236262084372 0.269634474492235 -0.521058842370769 0.0439390158956308 0.163786097417671 -0.0187842933511295
-68.4716533589183 -35.622640835552 39.3523414339851 -0.633756791275351 0.0547044366736214 -0.771595589749431 -0.521092940170129 -0.767389518519738 0.373598012000438 -0.406568152976104 0.329168720949103 -0.366784973589602 0.5860363261865 0.213853663282825 0.0247529448971527
-68.9440136951029 -35.8285957521591 39.4635496128445 0.0195827927451253 -0.425385877756967 -0.904800181937293 -0.48684074827962 -0.794496126420904 0.362990345487824 -0.0603857999387912 0.0444423594739963 0.183895197215234 -0.226858349763412 -0.22752062927192 -0.0798297873172799
-69.4181659673222 -36.0642732479193 39.4457671259288 0.545998855625278 -0.646554522242827 -0.532778095855803 -0.668090123516042 -0.719736973104733 0.188770433083198 -0.592337021833623 -0.255521470102616 0.242707499154395 0.0144006217647806 0.0748069577658795 -0.245737585742635
-69.0451603489718 -34.855718958178 39.8150424860142 0.660387753801621 0.612204643688561 0.434848811513834 0.160102485651909 0.450980366326179 -0.878056890683171 -0.284741776747371 -0.0485748721059546 -0.0483179591307908 0.114213373671601 0.00626829430305355 0.0778693551990541
-69.0887133986404 -34.4046792164824 39.6134080600272 0.999257637583128 0.0191620077500157 -0.0334214181436244 -0.0354876208373455 0.795466475274252 -0.604957614616202 -0.332317326124874 0.010402881403621 0.114764472442611 0.714416199559593 -0.528847205199565 -0.225799606197905
-68.9799301123226 -33.9587057316355 39.6886692698923 0.68289032118593 -0.294237327287503 -0.668644303394119 0.0646877999164345 0.936058395032533 -0.345847032127248 0.230613145289247 0.100006855540349 -0.411666904657588 0.132099107288278 0.244811587940653 0.249620430967426
-68.6773157580188 -33.6176771832742 39.8173772766891 -0.200595831146609 -0.158493537968565 -0.966768385368724 -0.0719218155406972 0.986546124378898 -0.146812795499127 -0.230764504249923 -0.135198146805945 0.417056602404532 0.168679918401394 -0.110667745374997 0.350706636935555
-68.7820796192984 -32.81106414283 40.6317501333068 0.491462601785311 0.450327825735407 0.745432331211009 -0.79591117498619 0.579710691087771 0.174530559419471 0.00596966418226909 0.952689638501075 -0.63341190454032 0.0164001869774131 -0.136545765836076 -0.0769962197583992
-69.0305440815619 -32.6803996498798 41.051280892548 0.609101012877611 0.791979547830324 -0.0420041894348267 -0.745476681042371 0.589803101749904 0.310478371531344 0.0530915944726591 0.322441404705508 0.346674623546965 -0.490224498474202 0.48077906133812 0.0543570468028857
-69.1619340424428 -32.36893660785 41.3053153624858 0.040678385859359 0.522466581583649 -0.851688875148865 -0.798862469832058 0.528983352707121 0.286348331325174 0.437793291905943 -0.357145474545166 -0.720352621057967 0.198221258995683 0.0752694203066518 -0.0328841340257196
-69.752375611991 -32.3488170750778 42.0517080059482 -0.187552213504099 0.519886224072139 -0.833392153328721 -0.965608286760079 -0.253124274061322 0.0594031852820613 -0.297052507664079 -0.393913643647984 0.322253709113504 -0.163429588364664 0.0460235415657771 -0.101607812148133
-70.3228461569483 -32.2205778584313 42.0901568182411 0.149681653358978 -0.292640507776382 -0.944434717625269 -0.940902729901687 -0.335658530970787 -0.0451154458042844 -0.029477163437221 -0.149047136350945 -0.418155015869993 -0.617537865710482 0.0227183863466332 0.567321957863622
-70.4027821731529 -31.9022153306192 41.6319553127149 -0.82515118637915 -0.292276498348877 -0.483425245648531 -0.259921099192143 0.956220973950221 -0.134471079315295 0.0676112045934958 -0.24932114737965 0.371165105133746 0.261222730472343 0.0880620169087216 -0.0616023413181121
-70.6314109502643 -31.5479123307153 41.195640532604 -0.841067368656631 -0.50190452854777 -0.20173627736227 -0.46136237040638 0.860297765634375 -0.216869817211288 0.394632805240184 -0.281801993027258 -0.219053000551745 0.013330115827644 -0.126955316231289 0.358364461029953
-70.8043041804768 -31.2507882854509 40.8989652632563 -0.724146100422976 -0.250858548974441 0.64240362206984 -0.373622080585504 0.925658229513007 -0.0596940787203952 -0.354639061527509 -0.0487108229146811 -0.106453082597236 0.210007225578574 0.220306963338119 0.0512526363061754
-70.152404450941 -30.5355764265293 40.5842015528882 -0.471455755759139 0.172760115290775 -0.864802528283879 0.804234446507435 0.486588072956653 -0.341231596290799 0.13710199806859 0.144507930300591 -0.238776747466268 0.249870500737053 -0.194547659937927 0.214905894542398
-69.7666630014032 -30.638759010496 40.3722824661746 -0.493327440885822 0.789109952065041 -0.365969287811534 0.852013238571184 0.353615425338913 -0.386043484936733 -0.26239146562671 -0.0170946270186967 0.00446150901415943 0.219048250852484 0.224254082470968 0.0701411529136661
-68.4580645852733 -30.4280162562042 40.3056503055677 0.116924388008759 0.838998385450318 -0.531422992258044 -0.243964989591634 0.542961828891274 0.803538136133603 0.113744758278385 -0.0339031307529275 -0.0856317190666887 0.170593165087182 -0.0587203604100897 0.0694031747768985
-68.2595906993164 -29.9919353204843 40.5481579208224 -0.754304068458763 0.500414289912787 -0.424983424097981 -0.151373011721213 0.497318326278875 0.854260319615499 0.140304999471152 -0.134076231003116 -0.16980766439125 -0.146578732856593 0.0918472536895797 0.489031139387472
-67.4402742155465 -29.9937908400822 40.7934096031194 0.342701344697818 0.937581604074363 0.0591314133423675 0.880216039998898 -0.298463032133766 -0.368970922130728 0.292369076709155 -0.120053149964521 -0.326571866125067 -0.0582045195138621 -0.00794421909673533 0.184439799424484
-91.7631889564858 -33.130028066352 69.1044744641196 -0.726599624905582 0.620808329523666 0.294363725824254 0.643659289410978 0.76492254167629 -0.0244177064953937 0.102779541512006 -0.309314241016155 -0.394437094871379 0.142928952987939 -0.45318695604079 0.178161047264152
-90.981929717949 -33.5388782916107 68.671050503135 0.547839654200699 0.437281547578126 -0.71320162747521 -0.212814192434925 -0.751627400737888 -0.624312718081942 -0.259654342159302 -0.333347169087362 -0.580646510571186 0.071193087452791 0.864865065336237 -0.513099162995898
-90.545886372283 -34.402646196982 68.3796881440572 -0.607126896641404 -0.529755191028424 -0.59224688175886 -0.686191662433833 0.725368644881147 0.0546015698444597 -0.338107067332564 0.270111425765761 0.0895822432795885 -0.25582152712865 0.178686933766148 -0.244881178145184
-89.8753418227445 -34.1675286718182 68.3186623400066 -0.842321765146047 0.37753197745189 -0.384660434620469 -0.062856701013277 0.640009693749533 0.765791503637985 -0.0629134194317857 -0.387533123185643 -0.567133835201392 -0.336506294485606 -0.479309195473733 0.243807279906667
-88.8152198892018 -34.7577571269027 68.1067641393893 -0.112336822521793 0.169654099204345 -0.979080142239974 0.74791830854644 0.663152770169825 0.02909651451503 0.216406758597873 0.033891010187367 -0.024639342595191 -0.0483638902477464 0.119608548417842 0.17138235713357
-88.338791623958 -34.8205837475924 67.98384511569 -0.422119080168967 0.688414557230469 -0.589831229717698 0.778726813715946 0.608458119670443 0.152850470092748 -0.536113313291542 -0.411387784747689 -0.0433084384851159 0.0736088053541487 -0.339079395878787 0.310806187829444
-88.0061991993718 -34.6629699720513 67.7538725759445 -0.458871365078159 0.795375962525192 0.395997662302159 0.871451507245244 0.489789159454895 0.0260547462147505 -0.211451503959254 -0.368663138552875 -0.175177949928219 -0.495587174081469 0.243988087401954 -0.0916623663620818
-87.8644959549845 -34.2527106434032 67.492377142093 -0.0365903435136121 0.380909598618739 0.92388799345024 0.901671469652559 0.411194101157626 -0.133820671003232 -0.529891381171694 -0.576535769303264 0.0871161338443311 0.19904053662893 -0.563471814091966 -0.186814148737888
-87.5603779428247 -33.9135622443048 67.3921832143438 0.0270155311069233 -0.304781122866727 0.952039194688521 0.947122252461274 0.31242541435464 0.0731423226207237 0.256714321550049 -0.0222258908136899 -0.357109034479736 0.169470076618812 -0.381728510698961 -0.0577984362496071
-87.6127503688624 -33.127912726437 66.3848733203179 0.378255623408143 0.496698054548332 -0.781161779638797 0.14672675265572 -0.865361430029701 -0.479187703799381 -0.13549134136327 -0.105389819009396 -0.654086210023802 -0.130580323914403 -0.27126685139378 0.027786982151127
-87.1601173529749 -32.3889348452864 66.8090372045452 0.935322291819501 -0.161812185229938 0.314625216943214 0.346268459835177 0.601151544751347 -0.720218698706595 -0.411954135691195 -0.293836019923026 -0.293099747560215 -0.376942551574315 -0.00768258187682101 0.00778208337436341
-86.8619182505218 -32.0848718589361 66.7933888764016 0.486875800491412 -0.564423585087243 -0.666616810088872 0.125133796366868 0.80038038905432 -0.586287272439113 0.137050778260446 -0.286299471050996 0.518480802540188 -0.513465696352758 0.479488646658922 0.738554998257948
-86.5172866684216 -31.7507231074139 66.6054031748717 -0.339808049452586 -0.444865864616963 -0.828628295453258 0.201140635765556 0.826294984528711 -0.526097940678788 -0.132537161690884 -0.0799971431799228 0.182983387228064 0.59863543422799 -0.308329568656152 0.124480496031071
-85.9989376043229 -30.9592378295585 67.0422930273697 0.226306461265372 -0.672700148913085 0.704457163525249 0.777473012872571 -0.31093216188718 -0.54667806335987 -0.391175959584947 0.146461735285815 -0.143658538697853 -0.0285244022817348 0.430560809874155 -0.0145194680126248
-86.194302674519 -30.4152585422154 66.3277141868384 -0.424978322012931 0.903364959357599 0.0576643392778546 -0.840391347039083 -0.417419590249455 0.345692449292521 0.174713759744164 -0.51456972246919 0.379263360525297 -0.0941309147421575 0.366877948499554 -0.0884739595403944
-85.6996141362442 -29.8732172310797 65.2390059764728 0.794970656898531 0.60270057108712 -0.0690917960462778 0.393903707411724 -0.599441957063673 -0.696784908991901 0.414160933757127 -0.363229617627763 -0.421494125281756 -0.34201488479578 -0.0746834917529039 -0.003393880144003
-85.622484920192 -29.9615387609987 64.8310910635158 0.847969828250523 -0.137583844542513 0.511876797772127 0.282500577099822 -0.699817021281824 -0.656086549673492 0.455865842440142 0.575672872366769 0.368695613212324 -0.387976653976521 0.389474249845373 0.298551499350396
-85.249144250145 -30.0621822076961 64.4874757975802 0.227872535820792 -0.624585033027048 0.746972318052697 0.305373831845543 -0.682607073803607 -0.663923493798283 -0.404074531448136 0.0962200222675025 0.078115341576906 0.441620222305376 0.186813900685473 0.255114495335529
-84.5911861480741 -30.5428477433723 64.3185875343204 0.0501824887841889 -0.854699436360584 -0.516691969459356 0.657805888126579 0.417566660216417 -0.626840887164618 0.115623488193841 0.245816980583248 0.00753048173444464 0.0461301935574914 0.0963148938591705 -0.209479705559894
-84.1318667123385 -30.5351909149419 64.2176442090082 -0.310642859738361 -0.704222047907544 -0.6384139103547 0.93153831553195 -0.0919720887735136 -0.351820268862222 0.762624773043735 -0.118292731976507 0.179251455375779 -0.345568174906787 0.17173350387511 0.731180039718945
-83.810754725837 -29.444474462087 63.4593352676787 -0.864268667666342 0.424454221203418 -0.269959782546519 0.445735455909926 0.894943476781077 -0.0199016761018325 -0.0400017490765739 -0.258303036755416 -0.330312121074624 -0.224761425186147 -0.356343797662138 -0.17378774720876
-83.6435056369131 -28.9608762331259 63.2168142563764 -0.980126218090201 0.140588916408048 0.139954825551947 0.110459273174405 0.972795030745805 -0.203638348858961 0.283704139513296 0.412739496811478 0.579424672615803 -0.382943308900088 -0.278930706516507 -0.261794261829052
-82.2596970284663 -28.3639855641779 63.4746489496569 0.404986202582665 0.429625622379185 0.807098507192845 0.634178814644612 -0.767868797136398 0.0905248111881337 -0.52761428410292 0.0658904896421752 -0.146696481212004 -0.234181262969324 0.298604725886044 0.503276982606434
-81.7198643866359 -28.4793747823831 63.5536509165309 -0.411378616583336 -0.166535785515888 0.896121345555645 0.472108840840124 -0.87993342564027 0.0532015868359516 0.196146918859826 0.115412658237827 0.0474477244466846 -0.0778493771848709 -0.362257917138264 -0.0517101103822161
-81.3297276059993 -28.6555176349699 63.7303621660842 -0.749556260366062 -0.550057642273142 0.368241772104698 0.647791225444012 -0.723957841524354 0.237174138415002 0.579182434957648 0.376310476615048 -0.0541791042431344 0.0613620705512588 -0.444806257496218 -0.0340196000153484
-81.0906971065361 -28.8958628727816 64.1288714538727 -0.626401599947844 -0.684255443012051 -0.373383883277121 0.585864425253398 -0.72923743677902 0.35351893304698 0.456580341560435 -0.028515392165775 0.062504796637223 -0.289939436169814 -0.148583832585204 -0.239330200537182
