0.192307230295815 
0.19225407696935579 
0.19230742374836074 
0.15384609808109456 
0.15384418753615156 
0.15384577741568653 
0.1538458226657194 
0.15384577222919862 
0.15384591908787498 
0.1538274798193631 
0.15384604910287286 
0.1538127396867946 
0.15384530813948222 
0.1538458854263506 
0.1538422759383541 
0.15384323715898246 
0.15384593943130653 
0.15384580266348521 
0.15384602931863747 
0.15384225954303465 
0.1538455287367425 
0.15383192541739568 
0.1538454559526354 
0.1538451491805803 
0.1538459981255604 
0.15384544679072606 
0.1538313901335428 
0.15384559182947982 
0.1538454313892198 
0.15384481276701295 
0.15384594258491166 
0.1538461176002506 
0.11538460023137467 
7.161769613104852e-34 
1.3122321107612255e-197 
5.730470506340252e-240 
2.9106360728514316e-268 
3.532395876723701e-219 
2.0396952989452353e-240 
8.417208429090603e-276 
2.200592528089298e-265 
1.9074319120055076e-211 
3.0174079370936567e-137 
6.288882766634049e-123 
5.52734171417794e-228 
1.104406643457781e-248 
9.147448017195496e-249 
3.604250004462046e-150 
6.035426998531754e-137 
2.5582890318441785e-174 
2.8893696905922035e-256 
2.0223677608863006e-207 
1.2846785074205095e-253 
9.882610146639034e-73 
7.465436645754372e-195 
2.0730280288786077e-211 
7.776134155296471e-222 
1.609421316134692e-176 
1.6182460449354115e-245 
5.870371337047854e-195 
2.178097082601523e-250 
2.477769578627241e-230 
4.867520670121832e-159 
6.942964679114324e-268 
2.310909399477449e-283 
2.750539702397537e-224 
1.1626136597814693e-249 
1.93406488073006e-244 
3.08810679860499e-193 
9.642742138597238e-168 
1.4625732254004116e-243 
2.376195055374395e-281 
4.749846405670195e-252 
7.04116295200285e-229 
5.458774064537226e-153 
8.064955613147259e-224 
2.3148794172079728e-198 
4.843559787159204e-190 
2.7957035806727906e-207 
7.428683209759789e-231 
1.0006756489330856e-223 
1.2590875601503747e-230 
2.9893733284128446e-185 
1.3534567928281424e-174 
3.485487054154474e-196 
3.8491722510224744e-269 
1.1254757559387286e-242 
5.530304541801707e-227 
1.297672388710247e-193 
9.442465330685143e-224 
7.157950344456568e-224 
3.074589309722923e-268 
7.880167050513648e-232 
1.0555331723262142e-220 
5.943606915536903e-159 
4.592319812805848e-203 
5.1886616052528e-255 
8.116819129743471e-166 
2.6664106958807947e-158 
1.1126843241719172e-166 
2.3926007147705535e-241 
5.0750250395188464e-244 
2.307414156070274e-261 
3.116057449421736e-262 
2.9293739185100646e-269 
5.764035873631879e-162 
3.589155220741199e-250 
4.361321649136141e-208 
1.9962476123874036e-217 
1.3855788878430338e-234 
2.413978808825083e-201 
1.670547000704354e-190 
4.5043141459040766e-195 
3.830261991419601e-236 
4.032626050871187e-248 
3.5812212427815967e-237 
6.309845105646367e-138 
2.091212305164253e-240 
1.0494839991571395e-252 
3.2437691210118376e-143 
2.9160194739760767e-177 
5.4370296161113476e-173 
1.0859332049254988e-186 
6.390033105020804e-279 
3.933424019830416e-236 
4.113863830413906e-217 
4.130777422211039e-180 
3.9782009230710575e-232 
6.193909959349538e-228 
6.042246663902062e-190 
1.1034195943684534e-256 
1.1820205720225004e-223 
3.1550772825090508e-242 
3.244174468538903e-214 
2.0814607758534234e-206 
5.959409339451365e-231 
1.3447818644312963e-247 
2.1831786765171875e-216 
1.3088198910783646e-200 
7.484933227923497e-189 
1.6450509400544106e-240 
7.665452825419264e-246 
2.3498850365292546e-209 
5.431080228664487e-249 
3.870556032130123e-228 
1.6741524399176892e-230 
2.2102180591482665e-201 
8.382058913897616e-245 
2.449982433699495e-202 
5.13553467238349e-239 
3.6319507297229314e-249 
2.9292156110690498e-164 
6.761382248252277e-194 
9.5094219491997e-203 
5.209942449344818e-184 
3.0373009056870187e-128 
8.34909332526354e-250 
5.8228025253451315e-126 
9.389640444135699e-237 
3.3630760013795494e-289 
5.4063848601481836e-263 
1.2915704557765486e-235 
1.7111271696332063e-207 
6.585489465144375e-224 
1.5667009707051613e-236 
9.526643742964913e-273 
2.6860800548779735e-225 
5.429894975326581e-255 
7.585713116868752e-218 
5.6052647285180894e-247 
4.419866152419398e-143 
3.6124773468654328e-186 
5.45199023645957e-219 
3.702621047930608e-169 
2.4406110464639043e-178 
3.3124207612733087e-75 
4.6141885797882816e-201 
5.515555930093984e-261 
1.5190580552476338e-253 
5.246392360619821e-193 
1.4092145064983544e-259 
5.241549111167981e-268 
2.087879728011018e-213 
5.582719310653078e-215 
5.131674525051527e-224 
1.4381212585533917e-240 
1.7757466561778683e-248 
4.72233764637027e-197 
4.3754675731132963e-240 
4.957115373944087e-163 
1.0319949766507829e-228 
1.3602370003183345e-207 
2.006641104665904e-261 
1.6970290856902606e-211 
1.2091738803013777e-165 
7.214251860298154e-128 
3.1778379546793207e-195 
4.395025376319286e-265 
3.1191610402468468e-192 
2.415960626503743e-87 
7.104657647358944e-236 
6.18972428112245e-221 
2.7384500347057054e-234 
2.032552557390739e-219 
2.7688594087601066e-246 
3.612519437341845e-263 
1.3609286754626798e-186 
4.624902296366068e-227 
8.980240058898325e-205 
4.829586393317481e-221 
4.467184096007579e-199 
3.7101999338069496e-258 
1.9856605470768014e-161 
1.571753562287284e-225 
2.2202967368528467e-136 
8.280524976849656e-120 
2.1521395526268733e-187 
7.411938721617236e-274 
6.097246187315613e-218 
1.8525157899443772e-247 
9.596330230123332e-223 
1.7200329250667086e-263 
7.124692478475699e-222 
6.344496313452168e-207 
1.8351389421850676e-153 
1.490682861182142e-185 
4.667008361716019e-248 
7.989109202231284e-233 
3.77680826244565e-260 
2.6072244851385048e-202 
9.961089874774715e-185 
1.6168919352085705e-140 
5.809694191679437e-222 
2.9110139769641815e-186 
2.269077040188959e-221 
1.7368506070623324e-214 
2.439569431933626e-194 
9.570578623023736e-235 
1.355419224236145e-218 
7.306142043940587e-246 
7.278913031160707e-271 
1.2517095426684427e-196 
3.1756930964572395e-223 
9.873995719097687e-180 
5.271018163034533e-178 
5.224969784972066e-245 
4.5371049932819364e-235 
2.549729666121863e-271 
2.667574632122977e-272 
4.206234065286394e-233 
5.348007153898739e-168 
5.378797869903609e-230 
6.354680969682056e-225 
5.672872551096815e-233 
3.1021195687373958e-235 
8.825483545333709e-222 
1.9624723038763523e-230 
5.592848449927225e-190 
3.555193079920347e-223 
7.276775391528855e-242 
1.0947062909061267e-215 
2.5507509222875753e-257 
1.415064558976514e-259 
2.2181661064952123e-229 
6.887190138836155e-223 
1.0917713850884894e-169 
1.616088777174661e-129 
1.0130433932750657e-160 
2.129506852545277e-163 
3.1026280494899976e-213 
1.3854106527840639e-263 
4.0982053865794426e-221 
1.06650244431365e-196 
1.7645656814567874e-184 
4.0642997559946356e-90 
1.2836970140560947e-187 
3.148872956484382e-203 
7.948059729846104e-254 
1.091554553502114e-185 
1.4219887973603194e-207 
2.334848010713952e-237 
6.877164378404377e-215 
9.667342566273058e-235 
2.631192336590404e-158 
3.2608560103208934e-219 
3.738319257371123e-239 
2.090790948697254e-242 
5.683134633348249e-245 
3.5155747762555847e-149 
8.551527964586109e-120 
9.626297771944461e-206 
2.289735533408763e-202 
1.0215705419781237e-240 
1.0447674360050509e-225 
6.9315890796926835e-239 
8.380593447824311e-241 
3.8024268105858744e-202 
3.5652038804191734e-232 
2.112688007678725e-253 
1.179253721754369e-239 
4.18492914114849e-248 
5.172552261695769e-192 
1.5074042827160534e-195 
1.374632228372498e-276 
3.702131153870917e-251 
2.27334617086455e-245 
1.7871549197009164e-256 
3.350008585837483e-218 
1.7537703666727505e-224 
4.672441041766732e-185 
1.9438576775031137e-140 
2.1017674532312438e-234 
8.719136591301903e-236 
1.0317602282863609e-249 
3.734662145989064e-260 
4.689468323453468e-257 
2.123671439072243e-206 
2.5924835160665392e-226 
4.736801164792125e-273 
2.25799822740098e-202 
4.823395694960336e-157 
4.306095132574388e-153 
8.071955154578792e-230 
5.909794863467132e-259 
7.579918218771343e-198 
5.4003479702238446e-207 
9.695963087505982e-250 
5.1136358691675e-240 
7.181164453691644e-235 
2.028081279652727e-248 
4.180782492904093e-243 
4.3072106846341177e-274 
9.131222567559555e-204 
3.819791421676563e-183 
8.576944782031697e-245 
5.336141351090014e-252 
7.899376575050404e-245 
1.3462283499714333e-282 
1.2694758607910636e-220 
3.864211006658802e-260 
2.6918565761045542e-253 
3.4518189171480526e-224 
5.957934793603599e-247 
6.294531383703139e-190 
6.304644413497734e-104 
6.256820322766618e-174 
1.1252655467447905e-195 
6.612159063140695e-233 
1.3369033755676372e-275 
6.558416259953692e-238 
1.719958059522757e-234 
2.4278964837398915e-235 
1.230518572040397e-219 
9.895686261164835e-171 
1.1930328205048124e-187 
8.101406535551735e-238 
1.75782271003529e-204 
2.6451186284619843e-253 
1.1133701316695324e-246 
1.2443462828846362e-220 
2.0649339612023982e-259 
5.380232348991076e-241 
1.4853906136369887e-253 
1.4372264902610798e-244 
4.518680796654031e-204 
3.464529163405639e-174 
2.5580120791553642e-223 
2.3583291291874944e-259 
1.6123833703654427e-216 
3.510646035940385e-271 
9.609261351496495e-235 
2.4874778723559974e-212 
7.693004709659962e-238 
1.5015880657249588e-199 
4.965750928546435e-226 
7.541495261046844e-274 
1.5695527022122515e-170 
2.6537638714656486e-219 
3.393125255256476e-260 
1.3069189545967544e-205 
4.038906697418987e-224 
7.836957891521262e-187 
1.9093563317930595e-202 
1.5500772346231394e-167 
3.0349077924107232e-207 
1.886124309167497e-177 
2.9069943240549843e-220 
5.504863458420141e-201 
6.721445473845387e-249 
2.276141310993131e-216 
6.464297812137267e-228 
5.864043543518761e-138 
7.174796191361299e-204 
1.9646804094587864e-148 
1.7196095757110817e-193 
2.6643587913448827e-241 
4.099606225904243e-220 
3.12237284462504e-200 
4.805109280152828e-264 
3.73893280796227e-221 
4.106785495668986e-235 
7.501017659489907e-257 
2.0342283972065663e-237 
1.547869104386107e-255 
2.0574137176619287e-212 
2.905368027470125e-162 
1.2969936260488417e-229 
1.3775392632276776e-258 
8.97293176787935e-251 
3.557315679825899e-198 
1.162756788459508e-192 
2.1294671016662653e-212 
2.4316410492318545e-136 
5.327599902883025e-88 
5.141789475303872e-174 
3.554584550299426e-182 
5.745062136448535e-60 
3.337888278854508e-133 
3.2864549358285177e-162 
1.5382992591395782e-198 
2.865574070583205e-192 
7.999725225254828e-174 
2.9878567071792987e-196 
6.203826174191597e-239 
1.395217847406415e-180 
2.429222127921505e-271 
1.137709296234156e-221 
6.360210198745827e-247 
1.59642348429052e-246 
1.9533545760471957e-254 
9.90011670649047e-155 
6.456374759255742e-210 
2.1775638051386779e-243 
1.2136997198771563e-242 
7.715708902806373e-257 
4.771050410611484e-226 
4.646279459503346e-258 
0.0 
9.175221146521572e-220 
4.3963883107140484e-254 
2.5381860604525104e-210 
6.5688211967778776e-257 
9.710701433164097e-239 
2.750319957832054e-185 
2.2687595551657844e-191 
2.579918546776029e-100 
7.113554740717885e-244 
1.6393745288464293e-227 
1.2166408836799354e-252 
1.469315614001887e-249 
2.2218279471990925e-268 
4.791497854165858e-231 
1.1190364076502156e-260 
2.0373422251275235e-213 
1.094003747575306e-263 
4.245351632456121e-241 
7.314765703925104e-257 
3.547802546028886e-251 
3.196546171160043e-252 
1.8828795917114665e-198 
7.5740083548612795e-227 
6.5038048298464484e-217 
2.2234982860794725e-121 
3.1263410355880643e-160 
2.3845373661491038e-247 
1.595994121053973e-227 
3.015484122174382e-243 
1.2511711093565267e-174 
1.6692722934428322e-280 
3.8697025628443275e-209 
3.2816511554166755e-285 
7.266210587667436e-219 
7.694834850305853e-209 
4.6830405674308066e-207 
3.3052670375372944e-271 
2.484927136191562e-220 
1.0587009626363668e-257 
9.730186310184942e-222 
3.2110544688914276e-219 
3.019811551649144e-216 
1.257182482935577e-212 
5.822258094284528e-210 
7.340221802443238e-230 
8.677530519581093e-200 
1.7897305661009096e-203 
2.5547272961316747e-132 
1.1451926505189475e-255 
3.665945949477096e-213 
7.428146171479786e-139 
6.331018559559949e-241 
1.6614185496241928e-168 
1.2163846833595732e-170 
2.8662553023394677e-162 
1.0913346198012345e-116 
3.1539563592353896e-203 
2.1068167774649864e-209 
1.1162274566731282e-79 
2.61073403421636e-212 
1.561792057266638e-258 
1.2021270025474423e-236 
4.0380793806398207e-228 
4.9351973635728114e-241 
1.0880544590456867e-214 
9.765319885640969e-230 
9.26400314136833e-177 
2.7589089332934535e-209 
5.4350550909282604e-120 
5.356396719251332e-123 
2.9167227344634652e-258 
4.183716944996417e-234 
6.716484723452355e-150 
9.563231053827193e-197 
8.182708375045403e-149 
6.337181278666567e-241 
2.322572234792326e-236 
8.197664324494241e-234 
7.648572760551335e-218 
1.4169465639593793e-242 
1.5723831928314917e-275 
3.420358136160379e-231 
1.1662414970669409e-218 
2.1464347759262282e-252 
6.867865343389942e-229 
2.099907206366889e-208 
1.561963344842166e-239 
1.6736788871999327e-240 
9.448693729808268e-200 
3.796964338360121e-226 
1.3613411888519546e-190 
8.808214822780669e-245 
4.240336196452184e-271 
1.0638668433569186e-238 
6.069394515530274e-213 
1.357741005777157e-263 
5.116131791997101e-264 
1.5771034940514097e-169 
2.235627494691605e-282 
1.0821630562977388e-218 
9.973225666276957e-210 
1.6712618869726725e-184 
2.4776237600786105e-179 
1.2111837470999314e-231 
7.179991470661864e-196 
2.915003305628183e-175 
9.916582076945149e-217 
2.1459228591168948e-259 
5.517103264368353e-223 
1.0582185912784179e-209 
9.955579075639854e-200 
2.282951644526796e-231 
6.926138640327557e-230 
5.6373606411473536e-232 
4.3241010572495526e-242 
1.344333635534429e-254 
5.125485567488293e-243 
6.328360397928705e-225 
1.1082109938342801e-239 
4.318500582879284e-180 
3.468484148247297e-218 
3.296723487601481e-172 
4.004488464278051e-221 
2.3691763816179626e-217 
5.24097262829504e-238 
2.0506243097181277e-259 
2.001303359242329e-230 
8.411187165897441e-242 
2.74318173310651e-262 
3.243818150662138e-272 
7.316202960694237e-273 
6.948294142445523e-235 
3.813905591917257e-108 
1.2979920451035469e-136 
1.216165109923757e-254 
7.907890079763631e-197 
5.368749084425159e-244 
1.9847975384026498e-212 
2.1755561198597985e-272 
2.8589550169579353e-263 
2.0640421568688037e-245 
5.640080113372924e-233 
5.00564556221334e-227 
1.937965386638751e-277 
3.550957145274296e-226 
6.07822403849614e-188 
4.084910936924106e-237 
1.2750958690077528e-230 
5.518812771008747e-207 
1.2028794187758432e-260 
6.501037797977735e-194 
7.435192434564646e-178 
1.7008236971297797e-284 
3.044282774694214e-264 
2.0703430053710736e-254 
1.2392973654501849e-250 
2.1337706384430384e-105 
2.628944003750414e-166 
1.1706549809546873e-127 
8.360816369456135e-213 
1.390711111423294e-258 
1.0079014096500824e-166 
6.858312531744712e-178 
5.816026750193062e-240 
2.811242195589274e-218 
3.302620639252304e-233 
2.5533483570688e-230 
7.231892417650576e-231 
2.696474588017809e-205 
1.2287408417605701e-124 
5.237464971302968e-146 
5.549967676765714e-178 
6.654705217874907e-229 
1.5999696745443505e-211 
1.2230868108053694e-260 
2.4037916170566245e-240 
3.705563009640729e-212 
1.7850515108775073e-143 
1.2946853195831984e-166 
1.4200576943203932e-109 
9.634774621315968e-220 
3.102155694415929e-245 
3.3937997028176063e-234 
1.0425620831450594e-251 
1.547335617685116e-200 
5.435383311260292e-252 
2.024138970414952e-183 
8.366847024724717e-144 
4.7940472810473075e-245 
6.292998982064905e-252 
1.4401886820393284e-246 
1.834832197528035e-245 
1.5249045292221352e-203 
1.144069205040298e-190 
4.190989062770431e-257 
5.321524636446916e-229 
4.064884602045324e-232 
4.75627832553522e-236 
2.850454426393159e-253 
8.27937649472334e-255 
2.132385513025004e-189 
4.540777936473737e-189 
1.149410941313123e-228 
3.6962370876922194e-219 
5.29945788131324e-232 
7.633262043143314e-120 
1.0923381107591781e-121 
5.801991830303869e-244 
4.559599326877854e-182 
3.140859259542479e-176 
7.384056538718037e-270 
3.871134816502387e-244 
3.880356812027707e-234 
4.270302747361822e-269 
1.0009745517449434e-234 
1.6309222388927814e-253 
7.991565004720422e-225 
1.2277031712218465e-251 
7.782092566556918e-225 
5.183220887871188e-200 
1.2928926918889379e-210 
6.069937843723857e-178 
2.0870397000145545e-212 
4.221507682840162e-182 
1.9238392076815691e-81 
5.736888462506329e-154 
8.57476028648706e-239 
1.0841065391386932e-230 
6.055296668487082e-253 
8.100330943026524e-291 
1.1825554411478844e-233 
2.4166949959983084e-105 
2.9006079346198184e-195 
3.9909753501315625e-224 
2.0693397568540233e-234 
1.944822644211517e-213 
2.9657522252955684e-258 
5.416956098183473e-244 
1.53568318396381e-266 
2.920869772841088e-221 
5.12890325564816e-235 
2.1595423324744554e-284 
3.517382256367984e-240 
1.309486500603966e-240 
2.066748824668113e-250 
8.013860290233558e-248 
5.955113186262584e-262 
1.2966108305319616e-252 
1.2481496837946438e-260 
9.269638298160664e-235 
1.5895602670979663e-269 
3.5310390960056864e-260 
1.1142727950372302e-239 
4.4112057344285854e-243 
2.9175266484048913e-227 
1.0176273021019601e-240 
1.3079066517041059e-197 
2.720737949113333e-238 
4.470463571490811e-249 
2.5646655681592597e-223 
8.12741385935787e-163 
2.3266055561149257e-176 
1.769981597231074e-166 
