t = 7000000
b = 105 105 105
E = -0.421850240789609 -0.761203638233057 0.339353397443448
-26.06311042333 -2.66963410191101 -12.5457602056274 0.359922569454026 0.41888267205137 0.833662432314599 0.463095852651329 0.695492300177878 -0.549393021115314 -0.643219551515861 0.0723041913528659 0.527381335459535 0.0364815516433562 0.114927099698615 -0.264131256222043
-25.9095058359566 -2.21160263396537 -12.7202124714483 0.528266138921603 -0.0882676818640132 0.84447836136115 0.556328640555812 0.78733225557577 -0.265718578626347 0.101723540168932 -0.368085865980055 0.186770491087561 -0.154938223991716 0.399087999277375 -0.262533608929989
-25.774081000314 -1.72864128288077 -12.5879241715401 0.753857066599871 -0.539939456381177 0.374386039509988 0.616310193554455 0.77859792307143 -0.118097500013127 -0.351852768107648 0.12197465188739 0.242735571560242 -0.548483848026272 -0.299387775924007 0.288019965957649
-25.4747288518154 -1.21402478170482 -13.9076753246744 0.649214841020227 0.543502682729706 -0.532094844989928 0.731302258966267 -0.253727136323185 0.633103108762049 -0.198137270013866 -0.243210859108807 0.509609632356271 0.7929022043882 0.824469089079256 -0.436529709432361
-25.9233781306929 -0.818135262178986 -12.6922214555965 0.0316615778081368 -0.973890772089878 0.224798373056455 0.771694376299019 0.166755338278622 0.613742981014064 -0.661344276535724 0.305511354619634 0.141383282794068 0.0174012697210566 -0.0784620540070789 0.156032315632282
-25.7993554659477 -0.979851753811159 -12.2691178076802 0.505282835827962 -0.737735258562829 -0.447700730500646 0.657283241843073 -0.00715387727876634 0.753609688122304 -0.288531802893213 -0.0777122035312527 -0.65031594458166 0.42908620231494 0.411765432209681 0.228148352455068
-25.6675972899728 -1.2518348711861 -11.8973689209667 0.749330771317239 0.0666126869234259 -0.658836963973869 0.655423952878165 0.0673171583764376 0.752255170924094 0.132835442037462 0.0223265589889524 0.0523867139534098 0.635417182399968 0.0605540624855592 0.00590477101386507
-25.3233072086256 -1.50646936942291 -11.6895095304175 0.415589683908763 0.815527163918298 -0.402741430126331 0.805636969379745 -0.124529804277218 0.579173032361812 0.168927014827449 -0.373584440049328 -0.245953087372589 -0.142711595494781 0.290910010736781 0.48138653830377
-24.8431680518218 -1.69127720324799 -11.6900097282727 -0.0265181890283498 0.95506557698327 0.295205910022953 0.73572404698788 -0.181278247389764 0.652570550750895 -0.0303494731373004 0.44320668421962 -0.477875085552099 0.0578366580362573 0.762311384526736 -0.17928366380429
-24.3921722066175 -1.58502796516616 -11.5725332666205 -0.466843987760281 0.240124244357767 0.851115173383527 0.789210618194085 -0.321110283516353 0.523483319647891 -0.177072261579139 0.713176396943211 0.0897016821950975 0.710475669248845 0.0990520340444837 0.510133814308691
-24.0241443770545 -1.51195635838746 -11.2227791855495 -0.757254457537626 -0.354132540944611 0.548776666763575 0.639911482399226 -0.570420497294327 0.514911401078204 -0.300476029051554 0.327067234843372 0.129980593781258 -0.0479325653187307 0.0493347897195879 -0.31566457262086
-23.7725713806335 -1.42217235322529 -10.7466177569176 -0.604647015632853 -0.794547893184752 -0.0556384033019299 0.740281000434451 -0.586378222138407 0.328853494731871 0.0869529428938811 0.330012271793288 0.118475977239951 0.246825811900727 0.241049786759084 0.215718485995153
-23.5855202212321 -1.69385769096599 -10.4303190799615 -0.0828220624627413 -0.664959989689735 -0.742272670978447 0.6972030451664 -0.570865731517787 0.433612996102914 0.116906849235115 0.196669520405976 -0.0775971990868205 -0.431043906872204 0.197300196883624 0.119852611270379
-23.5986662383317 -2.20068580411622 -10.265570846043 0.60923661274447 -0.0624817652403887 -0.790523104471942 0.735800399087716 -0.327171100213959 0.592922291608953 -0.065890556885177 0.139995551377443 0.264812409504591 -0.155281450650335 0.105203882449115 -0.236097767856423
-23.3259779464422 -2.60130736284188 -10.1229417311808 0.58227250612668 0.66658982359979 -0.465421030554002 0.780169856213262 -0.297115498497791 0.550506472267726 0.126132874537524 -0.445045305163539 -0.114509626322811 0.0408563487707049 0.194124692745231 0.0288415413033109
-22.9110674464516 -3.4427148150797 -9.96840439786971 0.498756132985947 -0.838338685565007 0.220069461974055 -0.846787509937482 -0.417136241657073 0.330073126609412 0.378022680270282 -0.533006846529598 0.209417184929042 0.32010783932856 -0.270471310111786 -0.15969426364186
-23.3675151493014 -3.75922317480831 -10.0129644334254 0.742173500177387 -0.454067564840964 0.492951460281771 -0.660012692415826 -0.62297917522722 0.419857348492747 -0.572122241923544 -0.260977844349245 0.142868823949605 0.196760760881894 0.160826499514046 -0.249328419135039
-23.7116325711549 -4.26793730347519 -10.0185851372394 0.680628378375881 -0.12124239870668 0.722527017699095 -0.587277608502967 -0.679903004974975 0.439132001085561 0.252823510372332 -0.196027103449914 0.266726076223739 0.254574274241691 -0.319678151272784 -0.213646626448721
-24.0173442617517 -4.69577808638624 -9.83497703939591 0.628483364929773 0.262929464287584 0.732036035189653 -0.471355718106059 -0.619901816790607 0.62733206880299 -0.0336499553237424 -0.0140252855970454 0.180781338576464 0.166206143583207 -1.08685545100372 0.0568547384977418
-23.8066360057988 -5.33092047602621 -9.75036533941386 -0.393424523343507 -0.6370901443662 0.662822217780385 0.213535017044315 -0.764569514709641 -0.608141639482702 0.00953727519576691 -0.17246787363204 -0.0669243650680198 -0.0769493292143434 -0.0683977957123867 -0.421450829978245
-23.5603322678808 -5.72702715755256 -9.67806977495367 -0.913717825917853 -0.406332485439707 -0.0036940325194692 0.370164037911234 -0.828567136849737 -0.42006557198835 -0.106158400541697 0.630920286567908 -0.306401791266241 0.0316603163558813 -0.0434618599329785 0.210152426551441
-23.4742214152965 -6.2594394014447 -9.68750956760349 -0.867069794403334 0.186360095935461 -0.462017192619421 0.164546918118678 -0.768220803763632 -0.6186769014616 -0.203652434556408 -0.482065667881494 -0.0844456092311088 0.248889631157014 0.195839160187428 0.292855239530932
-23.570641431875 -6.64729511546038 -9.85332285338787 -0.360487324309545 0.561920684731984 -0.744509256545814 0.0397519271439357 -0.78819504602922 -0.614140337140826 0.0141638293233825 -0.174145203327776 0.497034938488453 -0.430612254821715 0.342638007167349 0.0179582465163452
-23.0466624554676 -7.04025026690149 -8.44469900835593 0.466398820658069 -0.752843294361977 0.464434187181604 0.843529023951653 0.536602398591757 0.0227299708932944 0.356158217781891 -0.295528150983048 -0.249440343990898 0.346506139890832 0.154348154980727 -0.287257283614792
-22.7294492552421 -6.6055422348221 -8.27254145502695 0.469815927166811 -0.835493713350357 -0.284996928988367 0.879219322388996 0.471776749867277 0.0663331095508616 -0.186379067369993 0.227713613056089 0.249958015552484 0.226582746862893 0.750280791639476 0.406400784021842
-22.2096355605523 -6.51873028418481 -8.09972672494683 0.186486588370988 -0.433350677606568 -0.881719877611758 0.874148977662555 0.482821299719342 -0.052413332167533 -0.183756658511427 0.159515685506628 0.196759045552017 -0.161165532162081 0.175946026553803 0.672444690742866
-30.1188538154014 6.93802161797372 -8.59477436581721 -0.541168252806849 0.827934871087843 -0.147175987820125 0.625208345868805 0.513185098216524 0.58800984619696 -0.807003814863282 0.290520934387474 -0.0518055978618377 -0.333260403351455 -0.055905123299528 0.107771261711915
-29.8436923230448 7.34404072792103 -8.59029450792558 -0.823343425728654 0.495749282800087 0.27629377827262 0.566511965119027 0.747221253112382 0.347454446329472 0.0655295513323585 0.022910490758323 0.364786815255047 0.150334451982142 0.282007775055574 0.859532480365162
-29.1153556051974 7.12541122965295 -7.78904522863196 -0.0583109715159139 0.906701289811788 0.417723116016669 0.751089061105895 -0.235794576842534 0.616657230411691 0.37163950968482 0.411337952153315 -0.172960263059806 0.346579976627584 0.149501575880218 -0.511024203214977
-30.1006391089622 6.65280449074348 -7.00310136605324 -0.821282097559065 0.0149829750297389 0.57032554448127 -0.058000939251564 -0.996668497769626 -0.0573393111188886 0.0669810829211719 0.280578741770451 0.00560558074829481 0.402471719802418 -0.405737956598078 0.337060817697633
-30.2631653760157 6.21969729863977 -6.76603448191418 -0.956129123467433 0.157303726167173 -0.247128786246248 -0.142143979646374 -0.986756345837466 -0.078147316010151 0.566543746905527 -0.0694220341127895 0.466673820856173 -0.0492492465763467 -0.292764124311022 -0.0435031742585889
-30.5420396559742 5.87935700971833 -6.58455370805376 -0.301646473364214 0.138634425075257 -0.943286754539896 -0.238572338310956 -0.968872317290591 -0.0661034959779603 0.476737548806005 0.380507654585948 -0.135532799924787 0.0247093761312677 0.190568051435053 -0.14987373959766
-31.0061505451736 5.60604164446729 -6.60587320638575 0.433706501480006 -0.251550618778481 -0.865228846471336 -0.336463056854626 -0.935995127718865 0.103468508534667 0.137979848701722 -0.270253862721856 -0.227645305660618 -0.0554939566076801 -0.419824549621317 -0.283594797020206
-31.3345868955834 5.16821997727922 -6.72135038587441 0.863474698271199 -0.138468671809426 -0.485013270305786 -0.109615698380215 -0.990113283135139 0.0875219128439853 -1.17724151337924 -0.456476414049507 0.0563161543086384 -0.290377091126575 0.417348782206352 -0.0553129423923826
-31.375288318446 4.76493372956963 -6.91182250203295 0.934374476700463 -0.0152784254182405 0.355964755287854 -0.0647224078608734 -0.98973621929806 0.127409678322477 0.15296954696856 0.180015349504483 0.160007919346001 0.368695518066531 0.472414368632888 -0.0789495167467986
-31.153961945473 4.35087335678886 -7.04782746403792 0.374127421092971 0.0901287589960608 0.92298725862701 -0.173859667938252 -0.970802938838143 0.165270898248265 -0.431491580585184 0.363075785371704 -0.0809272846248726 -0.125780018578812 0.35653071900612 0.140817714848791
-30.934271980328 3.83167683524798 -7.02955310586212 0.0394107521386287 0.296716042573186 0.954152180050603 0.217275634128013 -0.934590709759943 0.281658488323271 0.0914892077858531 -0.478095317020822 -0.34191280747133 0.537591722502164 0.22241609599013 -0.122092106453232
-31.0761347807764 3.43269192400961 -8.08910137916483 0.909008816944231 0.271483678411752 -0.316227106797729 -0.13594978519208 -0.524098571411609 -0.840736786009901 -0.549710282477915 -0.0658469775158493 0.333974697361266 0.0723188112395502 -0.0620495426503307 0.0153712260834735
-31.0727733706725 3.41051028783223 -8.62678861623968 0.954687328734448 -0.239496361468988 0.176673702619539 0.0675760576364301 -0.403690701875583 -0.912396456401192 0.560813335821458 0.473180736328758 0.294833559825623 -0.103762592552791 -0.407276781384028 -0.027609307275066
-31.3375886159455 2.27038178733638 -9.14956469584698 0.537860431020071 -0.724991377651396 -0.430225126037432 0.635373918846579 0.013199042574878 0.772091813533067 0.277291384416129 -0.544164839689991 -0.249904449756494 0.0783983741473217 0.772067719891103 0.0899201117338823
-31.2305112071206 1.97152621727904 -8.75310473099003 0.952324775405545 0.194164811768546 -0.235324346423376 0.278857147508722 -0.241083701574537 0.929579119880933 -0.0189626089007622 0.0113244164993016 -0.192277655834851 0.212364190674261 -0.233166926644995 -0.758493490780273
-30.9081415715661 1.61615708944487 -8.49840670906581 0.673031868958023 0.739362174442607 0.019278961861561 0.311334865125772 -0.306855938302703 0.899394259980394 0.281119899577651 0.654665971253619 0.412152218313026 0.264830893123998 -0.0576207683018432 0.322776747839368
-30.4764456429522 1.50283303242494 -8.28250988248107 -0.306307835591251 0.767234310849278 0.563495361214813 0.517968838069456 -0.362316767084362 0.77487730840319 -0.202341244521376 0.204720951806939 -0.0891929754512775 -0.0673362734601263 0.0305628017621873 -0.548459410560931
-30.0875255899873 0.676925659359489 -8.1572858729496 0.512885877747372 0.597986317517224 0.615922430561852 0.716962823421749 -0.692980619781033 0.0757771102576691 -0.287822740267133 0.776559501320054 -0.222732075075422 0.314275279971967 0.148380771851738 0.253278386076186
-29.7217558115831 0.414783641505677 -8.26955557793278 0.14899926013565 0.312125810108326 0.938283911800513 0.755858920300756 -0.647740404725465 0.0954445424743567 -0.026703752178324 0.312258726749963 0.187286198158682 -0.154690189955445 -0.404499896697712 -0.183597085858225
-30.5173111572891 -0.808763506591833 -8.29044519570447 -0.79046107283098 0.398252496871564 -0.465366781232273 0.221161006577142 -0.522937464475615 -0.82317933490657 -0.124581801181947 0.709136036814265 -0.383173228250916 -0.368077436155601 -0.398562617338059 -0.0971576667031339
-30.6873192005787 -1.03641301568355 -8.61230111687469 0.18532123952783 0.805210474538973 -0.563286898367623 0.243966610277192 -0.592969785524049 -0.767376782633804 0.145278926997501 0.130653659786531 0.0674771091994737 0.199725955987852 0.133192216960423 0.0768769537292385
-30.9199336922535 -1.99972486864324 -8.26251258921613 -0.423767642562812 0.747667899717902 0.511286315921442 -0.611505116279793 0.18026164235779 -0.770433146391402 -0.459240334240593 -0.158766035516418 0.0226586662758572 -0.1252904912695 -0.223539969290614 0.546103626062298
-31.3800042075592 -1.9688167351791 -8.42898229689683 0.215835116783442 0.970487271823119 0.107562342815438 -0.638431111797507 0.223612809145826 -0.736480160679768 -0.235960887764213 -0.259161181100131 0.0401689292899989 -0.106079501019029 -0.0850827505298716 -0.032488772194063
-31.9116966369265 -2.24567387170431 -8.00224545123859 -0.800373156536744 0.0579815957879444 -0.596691666478919 -0.190693176207656 -0.968240117203413 0.161700921414572 0.0932715269006469 -0.190869463164264 0.139861079990935 -0.158161890836596 -0.174399473732484 -0.0113271755137541
-32.2278180571653 -2.56651459406447 -7.83495640543707 0.101099401254328 -0.0714860526745941 -0.992304718994565 -0.14297953289538 -0.988104980534232 0.056616257530215 0.33894965898108 -0.0599997465201053 -0.578242139231125 -0.440931868543849 -0.336858627312146 -0.621906834814975
-32.5288960599116 -2.93849986521839 -7.92435589284387 0.694000320965852 -0.111118593263545 -0.711348165619829 -0.0371854219400927 -0.99223165717424 0.118716396915747 0.622673978672044 -0.644960966211241 0.411616126243215 0.100862090856431 0.613075552942161 -0.751863300279308
