        0.1434 26   0.002227   0.002227   0.317769    0.011449   0.000000  -1.051915   0.000000  -0.455232  -0.172689   0.000000   0.061308
        0.1632 25   0.006047   0.006047   0.260226    0.045428   0.000000  -1.126886   0.000000  -0.339924  -0.128630   0.000000   0.058375
        0.2027 26   0.011023   0.011023   0.291147    0.061435   0.000000  -1.130756   0.000000  -0.320247  -0.111074   0.000000   0.057270
        0.2764 25   0.015978   0.015978   0.314446    0.059856   0.000000  -1.088077   0.000000  -0.299537  -0.098788   0.000000   0.056447
        0.1829 26   0.031053   0.031053   0.373964    0.057537   0.000000  -1.102912   0.000000  -0.315347  -0.120763   0.000000   0.059767
        0.2450 25   0.039840   0.039840   0.333145    0.037989   0.000000  -1.064412   0.000000  -0.308951  -0.113061   0.000000   0.057584
        0.2766 25   0.052064   0.052064   0.334459    0.054313   0.000000  -1.074626   0.000000  -0.304875  -0.106176   0.000000   0.055550
        0.2886 21   0.067632   0.067632   0.293121    0.052249   0.000000  -1.100143   0.000000  -0.260691  -0.076988   0.000000   0.059300
        0.7525 21   0.046315   0.046315   0.339956    0.032799   0.000000  -1.044561   0.000000  -0.246029  -0.082241   0.000000   0.057479
        0.6348 22   0.072427   0.072427   0.317957    0.048074   0.000000  -1.055026   0.000000  -0.258783  -0.100903   0.000000   0.057695
        0.8648 21   0.069692   0.069692   0.333937    0.047661   0.000000  -1.051063   0.000000  -0.255447  -0.092950   0.000000   0.054032
        0.7935 22   0.096119   0.096119   0.347481    0.046867   0.000000  -1.044204   0.000000  -0.286456  -0.100994   0.000000   0.057601
        0.7978 21   0.117809   0.117809   0.298812    0.054083   0.000000  -1.006070   0.000000  -0.273484  -0.105746   0.000000   0.054064
        0.9386 21   0.124797   0.124797   0.292665    0.035692   0.000000  -0.968378   0.000000  -0.279153  -0.089577   0.000000   0.053053
        0.9521 21   0.148145   0.148145   0.339309    0.048604   0.000000  -1.026543   0.000000  -0.271838  -0.096667   0.000000   0.055188
        1.0378 21   0.163443   0.163443   0.293973    0.048958   0.000000  -1.000444   0.000000  -0.246242  -0.088262   0.000000   0.058964
        1.0481 21   0.190494   0.190494   0.322758    0.056635   0.000000  -1.012284   0.000000  -0.263452  -0.099666   0.000000   0.054957
        0.9840 22   0.231627   0.231627   0.314709    0.041029   0.000000  -1.017459   0.000000  -0.231310  -0.079534   0.000000   0.057767
        0.9754 22   0.266954   0.266954   0.372708    0.059767   0.000000  -1.066914   0.000000  -0.291476  -0.092475   0.000000   0.056140
        0.9343 22   0.310899   0.310899   0.317173    0.050903   0.000000  -1.001700   0.000000  -0.283884  -0.091947   0.000000   0.054064
        1.2718 20   0.285357   0.285357   0.329951    0.047366   0.000219  -1.021090   0.000000  -0.237203  -0.074504   0.000000   0.056278
        1.0925 21   0.358300   0.358300   0.306285    0.048580   0.000000  -0.985035   0.000000  -0.273823  -0.094520   0.000000   0.051162
        1.4383 20   0.329226   0.329226   0.293670    0.038014   0.000000  -0.977968   0.000000  -0.247565  -0.084646   0.000000   0.055540
        3.1065 16   0.105222   0.105222   0.391937    0.062325   0.000000  -0.901292   0.000000  -0.201811  -0.065314   0.000000   0.046734
        4.8794 12   0.003271   0.003271   0.307352    0.048787   0.000000  -0.757020   0.000065  -0.132991  -0.047272   0.000000   0.038133
        5.1659 12   0.001804   0.001804   0.306894    0.030837   0.000000  -0.748003   0.000000  -0.138429  -0.049683   0.000000   0.042169
        5.3095 12   0.002705   0.002705   0.321037    0.058328   0.000025  -0.760672   0.000000  -0.122139  -0.041296   0.000000   0.039542
        5.3790 11   0.005498   0.005498   0.327609    0.048860   0.000207  -0.766077   0.000000  -0.127171  -0.042660   0.000000   0.041238
        5.7787 12   0.001615   0.001615   0.327189    0.052268   0.000000  -0.753562   0.000955  -0.142508  -0.051265   0.000000   0.036014
        5.7697 11   0.005723   0.005723   0.328389    0.042810   0.000000  -0.733724   0.000000  -0.133677  -0.052085   0.000000   0.035823
        5.8736 10   0.008451   0.008451   0.327963    0.059099   0.000000  -0.744801   0.000000  -0.121204  -0.050878   0.000000   0.039127
        5.9636 10   0.012227   0.012227   0.301386    0.068385   0.000000  -0.703515   0.000000  -0.109749  -0.044851   0.000000   0.036570
        5.9093 11   0.023636   0.023636   0.344734    0.053955   0.000000  -0.733524   0.000000  -0.139408  -0.040368   0.000000   0.037532
        6.5617 9   0.005908   0.005908   0.328416    0.061777   0.000000  -0.703947   0.000000  -0.125756  -0.041711   0.000000   0.038915
        6.5851 11   0.011412   0.011412   0.378967    0.060943   0.000000  -0.712355   0.000000  -0.131560  -0.050746   0.000000   0.034287
        7.1363 7   0.002222   0.002222   0.367531    0.048315   0.000000  -0.738442   0.000000  -0.084840  -0.027255   0.000000   0.033970
        7.3203 8   0.002482   0.002482   0.359460    0.048100   0.000000  -0.748236   0.000000  -0.095887  -0.038288   0.000000   0.038143
        7.5742 8   0.001651   0.001651   0.364515    0.035511   0.000000  -0.728981   0.000000  -0.110389  -0.036353   0.000000   0.034888
        7.5371 8   0.006538   0.006538   0.295986    0.067585   0.000000  -0.712346   0.000000  -0.089178  -0.027484   0.000000   0.032526
        7.6894 8   0.007907   0.007907   0.351034    0.049412   0.000000  -0.703243   0.000000  -0.110994  -0.031337   0.000000   0.031753
        8.2690 7   0.000597   0.000597   0.350053    0.049034   0.000000  -0.714949   0.001506  -0.069903  -0.028375   0.000000   0.032457
        8.4651 8   0.000627   0.000627   0.320137    0.040163   0.000000  -0.632097   0.000000  -0.098927  -0.033243   0.000000   0.032435
        8.4467 8   0.003856   0.003856   0.350625    0.065738   0.000000  -0.696394   0.000000  -0.090487  -0.030374   0.000000   0.031792
        8.2676 8   0.015989   0.015989   0.344875    0.049765   0.000000  -0.716949   0.000000  -0.100320  -0.031458   0.000000   0.031939
        8.5654 8   0.012058   0.012058   0.337729    0.035765   0.000000  -0.675306   0.000000  -0.108561  -0.040264   0.000000   0.030894
        9.0442 8   0.003897   0.003897   0.291362    0.054997   0.000000  -0.611440   0.000000  -0.114482  -0.030983   0.000000   0.030538
        8.7199 8   0.022933   0.022933   0.318184    0.040551   0.000000  -0.631193   0.000000  -0.101708  -0.030480   0.000000   0.029647
        9.1777 8   0.011579   0.011579   0.374270    0.065809   0.000000  -0.703272   0.000000  -0.097636  -0.033865   0.000000   0.028711
        9.1148 7   0.023175   0.023175   0.327409    0.056858   0.000000  -0.667514   0.000000  -0.083594  -0.029531   0.000000   0.031904
        9.1359 7   0.033336   0.033336   0.385209    0.056802   0.000000  -0.692830   0.000000  -0.077072  -0.023973   0.000000   0.031036
        9.2996 7   0.035608   0.035608   0.317557    0.059650   0.000000  -0.648567   0.000000  -0.072646  -0.023974   0.000000   0.028096
        9.7648 8   0.020628   0.020628   0.334570    0.062707   0.000000  -0.656362   0.000000  -0.081021  -0.027576   0.000000   0.028610
        9.9641 7   0.020654   0.020654   0.360210    0.080791   0.002585  -0.639268   0.000000  -0.065751  -0.023196   0.000000   0.028693
       10.1317 7   0.022255   0.022255   0.342951    0.061725   0.000000  -0.547653   0.000000  -0.098357  -0.031469   0.000000   0.028250
       10.4887 5   0.015000   0.015000   0.309363    0.070032   0.000000  -0.522961   0.000000  -0.047659  -0.020495   0.000000   0.029562
       10.4184 7   0.028342   0.028342   0.323931    0.064538   0.000403  -0.576708   0.000000  -0.081258  -0.029051   0.000000   0.026996
       11.3018 5   0.002729   0.002729   0.395683    0.050437   0.000000  -0.607198   0.000000  -0.045274  -0.016090   0.000000   0.025554
       11.2039 4   0.010569   0.010569   0.346378    0.077074   0.000000  -0.577285   0.000000  -0.047640  -0.014269  -0.004042   0.031628
       11.9097 3   0.000284   0.000284   0.319536    0.046562   0.000000  -0.594608   0.000000  -0.031188  -0.011706   0.000000   0.029453
       11.7098 3   0.007182   0.007182   0.364006    0.055085   0.000000  -0.639796   0.000000  -0.024374  -0.010697   0.000000   0.024301
       11.9756 2   0.005406   0.005406   0.345420    0.041725   0.000000  -0.574326   0.000000  -0.023342  -0.012616   0.000000   0.030124
       12.1501 2   0.006055   0.006055   0.377987    0.055165   0.000000  -0.598699   0.000000  -0.022960  -0.009669   0.000000   0.024920
       12.7073 2   0.000293   0.000293   0.332060    0.053031   0.000000  -0.602287   0.000000  -0.022252  -0.011235   0.000000   0.029766
       13.0843 1   0.000168   0.000168   0.397423    0.051977   0.000000  -0.632559   0.000000  -0.020289  -0.010120   0.000000   0.025288
       12.7340 2   0.006473   0.006473   0.390231    0.052568   0.000000  -0.611694   0.000000  -0.026481  -0.007251   0.000000   0.024904
       13.2816 1   0.000457   0.000457   0.372523    0.053798   0.000000  -0.538870   0.000000  -0.016626  -0.008506   0.000000   0.027758
       13.3553 2   0.001831   0.001831   0.364047    0.063284   0.000000  -0.618220   0.000000  -0.021040  -0.008036   0.000000   0.023978
       13.6101 1   0.001119   0.001119   0.344181    0.070211   0.000072  -0.600859   0.000000  -0.018464  -0.006648   0.000000   0.025361
       14.1870 2   0.000936   0.000936   0.313781    0.069290   0.000000  -0.584464   0.000000  -0.022457  -0.005803   0.000000   0.024129
       14.0010 1   0.001219   0.001219   0.324126    0.041474   0.001360  -0.540640   0.000000  -0.010738  -0.006795   0.000000   0.026028
       14.3964 2   0.000003   0.000003   0.337761    0.039386   0.000000  -0.529749   0.000000  -0.026599  -0.004469   0.000000   0.024433
       14.5540 1   0.000079   0.000079   0.359243    0.053696   0.000000  -0.562367   0.000000  -0.017555  -0.004599   0.000000   0.022001
       14.3457 2   0.006111   0.006111   0.333944    0.058040   0.000000  -0.536106   0.000000  -0.015733  -0.004095   0.000000   0.023868
       14.7718 2   0.001578   0.001578   0.347512    0.061205   0.000000  -0.564562   0.000000  -0.029547  -0.004084   0.000000   0.025485
       15.0488 2   0.000709   0.000709   0.324427    0.059703   0.000000  -0.539247   0.000000  -0.022817  -0.004361   0.000000   0.023210
       15.3152 2   0.000234   0.000234   0.348447    0.061240   0.000000  -0.529878   0.000239  -0.021080  -0.005553   0.000000   0.023696
       15.2912 2   0.002843   0.002843   0.303371    0.046504   0.000000  -0.508149   0.000000  -0.024745  -0.006841   0.000000   0.021400
       15.3803 2   0.005200   0.005200   0.327549    0.059843   0.000000  -0.538904   0.000000  -0.029778  -0.004227   0.000000   0.024631
       15.8193 0   0.000991   0.000991   0.343740    0.053583   0.000000  -0.577390   0.001908   0.000000   0.000000   0.000000   0.028679
       16.4305 0   0.001474   0.001474   0.329260    0.056136   0.000000  -0.572498   0.000000   0.000000   0.000000   0.000000   0.026423
       16.3864 0   0.000009   0.000009   0.349599    0.033850   0.000000  -0.590807   0.000294   0.000000   0.000000   0.000000   0.034867
       16.4167 0   0.001012   0.001012   0.309429    0.053008   0.000091  -0.600747   0.001029   0.000000   0.000000   0.000000   0.037626
       16.5325 0   0.002124   0.002124   0.331067    0.037052   0.000000  -0.622453   0.000000   0.000000   0.000000  -0.000000   0.029545
       16.8309 0   0.000861   0.000861   0.348198    0.070816   0.000419  -0.647618   0.000000   0.000000  -0.000000   0.000000   0.029903
       17.3541 0   0.000655   0.000655   0.328032    0.058554   0.000000  -0.632501   0.000000   0.000000   0.000000   0.000000   0.026877
       17.3554 0   0.000066   0.000066   0.332135    0.042709   0.000000  -0.651373   0.000000   0.000000   0.000000   0.000000   0.031484
       17.5314 0   0.000148   0.000148   0.339992    0.029482   0.000000  -0.660772   0.000000   0.000000   0.000000   0.000000   0.036719
       18.0363 0   0.001573   0.001573   0.313471    0.049859   0.000681  -0.687189   0.000000   0.000000   0.000000   0.000000   0.030214
       17.9814 0   0.000013   0.000013   0.311783    0.053598   0.000000  -0.640045   0.000000   0.000000   0.000000   0.000000   0.028940
       18.2311 0   0.000024   0.000024   0.260081    0.044203   0.000000  -0.608799   0.000000   0.000000   0.000000   0.000000   0.028506
       18.6045 0   0.001181   0.001181   0.270922    0.041470   0.000000  -0.640870   0.000000   0.000000   0.000000   0.000000   0.030589
       18.6980 0   0.000266   0.000266   0.365262    0.042470   0.000000  -0.678076   0.000000   0.000000   0.000000   0.000000   0.026255
       19.0298 0   0.001501   0.001501   0.358860    0.037181   0.000000  -0.694931   0.000000   0.000000   0.000000   0.000000   0.025202
       18.9476 0   0.000084   0.000084   0.354425    0.052833   0.000000  -0.662225   0.000000   0.000000   0.000000   0.000000   0.026489
       19.1057 0   0.000263   0.000263   0.345826    0.053412   0.000000  -0.673762   0.000000   0.000000   0.000000   0.000000   0.026374
       19.1509 0   0.001806   0.001806   0.321277    0.069574   0.000000  -0.649659   0.000000  -0.000007   0.000000   0.000000   0.033068
       19.4851 0   0.000387   0.000387   0.324790    0.080908   0.000000  -0.679998   0.000000   0.000000   0.000000   0.000000   0.029145
       19.7960 0   0.000001   0.000001   0.326589    0.054557   0.000008  -0.641377   0.000000   0.000000   0.000000   0.000000   0.030184
       19.9439 0   0.000092   0.000092   0.336756    0.070805   0.000000  -0.619129   0.000000   0.000000  -0.000027   0.000000   0.031879
       20.0293 0   0.000842   0.000842   0.326300    0.061621   0.000000  -0.641725   0.000000   0.000000   0.000000   0.000000   0.035602
       20.4893 0   0.000230   0.000230   0.326274    0.038232   0.000000  -0.605390   0.000000   0.000000   0.000000   0.000000   0.030746
