t = 7000000
b = 105 105 105
E = -0.152301514464158 -0.515973236829881 0.363671722365723
100.235740967026 53.2074224636224 -21.6600448617223 -0.573211282831231 0.779002042162248 0.254135089159474 0.802242501660642 0.596679201349392 -0.0195166392206411 -0.291487383591378 0.0421673662686161 0.559701483883684 -0.346677838518858 -0.587975274599163 -0.344879885992488
100.745316844356 53.6750876701525 -21.6447888541899 -0.64075529902723 0.475637916765759 0.602661778199965 0.687598310679811 0.704717252205927 0.174877550285156 0.274928046095968 0.290893692805172 0.497229436998584 -0.104301920452566 -0.10934708375988 0.108279087461796
100.877455988045 54.1591719793356 -21.6822351086982 -0.283761620963842 -0.0572995739512292 0.957181331458485 0.6508309633104 0.721566483642734 0.236137389838314 -0.641634598570743 0.108729660022984 -0.553672177742081 0.00407555135759166 -0.143309899119645 0.00272073108544318
100.92307258783 54.5518686820092 -21.3864331095353 0.616308810902353 -0.419368512254611 0.666553449119703 0.308061488305928 0.907350932832816 0.286028677076426 -0.762456405524876 0.305789423126682 -0.771380524725321 0.0665602411942821 -0.109570675445334 -0.479502175490236
101.29340587524 55.6705809725515 -22.2570457293807 -0.0750675339107098 0.964774987620191 -0.252139026362949 0.983826480072411 0.112894887131661 0.139069053234158 -0.484402182432085 0.254472413080154 -0.0633935234604918 -0.452788118513449 0.149484927054678 -0.000396849441799691
101.745275021006 55.76594295981 -22.4924688245912 -0.365487767029772 0.892504789287311 0.26429887107348 0.930353810181325 0.341322388269493 0.133943328117176 -0.185354746629089 0.0809330922177804 0.634838887138274 0.0490591092870279 -0.357949084965641 -0.19419624234453
101.765278496666 55.0691088667371 -22.8737577464066 0.686689491005464 0.717137275331458 0.119044828837513 0.110423199675656 -0.264758274413032 0.95797169744368 -0.286045469007794 -0.055063388251377 -0.392371825573266 -0.0380264312310323 0.475647930162412 0.166967146586683
100.383087335165 54.3316681732721 -23.3642529935158 -0.357396189813145 -0.504492803827943 -0.78597390185237 0.187796417460269 -0.863186680429588 0.468659002172872 -0.581409365414733 0.0259023535563633 0.574258075771946 -0.828345443540131 -0.202657059967186 -0.223889087656797
101.75453996115 54.1729733423289 -23.8340964373827 0.816582095035112 0.563064048384299 0.127092720033005 0.526852819970146 -0.816984185163988 0.23444177802086 -0.0585899095498457 -0.138262330085156 -0.159138325368534 0.367128724576264 0.308161965221293 -0.379346038817713
102.140905370503 53.9208411464327 -23.881777773255 0.314977959566234 0.347071642369043 0.883362983178622 0.623757000202753 -0.777204181492951 0.082950979306364 -0.380126567359487 -0.0338226945539757 -0.0932983762929937 -0.133782765441618 -0.379316282594842 -0.18383350883634
102.603113273978 53.8579436486221 -23.923085073166 -0.267099038241144 -0.324214327921535 0.907492795200799 0.68266908224282 -0.728319593514669 -0.059274731991324 -0.570426258931605 -0.274278049941677 0.031868403411399 -0.112849417020144 0.00119838739235532 0.134017596633959
102.967104355556 53.4704660066761 -23.8528197488438 -0.646800134793405 -0.339039195738585 0.683155918794976 0.679498339330105 -0.662928841751894 0.314336376547956 0.180714336111353 -0.202570460619651 0.27737173517122 0.0688623859434526 0.141402864078081 0.0575577618440305
103.180181824534 53.337885584893 -23.5082682048766 -0.587680526819355 -0.808829798071064 -0.0206387051254847 0.754579242349869 -0.557111092306772 0.346752646484351 0.00435500536747879 -0.436159472777779 0.0892808406106176 0.0931856071570747 0.493166323425376 0.0230676503517086
104.08426583928 54.0373381183517 -23.6075142039324 -0.789083354403521 0.342947175032804 0.509641731945648 -0.0706396346349007 -0.874804017964722 0.479299459807313 0.0266726779327037 -0.40993106808279 0.0952503906009804 0.282690603273152 0.406863410865193 -0.692846235667521
104.169872952927 53.8867776018194 -23.276841987247 -0.98539284011696 -0.130196394666244 -0.109771806318625 0.0552570188869697 -0.854161921366538 0.517062930358329 0.0125218938779501 -0.22478269348502 -0.0412268529190053 -0.102846337083171 0.339123387382504 0.384836772592968
104.437081876254 54.1886929893019 -23.1634659052735 -0.784308089365194 0.616986106465555 -0.0647222170864594 0.362589086220944 0.371250288768341 -0.854811311134107 -0.255576147522057 0.621699514427314 0.0304077104850558 0.218695481435278 0.352138984016018 0.000985005311649104
106.104065960052 54.187398540362 -22.9616447505436 0.664311592895114 -0.693207997239475 -0.279558187338594 0.0870721984276516 0.44323679055138 -0.892165668338978 0.0688023596862321 -0.0132615140583645 0.135933993302751 -0.0379247037332571 0.109410916358425 -0.0672316506786835
105.770636705036 54.6726655320419 -23.7614754797814 -0.462484180019492 0.70843665059117 0.533128404168338 0.705950985205691 -0.069557882298015 0.704836794937592 -0.467609435975173 0.29345176025979 0.315515402729685 0.614231093110387 0.0926984496018359 -0.151120289192048
106.104771577652 54.898153802173 -23.5293894988522 -0.69694897737435 0.361812818241478 0.619155560011182 0.705695299228608 0.192526974301337 0.681855929660344 -0.423923913964708 -0.481593117961807 0.303240869546808 0.097982399534437 0.349815547004234 0.172414653388299
106.22281605585 55.3384176501382 -23.3982016353947 -0.146985076254454 -0.473778953376901 0.86829078694625 0.79268070118504 0.468650390240537 0.389902702857938 -0.524815259471993 0.555592699311513 -0.380178342729513 -0.139655422141242 0.856206230267688 -0.078196268717862
106.212247446419 55.9478874499643 -24.2982616109791 -0.83425378663757 -0.0217040774372439 0.550953312453614 0.387124795183972 0.688469502519859 0.613305908216433 -0.242071977121574 0.211874180341129 -0.124644296629828 0.738567934144347 -0.323636011660538 0.00770961998616909
106.208589163829 55.5017582458635 -25.1899977344003 -0.172174519350115 -0.984566352928142 -0.0313852125818369 -0.886381785625902 0.168747071268506 -0.43110527258372 -0.309755912439686 0.291575352654285 -0.0476182113888463 0.120363317441415 -0.0517841030437237 -0.432935869904131
105.50506205619 55.6576947609369 -25.7395309826057 0.573773379282199 0.44649915515245 -0.686602223761866 0.610574638067435 -0.791944388768125 -0.00476407883872441 -0.913807069293214 0.170952227980621 -0.468484456201698 -0.226364033091079 -0.154543498192148 -0.190080311135516
104.878080017754 55.3793144405824 -25.7058083529293 -0.685928362289964 0.0373925627820181 0.726707697808955 0.407858913085316 0.846816243076476 0.341399117570557 0.084082633975963 0.177093711610664 0.14919688353771 -0.635040562897753 0.271299372445326 -0.0840169650418559
104.79825808343 54.7733526732996 -26.4865188275175 0.607349101660663 -0.571034896834399 -0.552309890649668 0.214774064398888 -0.551312315998308 0.806180396369192 0.506553389869084 0.00106488449507159 0.807355209794132 0.0641720157566578 -0.535033818901285 0.0230517007610697
104.923378580421 55.5885261932411 -26.434141601984 -0.866447020084928 0.401793843990424 -0.296363405833568 0.203657984172894 -0.257533050265482 -0.944563472458792 0.102397986277907 0.112331911324771 -0.0881213200093938 0.255510258558069 0.0428571598753696 -0.0800201053703397
116.255729161975 41.0692201885551 -38.89844854908 0.599010672018324 0.728428634451545 0.332532613919065 0.65516368839509 -0.684609436576182 0.319484680008118 -0.266013480592774 0.0756222234998502 0.405459768124082 0.636975930061835 -0.775573255991224 0.0294178074199344
115.606898411239 41.4630277545979 -38.2751426695616 -0.254355325746299 -0.794497711066736 0.551431550942198 0.592931763001037 0.322339727725176 0.737922099110076 -0.0893623770393412 -0.405211196853817 -0.303280026207408 0.636304954239236 -0.502388977217243 -0.125229393051993
115.766323128902 41.481939699209 -37.7429211371367 0.197476866450064 -0.904340225061418 -0.378380290914614 0.851053608043428 -0.0334094315078776 0.524014852959832 0.0804578007910474 0.148727391987236 0.840556943901823 -0.361537256981733 0.0932623619820122 -0.143679078552269
116.019933683314 41.2274339178654 -37.3123621172996 0.407676661863526 -0.296300797653649 -0.863716143580118 0.891492020070018 -0.0755262499354204 0.446696500682035 -0.052297039693475 0.00778593810914085 -0.355086330085668 0.173183492734073 0.4071315212531 0.233968479654216
114.903135621776 41.0883986216716 -37.0892702771772 -0.779045692987597 0.497830835793703 0.381119754369521 -0.428621293775779 0.0207486324933128 -0.903245969142179 0.0695214022835854 -0.302161467110265 -0.193495018718597 -0.0823763066225567 -0.381400518202369 0.655107286778483
114.570384721806 41.0556992135383 -37.4804570997021 -0.304195768943985 0.84923264612384 0.431588747437054 -0.473124829030602 0.258543261144438 -0.84220441596564 -0.129819667563507 -0.367867998758804 0.187143754901891 0.0497135618286078 -0.303982445395729 -0.458940250169756
114.115865653094 41.1113656854312 -37.6420402386716 0.42622758046306 0.900009773283347 -0.0911726803771107 -0.590320298037786 0.200355802569861 -0.78190760202334 -0.156910706953336 0.0985169332160445 -0.389523825302395 0.411259872526881 -0.460913990129969 0.939235108049817
113.780076483718 40.0647968812057 -37.2060865467673 -0.670045016801641 0.689454426653393 0.2751222801353 -0.440586447073674 -0.0710825138495819 -0.894891534701098 -0.36448025984076 0.233794134346189 -0.0510666561580931 0.447448701709852 0.039524815753571 0.0974209726174736
113.408579806761 39.9447564718017 -37.4514384372309 0.0261835762768624 0.996284179611733 -0.0820503125439783 -0.391927404649916 -0.0652762162087885 -0.917677462446251 0.0398421268976694 0.168540133476423 -0.284600113013891 0.11070557349905 0.135658379080471 -0.33900932502029
113.02775490028 39.9466088116595 -37.7123645501357 0.472815413481511 0.800039478049455 -0.369299902973704 -0.529724087127301 -0.0768451639651023 -0.844681722480404 0.13908454254233 -0.011763531256903 0.174994618477099 0.914307469080908 0.00941588460140146 0.26646974746219
112.656626422268 40.1764262396856 -38.0104158494609 0.921271721380926 0.00589428922126032 -0.388874880569966 -0.375731378726809 -0.24468610433229 -0.893842626745281 0.0253938136562245 -0.339726315745853 -0.356591722246014 0.170930000434579 -0.308774162885549 -0.532730762382543
112.324524368834 40.4001916206317 -38.0283496458029 0.453858954685249 0.179724695778943 -0.872760610350425 0.22485152141914 0.924653517365112 0.307339659236536 0.444610541170195 -0.0477065988876223 0.700216753039975 -0.46591112256378 -0.326691552117142 -0.142246154465837
112.587234795893 40.7194198658577 -37.7754004440171 -0.138895730253814 0.142334628658179 -0.980024912745504 0.248033377447663 0.963074858532011 0.104719914704553 0.257967861363088 -0.115619486690919 -0.0203631186974527 -0.046584488870804 0.276880517443377 0.834790052408152
112.8818613205 41.0405476925997 -37.6728637856236 -0.568869725199433 0.125908618150752 -0.812732585557361 0.450473681155119 0.874490763902259 -0.179831494561929 -0.469877469749651 -0.00586702180623457 0.289001833703081 -0.0396733907152425 0.0679724688960076 -0.209666295999803
113.166405475155 41.3261261291978 -37.9752161085532 -0.943471851855818 0.258208662486249 -0.207819997528552 0.324147347625194 0.849698457810038 -0.415861789327342 -0.413710321082466 0.482939360131374 0.775772808440409 -0.354734160252485 0.139005689782102 -0.187718354078854
112.698340414014 41.9940015577002 -37.146733623367 0.064817488115813 -0.187243627922899 0.980172697557227 0.631962026309382 0.76786772095474 0.104895950440978 -0.209636114855414 0.256941648344504 -0.63434132122448 -0.0142892441953217 -0.15745192363442 -0.524050160175607
112.952617269185 42.6311872095632 -37.1302032558036 0.245805550246412 -0.359069926889545 0.900360160753226 0.531764754671153 0.826559241215055 0.184461558195119 0.131656594801105 -0.0265912991326284 -0.0874774505508575 -0.726790733507123 0.294927921627258 -0.820635255211736
112.856273858678 43.1011992827829 -36.9442387508267 0.603797939967381 -0.442805568267931 0.662835783887292 0.438363810549155 0.878946230678011 0.187858173039412 -0.24324199386218 -0.324355468394827 -0.328304187120435 -0.20360972062011 0.0602321639115405 0.115026697154539
112.855985357087 43.4188054279418 -36.6132876353674 0.971626907741801 -0.210513357542689 -0.107820584530344 0.234838905400257 0.912889467959802 0.33389146110458 -0.21278265502295 -0.728787468459449 -0.0374474022896144 -0.369507937198582 -0.663265635310284 -0.157793841798799
113.047476556267 43.6845421987511 -36.2162774375798 0.611068671051236 0.0680033143763519 -0.78865114498962 0.0926592589936849 0.98330870152439 0.156583074528245 -0.067774281667617 -0.0663764882635614 -0.328658165729229 -0.0193378459057439 0.387200425283878 -0.278817691673182
111.790110058788 43.349836153553 -35.4659328965963 0.0635728097140563 -0.991326575203149 -0.115022255068689 0.0964788538978457 -0.108610637010849 0.989391510110512 0.42363020937832 -0.14806875718459 -0.11450333237078 -0.110084356639074 -0.372919543706616 0.129998882528304
111.749139274888 43.0969316459629 -35.047165069997 0.755160965532853 -0.531657555672545 -0.383499882179687 0.292912237969185 -0.249705796332201 0.922956898303508 -0.214558235665331 -0.0572152809419391 0.390037194549483 0.717483408123291 0.0809144300113492 -0.226120656664381
111.843472817104 42.6595443253641 -34.7622990744894 0.944776323490333 0.268327810753608 -0.188143255388517 0.263900668801483 -0.282542038172846 0.922239900281678 -0.0178480880233491 0.321329957247074 0.294180089210191 0.31548970499926 1.05882472420297 0.246663192728925
112.140166401181 42.3347870354482 -34.0867655654014 0.361050789320308 -0.616159333447341 -0.699992859489832 0.922752972193781 0.127553129928809 0.363671763205735 -0.0667515525077414 0.0140882079590234 0.545101175691005 -0.319792476336985 0.342090265754063 -0.570668466582782
112.005377191823 41.9262399028269 -33.4387326357725 0.268983853473837 -0.868832301416555 0.415665873732011 -0.781217636161686 0.0556108283106777 0.621776841579254 0.059611555785184 -0.278706431498137 -0.0286949461897144 -0.213110831594835 -0.013228535816816 -0.20922752259659
111.542823941528 41.7809620218004 -33.3521163730176 0.581747653386739 -0.417413240861093 0.698094444994943 -0.732345086760572 0.10462400833295 0.672848044344357 0.0237325043932425 -0.108444044413656 -0.0941932778106274 -0.422422901704367 0.666934792448497 0.249842489817147
