        0.1434 26   0.002227   0.002227   0.374214    0.011449   0.000000  -1.051915   0.000000  -0.455232  -0.172689   0.000000   0.061308
        0.1988 25   0.003200   0.003200   0.228674    0.043710   0.000000  -1.134388   0.000000  -0.322508  -0.111712   0.000000   0.057989
        0.2690 25   0.004021   0.004021   0.230427    0.046736   0.000000  -1.145423   0.000000  -0.318463  -0.117324   0.000000   0.056150
        0.2179 26   0.008257   0.008257   0.256504    0.045764   0.000000  -1.129128   0.000000  -0.351492  -0.116128   0.000000   0.058226
        0.1811 26   0.013430   0.013430   0.314924    0.045448   0.000000  -1.142331   0.000000  -0.340483  -0.123919   0.000000   0.058357
        0.2227 26   0.016282   0.016282   0.259389    0.048307   0.000000  -1.116830   0.000000  -0.328748  -0.106499   0.000000   0.059103
        0.1715 26   0.024045   0.024045   0.309573    0.040201   0.000000  -1.139994   0.000000  -0.324897  -0.112876   0.000000   0.057083
        0.2416 26   0.026221   0.026221   0.267572    0.050419   0.000000  -1.097029   0.000000  -0.343339  -0.124440   0.000000   0.058912
        0.2088 25   0.034701   0.034701   0.283786    0.046043   0.000000  -1.121122   0.000000  -0.311035  -0.105425   0.000000   0.057343
        0.2360 26   0.040173   0.040173   0.318046    0.049945   0.000000  -1.105095   0.000000  -0.321726  -0.108690   0.000000   0.059351
        0.1906 25   0.051489   0.051489   0.327808    0.059700   0.000000  -1.123459   0.000000  -0.315169  -0.118984   0.000000   0.057288
        0.2473 25   0.055728   0.055728   0.296252    0.040287   0.000000  -1.128745   0.000000  -0.310119  -0.110146   0.000000   0.057289
        0.2395 26   0.065620   0.065620   0.306063    0.037020   0.000000  -1.113773   0.000000  -0.333087  -0.116946   0.000000   0.055575
        0.2470 26   0.074887   0.074887   0.292394    0.049093   0.000000  -1.142163   0.000000  -0.314184  -0.113704   0.000000   0.057119
        0.2804 26   0.082233   0.082233   0.294890    0.045922   0.000000  -1.133690   0.000000  -0.311022  -0.104178   0.000000   0.057384
        0.2092 26   0.100883   0.100883   0.293745    0.067875   0.000000  -1.142876   0.000000  -0.340264  -0.117760   0.000000   0.059856
        0.2937 26   0.103712   0.103712   0.293861    0.040599   0.000000  -1.074664   0.000000  -0.334423  -0.110845   0.000000   0.056863
        0.2868 25   0.116957   0.116957   0.334807    0.040988   0.000000  -1.098289   0.000000  -0.311346  -0.111985   0.000000   0.055264
        0.2875 25   0.130074   0.130074   0.292146    0.044255   0.000000  -1.115156   0.000000  -0.295467  -0.102006   0.000000   0.057910
        0.2798 26   0.144964   0.144964   0.335472    0.053519   0.000000  -1.105342   0.000000  -0.322592  -0.103832   0.000000   0.057838
        0.2759 25   0.160131   0.160131   0.362644    0.036470   0.000000  -1.098460   0.000000  -0.307418  -0.109750   0.000000   0.057977
        0.2648 26   0.177098   0.177098   0.329657    0.051449   0.000000  -1.101958   0.000000  -0.304788  -0.109750   0.000000   0.060097
        0.2669 26   0.192937   0.192937   0.291895    0.063321   0.000000  -1.097292   0.000000  -0.318180  -0.108681   0.000000   0.058276
        0.3282 25   0.200347   0.200347   0.309297    0.053164   0.000000  -1.082087   0.000000  -0.289883  -0.104744   0.000000   0.056978
        0.2782 26   0.225511   0.225511   0.341377    0.044951   0.000000  -1.109272   0.000000  -0.331516  -0.113606   0.000000   0.054757
        0.2626 26   0.246310   0.246310   0.312931    0.045400   0.000000  -1.100758   0.000000  -0.321374  -0.113627   0.000000   0.057815
        0.2351 25   0.270139   0.270139   0.257980    0.042783   0.000000  -1.104085   0.000000  -0.297029  -0.100771   0.000000   0.057092
        0.2445 25   0.288284   0.288284   0.292175    0.048408   0.000000  -1.096090   0.000000  -0.291720  -0.115424   0.000000   0.059482
        0.3399 25   0.291051   0.291051   0.315940    0.041324   0.000000  -1.088388   0.000000  -0.288066  -0.116110   0.000000   0.057414
        0.3392 25   0.311800   0.311800   0.335811    0.048868   0.000000  -1.106080   0.000000  -0.308705  -0.112855   0.000000   0.059180
        0.3691 26   0.327265   0.327265   0.333501    0.042812   0.000000  -1.090024   0.000000  -0.324749  -0.103485   0.000000   0.057538
        0.2922 25   0.364710   0.364710   0.335827    0.032481   0.000000  -1.068706   0.000000  -0.324800  -0.114620   0.000000   0.057595
        0.3694 26   0.371576   0.371576   0.314740    0.044835   0.000000  -1.081065   0.000000  -0.300781  -0.107442   0.000000   0.055159
        0.3273 25   0.403871   0.403871   0.309317    0.067961   0.000000  -1.128074   0.000000  -0.290253  -0.096656   0.000000   0.057990
        0.3819 26   0.416034   0.416034   0.304431    0.064362   0.000000  -1.076027   0.000000  -0.311905  -0.103217   0.000000   0.056697
        0.3533 25   0.447067   0.447067   0.365268    0.046496   0.000000  -1.107375   0.000000  -0.311521  -0.117347   0.000000   0.056762
        0.4245 25   0.456044   0.456044   0.328882    0.050386   0.000000  -1.047678   0.000000  -0.299894  -0.098246   0.000000   0.056471
        0.5092 26   0.462000   0.462000   0.343527    0.061066   0.000000  -1.031283   0.000000  -0.303050  -0.083803   0.000000   0.056648
        0.3630 25   0.523164   0.523164   0.314415    0.047668   0.000000  -1.070025   0.000000  -0.291280  -0.108318   0.000000   0.055289
        0.3896 25   0.543987   0.543987   0.301114    0.052037   0.000000  -1.084671   0.000000  -0.304551  -0.104519   0.000000   0.056152
        0.3993 25   0.569555   0.569555   0.346863    0.041644   0.000000  -1.059247   0.000000  -0.305774  -0.105423   0.000000   0.058184
        0.5045 26   0.570933   0.570933   0.334621    0.061019   0.000000  -1.042126   0.000000  -0.298347  -0.095623   0.000000   0.056033
        0.4954 23   0.602052   0.602052   0.321454    0.059117   0.000000  -1.078932   0.000000  -0.281044  -0.086736   0.000000   0.057790
        0.4693 25   0.638594   0.638594   0.330515    0.054220   0.000000  -1.056739   0.000000  -0.294392  -0.098199   0.000000   0.055163
        0.4020 26   0.687776   0.687776   0.355113    0.053956   0.000000  -1.055073   0.000000  -0.291251  -0.102913   0.000000   0.055364
        0.3882 25   0.723263   0.723263   0.300512    0.070644   0.000000  -1.036519   0.000000  -0.306301  -0.100625   0.000000   0.056721
        0.4435 25   0.739294   0.739294   0.326332    0.059305   0.000000  -1.045399   0.000000  -0.306748  -0.097346   0.000000   0.057283
        0.3956 26   0.786301   0.786301   0.291912    0.053689   0.000000  -1.060021   0.000000  -0.301060  -0.103249   0.000000   0.056679
        0.5144 25   0.783817   0.783817   0.307566    0.053640   0.000000  -1.071434   0.000000  -0.313906  -0.094310   0.000000   0.056502
        0.4568 25   0.835174   0.835174   0.310885    0.042235   0.000000  -1.044611   0.000237  -0.280840  -0.098212   0.000000   0.056318
        0.4068 26   0.885774   0.885774   0.351210    0.055672   0.000000  -1.090399   0.000000  -0.296292  -0.090850   0.000000   0.057446
        0.5357 25   0.879906   0.879906   0.328907    0.060850   0.000000  -1.061077   0.000000  -0.275424  -0.081364   0.000000   0.057643
        0.5827 24   0.900254   0.900254   0.335483    0.062595   0.000000  -0.995320   0.000000  -0.307225  -0.089600   0.000000   0.056543
        0.4488 26   0.980772   0.980772   0.343384    0.051179   0.000000  -1.072290   0.000000  -0.307938  -0.098778   0.000000   0.056602
        0.5026 25   0.999959   0.999959   0.327250    0.051448   0.000000  -1.057356   0.000000  -0.298285  -0.094560   0.000000   0.058472
        0.4371 24   1.060651   1.060651   0.339942    0.044323   0.000000  -1.034808   0.000000  -0.263782  -0.089839   0.000000   0.055397
        0.5664 23   1.054095   1.054095   0.346475    0.032800   0.000000  -0.947854   0.000000  -0.283643  -0.076340   0.000000   0.055448
        5.0153 11   0.084018   0.084018   0.688629    0.080615   0.000000  -0.603716   0.000000  -0.107790  -0.045965   0.000000   0.048208
        6.9785 0   0.000615   0.000615   0.338877    0.055214   0.000000  -0.445425   0.000000  -0.000999  -0.003020   0.000000   0.041503
        7.0290 0   0.000213   0.000213   0.323276    0.040447   0.000000  -0.487706   0.000144   0.000000   0.000000   0.000000   0.033855
        7.1428 0   0.000230   0.000230   0.336947    0.058635   0.000000  -0.522709   0.000000   0.000000   0.000000   0.000000   0.028948
        7.2079 0   0.000056   0.000056   0.320098    0.058920   0.000000  -0.464812   0.000000   0.000000   0.000000   0.000000   0.036900
        7.2891 0   0.000006   0.000006   0.339072    0.047824   0.000000  -0.452079   0.000000   0.000000   0.000000   0.000000   0.027394
        7.0872 0   0.002561   0.002561   0.339510    0.051983   0.000000  -0.481552   0.000000   0.000000   0.000000   0.000000   0.033117
        7.5219 0   0.000020   0.000020   0.338843    0.052812   0.000000  -0.478933   0.001238   0.000000   0.000000   0.000000   0.030676
        7.5606 0   0.000060   0.000060   0.386294    0.055151   0.000000  -0.514889   0.000000   0.000000   0.000000   0.000000   0.033005
        7.8677 0   0.000658   0.000658   0.329168    0.059601   0.000000  -0.462594   0.000000   0.000000   0.000000   0.000000   0.025855
        7.8870 0   0.000103   0.000103   0.339978    0.046702   0.000000  -0.482713   0.000000   0.000000   0.000000   0.000000   0.029961
        7.8009 0   0.000540   0.000540   0.356029    0.053582   0.000000  -0.469095   0.000000   0.000000   0.000000   0.000000   0.032557
        7.7018 0   0.003465   0.003465   0.320948    0.058517   0.000000  -0.445037   0.000000   0.000000   0.000000   0.000000   0.029039
        8.4523 0   0.002483   0.002483   0.323297    0.049224   0.000000  -0.422652   0.000000   0.000000   0.000000   0.000000   0.023507
        8.3864 0   0.000395   0.000395   0.312366    0.047725   0.000000  -0.453492   0.000000   0.000000  -0.000002   0.000000   0.032600
        8.0342 0   0.003449   0.003449   0.302774    0.057236   0.000000  -0.467768   0.000000   0.000000   0.000000   0.000000   0.035324
        8.4605 0   0.000026   0.000026   0.356437    0.038003   0.000000  -0.498023   0.000000   0.000000   0.000000   0.000000   0.031861
        8.5569 0   0.000056   0.000056   0.349436    0.050220   0.000000  -0.466864   0.000000   0.000000   0.000000   0.000000   0.025494
        8.8335 0   0.000429   0.000429   0.347403    0.047510   0.000000  -0.462560   0.000000   0.000000  -0.000001   0.000000   0.032141
        8.7428 0   0.000181   0.000181   0.346556    0.056912   0.000000  -0.492399   0.000000   0.000000  -0.000000   0.000000   0.033461
        8.8688 0   0.000118   0.000118   0.350827    0.047252   0.000000  -0.539416   0.000000   0.000000   0.000000   0.000000   0.029506
        8.9070 0   0.000535   0.000535   0.335367    0.053465   0.000000  -0.545216   0.000000   0.000000   0.000000   0.000000   0.030147
        8.9595 0   0.001088   0.001088   0.316391    0.045105   0.002443  -0.529405   0.000000   0.000000   0.000000   0.000000   0.028909
        9.5711 0   0.002716   0.002716   0.302752    0.040077   0.000070  -0.472687   0.000000   0.000000  -0.000000   0.000000   0.028510
        9.2446 0   0.000489   0.000489   0.366520    0.054611   0.000000  -0.561640   0.000000   0.000000   0.000000   0.000000   0.029395
        9.4158 0   0.000140   0.000140   0.360020    0.044465   0.000000  -0.605695   0.000000   0.000000   0.000000   0.000000   0.031964
        9.6746 0   0.000179   0.000179   0.333118    0.048423   0.000000  -0.560428   0.000000   0.000000  -0.000016   0.000000   0.034739
        9.8559 0   0.000645   0.000645   0.319927    0.049831   0.000000  -0.594712   0.000000   0.000000   0.000000   0.000000   0.029430
        9.7499 0   0.000130   0.000130   0.326937    0.050007   0.000000  -0.603253   0.000000   0.000000   0.000000   0.000000   0.027230
        9.7819 0   0.000612   0.000612   0.363048    0.041424   0.000000  -0.651907   0.000000   0.000000   0.000000   0.000000   0.034074
       10.0643 0   0.000020   0.000020   0.307136    0.063252   0.000000  -0.604166   0.000000   0.000000   0.000000   0.000000   0.029059
       10.0663 0   0.000195   0.000195   0.308752    0.043737   0.000000  -0.586831   0.000513   0.000000   0.000000   0.000000   0.030494
       10.3586 0   0.000285   0.000285   0.331934    0.077990   0.000000  -0.616923   0.000000   0.000000   0.000000   0.000000   0.030565
       10.4690 0   0.000285   0.000285   0.336013    0.043179   0.000000  -0.593262   0.000000   0.000000   0.000000   0.000000   0.030303
        9.9528 0   0.008021   0.008021   0.291711    0.049739   0.000000  -0.549713   0.000465   0.000000   0.000000   0.000000   0.024808
       10.7992 0   0.001253   0.001253   0.309692    0.057076   0.000000  -0.586247   0.000000   0.000000   0.000000   0.000000   0.030816
       11.0835 0   0.004214   0.004214   0.302109    0.046453   0.000000  -0.550248   0.000000   0.000000   0.000000   0.000000   0.030042
       10.4157 0   0.004526   0.004526   0.248939    0.038987   0.000000  -0.486617   0.000000   0.000000   0.000000   0.000000   0.024358
       10.7872 0   0.000527   0.000527   0.325933    0.060771   0.000000  -0.509849   0.000000   0.000000   0.000000  -0.007094   0.031042
       11.1241 0   0.000240   0.000240   0.301564    0.048234   0.002089  -0.459869   0.000000   0.000000   0.000000   0.000000   0.026581
       11.2382 0   0.000259   0.000259   0.348254    0.057050   0.000000  -0.484844   0.000000   0.000000   0.000000   0.000000   0.024827
       11.2803 0   0.000020   0.000020   0.329475    0.059020   0.000000  -0.480598   0.000000   0.000000   0.000000   0.000000   0.033329
       11.7940 0   0.005323   0.005323   0.315316    0.050078   0.000000  -0.440012   0.000000   0.000000   0.000000   0.000000   0.025596
       11.6741 0   0.001143   0.001143   0.341559    0.052772   0.000000  -0.460272   0.000000   0.000000   0.000000   0.000000   0.030429
