0.0 
0.0 
0.0 
0.0 
0.0 
0.0 
0.0 
0.0 
0.0 
0.0 
0.0 
0.0 
0.0 
0.0 
0.0 
0.0 
0.0 
0.0 
0.0 
0.0 
0.0 
0.0 
0.0 
0.0 
0.0 
0.0 
1.5947271008779626e-303 
0.0 
0.0 
0.0 
2.889378962951571e-248 
0.0 
1.980269641946213e-273 
0.0 
0.0 
0.0 
0.0 
1.2063524312243582e-304 
0.0 
0.0 
0.0 
0.0 
0.0 
0.0 
7.110805455404353e-304 
0.0 
0.0 
0.0 
9.468390680887548e-303 
0.0 
0.0 
0.0 
0.0 
3.1406290199475537e-242 
0.0 
0.0 
0.0 
0.0 
0.0 
0.0 
0.0 
0.0 
0.0 
0.0 
0.0 
0.0 
0.0 
0.0 
0.0 
3.681815350639871e-303 
0.0 
0.0 
4.255765866783415e-301 
0.0 
0.0 
0.0 
0.0 
0.0 
3.463413483158706e-288 
0.0 
0.0 
0.0 
0.0 
0.0 
0.0 
0.0 
0.0 
0.0 
0.0 
0.0 
0.0 
0.0 
0.0 
0.0 
0.0 
0.0 
0.0 
0.0 
0.0 
0.0 
0.0 
0.0 
0.0 
0.0 
0.0 
0.0 
0.0 
0.0 
0.0 
0.0 
0.0 
0.0 
0.0 
0.0 
2.7494492769467e-287 
0.0 
0.0 
0.0 
0.0 
0.0 
0.0 
0.0 
0.0 
0.0 
0.0 
0.0 
0.0 
0.0 
0.0 
0.0 
0.0 
0.0 
0.0 
0.0 
0.0 
0.0 
0.0 
0.0 
0.0 
0.0 
2.339621348469611e-284 
7.203552843393727e-215 
0.0 
0.0 
0.0 
1.343999920231127e-306 
0.0 
0.0 
0.0 
0.0 
6.3713024868323365e-307 
6.579029142827587e-296 
0.0 
6.058258189613373e-249 
0.0 
0.0 
0.0 
0.0 
0.0 
0.0 
0.0 
0.0 
0.0 
0.0 
0.0 
0.0 
0.0 
0.0 
0.0 
7.770111726153748e-272 
2.4226287180805877e-287 
2.0003830267150625e-303 
2.2259638238235047e-231 
1.0299600398157735e-293 
0.0 
7.87217199956617e-307 
1.821935378086566e-244 
1.4538998071398548e-295 
0.0 
0.0 
2.732191612961705e-261 
0.0 
0.0 
0.0 
0.0 
0.0 
0.0 
0.0 
0.0 
0.0 
0.0 
0.0 
0.0 
0.0 
0.0 
0.0 
0.0 
8.952630870616392e-285 
8.971706897844478e-275 
0.0 
0.0 
0.0 
0.0 
2.26628285308447e-279 
2.8752840726728477e-197 
1.3190845634147572e-307 
0.0 
0.0 
0.0 
0.0 
0.0 
0.0 
0.0 
1.6157801083998783e-303 
0.0 
0.0 
0.0 
0.0 
0.0 
1.2443846511863696e-284 
5.299239889390847e-232 
0.0 
0.0 
0.0 
0.0 
0.0 
0.0 
0.0 
5.976465813652607e-305 
0.0 
0.0 
0.0 
0.0 
0.0 
0.0 
0.0 
0.0 
0.0 
6.433660363625599e-308 
0.0 
0.0 
5.8854817625215056e-269 
0.0 
0.0 
6.202565660591055e-290 
0.0 
0.0 
0.0 
6.514626660172289e-282 
1.214581304744951e-263 
0.0 
1.3124160470177049e-270 
0.0 
0.0 
0.0 
0.0 
0.0 
0.0 
0.0 
0.0 
8.435745521722776e-262 
5.241925808446009e-302 
3.297824778932013e-286 
0.0 
0.0 
0.0 
0.0 
0.0 
0.0 
1.5199519716738702e-275 
0.0 
4.461095147119651e-306 
0.0 
0.0 
0.0 
0.0 
0.0 
0.0 
0.0 
0.0 
0.0 
0.0 
0.0 
1.1023249591271575e-292 
1.0643670468850856e-305 
0.0 
0.0 
1.99476712796502e-238 
1.383642754072926e-266 
0.0 
0.0 
0.0 
0.0 
0.0 
2.057306812463227e-307 
0.0 
0.0 
0.0 
0.0 
0.0 
0.0 
0.0 
0.0 
0.0 
0.0 
7.768992235746986e-301 
0.0 
0.0 
0.0 
0.0 
0.0 
0.0 
8.03343970808438e-199 
1.705498588822165e-280 
1.2882420033812769e-294 
4.068951593351604e-303 
3.543908463780961e-188 
0.0 
0.0 
0.0 
0.0 
0.0 
0.0 
0.0 
0.0 
0.0 
0.0 
1.587610597928912e-287 
0.0 
2.1244434708906663e-280 
0.0 
0.0 
0.0 
0.0 
0.0 
1.4214144202101932e-300 
1.2270593177701047e-302 
0.0 
0.0 
0.0 
0.0 
0.0 
0.0 
0.0 
0.0 
5.973818921327559e-224 
4.1822671767916205e-232 
1.7062510667798083e-285 
0.0 
0.0 
0.0 
0.0 
6.0174174893863726e-279 
0.0 
0.0 
6.592000941330218e-294 
0.0 
0.0 
0.0 
3.3610040256338873e-273 
0.0 
9.512700161303825e-243 
0.0 
0.0 
0.0 
0.0 
0.0 
1.3294220363395725e-232 
8.115534454754789e-257 
5.513502632578702e-256 
0.0 
0.0 
0.0 
0.0 
2.3377097465949935e-307 
0.0 
0.0 
1.6024087136151913e-278 
0.0 
1.7791084838710874e-304 
1.513891702415155e-299 
0.0 
1.871891257374329e-276 
3.8927155309980696e-307 
0.0 
0.0 
0.0 
6.743546429274922e-293 
5.2510813298703895e-278 
1.819287032619126e-227 
1.497979312748089e-305 
0.0 
0.0 
0.0 
0.0 
0.0 
0.0 
0.0 
0.0 
0.0 
0.0 
0.0 
0.0 
0.0 
0.0 
0.0 
0.0 
0.0 
0.0 
1.582974139265739e-236 
1.18973527242338e-309 
0.0 
0.0 
1.3470353141660154e-283 
0.0 
0.0 
3.930122739383333e-226 
0.0 
0.0 
0.0 
3.750183822149944e-239 
3.5940432291611298e-217 
4.755249906964423e-290 
0.0 
0.0 
0.0 
0.0 
0.0 
0.0 
0.0 
0.0 
0.0 
0.0 
0.0 
0.0 
0.0 
0.0 
1.945705389296874e-301 
0.0 
9.33214023262358e-307 
9.430503786140296e-301 
4.468105857992485e-270 
1.2425479563402498e-299 
0.0 
3.1014092425361095e-275 
0.0 
4.527582594456043e-306 
0.0 
0.0 
0.0 
0.0 
0.0 
0.0 
0.0 
1.4435704365573398e-283 
1.1236231130512259e-243 
4.71109949824656e-300 
0.0 
0.0 
0.0 
0.0 
0.0 
0.0 
0.0 
0.0 
0.0 
0.0 
1.981932367610422e-308 
0.0 
0.0 
0.0 
0.0 
0.0 
0.0 
0.0 
0.0 
1.833445414483782e-308 
0.0 
6.539219500841811e-280 
2.1897976712194228e-282 
0.0 
0.0 
0.0 
0.0 
0.0 
1.847184008331179e-308 
2.4370453145430296e-234 
0.0 
0.0 
0.0 
0.0 
0.0 
0.0 
0.0 
0.0 
2.384015059993422e-253 
0.0 
0.0 
0.0 
0.0 
0.0 
0.0 
0.0 
0.0 
2.2327596394273754e-286 
1.2820131501119507e-300 
0.0 
0.0 
1.7744292378128353e-290 
0.0 
0.0 
0.0 
0.0 
0.0 
1.5936829423362806e-304 
0.0 
0.0 
0.0 
0.0 
0.0 
0.0 
0.0 
0.0 
0.0 
0.0 
0.0 
2.3679132561051393e-261 
9.277696869247247e-295 
3.0837047203638545e-275 
5.1384833378279064e-297 
0.0 
0.0 
3.475501726290167e-283 
1.635038038355823e-274 
1.4363159971204945e-290 
0.0 
5.726256938628749e-236 
3.7283175645420833e-299 
0.0 
0.0 
0.0 
1.7257311647795769e-307 
4.156667618409419e-275 
0.0 
0.0 
0.0 
0.0 
0.0 
1.7939109674537966e-256 
0.0 
0.0 
5.865701555035176e-272 
0.0 
0.0 
0.0 
0.0 
0.0 
0.0 
0.0 
0.0 
0.0 
0.0 
0.0 
0.0 
1.446923530173353e-280 
0.0 
0.0 
0.0 
0.0 
0.0 
0.0 
0.0 
0.0 
0.0 
0.0 
1.692528403284622e-275 
7.590448409132839e-265 
1.954587191853026e-269 
0.0 
0.0 
1.1373266257116667e-282 
5.1999656245232266e-300 
0.0 
0.0 
0.0 
0.0 
0.0 
1.245564185118397e-281 
0.0 
0.0 
3.588476910821374e-268 
0.0 
1.319472650134485e-304 
0.0 
0.0 
0.0 
0.0 
1.518381408452587e-258 
0.0 
0.0 
0.0 
0.0 
0.0 
0.0 
0.0 
0.0 
0.0 
1.2887596071969454e-288 
0.0 
0.0 
0.0 
1.5813982370329077e-300 
1.6421510096866301e-295 
0.0 
0.0 
0.0 
0.0 
0.0 
0.0 
0.0 
0.0 
0.0 
0.0 
0.0 
0.0 
0.0 
0.0 
0.0 
0.0 
0.0 
0.0 
0.0 
0.0 
1.0426987956924453e-273 
3.48859998042009e-309 
0.0 
0.0 
0.0 
8.095141799811119e-280 
0.0 
0.0 
0.0 
0.0 
0.0 
0.0 
4.553156437813183e-265 
0.0 
0.0 
5.144904737135742e-293 
0.0 
0.0 
0.0 
0.0 
0.0 
0.0 
0.0 
2.966015493151511e-268 
1.1470002425668575e-279 
2.0210840892650845e-275 
0.0 
0.0 
0.0 
0.0 
0.0 
0.0 
0.0 
0.0 
0.0 
0.0 
1.2283568982760744e-296 
0.0 
0.0 
1.9191805387450405e-249 
0.0 
0.0 
1.1354195144362907e-285 
4.003665052276785e-285 
0.0 
0.0 
0.0 
0.0 
0.0 
0.0 
0.0 
0.0 
0.0 
0.0 
6.408900075509797e-299 
0.0 
1.1046485575600142e-272 
4.1966956213998784e-246 
0.0 
0.0 
0.0 
6.041243723520698e-256 
1.881288122533981e-276 
3.115785059481642e-307 
8.090505154265998e-308 
9.701500306150905e-284 
0.0 
0.0 
