0.999999238518982 
0.9999979734945849 
0.9999973963650357 
0.9999928977903727 
0.9999963593454209 
0.9999991609270544 
0.9999891664585192 
0.9999977397434369 
0.9999986915785392 
0.9999974542068397 
0.9615400458261725 
0.9288566125697586 
0.7687262979781461 
0.7692272564216515 
0.7307580845332597 
0.7307674360110887 
0.7307620102559883 
0.7307670824631628 
0.6915210709330446 
0.5769177827723879 
0.5769218686420083 
0.5769192507313081 
0.5769218002281388 
0.5384572038254242 
0.4615382047873181 
0.4230765779503095 
0.4230755642816285 
0.4230759782573028 
0.42306375786567385 
0.3846137247242787 
0.3846133146989899 
0.3461505212919353 
0.3461457615106711 
0.3461530698722851 
0.3461534857138233 
0.3461534565647295 
0.34592375466483954 
0.3461523006216674 
0.3461532625022917 
0.34615345048781204 
0.3461486965336372 
0.3461531109127157 
0.3461537070357737 
0.3461535758047418 
0.3076806105800603 
0.30769157114984125 
0.3076816436709551 
0.2692293776708731 
0.26922959688894554 
0.26922998439612134 
0.2692283937341005 
0.2692298685402236 
0.2692307282663104 
0.23076893042312996 
0.23076858557414057 
0.2307691364843311 
0.19464467249206524 
0.15440328203557277 
0.153845550318999 
0.15384358313084287 
0.1538460906690053 
2.85799284568351e-201 
1.1596284627741161e-297 
5.709156019350387e-278 
1.0304580788123717e-265 
2.4133224759802645e-278 
3.608398461011878e-272 
7.025012194971146e-277 
1.6880896469097867e-298 
0.0 
3.2879308584314e-280 
0.0 
0.0 
0.0 
0.0 
0.0 
9.736415135270928e-258 
0.0 
0.0 
0.0 
2.7897777206557036e-286 
1.2821368308179209e-298 
1.832557408410783e-309 
2.5752326177824125e-297 
0.0 
0.0 
0.0 
0.0 
0.0 
0.0 
0.0 
0.0 
0.0 
0.0 
0.0 
0.0 
0.0 
0.0 
0.0 
0.0 
0.0 
