t = 100000000
b = 105 105 105
E = -0.947463705062216 -1.25735731400752 0.3098936089453
-325.400523860299 -409.478855584356 251.457563545295 -0.953974478864675 0.231365433101421 -0.190794994798789 0.179019144413865 -0.071068279378613 -0.981275417810906 -0.224849781884217 -0.0729805763388348 0.335148305231085 0.179147324762219 -0.113268215686041 -0.0989584963388439
-325.310745987965 -409.811740925787 251.180700314418 -0.505310159057387 0.826693032006207 -0.247467723122556 0.304952416191491 -0.0971993227859328 -0.947394487797469 0.0882598145974227 -0.191283429509099 0.510964373102437 -0.00421674790628557 -0.179152577238848 0.373154855029016
-325.42839077342 -409.803737040503 250.671504056943 0.374484832580295 0.920166552460493 0.114256841819316 0.28579910361407 0.00267699524294621 -0.958285816482567 -0.48792365351216 0.617538267934019 0.310249609952045 0.0175304212715587 -0.0320278790628749 -0.0964824519155101
-325.968651772329 -410.777048457882 251.511010823165 -0.970065726805517 -0.135335031057721 0.201635599652429 -0.00737960658636261 -0.81350239096638 -0.581514747276235 0.72390621149517 -0.279447279386907 -0.0673418693803785 0.0420056641367371 -0.528778211626876 -0.358730687709157
-326.055174776248 -411.242644256407 251.464705436046 -0.812567737608885 0.444305809177279 -0.377261208886815 -0.100420955710204 -0.744288049316628 -0.66026580352027 -0.0576663019445564 -0.523341525946066 0.461389377743493 0.27942467190672 -0.158443580650825 0.324495931558074
-325.345528925023 -412.447562947486 251.379344240123 0.709651535488181 -0.681379536370963 -0.179211120171416 -0.107989241546183 -0.35654910435617 0.928014579569928 -0.245943141186352 0.245801776680689 0.14119827054167 -0.242816951964411 -0.470080701640217 0.070341619307547
-325.548395646699 -412.883862568666 251.677591741664 0.98983944937799 -0.139964634465845 -0.0250552500445334 -0.0535640339132741 -0.530275613430776 0.846131590279912 0.281037605723606 0.119507152581956 0.341540350150693 -0.0257710440754073 -0.162113480111014 -0.0812648729991089
-325.449094217274 -413.39400686339 251.97854591006 0.802762641047577 0.577934445293428 0.146846583487186 0.153748327597089 -0.438544930556023 0.885460216862169 -0.23010263626296 0.274941941674244 -0.281712807005809 -0.0579492186400076 -0.103381723323298 0.388708848119169
-325.218971648468 -413.657766725445 252.479451958411 0.447927472713009 0.892496678566969 0.0530156385868741 0.243060465481267 -0.178622285779803 0.953423142756447 -0.235641383482305 -0.200867900967343 -0.155962759940528 0.419861225225867 -0.114821538509352 -0.237298024346956
-324.746955151993 -413.702326704033 252.763001959308 -0.33229925184828 0.902122702256192 0.27523051665009 0.208382815769334 -0.214379763290785 0.954263024110838 -0.218423529455102 0.361237867897801 -0.317471398121677 -0.0450195363690037 0.655340643586914 -0.0763664420712341
-324.485387173043 -413.61647219165 253.158398643791 -0.771928341980761 0.585112700696454 0.248535233579297 0.30781354605866 0.00195256511183817 0.951444695372991 0.24451493879487 -0.109152791600871 0.23316752302538 -0.192949951398675 -0.618951901632645 -0.163322979012467
-324.23136864975 -413.218978505303 253.475697898818 -0.95417087447103 -0.0438008962630937 0.296039564580925 0.28335314609813 0.186013344762584 0.940802864666889 -0.319358524374754 0.50093755676343 -0.188995354444762 -0.113521754099284 0.196903191980216 0.116122495336798
-324.18587101752 -412.890099279313 253.80376765207 -0.72041695507186 -0.614737280486072 0.32108797365599 0.199239999593565 0.260008436018785 0.944827516407544 -0.136805608846596 0.438209528907355 -0.0916327216823054 0.395093337331198 0.362757732139651 0.2017366676345
-324.305872934888 -412.603402236226 254.192823500562 -0.220298132812473 -0.926210545695655 0.305945677728177 0.082035736247882 0.294947499242103 0.951985352129703 -0.0891650971133327 0.448656521751748 -0.19406264226713 -0.0502359431725573 0.106139118339869 -0.376092047661293
-324.36694112768 -412.486841211883 254.758054127591 -0.0133900184812013 -0.999841574935854 -0.0117274223065902 0.0557456677155334 -0.012456683833218 0.998367292912779 0.0447745492061549 -0.0163789593128515 0.0753726676586033 -0.11816169008765 0.515436886205837 -0.0195916738227586
-324.629788587744 -412.497783550449 255.160281381288 0.63187163313393 -0.774451358156033 0.0310376076673477 -0.0624430236776282 -0.0109507217307189 0.997988452080514 -0.141455950361026 -0.118621990419152 -0.397873895369288 -0.233067500825431 0.188417139981016 -0.175571090713673
-324.816045779781 -412.769315322509 255.579965921426 0.960581129679966 -0.273606886855265 0.0492256515128261 -0.0372740543932681 0.0487129912205855 0.998117071968963 0.568587573047701 -0.0831855948675147 0.415143018434392 0.236194110017882 0.495416321013759 -0.0693324390060805
-324.819534287582 -413.099469437275 255.97767916089 0.970722286601413 0.233188197425745 0.0576325158007958 -0.0377567386679576 -0.088821651403445 0.995331674833347 0.133072054510295 -0.623038580013845 0.00506059115109231 0.328873283339771 -0.246245516069542 0.341332697911502
-324.640808210006 -413.364407849944 256.47087055484 0.701075261786614 0.705804799373389 -0.101651672353814 0.115478037929996 0.0282965658382656 0.992906907579923 0.491944643110624 0.0112676243069709 0.139222114958469 0.198406651049765 0.0238405646965955 -0.19224936811107
-324.359025724905 -413.386979181986 256.968559844223 0.178318212905208 0.953904847988691 -0.24138797801172 0.229057099167782 0.198338321531872 0.952992526482232 -0.356829266129494 -0.761834846891627 0.182898042327009 0.586854527949273 0.0893674297103841 0.305202567054939
-324.003322065202 -413.246482597052 257.347458542104 -0.303710709327539 0.929794889833525 -0.20794534830211 0.282849505551371 0.296404894250871 0.912217241599596 0.180473254176316 0.567145498547977 0.212720575332812 0.236964219499291 0.464879995426278 0.237936159050034
-323.62707548446 -412.998360934131 257.629007452263 -0.878115408824586 0.477646935714838 0.0276899545798861 0.202004529792376 0.317662039005987 0.926436721486131 -0.244223816588514 0.00833215703639236 -0.0892778640984454 -0.303927764802747 0.0696016207574606 -0.255893488881844
-323.356442125555 -412.763407966773 258.008339998428 -0.956623145127955 0.266528251467788 -0.117621636511281 0.104235105848928 0.690151216145923 0.716118943724013 -0.415284102428414 -0.55939357571447 -0.380545286308159 0.311622563857249 -0.263124353124541 0.13831636492035
-323.279968796558 -412.255619339985 258.175076308098 -0.944816800585184 -0.281969561244186 0.166776436777264 -0.0720623901143031 0.675502076165409 0.733828288516104 -0.248757182877582 0.298859244416473 -0.216537823454825 -0.30745444061282 -0.585788683025389 -0.117253325546947
-323.575692776508 -411.78452182291 258.447281606709 -0.477595842749385 -0.73378616804429 0.483177059238905 0.014867763644516 0.543123577847347 0.83952113064008 0.345085760059381 -0.0523605034577549 0.30350337812743 0.31655739071947 0.331811874778171 0.342754632378843
-323.93976996256 -411.547511627699 258.835961204905 0.148296003706331 -0.824782611457102 0.545657345890619 -0.0194680472153016 0.549216485124432 0.835453318627841 -0.216372492947669 0.48937986443208 0.396693324443584 0.87390982166738 -0.234319772745975 0.246495208655109
-323.579640096589 -412.634903925104 259.289628735956 -0.453286382071384 0.859105696963848 -0.237631768233427 -0.299878522156583 -0.398031778219426 -0.866973803225219 0.0415083713595391 0.25801083326478 0.034378883400188 -0.418465899052459 0.265306591115061 0.14182003529836
-324.063119806623 -412.702400916553 259.041237109251 0.43094496599384 0.759541179439159 -0.487220312610426 -0.219750708670464 -0.435340873834515 -0.873033762009682 -0.217531041343118 -0.755843476487961 -0.0110105970154393 -0.24119534033706 -0.205857677617256 -0.0928665570885129
-324.365272017229 -412.683345261494 258.541606111764 0.625480625886004 0.757958285181477 -0.18513029078462 -0.218874330056834 -0.057296156604271 -0.97406939079422 -0.0318394193927777 -0.0713998916986452 -0.327588321116645 -0.0927983710681136 -0.565665026648546 0.0429778204127231
-324.58466425065 -412.565727690211 258.128838294147 0.95925349774284 -0.0180558307725457 -0.281969349472348 -0.281097472770665 0.0399665861481328 -0.958846641958388 -0.822496191463952 -0.0740188360707342 0.132670303538692 -0.017616348856412 0.067154728934376 -0.560570853255945
-324.611182703719 -412.336674142484 257.63887020308 0.858415239495171 -0.510712073532594 -0.0479213371225808 -0.00259621303664607 0.0890951498083526 -0.996019735727378 -0.290810366460831 0.389439843745767 -0.398201619873177 0.224257611954532 0.0574415722554727 0.539682100274564
-324.425083225422 -412.136314807913 257.183923575656 0.238548736644644 -0.9685144951531 0.0712332290778799 0.145185215487124 -0.0369592169673854 -0.988713947249209 -0.436661891837449 0.057688553075167 0.208636667571782 0.277387415424843 -0.35188070864034 0.07182988150009
-324.280194702902 -412.280047220172 256.606444145345 -0.00889327006916507 -0.965594065791946 0.259901923532064 0.414224024086725 -0.24012098297259 -0.877929593649991 -0.295014648434872 0.349914684823772 0.592932049621482 0.126208529193111 -0.631185866205404 -0.409979597948435
-323.863779154581 -412.432522585631 256.359223191166 -0.602959264507426 -0.796396498873764 0.0468267223514519 0.116052844975763 -0.145634462689393 -0.982508188489689 -0.108282036506299 0.189094703081465 -0.581955929849808 -0.589388697196771 0.0383105267781191 -0.243259643571667
-323.661091457665 -412.76589793495 255.974669709185 -0.983437501483227 -0.17890737668237 -0.0290315560144498 0.069775012400508 -0.225875151644716 -0.971654189263279 -0.475851512034209 0.413150701614297 -0.241127529288833 -0.140204476730878 0.256210316310865 0.100978972220664
-323.696385522337 -413.181799015944 255.625511802555 -0.93719849507399 0.34666884360515 -0.0384667870380514 -0.0451678011561772 -0.229979021793905 -0.972146860960055 0.233323205167764 0.207791609305205 -0.524939976292899 -0.165041310060041 -0.518396549893843 -0.0103174312034638
-323.91649805888 -413.499399263633 255.207991272185 -0.64975043371478 0.756985264041582 0.0692653153617408 -0.339947440946579 -0.207866569999088 -0.917184401563062 0.191725895625131 0.127972386306415 0.379890523495489 0.59748658880316 -0.206993666040593 0.161001736205103
-324.284036674522 -413.676050384637 254.855432028529 -0.0330915727542729 0.994862318596222 -0.095676093403343 -0.354826685524505 -0.101186854438266 -0.929440285187021 -0.294804006263935 -0.0865297343551932 -0.0957630953713045 -0.44659249282205 -0.218943080248964 -0.207222711789852
-324.677261812558 -413.587556554953 254.58789318395 0.549968086039205 0.751844434343103 -0.363682623843562 -0.463856145849306 -0.0871477020230154 -0.881613721530374 -0.318957835205867 0.223898050815022 -0.534010759412642 0.0205118417141377 0.175310968290909 0.203829697819112
-325.113338747253 -413.507391434676 254.184953441437 0.842309155640001 0.454148424729417 -0.290283472905823 -0.427380221137526 0.234588458881417 -0.873106179991829 -0.257768766310028 -0.501538036833668 -0.211300319510457 0.748528616995548 -0.235257570789834 0.254636328568273
-325.324504100808 -413.140490585339 253.795734673837 0.914808092666986 -0.218167946739249 -0.339895425986619 -0.285749948738052 0.2451326704913 -0.926421578253845 0.542394136903049 -0.123983175080931 0.0252858912634702 -0.262947407315886 -0.0425468868376277 0.0686297949311713
-325.281445793847 -412.814644991219 253.445459965363 0.592602845738839 -0.766759831390771 -0.246781742005351 -0.129115592824472 0.211988813764953 -0.968705273304129 -0.628304117364335 -0.156782579282571 0.661336537078199 -0.00657622650810478 0.00587393293394253 0.340878504288618
-325.000483110435 -412.610722783922 253.02394377813 8.62552927373638e-05 -0.981972114853331 -0.189025813608271 0.0284887394536249 0.188951504287185 -0.981573084772697 -0.2919182357725 -0.0115680530902147 0.508147700943744 0.467724301105936 -0.381272602813902 -0.187512913324164
-324.718108126835 -412.572612268074 252.516198704416 -0.400943629054748 -0.916063557782325 -0.00847138856305589 0.0404125384227177 -0.00844808658759613 -0.999147364791907 -0.0241100407387642 0.266398592313121 0.449382862046109 0.127692755314522 -0.0448073624423859 -0.0230249155736714
-324.466242568066 -412.823529705466 252.141547327827 -0.931408296584382 -0.348874902875453 -0.103753974370922 0.131630317151148 -0.0571011114141579 -0.989652930416232 -0.381453483525216 0.188225578302697 -0.0378289341362522 -0.0982057135884816 -0.148732582534575 -0.172951749007191
-324.362312715916 -413.105351729075 251.734451821053 -0.964656571700346 0.230298487611284 -0.128063676659303 0.160682376931985 0.128903474141754 -0.978552537217931 -0.179009539611636 0.0178795755125195 -0.181520403160221 0.0201764162952488 -0.301172019531221 0.116124809844162
-324.458664224273 -413.281712234632 251.261537979992 -0.665747637708521 0.74517419765625 0.0386716696611948 0.12486687431556 0.162353527972063 -0.97880007951319 -0.192810355689951 -0.497416605454305 -0.850648165475753 0.78969327793082 0.160617927148664 -0.129180972254009
-324.692340832462 -413.350177353618 250.852331114259 0.24810313201261 0.95976253088409 0.131532202129187 0.157175286408572 0.0940969112167335 -0.983077667655254 -0.0545999740763457 -0.0993962313230808 -0.3515804996613 0.215153138785514 -0.259942056594993 -0.0910008093554608
-324.857227157467 -413.072243362001 250.40794501298 0.854234283090978 0.462743223000267 0.236965185541607 0.259993633344641 0.0144677884728039 -0.965501938743062 -0.476390262371519 -0.438673685602751 -0.0338896315371902 0.305626291714015 0.000362742671306614 -0.196840474021595
-325.942349457501 -413.732969342618 250.925064848793 -0.357885432400685 0.853585978629274 0.378561744452759 -0.699165377044483 0.0237654180032374 -0.714564888900736 -0.522819901271184 0.00541583363954915 0.751831128435712 0.613392550744265 -0.127520561289335 -0.0145659376935901
-326.410478942021 -413.558522165994 250.736216448616 0.25361259018713 0.965987282945831 -0.0504898334877482 -0.836271186132872 0.192726121142246 -0.51332947068633 -0.208281371330256 0.564461079669179 -0.135396571063041 -0.239277836308141 -0.0249479711824018 -0.439446267114086
-326.774480470541 -413.343111778367 250.596332642835 0.794845396123493 0.218105612060948 -0.56626030961831 -0.59079777317262 0.0651806489188103 -0.804182488132965 -0.511885031176788 0.358905928968784 -0.119065830406906 -0.0606248634519666 0.265794837670678 -0.00807973069691016
