        0.1434 26   0.002227   0.002227   0.303896    0.011449   0.000000  -1.051915   0.000000  -0.455232  -0.172689   0.000000   0.061308
        0.1816 26   0.005315   0.005315   0.290723    0.039268   0.000000  -1.125551   0.000000  -0.347127  -0.128075   0.000000   0.059639
        0.1860 26   0.010891   0.010891   0.301994    0.036787   0.000000  -1.150489   0.000000  -0.322048  -0.112736   0.000000   0.058842
        0.2902 26   0.014130   0.014130   0.293995    0.039659   0.000000  -1.081274   0.000000  -0.309054  -0.112594   0.000000   0.057291
        0.1978 24   0.027808   0.027808   0.318891    0.055598   0.000000  -1.153650   0.000000  -0.278599  -0.107658   0.000000   0.060870
        0.2711 26   0.034785   0.034785   0.355888    0.044341   0.000000  -1.115728   0.000000  -0.301019  -0.093286   0.000000   0.059423
        0.2114 26   0.052369   0.052369   0.310393    0.058505   0.000000  -1.109964   0.000000  -0.309583  -0.107541   0.000000   0.062014
        0.2874 25   0.061575   0.061575   0.324888    0.061268   0.000000  -1.109750   0.000000  -0.286113  -0.105948   0.000000   0.058276
        0.2006 25   0.087078   0.087078   0.327931    0.060027   0.000000  -1.120225   0.000000  -0.297237  -0.097725   0.000000   0.060041
        0.2590 25   0.100717   0.100717   0.329556    0.062785   0.000000  -1.122287   0.000000  -0.302818  -0.115669   0.000000   0.058512
        0.2465 26   0.123688   0.123688   0.325729    0.067265   0.000000  -1.128132   0.000000  -0.304922  -0.101400   0.000000   0.056674
        0.1950 25   0.154155   0.154155   0.313130    0.055685   0.000000  -1.135713   0.000000  -0.315662  -0.111562   0.000000   0.058065
        0.3206 26   0.162810   0.162810   0.352209    0.065596   0.000000  -1.131057   0.000000  -0.327333  -0.106976   0.000000   0.056659
        0.2479 26   0.200748   0.200748   0.322062    0.050924   0.000000  -1.093227   0.000000  -0.334138  -0.110890   0.000000   0.055301
        0.3199 26   0.219034   0.219034   0.311719    0.064253   0.000000  -1.064143   0.000000  -0.327183  -0.104428   0.000000   0.055582
        0.2193 25   0.267597   0.267597   0.308666    0.051105   0.000000  -1.082570   0.000000  -0.297886  -0.110075   0.000000   0.056512
        0.3098 25   0.285298   0.285298   0.308154    0.057752   0.000000  -1.118831   0.000000  -0.297830  -0.102066   0.000000   0.056862
        0.3349 26   0.315931   0.315931   0.298602    0.047044   0.000000  -1.070872   0.000054  -0.298545  -0.091718   0.000000   0.055920
        0.3177 26   0.356639   0.356639   0.299588    0.043800   0.000000  -1.055115   0.000000  -0.328210  -0.108623   0.000000   0.056274
        0.3838 25   0.382129   0.382129   0.338649    0.044367   0.000000  -1.091583   0.000000  -0.309177  -0.099185   0.000000   0.056099
        0.2921 26   0.443477   0.443477   0.337318    0.038295   0.000000  -1.092376   0.000000  -0.316075  -0.108285   0.000000   0.057566
        0.3310 25   0.478209   0.478209   0.378443    0.046115   0.000000  -1.083247   0.000000  -0.303401  -0.109230   0.000000   0.056646
        0.4495 24   0.495069   0.495069   0.372102    0.058941   0.000000  -1.082068   0.000000  -0.270266  -0.087400   0.000000   0.058219
        1.0372 22   0.404481   0.404481   0.350235    0.061750   0.000000  -0.983884   0.000000  -0.273487  -0.089274   0.000000   0.050631
        1.1873 21   0.413047   0.413047   0.276370    0.045341   0.000000  -0.962611   0.000000  -0.224948  -0.078171   0.000000   0.053843
        4.2168 13   0.025717   0.025717   0.404599    0.044369   0.000000  -0.760260   0.000000  -0.158141  -0.061579   0.000000   0.041761
        5.0152 12   0.003245   0.003245   0.322694    0.058342   0.000000  -0.717976   0.000000  -0.139208  -0.046198   0.000000   0.037756
        4.8181 13   0.015039   0.015039   0.316288    0.042375   0.000000  -0.751768   0.000000  -0.140370  -0.057667   0.000000   0.039657
        4.9321 13   0.018351   0.018351   0.348581    0.068239   0.000000  -0.817089   0.000000  -0.165092  -0.056822   0.000000   0.038902
        5.1320 14   0.017879   0.017879   0.391624    0.051914   0.000000  -0.821526   0.000000  -0.177945  -0.061443   0.000000   0.037520
        4.9217 14   0.040656   0.040656   0.326883    0.061135   0.000000  -0.812112   0.000000  -0.175490  -0.061771   0.000000   0.041637
        5.5599 13   0.015738   0.015738   0.300539    0.048937   0.000000  -0.775624   0.000000  -0.159614  -0.054011   0.000000   0.040294
        5.4207 13   0.032865   0.032865   0.283490    0.045758   0.000000  -0.749645   0.000000  -0.142923  -0.056982   0.000000   0.039399
        5.8775 12   0.018471   0.018471   0.299833    0.066575   0.000000  -0.765804   0.000000  -0.150845  -0.059182   0.000000   0.037671
        5.7761 13   0.034343   0.034343   0.358752    0.046222   0.000000  -0.704272   0.000000  -0.143537  -0.045581   0.000000   0.038836
        5.9966 12   0.032428   0.032428   0.310269    0.068482   0.000000  -0.659338   0.000000  -0.142407  -0.043936   0.000000   0.037196
        6.5208 11   0.015188   0.015188   0.339575    0.053344   0.000000  -0.641862   0.000882  -0.126417  -0.047717   0.000000   0.035024
        6.2185 12   0.042761   0.042761   0.332591    0.060097   0.000000  -0.669004   0.000000  -0.126798  -0.039598   0.000000   0.040376
        6.6727 12   0.026193   0.026193   0.339762    0.068697   0.000000  -0.625709   0.003388  -0.126472  -0.049686   0.000000   0.036038
        6.9198 12   0.023128   0.023128   0.314381    0.068749   0.000000  -0.650724   0.000000  -0.123286  -0.045235   0.000000   0.033978
        7.3021 11   0.014244   0.014244   0.338519    0.060735   0.000000  -0.651311   0.000000  -0.126898  -0.045151   0.000000   0.035014
        7.6585 9   0.008282   0.008282   0.295783    0.055091   0.000000  -0.615771   0.000000  -0.106316  -0.039622   0.000000   0.034774
        7.8094 10   0.009523   0.009523   0.300334    0.050854   0.000000  -0.547220   0.000000  -0.129099  -0.048962   0.000000   0.031092
        7.9029 10   0.012974   0.012974   0.372466    0.044919   0.000000  -0.579868   0.000000  -0.106911  -0.036232   0.000000   0.034078
        8.0519 9   0.014591   0.014591   0.354875    0.041217   0.000000  -0.610877   0.000000  -0.104492  -0.038929   0.000000   0.034441
        8.5795 8   0.004017   0.004017   0.361913    0.055412   0.000000  -0.633417   0.000000  -0.096168  -0.032543   0.000000   0.032516
        8.6967 8   0.005728   0.005728   0.330678    0.067510   0.000000  -0.583160   0.000000  -0.096558  -0.039537   0.000000   0.031704
        8.8452 8   0.006834   0.006834   0.340846    0.062036   0.000818  -0.619203   0.000000  -0.082587  -0.032160   0.000000   0.032913
        9.2806 8   0.001673   0.001673   0.392688    0.057762   0.000000  -0.616546   0.000000  -0.092145  -0.035250   0.000000   0.030448
        9.1976 7   0.007605   0.007605   0.404530    0.056841   0.000000  -0.634438   0.000000  -0.070468  -0.027662   0.000000   0.031444
        9.1912 7   0.014519   0.014519   0.348278    0.058079   0.000000  -0.606220   0.000000  -0.070890  -0.025281   0.000000   0.032922
        9.3417 7   0.016164   0.016164   0.375056    0.060850   0.000000  -0.630520   0.000000  -0.082906  -0.030160   0.000000   0.032705
        9.8910 6   0.004360   0.004360   0.331088    0.061617   0.000000  -0.586569   0.000000  -0.073212  -0.024609   0.000000   0.029526
       10.0386 7   0.005354   0.005354   0.359372    0.065330   0.000000  -0.596621   0.000000  -0.073457  -0.029931   0.000000   0.027135
        9.9565 7   0.014235   0.014235   0.318419    0.041580   0.000419  -0.606735   0.000000  -0.075459  -0.027035   0.000000   0.030428
       10.1570 6   0.013796   0.013796   0.322579    0.052677   0.000038  -0.625108   0.000000  -0.066534  -0.024152   0.000000   0.031212
       10.6318 5   0.004764   0.004764   0.368547    0.049949   0.000000  -0.653259   0.000000  -0.051495  -0.019784   0.000000   0.030143
       10.8306 6   0.004550   0.004550   0.319519    0.056856   0.000000  -0.636979   0.000000  -0.071538  -0.021958   0.000000   0.027437
       10.7980 6   0.011064   0.011064   0.397641    0.046836   0.000000  -0.668488   0.000000  -0.070748  -0.029006   0.000000   0.029248
       10.9580 6   0.012148   0.012148   0.306731    0.059863   0.000000  -0.638915   0.000000  -0.064437  -0.027816   0.000000   0.027454
       11.4165 6   0.004165   0.004165   0.333930    0.055917   0.000000  -0.693703   0.000000  -0.066201  -0.024098   0.000000   0.025009
       11.9162 5   0.000141   0.000141   0.297902    0.040629   0.000000  -0.643798   0.000000  -0.059998  -0.024262   0.000000   0.028794
       11.8930 5   0.002306   0.002306   0.310712    0.051620   0.000048  -0.639848   0.000000  -0.045791  -0.023948   0.000000   0.026155
       12.0205 5   0.003429   0.003429   0.311829    0.046134   0.000000  -0.672525   0.000000  -0.057186  -0.021812   0.000000   0.026827
       12.3579 5   0.001119   0.001119   0.286003    0.064325   0.000000  -0.636765   0.000000  -0.060041  -0.022430   0.000000   0.024698
       12.4784 5   0.002042   0.002042   0.330762    0.051105   0.002726  -0.605525   0.000000  -0.059280  -0.023907   0.000000   0.024793
       12.5892 4   0.003430   0.003430   0.330285    0.042856   0.000179  -0.603425   0.000000  -0.046524  -0.012608   0.000000   0.024392
       12.4168 3   0.014410   0.014410   0.262756    0.048368   0.000000  -0.541835   0.000000  -0.026933  -0.011867   0.000000   0.025555
       13.0423 4   0.002117   0.002117   0.345967    0.055706   0.000000  -0.554105   0.000000  -0.041746  -0.014887  -0.000000   0.026232
       13.2923 2   0.001278   0.001278   0.328934    0.043973   0.000000  -0.547918   0.000000  -0.027899  -0.011178   0.000000   0.023472
       13.7137 0   0.000013   0.000013   0.353695    0.068372   0.000000  -0.609606   0.000000   0.000000   0.000000   0.000000   0.022249
       13.7963 0   0.000212   0.000212   0.298922    0.043475   0.000000  -0.561895   0.000000   0.000000   0.000000   0.000000   0.029219
       13.7581 0   0.002835   0.002835   0.358102    0.049235   0.000540  -0.580832   0.000000   0.000000   0.000000   0.000000   0.030159
       14.3394 0   0.000177   0.000177   0.313383    0.040457   0.000000  -0.563632   0.000000   0.000000   0.000000   0.000000   0.033789
       14.4512 0   0.000000   0.000000   0.349677    0.065676   0.000000  -0.625384   0.000000   0.000000   0.000000   0.000000   0.031500
       14.7857 0   0.000609   0.000609   0.405614    0.048622   0.000000  -0.642821   0.000000   0.000000   0.000000   0.000000   0.030363
       14.9788 0   0.000639   0.000639   0.364697    0.045609   0.000000  -0.587716   0.000000   0.000000   0.000000   0.000000   0.027936
       14.9817 0   0.000041   0.000041   0.326571    0.066251   0.000000  -0.600749   0.000000   0.000000   0.000000   0.000000   0.028409
       15.3750 0   0.000794   0.000794   0.336867    0.058144   0.000000  -0.618176   0.000000   0.000000   0.000000   0.000000   0.035486
       15.2480 0   0.000655   0.000655   0.348917    0.048571   0.000000  -0.651868   0.000000   0.000000   0.000000   0.000000   0.030392
       15.6469 0   0.000099   0.000099   0.345319    0.047096   0.000000  -0.635662   0.000000   0.000000   0.000000   0.000000   0.026938
       15.4753 0   0.002640   0.002640   0.326254    0.046716   0.000000  -0.618714   0.000000   0.000000   0.000000   0.000000   0.032037
       15.9111 0   0.000092   0.000092   0.338927    0.042689   0.000000  -0.623204   0.000000   0.000000   0.000000   0.000000   0.029321
       16.3049 0   0.000631   0.000631   0.342521    0.050392   0.000000  -0.665772   0.000000   0.000000   0.000000   0.000000   0.027952
       16.4032 0   0.000092   0.000092   0.367048    0.035404   0.000896  -0.718477   0.000131   0.000000   0.000000   0.000000   0.025280
       16.3640 0   0.000856   0.000856   0.361652    0.048194   0.000000  -0.738348   0.000000   0.000000   0.000000   0.000000   0.028283
       17.0043 0   0.002238   0.002238   0.292182    0.065357   0.000000  -0.697871   0.000000   0.000000   0.000000   0.000000   0.028682
       16.8105 0   0.000317   0.000317   0.341521    0.053414   0.000000  -0.725505   0.000000   0.000000  -0.000061   0.000000   0.027799
       16.9232 0   0.000953   0.000953   0.291887    0.062133   0.000000  -0.743130   0.000000   0.000000   0.000000   0.000000   0.027123
       17.4349 0   0.000568   0.000568   0.318746    0.050442   0.001804  -0.733837   0.000000   0.000000   0.000000   0.000000   0.025660
       17.4851 0   0.000000   0.000000   0.330322    0.051948   0.000000  -0.760690   0.000000   0.000000  -0.000001   0.000000   0.028789
       17.8393 0   0.000791   0.000791   0.327489    0.049219   0.000698  -0.795587   0.000000   0.000000   0.000000   0.000000   0.029757
       17.6449 0   0.001376   0.001376   0.289626    0.044941   0.000000  -0.725496   0.000000   0.000000   0.000000   0.000000   0.026239
       18.1702 0   0.000397   0.000397   0.329486    0.068876   0.000000  -0.803318   0.000000   0.000000   0.000000   0.000000   0.029863
       18.2462 0   0.000000   0.000000   0.319765    0.038452   0.000000  -0.730004   0.000000   0.000000   0.000000   0.000000   0.027500
       18.3322 0   0.000288   0.000288   0.314455    0.058007   0.000000  -0.705995   0.000000   0.000000  -0.000000   0.000000   0.027307
       18.6176 0   0.000000   0.000000   0.314927    0.043891   0.000000  -0.708716   0.000214   0.000000   0.000000   0.000000   0.029515
       19.0377 0   0.001479   0.001479   0.310875    0.055691   0.000000  -0.724945   0.004047   0.000000   0.000000   0.000000   0.027406
       19.1770 0   0.000895   0.000895   0.316955    0.039751   0.000000  -0.719878   0.000000   0.000000   0.000000   0.000000   0.028561
       19.3891 0   0.001139   0.001139   0.319037    0.042600   0.000000  -0.698006   0.000000   0.000000   0.000000   0.000000   0.025758
       19.4326 0   0.000080   0.000080   0.304774    0.054064   0.000000  -0.688898   0.000000   0.000000   0.000000   0.000000   0.026928
