0.999999238518982 
0.999998535555457 
0.9999974374932419 
0.9999967101419287 
0.9999906065527769 
0.9999959234530719 
0.9999924887392759 
0.9999960054539052 
0.9999969538450304 
0.9999968293991864 
0.9999991936198154 
0.999998367335892 
0.9999962023240898 
0.9999987307415148 
0.9999965072015122 
0.9999770894928134 
0.9999802740917835 
0.9999875305742965 
0.9999958373821152 
0.9999010445353105 
0.9999977096862478 
0.9999956623818542 
0.999986448994718 
0.8461410692449591 
0.7986802299379251 
0.5384602078574747 
0.499990683382844 
0.538460256642654 
0.5384220106863468 
0.5384610811143591 
0.5384593351608917 
0.49999883729360917 
0.4999996644289988 
0.4999990487959604 
0.49999559932571574 
0.46153590384586096 
0.46153238355839377 
0.4615379820360828 
0.4615360980382878 
0.46153470333572333 
0.4223056166523446 
0.38461251856655515 
0.38461475958377667 
0.3846136673489726 
0.3846148710489941 
0.30769095666693114 
0.3076920167550709 
0.30769188020268595 
0.3076803936465619 
0.3076917512598731 
0.3076920697828078 
0.3076680748018778 
0.2692304161006263 
0.2692304570752635 
0.2692305179410172 
0.23332810590345185 
0.23076830053906067 
0.23076911631817268 
0.23076846600406098 
0.2307686170636618 
0.23076793977308505 
0.19230261385832645 
0.19230590399041841 
0.19230720137364551 
0.1923071138268409 
0.19230642868509693 
0.19230757040846155 
0.15384613788359472 
0.15384454646402265 
0.11538445028277843 
7.428178555974584e-40 
1.1969198800134582e-294 
7.972801979846326e-281 
1.8563949754097603e-244 
1.8361164232463468e-286 
8.834467019882963e-309 
1.9894747513692412e-299 
0.0 
0.0 
4.591359198408172e-243 
0.0 
2.495797317593017e-298 
9.566911238688598e-200 
4.4482526533471545e-204 
0.0 
0.0 
0.0 
0.0 
0.0 
0.0 
0.0 
0.0 
0.0 
0.0 
0.0 
0.0 
0.0 
0.0 
0.0 
0.0 
0.0 
