t = 7000000
b = 105 105 105
E = -0.244634459325903 -0.563476521336022 0.318842062010119
-33.5378003844938 11.9455430428415 24.6426810087323 -0.252024820337507 -0.888664660896729 0.383090864426702 -0.0446228717892335 0.40611995776919 0.912729630950704 0.21827749158082 0.0485755645772395 0.366653257439045 0.323879266794739 -0.135444926344045 0.674336366324506
-33.727460695997 12.1748835870722 25.0101062863935 0.290664141350586 -0.900211886421443 0.324242064634598 -0.109591551145448 0.305320835357059 0.945922237509242 0.298664045960403 -0.0390153701413446 0.506559510760138 -0.420753762661199 0.158415588258981 -0.771017997343447
-34.0908832704211 12.0180862192145 25.2738148167656 0.784080748093603 -0.428261759039545 0.449231840159541 -0.464782425953656 0.0745388630977586 0.882281845223933 -0.266596759532799 0.0404983284896288 -0.333476421746203 -0.464303541936659 -0.0322073983481231 -0.250494358241385
-34.257589141304 11.702221826293 25.730669422862 0.861481473411873 0.399866152320379 0.312980400658942 -0.40415298474818 0.166777681416679 0.899358421265184 0.211064221193589 0.627157767284755 0.122028171341941 0.635187721311732 -0.386682273040624 0.309058299558524
-34.1889692258556 11.632865628972 26.3124003949716 0.44415935101534 0.895864771745605 -0.0121976083990366 -0.162024459286058 0.0937046847617024 0.982327596398786 0.0411159476659268 0.398880472637548 -0.360920340257001 -0.149002542828866 -0.161076088189429 -0.115529224930478
-33.9539809884049 11.685893671216 26.7340492697319 -0.358631451114984 0.931522838762156 -0.060404330436122 -0.0449004284020336 0.0474198616073246 0.997865375816948 -0.0533552457904185 -0.52416344256896 0.11341635282432 -0.520341309315868 0.00627970615943533 -0.568062624652308
-33.6998288011439 11.9461542373381 27.0703983612009 -0.923410128065807 0.379528974305489 -0.0571969671256088 0.0058032389087643 0.162811270739761 0.986640163655717 -0.088839931712611 0.249995175351722 0.0460864934677004 0.260446076341329 -0.0749296587818255 0.214103448028576
-33.7039539455485 12.2404076521976 27.3244680201173 -0.825106470129529 -0.454005485426828 0.336271218145163 0.205785501396587 0.312804423574129 0.927257094881183 0.203137019945158 0.27954066367822 -0.294188205056301 -0.639471517076691 -0.0288220773377782 0.33930393287226
-32.5465656077596 12.2848194625125 27.8550176389307 0.896379865649157 0.0996076613827166 0.431950749799845 0.344528766630732 -0.769690461605636 -0.53747234559274 -0.74051508266148 -0.0405827316350003 -0.251387190193695 0.202509964664504 -0.0217188322689518 -0.137029361387881
-32.4516637492215 11.3143015780666 27.5701738469411 0.281532424833161 -0.682161733598912 -0.674829506602131 0.350356804769769 -0.581641963946611 0.734127192745044 0.00461519399106787 0.327136447978838 -0.310407476511165 -0.379142869102115 -0.0208206660438508 0.448167230060216
-31.4613146171754 11.3688681202094 28.0027338020022 0.0445051191891663 -0.968459175931704 0.245165492921396 0.974436713219141 -0.0120120755706642 -0.224340816552238 0.202676508182736 -0.161968158279518 -0.00795356346442124 -0.199429823799264 -0.132401696586527 0.399936405895587
-31.0184915055989 11.2784433151478 28.1422195756288 -0.125428514109161 -0.771574727782731 -0.623650645230018 0.991018326253246 -0.0680590293493615 -0.115111448408861 -0.0899666517251451 0.410933718124128 -0.079090689868555 -0.229385817961036 0.28065222956939 -0.395104924606293
-30.5972841387482 11.0514779970777 28.2205302331745 -0.0490981191189631 -0.00276986387774594 -0.998790119371209 0.993336533654042 0.104258517495543 -0.0491191656832363 -0.0308083423144431 0.399622962596298 -0.513284223385735 0.245583457490219 -0.887583178525403 0.062542868922348
-30.0922150477976 10.9038606691363 28.0176725779951 -0.249712890244939 0.633750023766928 -0.732123199892487 0.967746917383217 0.13732967416754 -0.211202425384809 0.00852485444391903 0.165095669581248 -0.0636664501369831 0.200554841696201 -0.108890082732873 -0.18961440082555
-29.6043439728101 10.8367161758279 27.8278175816811 -0.326810509141811 0.807528089093266 -0.491012501307026 0.879870759956712 0.0703184727657833 -0.469981657260598 -0.272549756664624 0.0128557808498805 0.211253883114927 0.298361893421855 -0.0234418203646671 0.729319841400068
-29.2270948295856 10.8961540568534 27.4222402917919 -0.174488085447146 0.959108410797305 0.222856376114714 0.831277637850601 0.264793573569812 -0.48873495087386 -0.295663318486729 0.419021536319205 0.379485041528916 0.428251074513544 0.133325098623948 0.00168367693287261
-28.961548619648 11.0467086806005 27.0015159983998 0.281986469945655 0.401294864152339 0.871462026007076 0.922285704411472 0.136875715654606 -0.361461087674522 -0.0259858621119852 0.15584776397948 0.0544085484477027 -0.0804747591946626 0.554431768238151 0.15166182376132
-28.7149753206097 11.3727607482586 26.8504144459638 0.583606530914523 -0.533631159978357 0.612079408388978 0.775519891039319 0.142776923030839 -0.61496638026147 0.363006117759111 0.177815903591152 0.220341464945557 0.57101797016286 0.021188046643088 0.285881810351014
-29.1013997569947 10.8724544179281 25.7793287589961 -0.687161902038334 0.726503444093821 -0.00112521424478439 0.330593681079443 0.311311493736406 -0.89095060014463 0.427323603944139 -0.00060898564533392 -0.305129864781291 -0.396057446215017 0.355030262418777 -0.0577306275505901
-29.1062936033094 10.9654525340016 25.2559815822682 -0.13990806834991 0.936541973135696 0.321426297874351 0.286063428334988 0.349007787415201 -0.892390766028104 0.304019700731083 -0.187555917746221 -0.383521493984642 0.0366976711763519 -0.241206157274913 -0.447807499561493
-28.6088997003918 9.96381066906635 25.7561866073822 0.961320374368179 0.275325757154639 -0.00767237071544803 -0.269650651154451 0.946452419009114 0.177528434013746 -0.216181451266282 0.0202593646490906 -0.177074387547485 0.549073022869285 -0.0316543449273504 -0.343510963192528
-29.7199714022872 10.3650738892604 24.972999414997 -0.774537545338742 -0.579813909103826 -0.252799172606526 -0.632214878448305 0.722209973481498 0.280565681566732 0.320285772677879 0.00144595695011504 -0.00740680714840091 -0.272276928185084 -0.0559678374190906 -0.277028498904368
-30.0876683850037 10.7075050658252 24.8253176262361 -0.488391217267182 -0.639629328613899 0.593589370586059 -0.482890055014803 0.764690692585518 0.42669115228751 0.45997183495751 0.296566039677762 -0.637621501133943 -0.0787648509432746 0.134203217578123 0.462818528797059
-29.8448600813022 11.3396026337441 24.8145967732476 -0.67015862516488 -0.562263742336513 -0.484506863905054 0.10646203095401 0.57321249284366 -0.812461244622176 -0.0261841835486247 -0.103201133292206 -0.0443005179625403 0.0339891626597683 0.385336817080889 -0.03111992000525
-29.7572404655692 11.1822640820756 26.0122042237649 0.361889949306832 -0.921778987520044 -0.139137208386483 0.805421138033578 0.384316637831484 -0.451217810258342 0.273098408052831 0.803353538225616 0.44387970455751 -0.268623233170672 0.170001480432435 -0.0531614174158242
-31.1915391915704 12.0865727445435 25.6922852170551 -0.472425591361124 0.860014236188675 0.192845985645683 -0.203762160101209 0.106302256250298 -0.973232147242736 0.0787101697368852 0.487266026788371 -0.254622231837177 -0.378823422849269 0.497214236394173 0.0108259948481923
-27.4737973262193 25.9582107094188 13.3675517074286 0.829249330524699 0.554060059344548 -0.0732324959514987 -0.494344636795278 0.666045199680427 -0.558576021732314 0.229053169129051 0.187843648788371 -0.504834639732102 0.0748397022991647 -0.0554353380482418 -0.751101641483038
-27.757942713908 26.4325720466788 13.2760832822411 0.915485265464836 0.0104125625095566 -0.402216741644221 -0.269090500605973 0.759043392147881 -0.592826645251688 0.151201395160727 0.234566166250015 -0.166370878445139 -0.159503391578643 0.173467377304118 0.545488222399597
-28.8902997278015 26.0550670764554 14.0997564984393 -0.101629053961196 -0.552697415511636 0.82716207739313 0.857818366655123 0.37239061663413 0.354221510458612 0.036535934899416 0.25092112478481 0.585949399689766 -0.200614455327383 -0.285917742409517 -0.466672220181259
-28.7808169089349 26.3260402441685 14.46940698053 0.282113453068037 -0.84936385312172 0.446086364516951 0.736072664130947 0.489843524436351 0.467172724682314 -0.112628444760832 0.698868900889257 0.141421597987119 -0.0211204103524559 -0.295561154311451 0.209692628997554
-28.6436820491052 26.5233664408318 14.9771906295132 0.399680271444871 -0.904951834023101 -0.146006365328852 0.73511608977043 0.221281269808001 0.640811153299404 -0.106340550837656 -0.48841491086012 -0.278256715580413 0.343345776850009 0.0551856162992884 0.371120407526436
-28.3987324285619 26.435220873361 15.4112026267161 0.555484855984743 -0.220139216193274 -0.801857406441672 0.820610850212545 0.300867523337775 0.485877109888348 -0.364013878651975 -0.0865247467700632 -0.0427083489818215 -0.0964630061230901 0.156687014291112 0.110071237360057
-28.8371278300672 26.417812127759 15.9913309276157 0.607535023654241 -0.791632173336815 -0.0649591962040643 -0.584065919238166 -0.500665990964762 0.638905757898293 0.456078974975701 -0.220045192879 0.0396886092776316 0.122635541717016 0.204591954414656 -0.11729476688193
-29.0106321828502 25.9313065287331 16.1675981674737 0.86777096967767 0.0621091388943405 0.493067945672951 -0.462038979577148 -0.264543489330828 0.846484922254359 -0.208962721903171 0.536181620758773 -0.40759603735408 -0.0482892264969032 0.000255948163346458 0.467810079486032
-29.0964007450203 25.6460285270805 16.5461245405024 0.493061514750572 0.781296922614835 0.382708062868552 -0.384011141867396 -0.199278806187188 0.901567191243248 -0.265871101900633 -0.184279385540579 0.389754008325196 0.825969012037088 0.672322485973546 -0.312584670110301
-30.6200604860355 25.0260304965121 16.6656183988245 -0.594967615290327 -0.603177686922232 0.531215789256054 -0.112370784021013 0.716854586793512 0.688107773747265 0.386626431391853 0.360903409362856 0.656524666346565 0.0455021728151532 -0.0821478545743045 0.147279235231098
-30.7593573221473 24.1990635454902 16.9548715577344 -0.764776382636433 0.248396534108022 0.594488222259061 -0.363464481328173 0.595527715896121 -0.716407921796323 -0.54488119920605 -0.177643070081549 -0.366082816392382 0.825540858967705 -0.744930265286315 0.354624621430173
-31.0774750949463 24.0632204588126 16.6474981633421 -0.0743491564270328 0.90510493658817 0.418637380918043 -0.383731572293738 0.361509028471825 -0.849741903614506 -0.0851968934971295 -0.276152780759497 0.164059977828098 -0.0339797575870289 -0.0480206197363171 -0.004428202605397
-31.8384200769406 24.1608995605714 16.2178422634581 -0.557340255429254 0.653908251819724 -0.511640340356596 -0.690935374862781 -0.706986886748403 -0.15092332400547 -0.0878176708843939 0.332530931658221 0.483252457810701 0.254545747513708 0.0751911498317845 0.265027947736112
-31.6980864846721 23.7107573176082 15.1568991644861 0.135618832058296 -0.0314603067463412 -0.990261471274288 -0.9199022398609 0.367195747876653 -0.137648653608991 -0.220162550884526 0.0374019524015134 -0.100402848520812 -0.0170185693864591 -0.315579495135875 -0.427283621655516
-31.1288862254378 22.8223404644145 15.5592545616248 0.705883318575981 0.702836507567591 -0.0880317226136786 0.180228281690203 -0.0580230767942171 0.981911955848474 0.659836511096679 0.266616463752662 0.264055045854256 -0.263310390915187 0.104892656189911 -0.0114125521523586
-30.7603190257646 22.7530687625357 15.9736876530219 -0.118902949973412 0.978975137451444 -0.165740063772744 0.0687785529849331 0.174644127916195 0.982226521345167 -0.234423025533866 0.153351280704714 -0.54524889812316 0.0170573807021956 0.772306660524745 -0.400511033402143
-30.5555791231277 22.9548169527586 16.422558800174 -0.741010255710911 0.670297112473082 -0.040069713518425 0.0290958770121751 0.0916672823410653 0.995364525833921 0.627625056880801 -0.397352603483385 0.167013125462476 0.378014764115434 -0.157911392414721 0.228727598394905
-30.2096770557829 22.2872736980496 16.3438324307791 -0.557816706767178 -0.202161759866231 -0.804966548683439 0.179203754641924 -0.976340380142474 0.121018496212558 -0.119224326554437 0.223051860587504 -0.0589036043055271 0.31541256282361 0.397390984659655 -0.0831545251451058
-29.4896261057479 21.8378829618718 17.3051481952727 -0.0661669590079262 -0.997485612798369 -0.0253847551781797 0.986905491593538 -0.0691733802047334 0.145714083511654 0.587637192373454 0.0917321830480706 -0.00532028586179752 -0.190110260014874 0.0206509487368997 0.0800111069034898
-29.0481978771464 21.7646939716744 17.5315833406065 -0.429431663175084 -0.818713810512563 0.381177311941555 0.793329714402204 -0.140305414890398 0.592403878109234 -0.0588179202843174 0.467799215250775 0.292715882963216 0.129043884535209 -0.144885851162357 0.432649739365553
-28.8779421513145 21.7183134222866 17.9790796398569 0.0301011490770316 -0.9119952644442 -0.409094803750388 0.816040960794496 -0.213925291539827 0.53694796763301 -0.0659368513441515 -0.165239227284125 0.00338522139613116 0.187058035488641 0.0998425474656321 0.201038366548917
-28.5936717214453 21.3970637524738 18.2565761487315 0.303734247434684 -0.31152336517494 -0.9003880829317 0.895952291699376 -0.228042586222596 0.381137862023487 -0.560821508700249 -0.240706439467507 0.32637817901395 -0.716768020418761 -0.20531965210109 -0.0869879206126155
-27.3093237421123 21.9340525365394 18.3013221919771 0.809758575589347 0.384404558715669 0.44331048318114 -0.152570684068172 -0.591591225289377 0.791670391339494 0.255318038882809 -0.0334776339113412 0.453355176254451 -0.207848565971773 0.31068305938459 -0.411263058303824
-28.1135168169546 22.4890507926227 17.4089864996048 -0.527660439324095 -0.0160598937366138 -0.849303562093791 -0.426880429918943 -0.859389488265193 0.281465461489773 -0.343142123064815 -0.147554985459183 -0.294539191274744 0.106907436021879 -0.186475551897924 -0.425124351301071
-27.4074017951399 21.7478070274062 17.7266598449731 -0.925511371970994 0.100774631423387 -0.365065985835138 0.351947349019023 -0.12712875479469 -0.927346398722012 -0.0745235142342817 -0.158669112062471 0.26227771537946 -0.251056759446698 0.403783706081181 -0.309488756629377
-27.3620040138028 21.6416174512911 17.1786889796358 -0.999040848651614 -0.0351180436189424 0.0261554150852957 -0.0205231215151383 -0.15211621630245 -0.988149512078607 -0.66971282635759 -0.00738301642689299 0.212068242022425 -0.582065825761579 -0.256005797743245 0.424556061612253
