0.999999238518982 
0.9999970227071941 
0.9999984292205171 
0.9999984686150719 
0.9999981407102413 
0.9999938587507443 
0.9999985473650053 
0.9999755100457559 
0.9999966348713762 
0.9999942675046412 
0.9999819811037496 
0.6923045006264199 
0.6153114035943571 
0.5769224350210697 
0.6147635311116807 
0.49999903446354826 
0.4999987984620538 
0.4999995487836425 
0.4999994939504866 
0.49978077859724634 
0.46153484905337666 
0.46153380311392433 
0.4176690219046358 
0.4230763457592162 
0.4157662031814253 
0.42301607666427543 
0.384615360388513 
0.3461495662328614 
0.3461524030181002 
0.30768701036752605 
0.3076900731145012 
0.30769182066819856 
0.2692301490053752 
0.2692298416214936 
0.26922961395516 
0.26923068439942777 
0.269229184471282 
0.23076834956829068 
0.23076909053930253 
0.23076856670477436 
0.23076872719011404 
0.19422023975684735 
0.23075830265963254 
0.153844332102754 
0.11538352406114186 
0.11538310457051801 
3.931225607888021e-70 
1.2909253296837514e-238 
2.6686637333148553e-224 
2.7966171812374282e-278 
4.0988835019949305e-257 
0.0 
0.0 
0.0 
0.0 
0.0 
0.0 
0.0 
0.0 
0.0 
0.0 
0.0 
0.0 
0.0 
0.0 
0.0 
0.0 
0.0 
0.0 
0.0 
0.0 
0.0 
0.0 
0.0 
0.0 
0.0 
0.0 
0.0 
0.0 
0.0 
0.0 
0.0 
0.0 
0.0 
0.0 
0.0 
0.0 
0.0 
0.0 
0.0 
0.0 
0.0 
0.0 
0.0 
0.0 
0.0 
0.0 
0.0 
0.0 
0.0 
0.0 
