        0.1434 26   0.002227   0.002227   0.326054    0.011449   0.000000  -1.051915   0.000000  -0.455232  -0.172689   0.000000   0.061308
        0.2127 26   0.006292   0.006292   0.281986    0.050585   0.000000  -1.126249   0.000000  -0.348176  -0.121835   0.000000   0.057229
        0.2472 26   0.013771   0.013771   0.279200    0.050814   0.000000  -1.121416   0.000000  -0.313425  -0.106695   0.000000   0.056945
        0.1936 26   0.029023   0.029023   0.317255    0.050371   0.000000  -1.103136   0.000000  -0.338607  -0.109009   0.000000   0.057275
        0.2317 26   0.043172   0.043172   0.325712    0.039898   0.000000  -1.095389   0.000000  -0.334297  -0.113122   0.000000   0.057524
        0.2263 25   0.063799   0.063799   0.311429    0.053701   0.000000  -1.092974   0.000000  -0.330352  -0.106656   0.000000   0.056305
        0.2727 26   0.083288   0.083288   0.299717    0.047614   0.000000  -1.072581   0.000000  -0.336104  -0.115505   0.000000   0.056229
        0.3045 26   0.106988   0.106988   0.356178    0.052227   0.000000  -1.092228   0.000000  -0.333250  -0.125338   0.000000   0.057022
        0.2757 25   0.141281   0.141281   0.333324    0.052103   0.000000  -1.071767   0.000000  -0.308131  -0.122601   0.000000   0.056671
        0.3769 25   0.162074   0.162074   0.317349    0.057623   0.000000  -1.099884   0.000000  -0.296674  -0.106520   0.000000   0.058274
        0.3197 24   0.208105   0.208105   0.337223    0.053770   0.000000  -1.114003   0.000000  -0.307113  -0.107138   0.000000   0.054961
        0.3518 25   0.244661   0.244661   0.353930    0.058502   0.000000  -1.089628   0.000000  -0.290158  -0.094367   0.000000   0.057706
        0.3601 23   0.288489   0.288489   0.340570    0.055658   0.000000  -1.068877   0.000000  -0.275850  -0.102188   0.000000   0.056419
        0.2939 23   0.350762   0.350762   0.323667    0.046700   0.000000  -1.048109   0.000000  -0.294982  -0.105189   0.000000   0.054225
        0.3599 24   0.390541   0.390541   0.289258    0.046807   0.000000  -1.062179   0.000000  -0.281012  -0.104488   0.000000   0.058260
        0.3202 24   0.456386   0.456386   0.327497    0.045384   0.000000  -1.064094   0.000000  -0.289020  -0.105498   0.000000   0.054078
        0.4719 25   0.481213   0.481213   0.358259    0.041151   0.000000  -1.042524   0.000000  -0.309912  -0.094956   0.000000   0.052626
        0.3820 25   0.566812   0.566812   0.350636    0.083814   0.000000  -1.064157   0.000000  -0.301645  -0.094957   0.000000   0.056691
        3.6209 15   0.060836   0.060836   0.478542    0.060217   0.000000  -0.817784   0.000000  -0.150918  -0.054827   0.000000   0.042413
        5.0914 12   0.001664   0.001664   0.339101    0.067132   0.000000  -0.699755   0.000000  -0.144172  -0.048082   0.000000   0.043202
        4.9980 12   0.010111   0.010111   0.327672    0.053355   0.000000  -0.708911   0.000003  -0.146676  -0.045624   0.000000   0.043992
        5.3853 12   0.006188   0.006188   0.340452    0.069483   0.000000  -0.698647   0.000000  -0.143953  -0.054847   0.000000   0.038034
        5.6667 13   0.005590   0.005590   0.325061    0.036340   0.000000  -0.682406   0.000000  -0.156820  -0.058732   0.000000   0.036557
        5.8965 11   0.006342   0.006342   0.371073    0.055636   0.000618  -0.735722   0.000000  -0.139668  -0.050361   0.000000   0.038839
        6.4080 12   0.001343   0.001343   0.301923    0.058216   0.000000  -0.627049   0.000000  -0.123951  -0.046942   0.000000   0.036764
        6.5910 10   0.002447   0.002447   0.346155    0.044180   0.000000  -0.684097   0.000000  -0.115913  -0.043048   0.000000   0.036232
        6.5643 11   0.009582   0.009582   0.380851    0.048976   0.000000  -0.705878   0.000000  -0.122625  -0.046611   0.000000   0.035911
        6.6384 11   0.016693   0.016693   0.332051    0.065015   0.000000  -0.652628   0.000000  -0.129899  -0.043481   0.000000   0.035485
        7.0325 10   0.011268   0.011268   0.341690    0.070623   0.000000  -0.664535   0.000000  -0.109083  -0.046735   0.000000   0.034959
        7.4423 10   0.006472   0.006472   0.315765    0.045957   0.000000  -0.631358   0.000000  -0.109534  -0.042412   0.000000   0.031996
        7.9437 9   0.001535   0.001535   0.307435    0.067934   0.000000  -0.634825   0.000000  -0.114768  -0.041429   0.000000   0.030658
        7.8522 10   0.009724   0.009724   0.333086    0.050674   0.000000  -0.625329   0.000000  -0.124217  -0.045035   0.000000   0.032793
        8.1911 9   0.007217   0.007217   0.336675    0.053156   0.000000  -0.646544   0.000000  -0.108842  -0.034602   0.000000   0.032852
        7.9632 9   0.028074   0.028074   0.377891    0.043741   0.000000  -0.644665   0.000000  -0.111722  -0.046017   0.000000   0.032597
        8.5257 9   0.013436   0.013436   0.367222    0.047791   0.000000  -0.619518   0.000000  -0.115788  -0.042255   0.000000   0.031721
        9.0324 8   0.005438   0.005438   0.340559    0.054717   0.000000  -0.571445   0.000000  -0.109831  -0.037738   0.000000   0.030231
        9.1664 8   0.009003   0.009003   0.336122    0.077990   0.000000  -0.619223   0.000000  -0.106466  -0.040209   0.000000   0.029837
        9.3618 8   0.011148   0.011148   0.401647    0.060949   0.000000  -0.576703   0.000000  -0.083963  -0.033522   0.000000   0.031100
        9.3390 8   0.023516   0.023516   0.351627    0.087227   0.000000  -0.575499   0.003382  -0.107520  -0.039749   0.000000   0.030727
        9.5289 7   0.027222   0.027222   0.305630    0.077355   0.000000  -0.560380   0.000000  -0.080400  -0.027191   0.000000   0.032875
       10.0292 4   0.015356   0.015356   0.298465    0.053827   0.000000  -0.563462   0.000000  -0.053886  -0.024445   0.000000   0.030717
       10.1926 7   0.019616   0.019616   0.358055    0.053520   0.000000  -0.624443   0.000278  -0.081595  -0.019076   0.000000   0.027779
       10.3023 6   0.027329   0.027329   0.328151    0.073158   0.000000  -0.626692   0.000000  -0.065107  -0.022477   0.000000   0.027236
       10.9027 5   0.011501   0.011501   0.329550    0.052045   0.000000  -0.613894   0.000000  -0.047789  -0.014252   0.000000   0.028272
       11.0255 5   0.016972   0.016972   0.326502    0.037809   0.000000  -0.606167   0.000000  -0.052919  -0.022701   0.000000   0.026371
       11.5582 5   0.007005   0.007005   0.385099    0.069440   0.000000  -0.582741   0.000000  -0.048783  -0.017871   0.000000   0.028069
       11.8674 2   0.005637   0.005637   0.392004    0.069297   0.000000  -0.632512   0.000421  -0.018688  -0.010286   0.000000   0.027458
       12.0318 4   0.008289   0.008289   0.357254    0.068849   0.000000  -0.581778   0.000000  -0.048279  -0.012431   0.000000   0.024969
       12.2590 3   0.009284   0.009284   0.341529    0.043644   0.000000  -0.604597   0.000000  -0.032700  -0.010268   0.000000   0.025286
       12.4849 2   0.010380   0.010380   0.336699    0.050002   0.000000  -0.602589   0.000000  -0.022038  -0.012899   0.000000   0.025781
       13.1735 3   0.000831   0.000831   0.341318    0.036748   0.000000  -0.611314   0.000000  -0.030775  -0.009326   0.000000   0.024957
       13.4368 2   0.000784   0.000784   0.329870    0.054245   0.000011  -0.618355   0.000000  -0.026861  -0.009004   0.000000   0.024194
       13.8671 3   0.000001   0.000001   0.322712    0.037853   0.000000  -0.609373   0.000000  -0.035871  -0.009113   0.000000   0.023548
       13.7078 2   0.004865   0.004865   0.315362    0.043235   0.000522  -0.632245   0.000000  -0.020951  -0.009698   0.000000   0.023099
       13.9233 0   0.005936   0.005936   0.301354    0.044703   0.000000  -0.677180   0.000346   0.000000   0.000000   0.000000   0.027694
       15.1127 0   0.006574   0.006574   0.293461    0.050235   0.000000  -0.711451   0.000000   0.000000  -0.000000   0.000000   0.024503
       15.1862 0   0.002467   0.002467   0.352873    0.045275   0.000000  -0.712179   0.000000   0.000000   0.000000   0.000000   0.027019
       14.9553 0   0.001118   0.001118   0.292054    0.056798   0.000000  -0.702372   0.000000   0.000000   0.000000   0.000000   0.031007
       15.1574 0   0.001850   0.001850   0.330103    0.036002   0.000000  -0.700670   0.000000   0.000000   0.000000   0.000000   0.029160
       15.5742 0   0.000260   0.000260   0.321773    0.044045   0.000000  -0.695595   0.000000   0.000000   0.000000   0.000000   0.033945
       15.4088 0   0.007761   0.007761   0.329065    0.053905   0.000527  -0.677943   0.000000   0.000000   0.000000   0.000000   0.028692
       16.3800 0   0.001086   0.001086   0.318443    0.038907   0.000000  -0.662779   0.000270   0.000000   0.000000   0.000000   0.029747
       16.2072 0   0.001623   0.001623   0.319014    0.032410   0.000000  -0.623563   0.000000   0.000000   0.000000   0.000000   0.029734
       16.6168 0   0.000214   0.000214   0.308421    0.042141   0.000000  -0.626060   0.000000   0.000000   0.000000   0.000000   0.026891
       17.0569 0   0.000264   0.000264   0.282008    0.045375   0.000000  -0.582928   0.000000   0.000000   0.000000   0.000000   0.030360
       17.4773 0   0.001914   0.001914   0.296929    0.045177   0.000000  -0.542486   0.000000   0.000000   0.000000   0.000000   0.028508
       17.3019 0   0.000896   0.000896   0.373279    0.038274   0.000000  -0.546735   0.000000   0.000000   0.000000   0.000000   0.030985
       18.0116 0   0.002182   0.002182   0.345466    0.044150   0.000000  -0.529358   0.000000   0.000000   0.000000   0.000000   0.027784
       17.9535 0   0.000050   0.000050   0.313489    0.043261   0.000000  -0.513661   0.000502   0.000000   0.000000   0.000000   0.031368
       18.0385 0   0.001333   0.001333   0.323611    0.054020   0.000000  -0.518781   0.000000   0.000000   0.000000   0.000000   0.030271
       18.4859 0   0.000019   0.000019   0.362699    0.040666   0.000000  -0.529192   0.000000   0.000000   0.000000   0.000000   0.029113
       18.7317 0   0.000043   0.000043   0.314802    0.047850   0.000000  -0.514146   0.001394   0.000000  -0.000006   0.000000   0.032234
       19.0827 0   0.000084   0.000084   0.326464    0.054476   0.000000  -0.557356   0.000000   0.000000   0.000000   0.000000   0.031454
       19.1648 0   0.000432   0.000432   0.359788    0.060555   0.000000  -0.554210   0.000000   0.000000  -0.001120   0.000000   0.027659
       19.8132 0   0.002065   0.002065   0.306186    0.050053   0.000000  -0.512340   0.000000   0.000000   0.000000   0.000000   0.024039
       19.9868 0   0.000963   0.000963   0.315549    0.047977   0.000000  -0.532779   0.000000   0.000000  -0.000001   0.000000   0.033651
       19.7962 0   0.002045   0.002045   0.337723    0.044064   0.000000  -0.515817   0.000000   0.000000   0.000000   0.000000   0.027252
       20.4688 0   0.000630   0.000630   0.331350    0.071605   0.000000  -0.522636   0.000000   0.000000  -0.000033   0.000000   0.034985
       20.9278 0   0.003501   0.003501   0.334105    0.033507   0.000000  -0.524267   0.000000   0.000000  -0.000276  -0.000091   0.038648
       20.8458 0   0.000002   0.000002   0.339838    0.048514   0.000000  -0.525417   0.000000   0.000000   0.000000   0.000000   0.024381
       21.1912 0   0.000260   0.000260   0.378972    0.057212   0.000000  -0.546582   0.000000   0.000000  -0.000009   0.000000   0.030398
       21.4555 0   0.000293   0.000293   0.381958    0.046408   0.003243  -0.548140   0.000000   0.000000   0.000000   0.000000   0.030044
       21.7962 0   0.000967   0.000967   0.332366    0.049094   0.000000  -0.530225   0.000345   0.000000   0.000000   0.000000   0.028737
       21.8181 0   0.000083   0.000083   0.346024    0.046009   0.000000  -0.596568   0.000000   0.000000   0.000000   0.000000   0.029601
       22.1571 0   0.000021   0.000021   0.303526    0.063388   0.000000  -0.573480   0.000000   0.000000   0.000000   0.000000   0.030041
       22.5246 0   0.000535   0.000535   0.340304    0.046925   0.000000  -0.592637   0.000000   0.000000   0.000000   0.000000   0.033060
       22.7102 0   0.000116   0.000116   0.328822    0.043988   0.000055  -0.533105   0.000000   0.000000   0.000000   0.000000   0.034028
       23.0071 0   0.000299   0.000299   0.334528    0.050151   0.000000  -0.568302   0.000000   0.000000   0.000000   0.000000   0.028392
       23.0750 0   0.000227   0.000227   0.336234    0.057242   0.000000  -0.571468   0.000000   0.000000   0.000000   0.000000   0.030011
       23.3119 0   0.000351   0.000351   0.361828    0.053045   0.000000  -0.590828   0.000000   0.000000   0.000000   0.000000   0.031112
       23.8130 0   0.000505   0.000505   0.361340    0.059334   0.000000  -0.596834   0.000000   0.000000   0.000000   0.000000   0.034511
       23.6286 0   0.002780   0.002780   0.384758    0.036694   0.000000  -0.586591   0.000000   0.000000   0.000000   0.000000   0.033810
       24.0782 0   0.000411   0.000411   0.376383    0.048473   0.000000  -0.615092   0.000000   0.000000   0.000000   0.000000   0.030274
       24.8028 0   0.003470   0.003470   0.351949    0.037307   0.000000  -0.602722   0.000000   0.000000   0.000000   0.000000   0.026864
       24.8050 0   0.000237   0.000237   0.359467    0.053599   0.000000  -0.645766   0.000000   0.000000  -0.001708   0.000000   0.027826
       24.6901 0   0.002305   0.002305   0.377186    0.035547   0.000000  -0.663519   0.000000   0.000000   0.000000   0.000000   0.030234
       25.2941 0   0.000114   0.000114   0.387939    0.040711   0.000065  -0.697023   0.000555   0.000000   0.000000  -0.000052   0.028108
       25.1835 0   0.002705   0.002705   0.388875    0.062120   0.000841  -0.718616   0.000000   0.000000  -0.000100   0.000000   0.029281
       25.9433 0   0.001099   0.001099   0.320185    0.049652   0.000503  -0.686059   0.000000   0.000000   0.000000   0.000000   0.030263
       25.7243 0   0.002298   0.002298   0.357266    0.066843   0.000000  -0.705804   0.000000   0.000000  -0.000001   0.000000   0.022334
       26.2190 0   0.000061   0.000061   0.343406    0.042388   0.000000  -0.687281   0.000000   0.000000   0.000000   0.000000   0.032134
