t = 1000000
b = 105 105 105
E = -0.263427027009464 -0.585595288995317 0.322168261985853
-1.1357609323658 0.241564121193304 -9.47395483838287 0.0743493816794567 -0.191022019305991 -0.978765936056256 0.122610539340952 -0.972284650126043 0.199070878763824 0.13395561648298 -0.196886777207559 -0.0475034020148065 0.169211144822055 -0.20104096820274 -0.311325382446744
-0.456054141425986 -0.463156850146675 -9.96956823977053 -0.31305859808189 -0.939487802258087 -0.139129377111475 -0.370707514482083 0.255749797460667 -0.89284264000193 0.347173768869657 0.0213096249154444 -0.0327631352295364 0.0357834772593129 -0.310305620599754 0.22324366730901
-0.333201833712464 -0.437297672815142 -10.4932023717754 -0.858601298271114 -0.509160560443918 0.0596601566839263 -0.1406653824421 0.122081892100898 -0.982501532723229 -0.108217697858242 0.303379692833536 -0.448876521708874 -0.00743844365793097 0.00652315648698271 0.427213645063287
-0.311999796693298 -0.585521078071326 -10.9695878567907 -0.976282468139956 0.083328589389366 0.199822142399042 -0.201649284928567 -0.0140335694627307 -0.979357250861984 0.177283246852867 0.32626263583277 0.150591611172097 0.126409937629003 0.0301881380883619 0.521048523120283
-0.510490421758074 -0.861636398758363 -11.4256079256503 -0.637591989555309 0.722229393666955 0.268069315249526 -0.292882557101026 0.0945919683312325 -0.951457916711535 -0.311151337119935 0.379354154278005 -0.732122431050506 0.303437357775038 -0.435386660629549 0.332401699272821
-0.849972785143477 -0.818892259113789 -11.641322974057 0.467946469003383 0.846390184004227 -0.254263167935267 -0.389432224185009 -0.060783363016169 -0.919047292334156 -0.535797488761207 0.0814303578560607 0.590600024976843 -0.382562757084654 0.12759626691298 -0.262707830329771
-1.50358858924552 -1.69259917275822 -12.2853786334155 -0.686516606845405 -0.228065615906072 0.690420903048924 -0.0447585659959477 0.960990185307682 0.272936869096667 0.0106097374802551 0.297847411542813 -0.154773118940535 -0.116977843251104 -0.157967569210814 -0.260340059759043
-1.88028445506982 -1.36286665974557 -12.1810598761539 0.397658773934442 -0.120313808630754 0.909610953631163 -0.0582642795845529 0.986053526602879 0.1558964925797 -0.256087657036338 0.403719992874151 0.155066851645183 0.0774425746721612 0.751861632705357 -1.04533877819296
-2.01262014242755 -1.04112294940201 -12.016544582348 0.9908416786322 -0.0277055734832575 0.132155851491437 0.0431321026593835 0.992389625831677 -0.115336257360485 0.0348333994773496 0.548285505437264 0.314500809616505 0.461924693532517 0.0829341663711722 -0.164709444837929
-1.95007562146086 -0.598876601746996 -11.7705431210819 0.836776116392153 -0.0858186879968379 -0.540778035635682 0.0455174353506355 0.995124989416981 -0.0874895337571043 -0.208310643653215 0.498770679940887 0.664702164787527 0.364774289300416 0.303593663999637 -0.269092771174818
-3.23509212681058 -0.896565655299953 -11.7394997186513 -0.807144155529473 -0.442733386814023 0.390519475051628 0.168895694766969 -0.80702624821596 -0.565847045569382 -0.102813040290015 0.389403345497475 0.108622372181845 -0.487046157136989 0.104762527785456 -0.423327109210425
-3.91529874020888 -0.695697682460692 -12.4827159939807 -0.481908976180576 -0.129615239735883 -0.866581576255115 0.793627495414842 0.354606853189565 -0.494377768707796 -0.236330037039669 -0.321294632209197 -0.387567111530393 -0.342791794943789 -0.34733647421765 0.522178156718241
-4.53491627683105 -0.266109326607843 -12.7213625640677 0.0743299594191938 -0.404600973178402 -0.911467558191596 -0.995979196981789 -0.0759505763980444 -0.0475073586336145 0.0363942707017669 0.26301867171319 -0.052633962703306 -0.59208049748421 0.494841945935554 0.0399687618895615
-4.69899788433824 0.00332204895973514 -12.5455969747524 0.694628405976951 -0.383487265925671 -0.608628700015711 0.279817085723111 -0.635393327746188 0.719706688584458 -0.277590980552586 0.0942758138893268 -0.138045147311289 0.15789863552835 -0.0517454365318393 0.211655496668868
-5.07918615569593 0.492103928948975 -11.5982966212879 0.539802856200421 0.551849610584077 0.635668847542561 -0.765308687850681 0.00722075512898484 0.643622927649088 -0.0693363006311301 0.327182174503563 -0.391033960434677 -0.183295451784261 -0.247373351309028 -0.0433433472809013
-5.2185702626138 0.210847361046195 -11.213807130134 -0.0395184472188171 0.997738885469778 0.0543636712410764 -0.83954959962006 -0.0626571512645694 0.539657809332016 0.121398459255523 -0.0863450305076317 -0.243305527085685 0.321257894797337 -0.83377998696817 -0.430523533321956
-5.56869636936247 0.278707137249923 -10.7506621952074 -0.278097764775917 0.762652500859354 -0.583971571362383 -0.903822788145777 -0.0019250249909492 0.427902631339275 0.485529680349901 0.0993913046011757 -0.133807078235086 -0.0652947776326798 -0.639897640702264 -0.124571723356867
-5.89094435638355 0.443700249477331 -10.4197697159623 -0.308256825602224 0.177209332598038 -0.934652118121861 -0.950806842075836 -0.0256589414140071 0.308719885635975 0.203270753272751 -0.537061621689291 0.150214108049703 0.457412938214462 -0.0300312187691233 0.258184628952285
-6.42265591419828 0.64106716911729 -10.405512649664 0.1326888248177 -0.616151424600955 -0.776370464231413 -0.963713541075786 -0.263251023670212 0.0442166177325726 0.0898783157264221 0.129176662389976 0.0171013453581841 -0.325412530498685 0.0166758580229512 -0.216435722254981
-6.72140665393752 0.691716465984558 -9.4942392568425 0.144760311655692 -0.449648673049195 0.881396915693782 -0.97931180469591 -0.192402600145663 0.0626867501183409 0.421604296354377 0.295746279396054 0.1072930758322 0.0882819015924847 -0.0895292205426048 -0.186386610488496
-7.25059265276632 0.41624934334044 -9.25433990679984 0.381969413851322 -0.217892504499099 0.898121496995266 -0.924118022165086 -0.100839103692691 0.368561197464028 0.387878066103742 0.511167218071063 0.410336978821748 0.161338872268865 -0.401523448916296 -0.241611491477035
-7.46187556111511 -0.0303588386728505 -9.09122892512829 0.249141274842955 0.44362925114429 0.86088426208095 -0.863854909735987 -0.300055486677174 0.404625011386905 0.406653663521793 -0.377482844106166 -0.565709846654583 -0.307238913704084 -0.180049782670678 0.375625080665319
-7.79716604766911 -0.234119252960945 -8.75553577018079 0.232993993925178 0.880944155202895 0.411887356213852 -0.820839186653947 -0.0489663133758808 0.569056526021497 -0.0530981549289297 0.321658911801464 -0.399051380178522 0.122532544082427 0.148709528203896 -0.21745877546343
-7.98402347533316 -0.923256482580595 -9.68179733101395 -0.944876459518296 0.257576874317086 -0.202145071830296 0.241036501600287 0.129338629230008 -0.961859097729618 -0.203053479534407 -0.278197664087661 0.0027813925456568 -0.305716243771397 -0.253584526729458 0.300816804720657
-8.13292534519312 -0.983012681262004 -10.257032831666 -0.575947558881649 0.814460976631034 0.0702689615924353 -0.0419708359685385 0.0563834981415016 -0.997526616219101 0.108136424638575 0.291165019058274 -0.759272805560945 -0.273968715173175 0.329760745060426 -0.695572573689853
-8.4523956999851 -1.04292422393597 -10.5686342728982 0.162046021359061 0.981957045255867 -0.0974753724501773 0.0318912257497387 -0.103940789576261 -0.994072060759446 -0.31533381881125 -0.121951594698669 0.00250399018592344 -0.201544709242436 -0.104463134805607 0.226914168518848
5.52942785110907 15.4666754922244 0.586522541741857 0.40001190591444 -0.874779031021118 0.273408342982813 0.124275365080335 0.347329920250975 0.929471656443894 0.0271234853440664 0.0897300746339273 0.0787898161257147 -0.00776627810782329 -0.11870895152046 -0.0679778559873493
4.7945417204603 15.8221172325411 0.836938373544028 -0.22541184513815 0.933815340199957 -0.277810025878621 -0.739048923561131 -0.349691985689516 -0.575779648587594 0.0161059201007029 0.631620115980953 -0.451229830008917 -0.473158235748745 -0.0638319407300457 0.309402051070878
4.37092062847908 15.7868421141083 0.82124754879145 0.164390190372368 0.605464508572542 -0.7787095698451 -0.900580553734586 -0.229934152058368 -0.368896939472807 0.0699376787713252 -0.118995362896443 0.199852582053514 -0.255806572619586 0.0914933277857099 0.484876184000539
3.95662139076659 15.9810323913606 0.758958523201367 0.373881807844123 -0.396043805736898 -0.838666618925932 -0.927064248720433 -0.186534230671964 -0.325202797546637 0.093608398209311 -0.207450589711088 -0.246264579901409 0.0335404662524934 0.115957875833953 -0.041949997301717
3.57106045182491 15.9622597687136 0.373065105313518 0.39709450454044 -0.883441228595975 -0.248691676741737 -0.916386322243905 -0.366743354457228 -0.160422630466495 0.00971297814725942 0.242280528505574 -0.32592855572693 0.00152750199696566 0.0414858837025387 -0.627182580044276
3.31486915564633 15.8458136976202 -0.0140611313567124 0.130394288883351 -0.801501473831843 0.583603218695556 -0.9554561014929 -0.25877394158869 -0.14191435894472 -0.375737529915696 -0.10868215380256 -0.137556861413634 -0.411128215008824 0.105058627538617 0.0140433943412597
2.94091944603121 15.5148549238043 -0.298247871239786 0.14587376022755 -0.292403787368314 0.945103629878537 -0.921110088244704 -0.388684827275433 0.0219159845682939 -0.167172148197241 -0.299438873077966 0.254592425581728 0.311073264623056 -0.195728537955299 -0.133820417915795
2.45099926026019 16.8106446842964 -1.19143932847955 -0.623334068361473 0.671271835756095 0.401059548871013 0.723919008299495 0.301481961588023 0.620523888548706 0.134458764689822 -0.220295949377156 0.472140215434163 -0.272375859824405 0.211354288629558 -0.00277007013994577
2.79461058172059 17.0877293828714 -1.14368468919146 -0.452463902950327 -0.00586203903733529 0.891763451272371 0.84897778707087 0.303257717822725 0.432748741929027 -0.406426806580373 -0.771485820742674 -0.517110015918584 -0.046834628998898 0.384893755217063 -0.28434837910067
3.00843315210312 17.4697258120553 -0.826313252277085 -0.105418223409739 -0.661071422331246 0.742880591178678 0.898936224612361 0.256077585431006 0.355440479292059 -0.0661264454637561 0.773444452290352 0.387322518343998 0.290091883490636 -0.132539377374918 0.189809366331292
4.03399063373763 17.796174477162 -1.688660831573 0.796732201267092 0.283741195637107 -0.533581046667127 -0.450351300919228 0.8675294687702 -0.211131064922986 -0.174450860023413 -0.103643244323702 0.15342157368533 0.782293962866189 0.360433321217328 -0.0866668697148348
4.04491438544444 18.3220844107837 -1.60286066507477 0.227433253210078 -0.136927514948471 -0.964118753569428 -0.47004631918247 0.851650170272366 -0.231837109406424 -0.203866874932095 -0.0893145811558516 -0.0245760193271125 -0.490649382472614 0.181475436679431 -0.109201526268017
4.09967428005735 18.7262982517086 -1.63816286938099 -0.683216360232829 -0.302058113539594 -0.664812982089962 -0.489521887365442 0.86501852256557 0.110051249010139 0.873674148207423 0.666316046498478 0.0913904132931435 -0.153211363535028 0.0980898443814798 -0.305631362001522
3.95509085683833 19.2086210850251 -1.84453919375849 -0.786695535936787 -0.615330262134802 0.0497875711217791 -0.563070074254767 0.748264240979359 0.35078870727296 0.843547055801572 -0.456186081198289 0.112014258568835 -0.000504572931466324 0.232485909709051 0.00372681663244908
4.27958413998229 19.9413367882486 -1.82332511513654 -0.426069280500377 0.891798628343845 0.152184673006071 -0.313550068263122 0.0122272234909645 -0.949492943469319 0.0885618196128343 -0.212483288037668 0.0637970907849075 -0.334188084139272 -0.0557357374561996 0.519045765270645
4.8273583769623 20.5107798330635 -1.98209397825882 -0.700720597609802 0.526756329273108 0.481163603835717 -0.602942922884537 -0.797770452207623 -0.00470503218178331 0.554396850634299 0.0327298366723178 0.0350572556885766 -0.516646142065545 0.193237423052781 0.39113681012506
5.07157155816834 20.7936685345313 -1.42144353853634 -0.267525003296374 -0.275070914773179 0.923453498806018 0.905649475574035 0.255436142257577 0.338454435073698 0.155621842514715 0.0473640340908244 -0.552015986814326 0.832776921356294 0.0915795129441074 0.00888098556116585
6.37213392058809 20.8642109233166 -1.98468483848981 -0.0395332426140589 0.998418105134967 0.039980120897868 0.639643637922923 -0.00545224785049549 0.768652255222167 -0.338335239565513 0.0401803837561487 0.342591853267976 -0.341730208376766 -0.122212625267809 -0.116099121067412
6.87948940507766 20.9148629955093 -1.82708627191269 -0.568250580210683 0.731000750762695 0.377795156764273 0.574291281426816 0.0235109593002879 0.818313362270212 -0.350095529147705 0.171417647094926 0.163094138977226 -0.57249874570275 0.0196267630884228 -0.074608828692974
7.14376850512754 21.1751775515308 -1.47699066945804 -0.906184333355609 0.0856937250122187 0.414109332754566 0.41218525199943 -0.0398814116325473 0.910226780006188 -0.108852138375245 0.134867154033821 -0.340647439660579 -0.618176530497425 -0.193115339364547 0.133300479350018
7.43912758818554 21.3332130922837 -0.914191113964954 -0.920351367397786 -0.290479442369443 0.26186839078008 0.249682986971486 0.0789523821408586 0.965103583752066 -0.0633501182988211 0.189457969115172 -0.197773760595118 0.221860954771308 -0.565054912586234 0.628469904288573
8.32574496643832 20.0911000726422 -0.829469726618282 0.783178905862445 -0.601526083213334 -0.157471180303301 0.23502307083199 0.0519065390084807 0.970602837099117 0.289686346395599 -0.0947877787149142 -0.117232455105397 0.442172577854876 -0.0943834191155137 -0.280815469876861
8.25635440543731 20.7076943422251 -0.325021316359932 -0.873985313268184 -0.484868655927563 0.0324354542217338 -0.191172797542832 0.404421857289199 0.894369008198812 0.000654745100464538 -0.380048364907799 -0.773653285593112 0.447846213382723 0.276637215159988 0.201685219163436
7.90072920563387 20.8183133972646 0.381257996221718 -0.850255633829768 -0.516819123715547 -0.0998165843061369 -0.189109548992407 0.122958730388679 0.974227247156006 -0.0633787700138128 -0.019227207547628 0.011833040779705 0.127378751077824 -0.243550322233723 -0.340498298870396
7.60712310787588 20.9964641636614 0.709749896477092 -0.295441449783673 -0.931942582010312 0.210231714034578 -0.509589119152 0.339861748200832 0.790451087513868 0.0443507593675867 0.104518078439893 0.366485398580368 -0.152739142675726 0.64458655276031 -0.700109933767264
7.6661517848976 21.1610325349852 0.222174963578 0.973417434276521 0.108235165959545 0.201850557334256 0.0402033815815661 -0.948358050537551 0.314643760608823 0.341703257777392 0.440092394314115 0.0956363617317633 0.584967236494339 -0.0126740497668308 -0.113638037388522
