t = 10000
b = 30 30 30
E = -1.52502854574835 -1.52502854574835 0
0.141249494830851 1.07234919395838 9.92336489745371 -0.127131123217443 -0.977116232146548 -0.170533124011722 0.127928044454111 0.154339677293108 -0.97970081119452 0 0 0 0 0 0
0.40055690787299 1.09346930498997 9.4335911891424 -0.613493713902233 -0.78955448576299 0.0151385935272619 0.176842763185865 -0.156041759785452 -0.971790927263602 0 0 0 0 0 0
0.607139870491965 0.737116368379074 9.03994270103956 -0.986061266532818 -0.156571942133725 -0.0562885919186352 0.0796233199709375 -0.147006613674387 -0.985925546100112 0 0 0 0 0 0
0.556252602164589 0.362975844756577 8.58903769673798 -0.915103844090288 0.402859062150055 0.017015597983797 -0.100803630982219 -0.187710567966293 -0.977038059982602 0 0 0 0 0 0
0.277138857938301 0.0517180408097214 8.21868445073349 -0.47504979799553 0.879073472532251 -0.039465419223668 -0.112240863796456 -0.105015592453404 -0.988116245102718 0 0 0 0 0 0
-0.065430309812402 -0.042324627215383 7.79457772190169 0.147138990751122 0.989035682138922 0.0125911419946792 -0.0548974984527833 0.0208758584954889 -0.998273741613846 0 0 0 0 0 0
-0.356133244321249 0.144582170981241 7.3234389905727 0.586906217529078 0.797521933499243 0.139641889894611 -0.193634765646116 0.305725346846961 -0.932221856549439 0 0 0 0 0 0
-0.626657271812398 0.479928002213078 7.04378661523836 0.955277133177367 0.292031171316141 -0.0465122973862628 -0.0380579840986447 -0.0345677511767763 -0.998677455650688 0 0 0 0 0 0
-0.567486925843876 0.83134052755791 6.65921151188134 0.849011699238145 -0.526528336952338 0.044125332213643 0.0764171659297958 0.0397275829293908 -0.996284164235202 0 0 0 0 0 0
-0.331574058145519 1.09395370244337 6.22645627409109 0.456079002156788 -0.886810146160701 0.074563452562952 0.0736511768706311 -0.0458851735823263 -0.996227913175945 0 0 0 0 0 0
-0.0173422750148408 1.15762625608725 5.84165811847111 -0.105073320446457 -0.993942452903566 0.0322179708609496 0.0955990441008141 -0.0423427844633715 -0.994518934646754 0 0 0 0 0 0
0.316028708375084 0.916234255038207 5.50746147057113 -0.58661811401803 -0.807341039406641 -0.0638720157482819 0.119683956590232 -0.00842042085769223 -0.992776332840128 0 0 0 0 0 0
0.539842022848684 0.691632304884797 5.11986803481888 -0.98130836208934 -0.192196775375896 -0.0097107172059336 0.0125163675994413 -0.0133890392006289 -0.999832022977556 0 0 0 0 0 0
0.545597509128549 0.354746929357894 4.74833583241034 -0.925850291923702 0.375871517312381 0.0390107602860721 -0.0694968196517244 -0.0678887091075311 -0.995269468653589 0 0 0 0 0 0
0.310171635561244 0.00359942412804072 4.41616976326298 -0.577804913537139 0.813689758852979 -0.0636432104009513 -0.0293172738491726 -0.0986188420299495 -0.994693330353993 0 0 0 0 0 0
0.0211570149107774 -0.106615829568206 4.00336452546783 0.0242918095682212 0.999661714726922 0.0092932285637007 -0.0573716166232371 0.0106746627193219 -0.998295822480424 0 0 0 0 0 0
-0.302845166470522 0.094244366967773 3.55226719337443 0.529775751044148 0.847923798480653 0.0190495557890864 -0.0833304759189751 0.0743897034819512 -0.993741517598509 0 0 0 0 0 0
-0.532742434476517 0.423894728360392 3.25554834866519 0.980810262502797 0.155413637165573 -0.117719286237071 -0.109014505569826 -0.0634225648307012 -0.992014826424312 0 0 0 0 0 0
-0.489137326550091 0.731945955709638 2.85237923660281 0.926910307051718 -0.349418363316209 -0.136909057621177 -0.127881672996288 0.0488955445599211 -0.990583415686866 0 0 0 0 0 0
-0.356360503845422 1.05816506265114 2.37262886124618 0.641876509330549 -0.765493808602709 0.0448751129308565 0.1493238286454 0.0673795268283493 -0.986489935865068 0 0 0 0 0 0
0.0382867255707849 1.15833814031838 2.00315021762028 0.0513911454272606 -0.998530145341526 0.0172191467824225 0.0762711396832506 -0.013267309194146 -0.996998842405627 0 0 0 0 0 0
0.347686259040539 1.03340534438275 1.56559672720101 -0.556297580471081 -0.829038146202182 -0.0568221268843472 0.136352578474699 -0.0236143232433985 -0.990378886124418 0 0 0 0 0 0
0.562180507819531 0.772448616260253 1.13538709301644 -0.958077654569362 -0.284771044354115 -0.0315065090472413 0.0370018224491207 -0.013936627369721 -0.999218012023911 0 0 0 0 0 0
0.564539149733929 0.444473926587823 0.733365894248677 -0.956525156203859 0.291610081313338 -0.00481518697669703 -0.0235237528951727 -0.0935968061744603 -0.995332241477017 0 0 0 0 0 0
0.358043523396549 0.132644669789347 0.343925066627952 -0.550996851903024 0.832100975917898 -0.0633279959374356 0.0762757464927449 -0.0253519667675479 -0.996764409616432 0 0 0 0 0 0
0.00689098016778717 -0.00528824130402252 -0.110842395855212 -0.0839557705575561 0.996371519501957 -0.0139722480454211 -0.11609363774757 -0.0237065676501842 -0.992955319198594 0 0 0 0 0 0
-0.14433732932897 1.26381600606318 -0.0405219988504665 0.0746830014293168 -0.993896378993124 -0.0811938244071956 -0.181227108390362 -0.0935927740111223 0.978977593123232 0 0 0 0 0 0
-0.446394084069418 1.05739209678195 0.340545104642887 0.677101956582215 -0.735478611444178 -0.02457951384143 -0.090196148766168 -0.116093698352432 0.989134423600048 0 0 0 0 0 0
-0.61181825922689 0.737321652354583 0.756245176053097 0.963186681048069 -0.263280508524897 -0.0543579918915808 0.0395449641280852 -0.0612433207193284 0.997339185773523 0 0 0 0 0 0
-0.601161448287041 0.43253205065748 1.17880949644451 0.951628642402552 0.301929140058611 -0.0569361163282054 0.0885693860851056 -0.0921272510624844 0.991800400010092 0 0 0 0 0 0
-0.321318597730581 0.0916679771570246 1.50584695404143 0.52148584574203 0.852687333859502 0.0312541735818401 -0.0215945951960496 -0.0234283168117645 0.999492264817337 0 0 0 0 0 0
-0.000199498846093604 -0.00846600482236543 1.97994932334139 -0.0538932761105364 0.998466317146221 -0.0126699768953224 0.0595911617514705 0.015881780391276 0.998096519627588 0 0 0 0 0 0
0.367135070791257 0.0684264484474313 2.35044967710005 -0.593632365116052 0.804571615786036 0.016282817881345 0.108270364135943 0.0598020200727163 0.992321140883884 0 0 0 0 0 0
0.612235877907278 0.353569329542257 2.73820800048515 -0.907232908346113 0.417664420007013 0.0498485935011586 0.0947374730187769 0.0874297982142402 0.991655606342361 0 0 0 0 0 0
0.628837995127757 0.719398604686158 3.13118755849643 -0.975722074881618 -0.21514652616832 0.0409683398054433 -0.00107271426008842 0.191751899053113 0.981442845250626 0 0 0 0 0 0
0.390721192487987 1.05727164307485 3.60469739557332 -0.596168871944923 -0.797477514199404 -0.0928024270709205 -0.190695933799948 0.0283714734672937 0.981239073990357 0 0 0 0 0 0
0.053468405831179 1.08949269767216 4.05374657504299 -0.0622360339768062 -0.994082035025205 -0.0890369794803106 -0.0918876963435244 -0.0831240447464472 0.992293829692432 0 0 0 0 0 0
-0.321475485331533 1.01257700262888 4.45250759568716 0.581114204257686 -0.809218743275511 -0.0864367233387997 0.0505065397020512 -0.0701456221064728 0.996257336809434 0 0 0 0 0 0
-0.625548684161963 0.718581881453612 4.70830378005235 0.964956799026937 -0.248617563626116 0.0839504798574875 -0.101212032085078 -0.0574588052123196 0.993204213777202 0 0 0 0 0 0
-0.595201897082696 0.39094823194455 5.09529442944719 0.927484808350901 0.373616179653626 0.0135233346229376 0.0448479031423865 -0.147098069712575 0.988104662204652 0 0 0 0 0 0
-0.42591552872193 0.0156820489941454 5.49575425117663 0.721084232086246 0.69244304761918 -0.0236676158591545 0.154227299539641 -0.127116262038937 0.979824165859343 0 0 0 0 0 0
-0.0789232105070141 -0.0783861978821435 5.92771846599078 -0.0569908183476 0.992995038026208 -0.103503145263354 -0.0406282355648636 0.10127905623118 0.994028117934196 0 0 0 0 0 0
0.360965454130078 0.119957102738945 6.27552439480134 -0.580497862313498 0.813540200457202 0.0342720598959713 0.197017128830948 0.0994925109907129 0.975338654624108 0 0 0 0 0 0
0.548833805514455 0.410682318905953 6.60023438857952 -0.952055158458354 0.280916028928681 0.121149329109854 0.133342899546001 0.0246316413288325 0.99076382321223 0 0 0 0 0 0
0.540897735713745 0.685696492160808 7.06187431472874 -0.977678331713107 -0.199691158216434 -0.065333919435995 -0.0753726825471042 0.0430815146386264 0.996224343118606 0 0 0 0 0 0
0.386884650124252 1.0103872821272 7.44205840509345 -0.711000787409497 -0.696174910256708 -0.0990877118119422 -0.207106237686782 0.0726556790360768 0.97561680931349 0 0 0 0 0 0
0.0437837070215146 1.18856839440616 7.76695630590643 0.0541804340887057 -0.992909741451266 0.105805131695754 0.0689940813850252 0.109430082083911 0.991597132846268 0 0 0 0 0 0
-0.261777516990353 1.10497583865146 8.23056732818318 0.529206382514274 -0.848417816319132 -0.0113054702878015 -0.0260820027349756 -0.0295838159244178 0.999221960811853 0 0 0 0 0 0
-0.535942545426124 0.838653719062492 8.58008419790348 0.923368877917438 -0.383596905378994 0.0155990216728657 -0.0924894221017879 -0.182831977120614 0.978784028752738 0 0 0 0 0 0
-0.531620702855793 0.488534419934653 8.97743866799293 0.970432043311037 0.239077784479793 0.0332184027822395 0.00146581622288032 -0.143456455396996 0.989655544514217 0 0 0 0 0 0
-0.375483404691078 0.171281049986872 9.34264499600596 0.62014659422777 0.782217571763537 0.0596143614580514 -0.0800110438515263 -0.0125284404728151 0.996715240698719 0 0 0 0 0 0
-0.071467892546476 -0.106074895590741 9.73633273146829 -0.101735643423125 0.990880791536297 0.0883465665529287 -0.0634081079452915 -0.0950856549073182 0.993447598053183 0 0 0 0 0 0
