t = 10000
b = 24 24 24
E = -1.35794898093894 -1.35794898093894 0
-5.50840052804564 1.77597562288361 8.11698370427435 -0.471004032668319 -0.250189834993692 -0.845907942790472 0.881810013670626 -0.159406506503681 -0.443847570089662 0 0 0 0 0 0
-5.1607848308194 1.54587953704146 7.78582616319717 -0.623335699627105 0.359411226544512 -0.69446106860223 0.768736163467672 0.119057037737389 -0.62838692916245 0 0 0 0 0 0
-4.96251715977146 1.37457675197049 7.32710735091286 -0.324988371278469 0.934241382007914 -0.146886346124127 0.68530133775187 0.125606349293459 -0.717345886928106 0 0 0 0 0 0
-4.92744791712619 1.45888089441531 6.84032190267422 0.240550745591583 0.939258398848982 0.244804001166189 0.658555985163913 0.0273460142619111 -0.752034713233883 0 0 0 0 0 0
-4.7716601255075 1.58761115148703 6.39666585301488 0.420505842443471 0.722767804845351 0.548435535637458 0.7811344214622 0.0190811790984626 -0.624071249306619 0 0 0 0 0 0
-4.52885594305404 1.6400712458373 5.85104168513946 0.488917940837752 0.284414036689536 0.824662296252798 0.866301521166937 -0.0473582948729528 -0.49727142118825 0 0 0 0 0 0
-4.24131794501893 2.02115431527757 5.70178213470083 0.617361689912314 -0.44387413519396 0.649492337086772 0.758735757619689 0.117871768033124 -0.640645218830221 0 0 0 0 0 0
-3.75199090871136 2.2094999014743 5.57376034525049 0.379265727830283 -0.861542992181675 0.337492489273495 0.826542876249856 0.151500331978338 -0.54210194901981 0 0 0 0 0 0
-3.24970258448811 2.31436860130896 5.62403954916052 0.0527526627870253 -0.959996158319465 -0.274999150145499 0.786544246169769 0.209616325800499 -0.58086930094052 0 0 0 0 0 0
-2.7437553051407 2.29604988822759 5.55235089018291 -0.427972454772597 -0.659268311021856 -0.618227200985451 0.780206400114931 0.0757804158836316 -0.620914890937722 0 0 0 0 0 0
-2.28778988768147 1.86335742655936 5.48125439651498 -0.547675250072389 -0.329416391384722 -0.769114205788198 0.816452628414103 -0.00945408863277306 -0.57733502038576 0 0 0 0 0 0
-2.00389082749792 1.45468659219104 5.33969764844734 -0.451799323752322 0.330971137964238 -0.828453666110317 0.844170178795507 -0.141742083168821 -0.516996993309763 0 0 0 0 0 0
-1.77772003972328 1.23949717018316 4.9657589782317 -0.086348386579767 0.894069786358869 -0.439526078015039 0.804751354468118 -0.197477289536704 -0.559801730614478 0 0 0 0 0 0
-1.83758235035681 1.21399559448207 4.44015112648191 0.50457562929862 0.858867314738974 0.0880361856907652 0.633137207256168 -0.298769010519836 -0.714054868438597 0 0 0 0 0 0
-1.64699879544071 1.32758283869961 3.87997394356832 0.70287350333843 0.492109821328966 0.513611489412314 0.641065260032259 -0.12536247662526 -0.757178698745648 0 0 0 0 0 0
-1.47574063615973 1.60673882401672 3.47015333159871 0.754883281209524 -0.108526824117133 0.646817717906213 0.631847476510661 -0.144072137378105 -0.761585179516007 0 0 0 0 0 0
-1.11145308503252 1.76070197338471 3.15075029876801 0.504306309795062 -0.586178410246287 0.634089912600744 0.691358707934598 -0.165890509676834 -0.703209411030716 0 0 0 0 0 0
-0.571236955765073 1.72073507317901 2.83672969142034 -0.0104578509458217 -0.803422763959076 0.595317138763825 0.821573442627869 -0.346275589298146 -0.452891040565843 0 0 0 0 0 0
-0.0758784927782088 1.58646758575966 2.86242896666163 -0.296176202262795 -0.936669626190642 0.186894806201401 0.837135931764551 -0.348780639301614 -0.4213733468043 0 0 0 0 0 0
0.403550033820363 1.28102752495849 2.7492494167882 -0.680658314177881 -0.699062808288181 -0.219124278455792 0.728178989596082 -0.612763621535481 -0.307044138901154 0 0 0 0 0 0
0.758725437226936 0.86245039488324 2.72436453440919 -0.77962803022401 -0.14967870054802 -0.608092444527382 0.547434005795265 -0.634459334458615 -0.545689804025406 0 0 0 0 0 0
0.778322525917179 0.369943433231321 2.59480531450725 -0.324740275620758 0.322406611060226 -0.88915562784836 0.492803666928373 -0.744731376086307 -0.450021914282567 0 0 0 0 0 0
0.721634352119672 -0.0847141242124377 2.22168949423199 0.127275485270613 0.745344441991342 -0.654417766905623 0.537333149057246 -0.606391877595104 -0.586141602098761 0 0 0 0 0 0
0.583134872090405 -0.307442727590681 1.75603751379544 0.696604516277714 0.679973151549977 -0.228863848330599 0.323879167293349 -0.582678481700221 -0.745377804845901 0 0 0 0 0 0
0.48754099665712 -0.227530037211497 1.22339686919961 0.952470438071699 0.303928198699062 0.0206812628976607 0.181660351065321 -0.512177756692766 -0.839448308354948 0 0 0 0 0 0
0.524322519551937 -0.316181210093071 0.740216396502101 0.945986072995987 0.0361415373174786 0.322186497199918 0.30676044171491 -0.42138598446861 -0.853423624873545 0 0 0 0 0 0
-0.406438785816757 -0.267831944244448 0.427728754167564 0.602233152442656 0.565694309765813 -0.563298480379232 -0.774324764212872 0.242221269730566 -0.584593889821622 0 0 0 0 0 0
-0.69375517030219 0.137804096183235 0.35064772952598 0.454174023706976 -0.205149398217531 -0.866971556973355 -0.841808654587495 0.219791565012667 -0.493000869178608 0 0 0 0 0 0
-0.912245746538481 0.454605584255148 0.036729682176292 0.249400861613645 -0.711944604432913 -0.65645570333818 -0.883238936318394 0.110738874457584 -0.455659832610944 0 0 0 0 0 0
-1.05111755900405 0.638423877092834 -0.396074527189413 -0.113531926491956 -0.979635230118964 -0.165605910452542 -0.903271456689422 0.17119219098213 -0.393438571160613 0 0 0 0 0 0
-1.38826708504583 0.648624358561869 -0.955013440059415 -0.256149836766909 -0.84277732736533 0.473406419055789 -0.837190462745194 -0.0514005158467799 -0.544490694189692 0 0 0 0 0 0
-1.60478379927083 0.365429469338134 -1.46369332588292 -0.400905643184369 -0.435996984169263 0.805717875598051 -0.818316007958098 -0.22496965338081 -0.528911680885607 0 0 0 0 0 0
-1.93669298484783 -0.0332085967730121 -1.62728661504035 -0.416454862053838 0.27715949454296 0.86587987761375 -0.908395790600817 -0.165801092607835 -0.383832105625328 0 0 0 0 0 0
-2.53806393117483 -0.208014596708165 -1.70713925673575 -0.0763007280033216 0.678842150838291 0.730309203797542 -0.955992308318616 0.158298902759388 -0.247022597793824 0 0 0 0 0 0
-3.08845905392362 -0.290584215220449 -1.55862641345795 0.206230839165493 0.957500798322151 0.201645883145537 -0.913277827393218 0.262331432674534 -0.311618082631344 0 0 0 0 0 0
-3.52461668043953 -0.161043688118906 -1.41124337622678 0.38307150741697 0.817810552310174 -0.429467252227021 -0.901507764593498 0.229653204373685 -0.366801248769054 0 0 0 0 0 0
-3.94441950004523 0.134590574211077 -1.5182841075148 0.560315583723374 0.466202712585272 -0.684617760078468 -0.810514851493613 0.478880952598598 -0.337251699397566 0 0 0 0 0 0
-4.27997746782348 0.524229019566724 -1.67259842066418 0.574781515152289 -0.152008466946671 -0.804064447551164 -0.671267104038194 0.47437621776023 -0.569532860386188 0 0 0 0 0 0
-4.40408508140072 1.0032447757505 -2.02928447229644 0.251513842993495 -0.676585852493671 -0.692078298307395 -0.581067198794279 0.466297060079751 -0.66702920644179 0 0 0 0 0 0
-4.37248397707398 1.31402889792356 -2.49740630070505 -0.343726919889461 -0.877572792141988 -0.334242126362658 -0.415410638188809 0.461304766445069 -0.783984638965992 0 0 0 0 0 0
-4.30039568531013 1.37059159700601 -3.01818526767441 -0.8301815933041 -0.551487950263475 0.0816061447027768 -0.339020370798836 0.38320460086408 -0.85919696348394 0 0 0 0 0 0
-4.4305520054725 1.28647924086753 -3.47612387393714 -0.885124843811646 0.181553804493205 0.428476635234019 -0.346946021224979 0.356175726232425 -0.867621640116787 0 0 0 0 0 0
-4.72011638494652 1.21534461543109 -3.92684493621606 -0.624214566708961 0.416118300275273 0.661212322090548 -0.55722126152179 0.356087439498759 -0.750137454830301 0 0 0 0 0 0
-5.15376487568032 1.13440143296451 -4.19393320991508 -0.233110465183563 0.813214187009368 0.533237467802659 -0.509973712527171 0.364662222192485 -0.779068852051534 0 0 0 0 0 0
-5.58456315188728 1.22754991739343 -4.40530785867267 0.373066968068639 0.870371410657633 0.321363726711516 -0.389749382591854 0.46134266175568 -0.797030970046616 0 0 0 0 0 0
-5.95888874982242 1.58288263041728 -4.50677872035272 0.782118284313171 0.623032011309998 0.0110499876037829 -0.372066341729728 0.4811486012291 -0.793764864986563 0 0 0 0 0 0
-6.20195114391857 1.94112317103693 -4.59182624476474 0.880279699579711 0.0889819055701544 -0.466036340845821 -0.449493805529518 0.470810208245827 -0.759139688464593 0 0 0 0 0 0
-6.3614698832782 2.34109355914952 -4.82560381621021 0.780879359628389 -0.373660824949286 -0.500604648005354 -0.431477878450817 0.256867163723353 -0.864780955276133 0 0 0 0 0 0
-6.24967576895155 2.71955651631089 -5.22174405489914 0.417840387922187 -0.8123732580301 -0.406766640542932 -0.340990964090913 0.27476296108233 -0.899016394525489 0 0 0 0 0 0
-6.05441094057627 2.922591316682 -5.64466794072876 -0.375513240723302 -0.893311693780348 -0.24694943570858 -0.223728803959978 0.345939231702562 -0.911192334388129 0 0 0 0 0 0
-6.05046309015436 2.83377620298767 -6.14080547560626 -0.811488656210925 -0.576993662741014 0.092544443364784 -0.421489892770082 0.468227210966617 -0.77660128071172 0 0 0 0 0 0
-6.26133167105389 2.84108058535452 -6.68474118149323 -0.826278758091261 -0.194129415352873 0.528750587727237 -0.56065488173457 0.1932565044655 -0.805181983820409 0 0 0 0 0 0
-4.6567481908515 0.274291251933676 -2.96317883826767 0.238983106928086 0.892038515464318 0.383607040513087 0.637526070131257 -0.442123858180571 0.630941363306067 0 0 0 0 0 0
-4.09880564312652 0.107331125153358 -2.87427847897041 -0.184962909741092 0.847903549113083 0.49683829705603 0.731421418763759 -0.218884906453309 0.645842167948586 0 0 0 0 0 0
-3.59809873699535 0.33939829042653 -2.67626295377478 -0.523674867925679 0.272623778578191 0.807118893383606 0.815596726616281 -0.11325241358232 0.567429176506267 0 0 0 0 0 0
-3.27859550606224 0.639928497699213 -2.35524644159096 -0.55466183099522 -0.413722471609266 0.721930723631111 0.797600516086042 -0.0172027141140979 0.60294069639258 0 0 0 0 0 0
-3.10335159136814 0.832164642128109 -1.90483362074157 -0.300127247406704 -0.878415727257217 0.371899778799709 0.789449215924554 -0.00988923376919814 0.613736212498147 0 0 0 0 0 0
-2.96685921158103 0.834751105606585 -1.35400421729301 0.0296509670356536 -0.98456978355874 -0.172462058021327 0.791636536259832 -0.0822105150105994 0.605436227591504 0 0 0 0 0 0
-2.74775475479971 0.671586793451151 -0.920258357508231 0.236954199252475 -0.751446882004153 -0.615776169547709 0.800774731638311 -0.207823890890205 0.561755337798264 0 0 0 0 0 0
-2.45596473611116 0.253812012380852 -0.585055476208186 0.404394598324569 -0.272227881760107 -0.873130568264739 0.879596340572151 -0.145768544826886 0.452837508374838 0 0 0 0 0 0
-2.05967340930011 -0.0765066024189558 -0.455582125739635 0.358647165129737 0.451077144304079 -0.817252482915091 0.925241620880702 -0.287790185567096 0.247193754130876 0 0 0 0 0 0
-1.65993400274394 -0.408838903031167 -0.501320642321126 0.2562221414277 0.89589455659892 -0.362936850841364 0.932796690618021 -0.13071402786973 0.335863330672069 0 0 0 0 0 0
-1.12303385470108 -0.50112418124996 -0.665347855247965 -0.0203537121529589 0.975636734061619 0.218446079276286 0.938243596842803 -0.0568381294654145 0.341274640168815 0 0 0 0 0 0
-0.610826111535709 -0.424028878686443 -0.753073280750336 -0.221659855556287 0.758987501342057 0.612213101167648 0.942717840228913 0.00628476516568588 0.333531970642901 0 0 0 0 0 0
-0.0966233990906563 -0.125446284949231 -0.671026849829591 -0.490248223847146 0.244042244196297 0.836719822917057 0.869459818598822 0.0699698152237712 0.489023362222756 0 0 0 0 0 0
0.22406899785196 0.242964348822685 -0.419611880848688 -0.476725423156926 -0.426515679878108 0.768646372354658 0.78024261534277 0.197464494008466 0.593489035121163 0 0 0 0 0 0
0.921692366924319 0.0710424932216789 0.223061122327216 0.668824012210158 -0.495253240316198 0.554435450388421 0.377077420295065 -0.416738326587686 -0.827128639485134 0 0 0 0 0 0
1.42182069069036 0.0970017575597808 -0.0422318142110036 -0.0551985871222056 -0.882762096397257 0.466566390928474 0.458931844352859 -0.437425402919464 -0.773330834196873 0 0 0 0 0 0
2.00806512704821 -0.146599606310033 -0.073391896682562 -0.552651902846477 -0.830949771337173 0.0640183707609447 0.63300268991724 -0.468481989607204 -0.616305297698487 0 0 0 0 0 0
2.42079496699573 -0.445839316782642 -0.120334046214769 -0.862211492575431 -0.482295329019038 -0.154863028761761 0.485914263151183 -0.701120279025104 -0.52184066840944 0 0 0 0 0 0
2.60709136888307 -0.950770603600521 -0.165280408682772 -0.85885865091379 -0.03835324176639 -0.510774751330323 0.389610465650489 -0.696265512805595 -0.602841621599871 0 0 0 0 0 0
2.63524554797042 -1.41920980003656 -0.37422026575911 -0.514945210903919 0.500014518433829 -0.696287951297816 0.417645109896651 -0.562995527358069 -0.713168001493493 0 0 0 0 0 0
2.49586406078223 -1.80541215375649 -0.792751930209604 0.0635888474973886 0.87336871533127 -0.482890821567928 0.27660600986851 -0.480337016444776 -0.832325336594742 0 0 0 0 0 0
2.37500200100723 -1.98312605603289 -1.25171037975495 0.530665098244601 0.815458112191313 -0.231133339798535 0.208005612681567 -0.389653278057985 -0.897164415250419 0 0 0 0 0 0
2.35998328915643 -1.94274264089209 -1.82824882599786 0.866508088477835 0.481197801078497 0.132711750948087 0.228685828090915 -0.146367694064799 -0.962434044578917 0 0 0 0 0 0
2.41196409977904 -1.71875023505709 -2.28150075769625 0.956612534212638 -0.0167661861579177 0.290880309386871 0.291355141135673 0.0624274707450608 -0.954575818167527 0 0 0 0 0 0
2.61644233037481 -1.40835326667833 -2.71147860693437 0.860427231152056 -0.361901519476179 0.358737048676087 0.377557635491134 -0.0200246801815785 -0.925769541552312 0 0 0 0 0 0
3.01510024585069 -1.15166377546758 -2.94803275273599 0.401147094925889 -0.908046013829022 0.120554738611741 0.446947846493981 0.0791494418209107 -0.891051619365471 0 0 0 0 0 0
3.4654821647341 -1.07603450034475 -3.22868781040297 -0.183905070106749 -0.979099167950234 -0.0868547322152929 0.678973149216035 -0.0626428986842202 -0.731485700398922 0 0 0 0 0 0
3.97732402015601 -1.26582967867502 -3.19769961650522 -0.514624800856581 -0.663683911406391 -0.542848947759554 0.789956841824897 -0.12084927768155 -0.60113529270696 0 0 0 0 0 0
4.34531748923351 -1.65518170264572 -3.17099367503974 -0.757140025506251 -0.168034701810862 -0.631271194308541 0.652094133176272 -0.136886381519667 -0.745677785663172 0 0 0 0 0 0
4.55094716848725 -1.93623523985622 -3.50690913275556 -0.643516281581645 0.492534091573043 -0.585915492180954 0.642504056348118 -0.068461035288178 -0.763217940187136 0 0 0 0 0 0
4.70698848375312 -2.10878695080305 -3.96600185291727 -0.34875367049768 0.916236918327389 -0.197182115843002 0.649290212730119 0.08448185840688 -0.755833999799567 0 0 0 0 0 0
4.69679748083557 -2.17498187555876 -4.48538335507153 0.0908853172845836 0.994927548688749 0.0431164929264389 0.673631901734639 -0.0295325244107304 -0.738476736916813 0 0 0 0 0 0
4.75005794220192 -2.03274760349852 -4.97690463100642 0.454845283252901 0.825480863158216 0.334211180037646 0.676259950214773 -0.0759618235950969 -0.732736160627837 0 0 0 0 0 0
4.96850227732031 -1.84240411780035 -5.37340006010393 0.68942612316815 0.389438463129939 0.610761249694448 0.703399084046722 -0.158582219085844 -0.692879071954142 0 0 0 0 0 0
5.21304886553894 -1.53435627300739 -5.63300204836663 0.747123208625936 -0.262307682471315 0.610738561783203 0.642178594958226 0.0477758294063279 -0.765064783075278 0 0 0 0 0 0
5.60846971736984 -1.27116452018304 -5.8372396501715 0.490993548116524 -0.735401642309396 0.467022226662279 0.78578532411508 0.142402224944896 -0.601882904505606 0 0 0 0 0 0
6.08594165290265 -1.17763205779413 -5.91529784269929 -0.0715489273379818 -0.995255888280311 -0.0659277471187267 0.754604319985268 -0.0107876786464046 -0.656091416076282 0 0 0 0 0 0
6.62405698517339 -1.15512943376195 -6.02433462583186 -0.412656714350909 -0.818007768830354 -0.400721507077294 0.723924488441528 -0.0275091910901815 -0.689330529891316 0 0 0 0 0 0
7.05121216303757 -1.36410391888162 -6.32158254088224 -0.795111831097349 -0.333660035280661 -0.506426852472818 0.543276147442209 -0.0207468975063595 -0.839297678934133 0 0 0 0 0 0
7.21339862385995 -1.72014458222952 -6.62888911501581 -0.706887724386522 0.351644136133878 -0.613723184044975 0.626395877412961 -0.0917971669964843 -0.774081058346906 0 0 0 0 0 0
3.39354364180596 -2.12007660958133 -3.76717647848796 0.478444322296286 0.747433974953844 0.460905069995048 -0.650981047666134 -0.050360661162826 0.757421599498413 0 0 0 0 0 0
3.29130668138401 -2.22805712505139 -3.24473558281456 0.350107357177359 0.936103438831051 0.0336925846287933 -0.360667229906845 0.101520907180838 0.927152983426411 0 0 0 0 0 0
3.42499023271627 -2.2399555335835 -2.75167851011646 -0.249886353567388 0.937693354802202 -0.241429042703195 -0.317293872512907 0.156273158058264 0.935362656158696 0 0 0 0 0 0
3.62508949361898 -1.94825895523924 -2.38913386423372 -0.84299058049085 0.502085390957673 -0.193072891392293 -0.169082031598864 0.0934140608357436 0.981165164398216 0 0 0 0 0 0
3.53287711488433 -1.64653633406951 -1.9702780805609 -0.958400681138502 -0.093299822064327 -0.269746691538594 -0.284958541982442 0.258688271210174 0.922972918177741 0 0 0 0 0 0
3.33394654596855 -1.24698610726761 -1.67901965088684 -0.807356886952772 -0.588302529316419 -0.0455520700938941 -0.355894545227557 0.423925108689484 0.832842467036765 0 0 0 0 0 0
2.95230388857192 -0.960448655697807 -1.5391343746091 -0.482079726379404 -0.845922266233115 0.228067220145693 -0.467127539720134 0.468396882177766 0.749930811742758 0 0 0 0 0 0
2.51007186798804 -0.741882291968597 -1.35745950793724 0.0460991694872545 -0.910016025282109 0.41200206346854 -0.523447724460804 0.329276009488851 0.785862449371331 0 0 0 0 0 0
1.9993762570869 -0.836075147975642 -1.19392367121297 0.511212687709391 -0.500786566751574 0.698480065918929 -0.571362268661447 0.40908298596579 0.71147471391706 0 0 0 0 0 0
1.64408776267521 -0.873317800046642 -0.892413570369694 0.808151673153193 -0.0575606740912599 0.586154964133078 -0.514229516131503 0.416261825628158 0.749862718945193 0 0 0 0 0 0
1.41613227712189 -1.00200369130637 -0.427621145526273 0.768958658991019 0.611113553573649 0.1877306725107 -0.485677562330244 0.367473698339673 0.793145879695226 0 0 0 0 0 0
1.39863010429493 -1.11371779479928 0.0853636813002882 0.553602327987654 0.816697089053024 -0.162881328515468 -0.239673551474692 0.343561061692502 0.908032150098342 0 0 0 0 0 0
1.40392628165731 -0.912612444351922 0.576082263868921 0.19387043169842 0.82384365017044 -0.532631106664739 -0.1276317266718 0.559498943709972 0.818945098485973 0 0 0 0 0 0
1.66790554937739 -0.64374022146886 0.882178141115025 -0.605826569068143 0.607329283878283 -0.5139312299861 -0.226436082964737 0.487630961629713 0.843174208329254 0 0 0 0 0 0
1.69378994446283 -0.249644653460031 1.14701732418882 -0.939520953044771 -0.00470813164031769 -0.342459066585041 -0.305481684809848 0.463631434050029 0.831701168453222 0 0 0 0 0 0
1.61523294167565 0.279042166613053 1.30169718414126 -0.86598631661261 -0.499059756954298 -0.0317341839101255 -0.35289965351348 0.564936309534422 0.74586111355915 0 0 0 0 0 0
1.27547432683182 0.642365157020762 1.48004814085744 -0.538159454122831 -0.827296169797749 0.161137982413159 -0.651107238924815 0.529468181208742 0.54380401663395 0 0 0 0 0 0
0.759845596985118 0.79607731820624 1.44982159523692 0.0300649157683558 -0.755783866836626 0.654130604290408 -0.661109268423626 0.475801196137635 0.580127362704401 0 0 0 0 0 0
0.181089664955451 0.760183699996109 1.59767479738169 0.498390596321582 -0.354542508615187 0.791142479635029 -0.532447232179197 0.594995513786141 0.602063355070786 0 0 0 0 0 0
-0.168820694707409 0.625703863045803 1.94579691503718 0.771393889759823 0.118956530392772 0.625140632752441 -0.636304852279742 0.156879907804888 0.755317701032083 0 0 0 0 0 0
-0.301263115134394 0.399073136509966 2.39085892488432 0.514765119630392 0.804391027017773 0.296600652840148 -0.624994630749265 0.115278347281066 0.772070342768545 0 0 0 0 0 0
-0.45642455196083 0.476983939567383 2.97294558694345 0.290822478308226 0.951758859473502 -0.0978639848175438 -0.590405125195478 0.259007012700516 0.764419489230137 0 0 0 0 0 0
-0.424045209622794 0.701471726428821 3.48194054837299 -0.298451108249831 0.802404044743214 -0.516792690509616 -0.484199579869339 0.339322154195505 0.806480776290708 0 0 0 0 0 0
-0.522312946528556 1.06540690244124 3.92936917330719 -0.439456496893067 0.648910805216258 -0.621122173337938 -0.435552186507418 0.450811589878103 0.779142607781266 0 0 0 0 0 0
-0.621499467005282 1.52043773783123 4.31027748045151 -0.658722234455833 0.12050829184 -0.742672720268717 -0.593260841797934 0.523894923396252 0.611208379220075 0 0 0 0 0 0
-0.838003445044218 1.94443328930282 4.50429112366451 -0.680411707978388 -0.479634967997386 -0.554066968082446 -0.724234176367142 0.324641373926007 0.608352559061969 0 0 0 0 0 0
-1.34468722956292 2.28408657337196 4.51049730416571 -0.315742641821924 -0.943587070608575 -0.0997498085995541 -0.83223070326561 0.224909063332895 0.506762241857811 0 0 0 0 0 0
-1.87533061271741 2.3696200202953 4.52916414673415 0.100453907959522 -0.895035011202133 0.43453577654555 -0.748356854351526 0.21983519514173 0.625807083310887 0 0 0 0 0 0
