t = 0
b = 24 24 24
E = 0 0 0
-5.319979667663574 1.8345444202423096 7.920934200286865 -0.5854901357631584 -0.14502815193423982 -0.797601489511258 0.8069084441638075 -0.009466905649847297 -0.5906006607129393 0 0 0 0 0 0
-5.044728755950928 1.4662379026412964 7.6429548263549805 -0.5200706137672092 0.46266748613576814 -0.7179591589837175 0.8069077732709875 -0.009464293550371528 -0.5906016191837347 0 0 0 0 0 0
-4.888028144836426 1.2033965587615967 7.2013163566589355 -0.2570665299877342 0.8945880792082879 -0.3655529615507052 0.8069082158299631 -0.009464527555546087 -0.5906010107883798 0 0 0 0 0 0
-4.789926052093506 1.1444765329360962 6.676350116729736 0.10360122898638578 0.9866396708501778 0.12573362818738498 0.8069084411693714 -0.009464790238896499 -0.5906006987088221 0 0 0 0 0 0
-4.668208122253418 1.3104610443115234 6.180044651031494 0.4249093548491605 0.7038499962321202 0.569251458466041 0.8069080307983655 -0.009465293950877328 -0.59060125130542 0 0 0 0 0 0
-4.449631690979004 1.6368882656097412 5.81350040435791 0.5847859961992534 0.15365661712899512 0.7965017154166839 0.8069085737183351 -0.009466075402853297 -0.5906004970166463 0 0 0 0 0 0
-4.097753524780273 1.9983415603637695 5.628518581390381 0.5224939231407068 -0.45491385260371675 0.7211473406941724 0.80690828825973 -0.009464645757477028 -0.590600909937022 0 0 0 0 0 0
-3.626772880554199 2.2560973167419434 5.607922077178955 0.2616976926766266 -0.8906549592362748 0.3718172417136669 0.8069080903460739 -0.009464626461013809 -0.5906011806456247 0 0 0 0 0 0
-3.0961382389068604 2.31082820892334 5.672081470489502 -0.09852226973711346 -0.9880214324509663 -0.11877294045104829 0.8069088166186814 -0.009464538526566344 -0.5906001897845261 0 0 0 0 0 0
-2.5879616737365723 2.1403393745422363 5.709166526794434 -0.4213117733149914 -0.7100217152533101 -0.5642389152964589 0.8069087522950815 -0.009465208174901573 -0.5906002669350907 0 0 0 0 0 0
-2.175823211669922 1.808001160621643 5.61763334274292 -0.5840380520260722 -0.16227338962586443 -0.7953407450928963 0.8069081655039927 -0.00946539374064308 -0.5906010656647311 0 0 0 0 0 0
-1.8968162536621094 1.438672661781311 5.344802379608154 -0.5248784472784657 0.44712568637526595 -0.7242798051623379 0.8069078926747808 -0.009465202493258171 -0.5906014414822455 0 0 0 0 0 0
-1.7374553680419922 1.1712665557861328 4.906871795654297 -0.26630859651104494 0.8866542279762619 -0.3780529214754683 0.8069080026366539 -0.009464803796369879 -0.5906012976365886 0 0 0 0 0 0
-1.7245616912841797 1.199422836303711 4.4369354248046875 0.49296017542364406 0.844866821192837 0.20782280888728483 0.6957070668567495 -0.23932865065341075 -0.6772838947605323 0 0 0 0 0 0
-1.6539478302001953 1.3421478271484375 3.959364891052246 0.7409605423942771 0.3218978147731237 0.589371929649747 0.6628928867165068 -0.2101374349168916 -0.718620399924192 0 0 0 0 0 0
-1.4624881744384766 1.5738792419433594 3.5475358963012695 0.7540949250884909 -0.2007724987881432 0.6253249136937917 0.6130823915487331 -0.126249229397779 -0.7798660867414051 0 0 0 0 0 0
-1.092844009399414 1.7346305847167969 3.216477394104004 0.4630570139055515 -0.6819302503928207 0.5661707652926444 0.678181039818533 -0.1386723389439305 -0.7216927737219442 0 0 0 0 0 0
-0.6226215362548828 1.6627769470214844 2.965158462524414 0.11681068661874056 -0.8196727521079424 0.5607957230074512 0.8279098359525061 -0.23152091853931797 -0.5108457377837318 0 0 0 0 0 0
-0.0913543701171875 1.6023921966552734 2.8508434295654297 -0.3840772397569388 -0.8977204069683519 0.2158303611943129 0.8035850004091404 -0.44013163264423744 -0.4006685576175901 0 0 0 0 0 0
0.3787956237792969 1.2934379577636719 2.9403247833251953 -0.6178965065939032 -0.7359950293733879 -0.27661385337093364 0.7785258330012469 -0.5234840714899537 -0.3462108522938237 0 0 0 0 0 0
0.7013835906982422 0.8475475311279297 2.876077651977539 -0.7509539725315743 -0.25581749396678094 -0.6087902273522493 0.587392339071897 -0.6800082033325606 -0.43881554598722755 0 0 0 0 0 0
0.6803474426269531 0.28615570068359375 2.690603256225586 -0.2931307333021814 0.39128761499241477 -0.8723350133677273 0.42569614171773706 -0.7635635046113118 -0.4855446110835992 0 0 0 0 0 0
0.5807266235351562 -0.1446819305419922 2.378704071044922 0.14781461253958528 0.7505552907373897 -0.6440633477119192 0.38207005713155673 -0.6439961334356783 -0.6627906544025687 0 0 0 0 0 0
0.48160362243652344 -0.25257110595703125 1.8485221862792969 0.7173085835860025 0.6645562595290464 -0.20936421335702488 0.35549201689509424 -0.6074967970447289 -0.7103330680070116 0 0 0 0 0 0
0.5220718383789062 -0.20278549194335938 1.3793144226074219 0.9644118345587387 0.2506539984544759 0.0841569154724165 0.19009195880991847 -0.43606644031015995 -0.8796084963385894 0 0 0 0 0 0
0.5799388885498047 -0.3636360168457031 0.8727989196777344 0.915823305416079 0.1487637090229761 0.37301076678092593 0.4006221163004467 -0.2742854263497207 -0.8742250424365018 0 0 0 0 0 0
-0.4185504913330078 -0.19197463989257812 0.5927314758300781 0.5340098564067913 0.47730915810754004 -0.697860617062655 -0.8211123348030421 0.0960540210091153 -0.5626261269104711 0 0 0 0 0 0
-0.7538948059082031 0.17024612426757812 0.3899860382080078 0.590975868041287 -0.1972716996275211 -0.7821965225689236 -0.789295630954027 0.058864448534730884 -0.6111852285973431 0 0 0 0 0 0
-0.9618206024169922 0.4996299743652344 0.0640869140625 0.30409760204129005 -0.7645450688132204 -0.5683269184071131 -0.8348399167347349 0.07349027465466174 -0.545565296694652 0 0 0 0 0 0
-1.2035255432128906 0.7196006774902344 -0.4161224365234375 0.03924847073288111 -0.9826613534396071 -0.1812076764416168 -0.778694984188049 0.08356355823023351 -0.6218128764638736 0 0 0 0 0 0
-1.3467235565185547 0.686981201171875 -0.9642543792724609 -0.3410913355385725 -0.821924642213048 0.4561760442454932 -0.751982861217348 -0.05261909198553263 -0.657079148652572 0 0 0 0 0 0
-1.7020378112792969 0.4804515838623047 -1.376546859741211 -0.32721014543751165 -0.4138561510734689 0.8495037415699924 -0.8912988926719587 -0.16344243867011082 -0.42293362737350115 0 0 0 0 0 0
-2.0616397857666016 0.11167144775390625 -1.5903682708740234 -0.3999951993189461 0.1737977591318704 0.8998878704830603 -0.9104614534028244 -0.1880324433408672 -0.36837988832030527 0 0 0 0 0 0
-2.5748252868652344 -0.2241840362548828 -1.5793647766113281 -0.1777365322948117 0.7402287402438613 0.6484374582061104 -0.9165908038761381 0.11528757963942042 -0.38284471033381046 0 0 0 0 0 0
-3.1036834716796875 -0.2905158996582031 -1.5905494689941406 0.13180288462858175 0.9786630021044868 0.15762844894059647 -0.9021010172206255 0.18433491825623555 -0.39017226021461315 0 0 0 0 0 0
-3.642314910888672 -0.03695869445800781 -1.5101356506347656 0.5125666546506676 0.7778169062787057 -0.3636980682478894 -0.8471761670057426 0.38910647323903064 -0.3617854261035702 0 0 0 0 0 0
-4.033323287963867 0.39924049377441406 -1.5569877624511719 0.7504947216428076 0.21435281289795496 -0.6251484178889193 -0.6193804815960978 0.5580449216314268 -0.5522261171469173 0 0 0 0 0 0
-4.266523361206055 0.8634681701660156 -1.7266921997070312 0.5412347181032284 -0.4096036499279091 -0.7343635543009022 -0.7065501811325663 0.25197920184174777 -0.6612815764715766 0 0 0 0 0 0
-4.467231750488281 1.2422599792480469 -2.0563831329345703 0.4212416294212773 -0.701039416758773 -0.5754122224918644 -0.5038363277872623 0.3466590779857739 -0.7911867279295702 0 0 0 0 0 0
-4.350242614746094 1.4826126098632812 -2.4758872985839844 -0.36859470575212155 -0.8986272169110197 -0.23792239894188688 -0.43362525532580937 0.39260258795666086 -0.8110686443657893 0 0 0 0 0 0
-4.271975040435791 1.4643311500549316 -3.0071358680725098 -0.7807258228536514 -0.6131219583031908 0.12061780041083908 -0.4336253603854033 0.3926024791545559 -0.8110686408635992 0 0 0 0 0 0
-4.371673583984375 1.306288719177246 -3.5108895301818848 -0.8962466141004709 -0.09468110326055408 0.43333300751132015 -0.4336250526944409 0.39260191718179627 -0.8110690773916372 0 0 0 0 0 0
-4.675671577453613 1.1266636848449707 -3.915864944458008 -0.6712683226691124 0.45973036566680436 0.5814179476631786 -0.43362532149950306 0.39260201116292287 -0.811068888187237 0 0 0 0 0 0
-5.132685661315918 1.051834225654602 -4.188305854797363 -0.19126300510679317 0.8394830399518894 0.5086125131282688 -0.43362601448386895 0.3926022438820271 -0.8110684050446256 0 0 0 0 0 0
-5.633297443389893 1.1683648824691772 -4.344809055328369 0.36140449214132725 0.9003018176053781 0.24257664825065445 -0.4336250557342944 0.3926021542921209 -0.8110689609919837 0 0 0 0 0 0
-6.051527500152588 1.4901193380355835 -4.446016311645508 0.7767699737278027 0.6190805502150957 -0.11561868473686718 -0.4336257539390831 0.3926029080605384 -0.8110682228414392 0 0 0 0 0 0
-6.2926926612854 1.9529932737350464 -4.573578834533691 0.8970269845173195 0.1026606251223121 -0.42988764241050303 -0.43362488273606226 0.3926033384566114 -0.8110684802807097 0 0 0 0 0 0
-6.329380512237549 2.4392685890197754 -4.799134731292725 0.676488227565128 -0.4527620137170642 -0.5808358089001231 -0.4336252857356557 0.39260226556666117 -0.811068784162352 0 0 0 0 0 0
-6.211863040924072 2.8223369121551514 -5.1570916175842285 0.19894117815385637 -0.836172478760126 -0.5111144621304531 -0.43362537769645265 0.39260208759803594 -0.8110688211436026 0 0 0 0 0 0
-6.048996925354004 3.0147995948791504 -5.631557464599609 -0.3541876190699792 -0.901907418714904 -0.24721273948677974 -0.43362559752484864 0.3926026736362541 -0.8110684199405639 0 0 0 0 0 0
-5.966867923736572 3.0016727447509766 -6.162375450134277 -0.7727542626059338 -0.6249930970925025 0.11060957558494272 -0.4336253082649763 0.39260248745659315 -0.8110686647103313 0 0 0 0 0 0
-6.060888290405273 2.846078634262085 -6.667979717254639 -0.8977390915400729 -0.11063279668231212 0.42640931957340544 -0.43362500248984526 0.3926014696553109 -0.8110693208599201 0 0 0 0 0 0
-4.585905075073242 0.3343982696533203 -2.8274402618408203 0.14370920301295628 0.9663440160261689 0.2133703532822601 0.6919848103390688 -0.2522591706237902 0.6764039718217218 0 0 0 0 0 0
-4.07818603515625 0.37396240234375 -2.741230010986328 -0.22563935313023234 0.790500675442306 0.5693817387695432 0.7648566459416691 -0.218245618008373 0.6061049095486721 0 0 0 0 0 0
-3.630453109741211 0.377593994140625 -2.6111927032470703 -0.49435258373286545 0.45812240874803517 0.7387417556626527 0.8277045446967937 -0.011546549109047595 0.5610453314055345 0 0 0 0 0 0
-3.2994747161865234 0.7634429931640625 -2.421009063720703 -0.5285069103442377 -0.3400991272997258 0.7778258348295928 0.7832798696425801 0.15794100369171582 0.6012713906095617 0 0 0 0 0 0
-3.0791397094726562 0.9364852905273438 -1.979644775390625 -0.3509039959096378 -0.8624637525230059 0.36472271829238173 0.7072321765373543 0.01118803949410859 0.7068928322189403 0 0 0 0 0 0
-2.9613990783691406 0.8667736053466797 -1.4152069091796875 -0.02378463979555123 -0.987334348722342 -0.15686036702374764 0.7174222023875303 -0.12613014293643587 0.6851252225427552 0 0 0 0 0 0
-2.7401981353759766 0.7286300659179688 -0.8861503601074219 0.19320955419308042 -0.8098884459507376 -0.55385085834005 0.746247211639637 -0.2451916012416974 0.6188668498155314 0 0 0 0 0 0
-2.4849891662597656 0.45108795166015625 -0.49471282958984375 0.32814028211617347 -0.3517198812655643 -0.8767080930248422 0.8307346287609949 -0.33435409855701376 0.44507000949902104 0 0 0 0 0 0
-2.094879150390625 -0.020124435424804688 -0.3457469940185547 0.2952242654936096 0.39443503008036906 -0.8702089634732895 0.953539502137044 -0.1788761427070128 0.24241646692108001 0 0 0 0 0 0
-1.7276363372802734 -0.33907318115234375 -0.4788494110107422 0.27518250523834004 0.9245102208565296 -0.2637336541713282 0.941666559618303 -0.20391164248284177 0.2677389261138146 0 0 0 0 0 0
-1.2421112060546875 -0.4331932067871094 -0.6761322021484375 0.11566171668074428 0.9226043696511018 0.36799938097115925 0.9331534582230395 -0.22787867109296428 0.27802146440029873 0 0 0 0 0 0
-0.6310157775878906 -0.3961639404296875 -0.6672954559326172 -0.2508833664266979 0.7538040464172675 0.6073195172685968 0.9042734957096344 -0.04140092000574028 0.42494165338285667 0 0 0 0 0 0
-0.1725940704345703 -0.11222267150878906 -0.6074848175048828 -0.4498665079978603 0.1959368341403807 0.8713374099674913 0.8753903100023869 -0.0965660865298834 0.4736737232380831 0 0 0 0 0 0
0.25815582275390625 0.11115455627441406 -0.35680580139160156 -0.5989362198797366 -0.1333332371087145 0.789618675309977 0.7723899930287136 0.16411386722690666 0.61357993550387 0 0 0 0 0 0
1.017660140991211 0.07596206665039062 0.4114055633544922 0.6335250422813163 -0.5683653275231183 0.5249827380704959 0.36901754816453086 -0.3744158835791003 -0.8506696158146945 0 0 0 0 0 0
1.4080696105957031 0.005252838134765625 0.11783790588378906 -0.09281158513321958 -0.8679246964238198 0.48794746746210227 0.5499098931854265 -0.45322262110400247 -0.7015613765711528 0 0 0 0 0 0
1.9010276794433594 -0.1540393829345703 0.07461166381835938 -0.5465329059147661 -0.8318299874198471 0.09675047690558565 0.5977904482402736 -0.468429329494366 -0.6505540279347684 0 0 0 0 0 0
2.2696075439453125 -0.5012645721435547 -0.1492900848388672 -0.8514537646924263 -0.5244249090845978 -0.002236363723955959 0.4061389736600473 -0.6566954488724196 -0.6354543425806569 0 0 0 0 0 0
2.5368194580078125 -1.0046195983886719 -0.21685409545898438 -0.9088890521569003 0.06464953081267971 -0.41199651580448093 0.2650823942208418 -0.6731020378133177 -0.6904092778676323 0 0 0 0 0 0
2.4587440490722656 -1.4429969787597656 -0.3636322021484375 -0.46627520639199266 0.5365514654481381 -0.7033491002550298 0.37400300214349586 -0.6009560475536956 -0.7063806221126772 0 0 0 0 0 0
2.4755916595458984 -1.7864418029785156 -0.7648696899414062 -0.10996326424906269 0.8178794939737102 -0.5647842188420269 0.32588108078971334 -0.5071527349809558 -0.7978706816174316 0 0 0 0 0 0
2.3737106323242188 -1.9368457794189453 -1.3124504089355469 0.5123033889620464 0.8553203530564429 -0.07728085989042878 0.43410119503530703 -0.33554845931436605 -0.836040300416597 0 0 0 0 0 0
2.365133285522461 -1.9502086639404297 -1.8243064880371094 0.8395898603721863 0.5286495496806634 0.12497407724262177 0.26003722398193974 -0.18913749603748384 -0.9468936844949583 0 0 0 0 0 0
2.3574981689453125 -1.7314472198486328 -2.2578296661376953 0.9653902926696442 -0.13515950471320362 0.22305490603190115 0.2370110736409406 0.09772028015050686 -0.9665797938188421 0 0 0 0 0 0
2.6579761505126953 -1.4756488800048828 -2.7446937561035156 0.8300978110126107 -0.34928347611884913 0.4346707690452687 0.5048049789853466 0.13957921700565679 -0.8518741546564796 0 0 0 0 0 0
2.967103958129883 -1.1745758056640625 -3.015939712524414 0.34152391842728835 -0.893747156675676 0.29082199551652843 0.5871476918795593 -0.038735641880843046 -0.808552495493388 0 0 0 0 0 0
3.4233198165893555 -1.150665283203125 -3.192638397216797 -0.16862408978949384 -0.9855852265579861 -0.013699545003682262 0.7310569777137624 -0.11573005342619837 -0.6724301079443044 0 0 0 0 0 0
3.954739570617676 -1.2929153442382812 -3.1516151428222656 -0.47381907201228135 -0.7590870783235791 -0.4464104552086484 0.6856142739508654 0.00015027139233747075 -0.7279650024371616 0 0 0 0 0 0
4.362400531768799 -1.608406901359558 -3.303150177001953 -0.7078753010576202 -0.23317002980721513 -0.6667415506418406 0.6856142663352942 0.0001505943289568402 -0.7279650095429481 0 0 0 0 0 0
4.608700752258301 -1.977049708366394 -3.6066691875457764 -0.672997634258749 0.38133226535077047 -0.6337664299129268 0.6856143681305289 0.00014979908194344557 -0.7279649138339093 0 0 0 0 0 0
4.701591491699219 -2.25876784324646 -4.054655075073242 -0.3824376624784721 0.8509599194252244 -0.36001201347985295 0.6856150530930151 0.00015175366618693274 -0.7279642683147896 0 0 0 0 0 0
4.707305431365967 -2.3465094566345215 -4.584705829620361 0.05341768703576113 0.9972936734231405 0.05051613268974366 0.6856141733699819 0.0001504653078459251 -0.7279650971264952 0 0 0 0 0 0
4.72519588470459 -2.206918239593506 -5.103241443634033 0.4689786091073186 0.7647387706497674 0.4418525510448566 0.6856134220183526 0.0001510565647925805 -0.7279658046434591 0 0 0 0 0 0
4.849990367889404 -1.8930045366287231 -5.52105712890625 0.7063659884927005 0.24164725594323547 0.6653222482345189 0.6856147525057487 0.0001492669374697075 -0.7279645519294622 0 0 0 0 0 0
5.135800838470459 -1.5240073204040527 -5.787212371826172 0.6753935897257738 -0.37325068043773896 0.6360247074682698 0.6856142612624169 0.00014934101785513907 -0.7279650145788951 0 0 0 0 0 0
5.575567245483398 -1.2400926351547241 -5.908385753631592 0.38782719504474855 -0.8463440154338666 0.36509159716843886 0.6856134633521602 0.00014812188154025984 -0.7279657663174584 0 0 0 0 0 0
6.103738784790039 -1.1491020917892456 -5.94633674621582 -0.047079321884154514 -0.9978973263935403 -0.04454731672673563 0.6856151872710864 0.00015086834169552636 -0.7279641421265037 0 0 0 0 0 0
6.621179103851318 -1.285582184791565 -5.994441986083984 -0.46410193643843783 -0.7703326582974579 -0.43726077820273823 0.6856142162350489 0.00015017128258779474 -0.7279650568159064 0 0 0 0 0 0
7.032826900482178 -1.597659707069397 -6.142221450805664 -0.7048035268888243 -0.2501061771965398 -0.6638515561578562 0.6856139661760731 0.00015093825451908315 -0.727965292168492 0 0 0 0 0 0
7.283814907073975 -1.9667489528656006 -6.4413251876831055 -0.6777381837685832 0.3651404348856777 -0.6382346097428127 0.6856143038036616 0.0001493990080899799 -0.727964974500667 0 0 0 0 0 0
3.319220542907715 -2.3032283782958984 -3.6518287658691406 0.5364693354394438 0.7375082458216669 0.4102221830645063 -0.5355173464031066 -0.07819017117750497 0.8408968241304088 0 0 0 0 0 0
3.145176887512207 -2.2968063354492188 -3.1540966033935547 0.41098214241558173 0.9108845708493649 -0.03718840147232693 -0.24485104784408673 0.14958439811506438 0.9579522285637249 0 0 0 0 0 0
3.2997169494628906 -2.2711238861083984 -2.7312259674072266 -0.3097441012453197 0.9385544768006255 -0.15223037088975694 -0.016365661479904835 0.1548179998981059 0.9878074468396537 0 0 0 0 0 0
3.5806360244750977 -2.0188140869140625 -2.361326217651367 -0.8455031764755133 0.49789868413864413 -0.1929281703194838 -0.1312440970706585 0.15644825193900463 0.9789274393178166 0 0 0 0 0 0
3.5512685775756836 -1.6610603332519531 -2.0377979278564453 -0.9815694331214923 -0.16442301283893757 -0.09739877212018266 -0.14263491185061122 0.29112445811098697 0.9459925114983483 0 0 0 0 0 0
3.3502321243286133 -1.335275650024414 -1.6492900848388672 -0.8241876512648041 -0.548172561981445 -0.14220252386404536 -0.43418086673956013 0.4504234829635546 0.7801318228044958 0 0 0 0 0 0
2.9706077575683594 -0.9358272552490234 -1.457122802734375 -0.5210343847120964 -0.8325754578908097 0.1879927574817597 -0.5038462795975981 0.4777990963665452 0.7196158350446241 0 0 0 0 0 0
2.4482173919677734 -0.7694892883300781 -1.379617691040039 -0.031037240604308975 -0.836932615822262 0.5464251881717903 -0.6709644023523319 0.4226496392994671 0.6092405544413542 0 0 0 0 0 0
1.904123306274414 -0.7534675598144531 -1.2323532104492188 0.5331980314065501 -0.4799116067869096 0.6966955640560563 -0.525803980238646 0.45715272212789687 0.7173155254253539 0 0 0 0 0 0
1.4522724151611328 -0.8765468597412109 -0.7521705627441406 0.8503384081758703 -0.1807507946049669 0.49422033733002146 -0.43718633286814207 0.2800900341317425 0.8546447701433535 0 0 0 0 0 0
1.2162933349609375 -1.0953559875488281 -0.292633056640625 0.8384969713665371 0.5122410356166774 0.18582774399830146 -0.44019710321000394 0.4357634852678328 0.7850711402368274 0 0 0 0 0 0
1.219564437866211 -1.137521743774414 0.19053077697753906 0.5260420155906689 0.8448601267447557 -0.09742260553968905 -0.3693773591373455 0.33015460810691516 0.8686531536249034 0 0 0 0 0 0
1.3724422454833984 -1.0574378967285156 0.6431827545166016 -0.0016593938711248891 0.9360984149885387 -0.35173428020016184 -0.22615747713886092 0.34227025219477614 0.9119779986363213 0 0 0 0 0 0
1.6319236755371094 -0.7403221130371094 1.0367164611816406 -0.4566913276746812 0.6552370181128787 -0.601745362525778 -0.18254992263471626 0.5929874079089765 0.7842457904301766 0 0 0 0 0 0
1.7370223999023438 -0.2863273620605469 1.261026382446289 -0.9395063189592434 0.10019340791142184 -0.327550236829021 -0.2475178050808839 0.46243538904516895 0.8514038096735208 0 0 0 0 0 0
1.5707263946533203 0.223388671875 1.527914047241211 -0.8856902512690452 -0.4088109269382982 -0.2200600027783897 -0.4414808113837362 0.5948908837273806 0.6717138748291671 0 0 0 0 0 0
1.2496051788330078 0.6377296447753906 1.5437812805175781 -0.6450973445108701 -0.733383560729862 0.21447137094776228 -0.5362979194356631 0.6345055976325743 0.5565852928185478 0 0 0 0 0 0
0.7313156127929688 0.7674732208251953 1.5831737518310547 0.010328281182995731 -0.6749145515425743 0.7378236067813844 -0.7058699110511335 0.5177103279472004 0.48344977506403625 0 0 0 0 0 0
0.17912864685058594 0.7764911651611328 1.7732467651367188 0.5724229066568187 -0.3397506332756193 0.7462583487796799 -0.5745579155725001 0.4831158757052826 0.6606680348666051 0 0 0 0 0 0
-0.2095489501953125 0.6212120056152344 2.022815704345703 0.6919615465384886 0.19210796118211507 0.6959049858727223 -0.7209498272550624 0.2342061812095325 0.6522107107861257 0 0 0 0 0 0
-0.44158935546875 0.45448875427246094 2.5107078552246094 0.6128225707658677 0.7291614889060942 0.30458499611136625 -0.672221428610831 0.2784084098492262 0.6860080963382568 0 0 0 0 0 0
-0.5412483215332031 0.5018444061279297 3.016777992248535 0.27348430151207687 0.9532563930708202 -0.12848574199521684 -0.542653530589937 0.263197374453085 0.7976554944456152 0 0 0 0 0 0
-0.4012947082519531 0.6608009338378906 3.463031768798828 -0.48620745718181496 0.8131749983867094 -0.31991988150093004 -0.240379210621082 0.22752088113672175 0.9436376866933386 0 0 0 0 0 0
-0.5386810302734375 0.9228324890136719 3.9898757934570312 -0.4404783209280271 0.6899309096265798 -0.5744337983913083 -0.3508652129836738 0.45666442725828943 0.8175274938464026 0 0 0 0 0 0
-0.5338230133056641 1.369577407836914 4.305704116821289 -0.7004772492638971 0.13809655220816552 -0.7001863791390844 -0.5593925507703746 0.503010277411922 0.6588327822449298 0 0 0 0 0 0
-0.7718238830566406 1.820322036743164 4.5857439041137695 -0.6907800567878032 -0.41250251025146706 -0.5938556997962365 -0.7225039180501877 0.36143124742122623 0.5893687655361999 0 0 0 0 0 0
-1.1390495300292969 2.217233657836914 4.662611961364746 -0.410751223649798 -0.9037757156950594 -0.12030331662126721 -0.8000767044364316 0.29401660207378416 0.522906783971221 0 0 0 0 0 0
-1.648977279663086 2.3171939849853516 4.670647621154785 0.20422010663200432 -0.822755068616619 0.5304415567363433 -0.7016735097510762 0.25481135807402694 0.6653761774440653 0 0 0 0 0 0
