t = 7000000
b = 105 105 105
E = -0.221111146071869 -0.589339642944402 0.368228496872533
-28.8428387746981 -52.5736413490586 54.5557945467719 -0.319449215037245 -0.397538866551681 -0.860183148284377 -0.920921840058751 -0.0836491591959446 0.380664921773103 0.0945474450766011 -0.284347400218613 0.390315546672386 0.44055368549041 0.390157707624539 0.71827594054741
-28.3128979585957 -53.1201307901285 54.7138071542842 -0.500888714346734 0.0178697693712963 -0.865327202382484 0.114395636976491 -0.98964876567248 -0.0866542488516033 0.414793972459979 -0.443334529059084 -0.0722499615979393 0.492531371297828 0.217110942989384 0.157185448530429
-27.1546997690853 -53.0746008572352 55.5206752222201 0.831259341523333 -0.0190339085067118 0.555558833479611 0.514233819305421 0.40589778766361 -0.755520062640889 -0.147033031638984 -0.454313173607605 -0.165078501754192 -0.425294949717007 0.426320820410841 0.439107093988428
-27.7429050068027 -53.7446794628422 55.30498363371 -0.987080059423507 0.0999904627915787 -0.125199295681012 0.0137814544416977 0.831469492841156 0.555399454435944 -0.360866174426295 0.432770630686605 0.345183494687925 -0.634454043642007 0.361392191523201 -0.0131952637473673
-28.0930471411325 -54.7770083017247 56.4406696199285 -0.843831978844668 -0.378523430967452 0.380351947132945 -0.0259996878664969 -0.679135474181786 -0.733552332106393 0.25727425769353 0.254995958310259 0.00910182183578594 0.361349019455626 0.411278256943907 0.305068958135474
-27.9889805962943 -55.2229747679607 56.1613621998948 -0.989628596021605 0.143617519798598 0.00304137186888686 -0.108476267578064 -0.733265306094388 -0.671233856602955 0.296758573470035 0.177803346439306 0.369938596735421 -0.356758958605941 -0.168812513077927 -0.0835829467275937
-28.0767158803615 -55.6940959758543 56.1587223208853 -0.564959481709004 0.611282038616387 -0.55421571007327 -0.0774530962698762 -0.708002704321719 -0.701949562683334 0.112066668347569 0.183179837335698 0.606942648313314 0.526975138249226 -0.0371708475207588 -0.332012679186366
-28.4551835914758 -55.9119073791172 55.8839027528375 0.367980771014469 0.541385672239492 -0.755970704496645 -0.218800108444329 -0.73977184062928 -0.636289349554326 0.156564925463064 0.495235487348874 -0.0537177736442384 -0.0628172377502576 0.390771255936358 0.537051683205229
-28.7575243728095 -56.0489904669471 55.5051097375602 0.892474255231663 0.235788786825501 -0.384569046799178 0.0247664983667902 -0.876843125938571 -0.480138264516484 0.28931563399639 0.233821545080473 -0.303460221705939 0.217827553864456 0.220438043029058 0.227594066458885
-29.9708395060141 -56.651748062577 55.9388417339999 -0.490979228208968 0.846387074112611 0.206320910821862 0.220629822527641 0.349916924979433 -0.910428814913142 0.58739107653679 -0.282853461560251 0.157430847705009 0.411344922941812 0.529313679292729 -0.547015143309332
-30.5666389230318 -56.8062404496732 55.4997730139255 -0.451214790618062 -0.8606386939304 -0.236021717723941 0.0550304978217547 -0.290805128955247 0.955198419849443 -0.307090870701645 0.433638686769056 0.0615143101451875 0.875628906877211 -0.0707513215029074 0.81348421963056
-30.5834861955693 -56.8516902913184 55.9714688721567 -0.468429462057128 -0.0584827453852559 -0.881563161417877 -0.711321246714187 -0.56685115287427 0.415574126309624 -0.170310335217502 -0.0687052149043382 -0.841617258681572 -0.162675884887765 -0.146332527487606 -0.00230537597585882
-31.113802524621 -56.9639929796614 56.0466295730987 0.0451173023171207 -0.475746129046402 -0.878424754733463 -0.829157487177588 -0.508282744469965 0.232694033294839 -0.236858375053297 0.219696076191996 0.46228241261499 0.0229901934087599 -0.210181011091454 0.544926688293345
-31.6686028859132 -57.2464625082755 56.0721884627922 0.721488066834334 -0.588806458572539 -0.364365096789222 -0.561774028434504 -0.805387203205445 0.189106831947679 0.0848480755995488 0.445713107164896 -0.0798585727849238 0.123184085710548 0.389205419555882 -0.298874393230065
-32.5526818512951 -57.0189667156772 55.6532291565902 0.34177715595963 -0.816799741547265 -0.464786572387963 -0.491986285877628 -0.576891948309502 0.652031574759828 0.288078268499641 -0.0131405483565712 -0.239987459649817 0.199858513740114 0.152336550307872 -0.222902571170825
-32.7339021719513 -57.5443747637671 55.8274143111361 0.920572459212029 -0.322873099821065 -0.219771037109431 -0.0830038739561565 -0.71156533952326 0.697699881394135 0.225204860051213 0.164425299592625 0.231683096947082 -0.430742358550517 -0.147015765845431 0.188083101750406
-32.7105519225756 -58.044976271321 55.8054313856114 0.814849163882444 0.164961233888753 0.555705525826616 -0.263964105575927 -0.74789901500935 0.609073077976304 0.495464290141225 0.21939669443117 -0.461939641070865 0.223187182553277 0.437151987247841 0.0439380824133212
-33.0458905180257 -57.5979179112813 55.5387885566918 0.864064287928957 -0.00881476359327041 -0.503304287948907 0.338390327188193 0.75039627356484 0.567800509937591 -0.716412388773186 0.0777417174757509 -0.250516810868134 -1.05302115101644 -0.265673768703684 0.39136502521414
-34.6666141033272 -57.7795169307844 55.6052752831994 -0.58274832526316 -0.3748770983382 -0.721021185919161 0.630934725883065 -0.767899464680028 -0.110687776285376 -0.760159007769326 -0.21515270673708 -0.22601748489779 0.573017246793219 -0.510878468659934 0.127325489885192
-34.4815555550061 -57.9094736851158 56.340117722746 0.383432185949873 0.871540917895385 0.305607897823274 -0.911431774525601 0.410546198298315 -0.0272752533956432 -0.000470710553643375 -0.19559740008157 0.286633040722678 -0.00421890743801362 0.169046972507616 -0.201313240762088
-34.2412477921352 -59.0865617512468 55.9918860417601 -0.64295711502817 -0.338855229621094 0.686864820465555 -0.730975938676059 0.00376126428689236 -0.682392870689157 -0.416654591993115 -0.0466280660958245 -0.638574570068007 0.0183078977179084 -1.09880474240383 -0.390332284848164
-33.9696914005691 -59.2422989786357 55.2921052392758 0.326868856018777 0.881076526121069 -0.341849244672565 0.93779193914177 -0.25758515635335 0.232800700399828 -0.165488569443175 0.187827141916625 -0.459331060732497 -0.153988157567393 0.0472696553690119 0.194516825205853
-33.5241726617011 -59.3904797404161 55.1078966672721 0.160141871613739 0.887425204948172 0.432239617086257 0.910765009527631 -0.301682592482043 0.281948064035891 0.254767487674062 0.52691527003274 -0.0767591103678674 0.0723919245242025 -0.346032348898252 0.297365598156859
-33.2615074835846 -60.7568620340187 55.4662806501437 0.190172167616369 -0.962949288242368 0.19121510122787 -0.271247414863559 -0.2387243199951 -0.932435273342348 -0.0995805859071187 -0.0315704914129367 -0.124184222470196 -0.597380933012945 0.198396152158067 0.351102333530193
-33.0768843639723 -59.9627405369105 56.2643883129704 0.542883174499716 0.390658828843949 0.74341343698603 0.838967166677466 -0.291891184509912 -0.459275113240955 0.0839089044328435 -0.227161044294198 0.279061297201486 0.716473002176899 -0.0361094748979435 0.139429525112898
-33.523009399975 -61.0986045323104 56.7184688580026 -0.313332980204531 -0.857306244516449 -0.40847086386843 0.111141321481839 0.394069652719113 -0.912335856724335 -0.305202710557531 0.0456981796189018 -0.0800240173037759 0.624611237838439 0.262090659117132 -0.707038503002591
-21.2154756055364 -44.0791941280872 32.369635584634 0.0942544152948729 0.699668060482452 -0.708223630174941 0.831103675538818 -0.44693662559785 -0.330929498843941 -0.160277196307978 -0.331942916828883 0.422988124166294 0.453833607825707 -0.211240362743394 -0.392736153717458
-22.1441536597364 -44.5804045088227 32.8289108932446 -0.439776045165225 -0.861484592346276 -0.253852963838385 -0.277909446140453 -0.138245759287423 0.950607410966704 -0.138099378407045 0.158647171884184 0.289449198484466 0.148062387172617 -0.0863285065659048 0.692203995852219
-22.4853826160005 -44.7451155246883 33.1690826989234 0.159982743175171 -0.957927420654932 -0.238286757173178 -0.497784761999023 -0.28674537508585 0.818527593052829 0.458478173719156 0.241999092417503 -0.35315507293487 0.374861172214762 -0.264452854252755 0.233642130753694
-22.8295336677557 -44.9314618060561 33.2757543194881 0.627393732994321 -0.602947530496705 0.492779239890257 -0.6305304066672 -0.0220031886213615 0.77585260582014 -0.158198733605046 0.191937989417081 0.326426452310177 0.441673528866841 0.343720588124929 0.0244000329004253
-23.0744150412268 -44.9966278063546 33.8485524670495 0.879210266720827 -0.464662271291396 0.105253411017376 -0.263485719100501 -0.290161878474071 0.919989869569485 0.451716723391937 -0.283339674278337 0.806198755440484 -0.0220522967412626 0.152830628992905 0.067834716972276
-23.1958686262301 -45.3315964943614 34.183752708599 0.927002075705691 0.361703676654914 0.0991846859746448 0.0253450161291588 -0.324261781291528 0.945627795356723 -0.118472503505847 0.105266676236028 0.416421351690377 -0.306722296840158 0.520304036519947 0.205343132471941
-23.0768812873313 -45.7971486885284 34.3844210325179 0.63232608531305 0.713605644066031 0.301547187998685 0.079997519849289 -0.447307733354361 0.890795256217237 0.445605361992957 -0.0880993486441783 -0.640191144419842 0.0688361314992029 0.541202922043665 0.0129290762116574
-22.7695554628736 -45.8833716873006 34.8602652879204 -0.261399226702808 0.943782118424027 0.202350579990277 0.0028799471817844 -0.208876050765033 0.977937882138517 0.505598251336254 -0.0637528409065061 -0.431472759998463 -0.0704587305918416 0.276543326301415 -0.360561778990771
-22.5183086581301 -45.7634210987925 35.2757061983587 -0.891318948477979 0.42391118016777 0.160778864945677 0.146815009107759 -0.0656436424850573 0.986983416933703 -0.142534793181804 -0.150506753300747 -0.559359634702932 -0.209172235516196 -0.0155597479649395 -0.433088094666042
-21.2958554245842 -46.9106309076929 35.1077895848498 0.980142412450086 -0.140114275091695 0.140316931379591 -0.148090678594309 -0.0466374576332305 0.987873523513569 -0.421949821220651 -0.168790866258221 0.343919316674592 0.0621877710071603 -0.62365847190413 0.483007872627896
-21.3674727165893 -47.2384349379237 35.4913410880454 0.824474178514594 0.564481841614398 0.0400322301479748 -0.107960812235018 0.087455329197023 0.990300978700883 0.000670604597508125 -0.455574993006052 -0.0203860334983553 -0.0315499771308651 -0.601416030333459 -0.157220876742062
-21.1492589594318 -47.4078737473954 36.0019433469281 0.131647332032057 0.983281121027086 -0.125806267732191 -0.192761559242304 0.149880655543471 0.969731287714289 -0.0435566269076884 -0.223570668172831 0.00357216453736153 0.00438475814467935 0.300560168194387 -0.0420497167753113
-21.0030711176734 -47.2861941957423 36.5269104521094 -0.392452528050218 0.89649073210971 -0.205634093641708 0.0573259217178549 0.246976942738381 0.967324210621638 0.138841022998946 -0.133939330920156 -0.0297466794572373 -0.320547807131672 0.00781194357739647 0.0113549271362896
-20.939213305606 -47.2681550569644 37.4348801152744 0.259238324852343 0.731509302884286 0.630626379658745 0.585434799098766 -0.638336776406892 0.499792212715266 0.053394912110781 0.152698277384935 -0.0453204992427263 -0.0567132469274249 0.751267790471361 0.161688536603954
-20.4976347775193 -47.3437173284657 37.5763216809845 -0.325306153579775 0.358403153341857 0.875056047415358 0.503602101370608 -0.717572618915176 0.481117927413086 -0.219831975475178 0.0129314209889009 0.407107300702169 0.222454031068013 0.314161091283629 -0.0435902264822206
-20.1077765102318 -47.4763803046111 37.9715445049073 -0.861709325481283 0.0217631495119535 0.506935305242973 0.377252108325819 -0.640644185293276 0.668771915240138 0.214200656753231 -1.01070465376061 0.961190396189933 0.129273413003956 0.0139866148199722 -0.211415423803408
-19.9925901681439 -47.5347215673237 38.4892804445711 -0.92277323009504 -0.383890524888408 0.0334309844388401 0.246942449897811 -0.522517049111888 0.816085387582461 0.223661773021305 0.305362524317764 -0.034917917884676 0.0129860983286586 0.701906073191362 -0.428407966380367
-20.1108785837353 -47.7284828638571 39.0031799771793 -0.131425836160573 -0.658092129617253 -0.741378444874906 0.477181406084694 -0.697519567089918 0.534569321242721 0.413814064891672 0.158817843253274 0.202906745600484 -0.271540254546117 0.0234703470167641 -0.0800062915188327
-20.1066635825705 -48.217538159568 39.2233826215781 0.630806974443197 -0.0646539060194318 -0.773241510415816 0.603109311826502 -0.586134194756111 0.541022978926046 -0.247336180051253 0.283754616723579 0.0566723884048742 0.216030279160903 -0.361127918256383 -0.138394009778501
-19.9028687334633 -48.6501748031804 39.4906321778196 0.705855296379969 0.646246707666532 -0.290057741497059 0.694451485248622 -0.550590116843178 0.463236071426635 -0.119862876536103 0.77086882126765 0.328524493920189 0.128408110010532 0.276618493121622 0.00129886227468105
-19.4699654075626 -49.0125422550879 39.4692752122191 0.575909849212754 0.767194139974346 0.282384484646467 0.704607131841787 -0.640978861767584 0.304425505706807 0.0316886987735615 0.26546223778912 -0.0709439504106496 -0.225958532691708 -0.564233994804853 0.402076243907224
-18.972077981853 -49.1867477669623 39.4569736074 -0.228845822010468 0.48541198202947 0.843803767146573 0.546601994936534 -0.653185946886999 0.523998452212484 0.133394793784686 -0.103721523840117 0.207279163877583 -0.274637817051063 -0.414823463726155 -0.444556867194695
-18.5554945743318 -49.2869297097815 39.760841257089 -0.798307724671579 0.049532626505832 0.600209376502187 0.357091352725014 -0.763596284334134 0.537965129316302 0.250928816397579 0.487699381748711 -0.134658574189484 -0.235686466157065 0.135718423557722 0.0957293721064256
-18.344276502814 -49.43502707176 40.1505846781195 -0.90234014275616 -0.431016134219294 0.00271271335026317 0.318039069393291 -0.661546358890084 0.679122643841715 0.439252494813873 0.505486327378465 -0.0160267450660478 -0.210027246578518 -0.248031404204415 -0.194525899660819
-18.4353901820874 -49.5109327172338 40.6108149835216 -0.438977821286133 -0.799457741191745 -0.41008022686728 0.180877416723134 -0.525692618188752 0.831222371752367 0.16215912118427 0.317145054473658 -0.396143251882845 0.0699907841910079 0.0877608909431326 -0.421391006547869
-18.5791499301687 -49.79795088176 41.0197563742354 0.354347431954468 -0.681851685023506 -0.639934510006794 0.212645790491759 -0.60765447425067 0.765204422170295 0.72341833560597 -0.397292850894048 0.166268847958602 -0.663223101381075 0.188655276797556 -0.0148279122617897
