0.999999238518982 
0.9999986203729404 
0.9999968654542338 
0.9999989948865563 
0.9999953274960804 
0.9999974254183243 
0.9999955285117184 
0.9999964098532277 
0.9999849440797307 
0.9999828096046778 
0.9615370072959848 
0.9615359229591319 
0.9615328387998309 
0.7692278609628723 
0.4999987168505635 
0.4230721370730575 
0.42295788826692327 
0.42307521553476496 
0.42307600143891916 
0.42307645406451627 
0.4230615684139632 
0.38461441392885304 
0.3461536516537703 
0.34615357345705866 
0.3461477445046627 
0.34603022165706704 
0.30769211367480104 
0.26922929186655875 
0.26921723304454426 
0.2307671990376954 
0.23076897754071746 
0.2306040557560351 
0.1538448922944023 
0.15384606363576964 
0.11538450178266633 
0.11538109906026787 
0.1153840475208646 
0.11538394964459742 
1.721479698383362e-149 
6.701687716126793e-295 
0.0 
0.0 
0.0 
0.0 
1.7836671079172012e-287 
0.0 
0.0 
0.0 
0.0 
0.0 
0.0 
0.0 
0.0 
0.0 
0.0 
0.0 
0.0 
0.0 
0.0 
0.0 
0.0 
0.0 
0.0 
0.0 
0.0 
0.0 
0.0 
0.0 
0.0 
0.0 
0.0 
0.0 
0.0 
0.0 
0.0 
0.0 
0.0 
0.0 
0.0 
0.0 
0.0 
0.0 
0.0 
0.0 
0.0 
0.0 
0.0 
0.0 
0.0 
0.0 
0.0 
0.0 
0.0 
0.0 
0.0 
0.0 
0.0 
0.0 
0.0 
0.0 
0.0 
