t = 1000000
b = 105 105 105
E = -0.151157292264698 -0.516563685250156 0.365406392985458
-36.4256814205561 11.4249065519886 4.69919560579914 0.0892899551634305 0.453822606292391 -0.886607210620831 0.43608015290007 0.782495471614826 0.444449026491026 0.0469213292979147 0.468327598221845 -0.0460319312870575 -0.198412886348046 -0.0113134672443038 -0.297677671768808
-35.9931813506889 11.5976972462434 4.77177127930394 -0.366440233932334 0.736299193190562 -0.568845368323091 0.686493584504908 0.626629332406362 0.368866152149438 -0.0387260131381458 0.304991632326589 0.37445935351696 -0.220110581385893 -0.749674905997473 -0.102736252343615
-35.6829728815637 11.8690087864776 4.73246222846987 -0.783305078114342 0.488871894204596 0.383975813895639 0.617832326694581 0.544001662697411 0.567754706782319 -0.224812010728709 -0.518814024664156 -0.456071539144469 -0.408170310650105 -0.469489521376787 0.060988525456198
-35.068840175348 11.6839875010213 5.03824320848705 0.229804491392224 -0.829105097564665 0.509680912854556 0.505610826600295 0.549184875307727 0.665397373572924 0.250159889659308 -0.216268215088508 -0.436251147726979 0.276865181732304 -0.0960821366032366 -0.00874758872540783
-35.2327060838094 12.4541253830069 4.81862829352387 -0.96093121409623 0.220511325127873 0.167290039351014 -0.201192291158207 -0.141393331316142 -0.969293344575255 -0.361885579798122 0.179049801742497 -0.278671000182417 -0.143527192926679 0.0501801632928892 -0.00163561836476958
-34.1680653105537 13.3888252267899 4.74212321087555 0.268658296500201 0.947993633840727 -0.170677444084103 0.838615882833605 -0.143029802672817 0.525610004287013 -0.0162154644670734 -0.064346543852473 0.12343718503521 0.393605441237904 0.00285127717433549 0.424399182340178
-33.6655982042243 13.3619278926015 4.74008699175472 -0.247440269836696 0.84935178308751 0.466234770720924 0.705219325513027 -0.172095724859612 0.687785405782884 0.129613024432867 -0.185880645244479 -0.00887452999208804 -0.111464890574593 -0.0168638954085847 0.0652641716692094
-33.0706823154034 13.7636288208934 4.99854683029155 -0.0934818013070677 0.378735212830832 0.920771845457018 0.943554340712716 -0.261455552599789 0.203337650563945 -0.489017857627986 -0.22321197064857 -0.0867877359235791 0.107986399830276 0.406675355682469 0.0905912412994034
-32.5806960920457 13.9047640411352 5.19448357597604 -0.374597885840782 -0.42034386153481 0.826430554852393 0.884317617060747 -0.429869489273419 0.182193782407282 0.579287593160351 0.50088083450624 -0.0223801834348845 0.701131224168446 0.733081179089229 0.339034347947611
-32.1596351725501 12.8251872287948 5.18422811725003 0.490744767145418 -0.705906043620348 -0.51075065452707 0.606401418480581 -0.144217335320984 0.781971022389905 -0.140442071547386 -0.221253955426095 -0.408581163223022 0.363934310622818 0.178141510508144 0.440879885304396
-31.1748213985335 13.6842386338021 4.57725816271462 0.558607143825432 -0.548796857946906 -0.621916447422564 -0.636601629627961 0.196974585515592 -0.745613423843699 0.683329699350004 -0.281359238831273 0.0779741956187499 -0.443822974086093 -0.526846978373948 -0.433907439889524
-31.661811886541 12.7004242250299 4.05548541732339 0.0959138301929541 0.0412895672962913 -0.994532909867773 0.74505145477005 -0.665539393880955 0.0442226744731612 0.0470678251675277 0.212927540662452 -0.213839900723604 -0.444981408761238 -0.468717124084842 0.00320928195166835
-31.4934177371413 12.2418680010076 3.9996923646928 0.340805192678453 0.505387998853534 -0.792738791316668 0.657295549637298 -0.730968873611309 -0.183431366561852 0.540369393424284 0.00432859523230045 -0.137094358556023 -0.00618420299819686 0.272989979574658 -0.186004758437194
-31.659488541287 11.582770792381 3.97364556911972 -0.321891991214088 0.773630889248951 -0.545784566649106 0.702548449350656 -0.191260103456096 -0.685452587084672 -0.304281307159053 -0.41061023154934 -0.462581138866335 -0.250525289052606 0.0802552826529513 0.204397906581859
-31.5438769680096 11.4218525803049 3.63231207841393 0.353831941207969 0.934828538618564 -0.0299760031587884 0.681100010196486 -0.279496246208031 -0.676745612816227 -0.0168754867047734 0.184272896022045 0.371060679590218 0.478453153046274 0.545435509752656 -0.120598075117189
-31.3916570655651 11.2448739370948 3.20260059078987 0.611801170458442 0.713843374185321 0.340774067319458 0.65994339827886 -0.223125112055465 -0.717418912099794 -0.671523905843788 -0.048932301572236 0.0111951043050388 0.0909746596410089 0.0164696962306127 0.522282772913893
-31.1294146177016 11.4823474496196 2.82005470130643 0.670166170926984 -0.0934189831833805 0.736308493042204 0.705451666862927 -0.228161761343784 -0.67102917699669 0.549281645550746 -0.0630331538223669 0.194460604495073 0.262638194050589 -0.0228867992164379 -0.238933044320674
-31.3590546218156 10.4832196621917 2.06360890017455 0.335249485247072 0.719248444283254 -0.608514139554365 0.891478170809676 -0.0332505903193237 0.451841863059631 -0.321095165332307 -0.722602654556912 -0.239067939984443 0.332423331965111 0.175819808751581 0.226838221649457
-31.0158418606534 10.2394009693156 1.89284257211929 0.383980630420317 0.908851317205352 0.162936057016861 0.887715674295367 -0.411916578674243 0.205634661046614 -0.64446373447188 0.28757308947777 -0.271130865396729 -0.763393587924632 -0.180417827914498 0.186333508142349
-30.5455912072397 10.2404509185734 1.68204822288756 0.128628518716695 0.387613777748264 0.912803518547319 0.833015085559429 -0.541664836697919 0.11262802455602 -0.289616744454351 0.612919372533771 -0.143708945822845 -0.205586245320771 -0.428572597706188 0.106628601489287
-31.433863442166 10.5724416257503 1.44652342667417 -0.599447685494241 0.557710295167687 0.574126901494316 0.506642357439227 -0.290921635397714 0.811589874077962 0.0159950150085473 0.311969867471321 -0.139932309304544 -0.351561273777456 0.13360182017733 -0.402744313821992
-31.8166802473131 10.6379837880269 1.00098107765762 0.648163937008706 0.760973937059722 -0.0283227448768808 -0.730872545437383 0.61122147414232 -0.303699904302514 -0.237838853888779 -0.0138717133361417 -0.611649092250938 0.0627177864590108 -0.302867483736824 -0.388512527665691
-32.5915911980479 11.2716926511318 0.738100113623508 0.275719786034128 0.959811755018094 -0.0523449569513801 0.0902686668196374 -0.080069199425196 -0.992693553466595 0.469376599964378 -0.0992131015274234 -0.016683476208649 -0.153631283234046 -0.0885842796932925 -0.290596856781179
-32.7470249239209 11.4701727382548 0.216649978594775 0.930653544384164 0.315822109375882 0.184771143727743 0.230950452262622 -0.115338766243979 -0.966104993052441 0.0443875579936189 -0.073253396496617 -0.318708636680389 0.289896546353947 -0.100347630584735 -0.455481580124845
-32.5900622020089 10.9115373099714 -0.511960120547007 0.297198937970287 -0.823399981458873 0.483410034859629 -0.685857841337595 -0.536332531895952 -0.491880510597637 -0.903842493375113 0.618541800408358 -0.543530368405341 0.494099755267699 -0.178081294992032 0.360206443421109
-32.5929829592236 10.585818243807 -0.836348097628422 -0.313286170342188 -0.420159935774914 0.851655683854715 -0.604486839826097 -0.60343147313305 -0.520063570835131 0.423732318275047 0.367217350425411 0.0879727776074833 0.247693130324443 -0.00852622497188225 -0.456976383700747
9.1192170947482 22.1711568567174 10.3572547520858 -0.370985714547985 0.926209958185835 -0.0671171584521346 0.323604018852436 0.196684395629004 0.925524547215591 -0.00220618155957885 0.100501580518682 0.0322039528888024 -0.264425904966373 -0.262746424154563 -0.207588300067175
9.32966596964801 22.5124236311501 10.7003849789316 -0.966342371507809 0.205550149501214 0.154698277523041 0.180082458134917 0.111042610601124 0.977363722931655 0.999836875000648 0.319522698020023 0.500817029962812 0.181085402593973 0.124850594074052 -0.123790113448866
10.1835794996076 22.198331478726 9.73774266627582 -0.486491708350636 -0.768910144910199 -0.414852994156141 -0.775880204903807 0.598518593342978 -0.199462781142505 0.0606424286396058 0.531941392999592 -0.00915788473198908 -0.336659097250087 0.45635573536775 -0.0595876314183101
10.0304347860073 22.332763797081 9.30484712802411 -0.725972462660473 -0.539811809149514 0.426107021957363 -0.676795226977016 0.45076156323329 -0.58203284602561 -0.249837247838599 0.641503340988444 -0.104525993746546 -0.392011963173623 0.278244575293795 -0.121883131174668
9.60069112839132 22.2555639384025 9.0008857455283 -0.475210017161346 0.489761940732188 0.730964213214239 -0.54652921748998 0.486760947625235 -0.681446692190129 -0.262643881594557 0.18598738566162 -0.666779697058577 0.0418826740914634 0.192226427625467 0.138614787794227
9.14044136947143 22.3230200472908 8.72929102296787 0.0821050935675954 0.793348996867127 0.603204876290275 -0.566688714885188 0.535045819606434 -0.626569925342316 0.13633110836833 0.301701332811116 -0.0734233060192722 -0.596192287878543 -0.381925706959084 -0.032716409156244
8.73375468779217 22.4903229859198 7.74335999005495 0.796731023028066 0.545830958499382 -0.259399771951499 0.301954861861222 -0.731361859882508 -0.61150068790439 0.286916768527484 0.0354091575210664 0.118894168636951 0.0796172556694353 -0.769864046063149 0.129215811672904
8.87734197213751 22.1755505248701 7.35062979988358 0.871037054616415 0.235344531638599 0.431169805196267 0.41020424072955 -0.831376279618725 -0.374894601954634 -0.433397477698307 -0.160600010933702 0.226130753242125 -0.0250757603587192 -0.0652848707568797 0.342680307370118
9.1570575219368 22.0924088531675 6.95728790092617 0.488644851205033 -0.264935650331775 0.831285336436449 0.173905327006844 -0.904087275400566 -0.390362825711579 -0.0096624073218001 0.417048503923266 -0.364480699995046 0.322724408393957 0.454568613123886 -0.447233664800852
9.32495205125012 21.4695914198227 6.94827516717636 0.294427382353559 0.083343099896252 0.952032795769203 0.210312277421419 -0.977418802646155 0.0205238933767487 0.102007176344158 0.475874474417446 -0.479679243165799 -0.236261641383266 -0.256946990285581 -0.420543512960325
7.82140710950519 21.0458662945071 6.75713294854462 -0.0647762061664221 -0.769459227528783 -0.63540265996097 0.615246499082252 -0.532114421682536 0.581657964446801 -0.520396788631208 0.309835921399929 -0.748887478258969 -0.0318523186006645 -0.139019633649678 -0.504290790422666
8.06193523877322 20.8077731603157 6.38122870259918 -0.148947170238186 -0.52812869665437 -0.835999294406575 -0.855265142721329 -0.355535154783826 0.376983142008705 -0.147866853643459 0.640845605610306 0.533774644612057 -0.0906291804565096 0.227062971128189 0.624299185705873
8.54302046724465 19.9061226870052 6.25349350080642 0.144453706434246 0.122341365409904 -0.981919404537351 0.615897047611529 -0.787790496476074 -0.00754721176935466 0.500785344977399 -0.568612663207617 -0.13058851967043 0.316921793388732 -0.388338849456983 0.300163941714168
8.61030910370467 19.3074523606914 6.15864608982745 0.403167863584682 0.264214134894651 -0.876154418292989 0.169997421060831 -0.962372888939558 -0.211988913546773 -0.0182921684322453 0.567118696438468 0.310917329051482 0.0396934413422816 0.0508919137711349 0.214743519848331
7.92936225381372 19.8477696050681 6.52176349006734 -0.64691792833421 0.635905633017713 -0.420857719302027 -0.73438287894493 -0.370897348505919 0.568433763937261 -0.212935470616314 0.164569298648776 -0.0448322823778306 0.170176415406762 -0.242186302619175 -0.11727637207122
7.54774447524764 19.9724725626681 6.88005360288193 -0.518102815863626 -0.119469588571821 -0.846933580394957 -0.69345952688807 -0.520964495474812 0.497704610208663 0.382733185914755 -0.270253242709825 0.309859982404439 0.455591465171483 0.546886592281198 0.976566723138494
7.03853413895357 19.9750452588495 7.0184044051739 0.134096188334342 -0.699361817879544 -0.702076391830878 -0.56482546765794 -0.636068211069517 0.525727516829524 0.0573176370526501 -0.343143916987038 0.133310661031929 0.396615739658508 0.225121378635483 0.53294202346959
6.61451973541125 19.8112875586335 7.07028072933912 0.732329115236514 -0.664475866174036 0.148882135426642 -0.655712671360318 -0.629152620041691 0.41738216697891 -0.375842643709191 -0.116795523808147 0.365701726096531 -0.239344345660212 -0.387115067797474 0.211848095080213
5.49605239203045 20.5640031368102 7.27833646422486 -0.143042051809185 0.624708626466967 0.767644516317297 -0.447217092661529 0.651123035446364 -0.613217469371637 0.266963284096275 -0.131182881194297 0.277447395262771 0.173645808628275 -0.157523216879515 0.00372158381436787
5.05836614091095 20.7634059439173 7.08395439286122 0.468797755530604 0.649549937558408 0.598592969410234 -0.278695065035669 0.751827923755693 -0.597564920143482 0.143729656409026 -0.113276324010185 -0.626308298754086 -0.544926423898388 0.301685368545082 -0.132331833057033
5.02568526523405 21.2478139203239 5.81882948887217 0.651483771860883 0.327289232625114 -0.684434549982377 0.10384521097446 -0.932138211760733 -0.34689267264271 0.207970722505052 -0.0798635710063092 0.548743174434252 0.238420928405172 -0.000969909921871523 0.532495679615259
4.91131644937018 20.9502832755665 5.40027123261914 0.999092872465997 0.0337417954635947 0.0259792884121848 0.0410583465782891 -0.925118192866665 -0.377452700882277 -0.184400710370715 0.628263878187208 -0.0600065166848235 0.557538710124126 0.127842459098674 -0.507622374941746
5.20818986156445 20.7467087029016 5.04815799921891 0.682635790401969 -0.421611724616509 0.596868437202045 -0.0647629237570599 -0.84846950623568 -0.525266847130655 0.0681447625795404 0.387174982207634 0.00981632748331092 -0.0204175978269803 -0.480510081946486 0.223461101765678
4.51895936493619 19.9577855774579 4.97599764043287 -0.224762544680783 -0.344223359071419 0.911587668618985 -0.169010851202509 0.935116403514354 0.3114364205647 -0.0314958088534509 0.335900392861285 0.334094926185598 -0.770093427355466 -0.777384593618423 0.496152558672308
5.48664300956258 19.7662132039461 3.88390902197774 -0.109293152632949 -0.255766973628979 -0.960540609234357 -0.78415782772958 0.616035628762902 -0.0748104625365654 0.114071285673476 0.626920724451637 -0.130925212470577 0.0583748512532765 0.34996155503342 0.32663401185196
5.28022943973061 20.0874380131958 3.58043814915281 -0.513817676289807 -0.796704248304363 -0.318203922455277 -0.766250797623004 0.592996010550878 -0.247417555183265 0.0212816200356771 0.063996255338439 -0.723604128313519 -0.560055236368115 0.242992914540964 0.0992948271559533
