t = 0
b = 242 242 242
E = 0 0 0
0.7152813673019409 4.679473876953125 -0.610687255859375 -0.8936421714444289 0.4216000672610805 -0.15380849359361895 -0.4486430116528901 -0.8307888756282347 0.3294074865988914 0 0 0 0 0 0
0.41728103160858154 4.452728271484375 -0.317291259765625 -0.4295304444687052 0.05035431429471457 -0.9016474035377829 -0.3911598599036714 -0.9102924272137768 0.13550520638481442 0 0 0 0 0 0
0.022379785776138306 4.144317626953125 -0.307220458984375 0.2827406076801182 -0.12726070514943974 -0.9507168146685662 -0.3959752867042669 -0.9182467127915942 0.005152355471537082 0 0 0 0 0 0
-0.358252614736557 3.774810791015625 -0.371612548828125 0.7554420498114458 -0.2941956277320034 -0.5854538769194835 -0.43504766022078306 -0.8933586995673685 -0.11244450739686045 0 0 0 0 0 0
-0.5008631348609924 3.221038818359375 -0.499786376953125 0.9268155650431682 -0.03997804483166453 -0.37338273169115693 -0.16964488263040178 -0.9316430286013928 -0.32134386730688014 0 0 0 0 0 0
-0.5574827790260315 2.790252685546875 -0.863067626953125 0.9232310504459572 0.01602172709463735 0.3839110987629293 0.052461547023621186 -0.9950300645311452 -0.08463425289463872 0 0 0 0 0 0
-0.3537321984767914 2.363006591796875 -1.134429931640625 0.5446640551998971 0.008087083753839142 0.8386153266245269 0.21003426192636282 -0.9694019541271849 -0.12706478722070585 0 0 0 0 0 0
0.04864969849586487 2.078704833984375 -1.236358642578125 0.08455347883197872 -0.05416849030983662 0.9949454677895484 0.22549350951622366 -0.9715761085854637 -0.07205929774834058 0 0 0 0 0 0
0.3804367780685425 1.642974853515625 -1.132293701171875 -0.5286111722841264 0.03265379733591913 0.8482357915438058 0.10229891431320089 -0.9895264680564781 0.10184449492246783 0 0 0 0 0 0
0.5542095899581909 1.235076904296875 -0.792327880859375 -0.9507105877225951 -0.051422115138825344 0.30578610901544806 0.13320665898888323 -0.958250467479516 0.253005983281638 0 0 0 0 0 0
0.5630329847335815 0.817840576171875 -0.361114501953125 -0.9710979262374904 -0.04669189536418601 -0.2340698283943181 -0.026988879343838333 -0.9529084024184162 0.302054923800533 0 0 0 0 0 0
0.39496123790740967 0.533660888671875 0.005096435546875 -0.6473229908057684 -0.19195580083934752 -0.7376489111348297 -0.09380471544126037 -0.9403495216329565 0.3270220979164164 0 0 0 0 0 0
0.07777300477027893 0.111236572265625 0.199493408203125 -0.13603040533688282 -0.0930816566267859 -0.9863222262645694 -0.33314769501368846 -0.9333006138560788 0.13402454059959656 0 0 0 0 0 0
-0.3358069360256195 -0.210845947265625 0.243133544921875 0.4613558665046787 -0.21026800196651635 -0.8619385893384319 -0.2793140547967353 -0.9565325390559408 0.08384008898016068 0 0 0 0 0 0
-0.5239458680152893 -0.670318603515625 0.031829833984375 0.9074284346582054 -0.08270272351572369 -0.41198773707094827 -0.1340053597270043 -0.986203767702514 -0.09718380592363168 0 0 0 0 0 0
-0.6084528565406799 -1.142852783203125 -0.237152099609375 0.9845095084607999 0.12420654712342909 0.123748783436242 0.1384593541219626 -0.9837695107908544 -0.11413394277975403 0 0 0 0 0 0
-0.5089102387428284 -1.551361083984375 -0.565338134765625 0.6512486518689387 0.0628655668245966 0.7562559844039002 0.0035546288099912358 -0.9968045033838026 0.07980066821646528 0 0 0 0 0 0
-0.2338934987783432 -1.978302001953125 -0.624359130859375 0.12370285063705339 0.13030900344294116 0.9837261653356459 0.026494047408345232 -0.9914206595942625 0.12799664519666878 0 0 0 0 0 0
0.04547014832496643 -2.438079833984375 -0.476837158203125 -0.41193994472765233 0.24688088182899937 0.877129016807171 0.03148258368156926 -0.9581661916792923 0.2844756510626785 0 0 0 0 0 0
0.29820719361305237 -2.673187255859375 -0.065277099609375 -0.830488663751409 0.21010960764754033 0.515890038820867 0.14120691075779995 -0.8164747395310353 0.559847843670016 0 0 0 0 0 0
0.35473716259002686 -2.903656005859375 0.375091552734375 -0.994658077477946 -0.08529663392360771 0.05813598841662709 0.10107992929582067 -0.6906235244614713 0.7161159091613364 0 0 0 0 0 0
0.23498813807964325 -2.959136962890625 0.863128662109375 -0.852953055238507 -0.39688210425339127 -0.3390511478858268 0.0316470623592657 -0.6876625365896646 0.7253404023043919 0 0 0 0 0 0
0.0011338285403326154 -3.108612060546875 1.328521728515625 -0.28670479585488134 -0.6711559895287371 -0.683630015252046 0.05977594938250064 -0.7247291865668393 0.6864360436439714 0 0 0 0 0 0
-0.25818929076194763 -3.414398193359375 1.629058837890625 0.16964268588680056 -0.6469888777192467 -0.7433886945822501 -0.1620192607118214 -0.7623680140222769 0.6265339339206809 0 0 0 0 0 0
-0.6274328827857971 -3.811004638671875 1.725616455078125 0.7360567918606633 -0.45731289938236114 -0.49908447302464387 -0.19699880002852016 -0.850090025478707 0.48840395306440176 0 0 0 0 0 0
-0.8628016710281372 -4.336517333984375 1.692840576171875 0.9942139736538902 -0.029449463042831563 0.10330200248703092 -0.08388449160801884 -0.8135565380177802 0.5754034684603394 0 0 0 0 0 0
-0.7585750222206116 -4.8612823486328125 1.6434478759765625 0.7660102919548994 0.316657715136407 0.5594248153807263 -0.08387401559593817 -0.8135822858587382 0.5753685893796106 0 0 0 0 0 0
0.35316169261932373 -4.365081787109375 1.707183837890625 -0.9940748222081374 -0.10772705409065905 0.014495850054692082 -0.06610783885149965 0.49331507878025066 -0.8673349910446477 0 0 0 0 0 0
0.2394513338804245 -4.362640380859375 1.206817626953125 -0.7451394314177672 0.5084572568412956 0.43155352589433393 -0.056720609838504306 0.5964337019892426 -0.800655738473756 0 0 0 0 0 0
0.0761670172214508 -4.142364501953125 0.708770751953125 -0.30916675129153587 0.5380235270829448 0.784185312410954 -0.0840773972633602 0.8058911915805532 -0.5860634595351388 0 0 0 0 0 0
-0.2731104791164398 -3.912567138671875 0.471221923828125 0.2307766974028701 0.6002427891692489 0.7658006986064615 -0.27107651279697864 0.7955474589045316 -0.5418687708665006 0 0 0 0 0 0
-0.6558466553688049 -3.486846923828125 0.377960205078125 0.7257531577589944 0.4423513409258914 0.526884850023147 -0.11864111041789872 0.834873064468625 -0.5375046540668976 0 0 0 0 0 0
-0.8575602769851685 -2.972930908203125 0.422576904296875 0.9994445446822897 0.026550292186797966 -0.020141600969295008 -0.0330516201119991 0.8670540675889451 -0.4971165198275323 0 0 0 0 0 0
-0.722453236579895 -2.496063232421875 0.533416748046875 0.8483306213158199 -0.16128559669926312 -0.5043035923283488 0.06679177295436226 0.9774644268333698 -0.2002552205085432 0 0 0 0 0 0
-0.4174529016017914 -2.095855712890625 0.620758056640625 0.2315186722699385 -0.23529075587832032 -0.943947755221958 0.19776726335155612 0.9614324333003138 -0.19114336437520982 0 0 0 0 0 0
-0.07348356395959854 -1.727874755859375 0.560028076171875 -0.16303736787149384 -0.3237935398848131 -0.9319745491194473 0.38595674567078764 0.848405689525862 -0.3622777614639927 0 0 0 0 0 0
0.3487919569015503 -1.432281494140625 0.290130615234375 -0.7383486825714988 -0.12359668735026241 -0.6629970451072718 0.2626326272726407 0.8527672784224056 -0.4514555038361077 0 0 0 0 0 0
0.5425747632980347 -1.097076416015625 -0.029632568359375 -0.9789095901354298 -0.007324219090347192 -0.204162607143428 0.08043605871189732 0.9048184872908865 -0.4181310147735136 0 0 0 0 0 0
0.6059826612472534 -0.717620849609375 -0.388092041015625 -0.9604980532112147 -0.030212400340094685 0.2766418273565236 -0.12826661981970222 0.9302616070668229 -0.34374556965505765 0 0 0 0 0 0
0.2755230963230133 -0.451934814453125 -0.803863525390625 -0.432846161842542 0.2191137345624188 0.8744331715484551 0.18042233142823388 0.9714407768196359 -0.1541122949477518 0 0 0 0 0 0
0.010058312676846981 -0.061614990234375 -0.961273193359375 0.03195074536871865 0.151211289979239 0.9879849673214658 -0.04043636688397402 0.9878759097250807 -0.1498869147659959 0 0 0 0 0 0
-0.3835802972316742 0.331695556640625 -0.877288818359375 0.6250604984084934 0.1612836508686631 0.7637322549767038 -0.13232547738183317 0.9861535998146193 -0.09995521801455731 0 0 0 0 0 0
-0.5786505341529846 0.754425048828125 -0.633453369140625 0.9781020279660602 0.11215210554321017 0.17532349560428367 -0.1078612154613481 0.9935896761097452 -0.033845438796569635 0 0 0 0 0 0
-0.5333929657936096 1.240325927734375 -0.364532470703125 0.9488503158532807 0.017395026853257757 -0.31524671472658355 -0.014592787082509821 0.9998302589562638 0.011247392614067264 0 0 0 0 0 0
-0.3948584496974945 1.655426025390625 -0.191253662109375 0.6506189789612865 -0.00427246392933258 -0.7593923164394971 0.15439738068017442 0.9798423491773094 0.12676915870113295 0 0 0 0 0 0
-0.021046727895736694 1.990509033203125 -0.030242919921875 0.0692267409603088 0.08392592498079035 -0.9940644332497433 0.15821647134628822 0.9829196023780974 0.09400320981547422 0 0 0 0 0 0
0.270623117685318 2.418060302734375 -0.127471923828125 -0.4403237426662242 -0.0990325025188969 -0.8923606698467013 0.23533063030419155 0.9464200745429624 -0.22115274572730348 0 0 0 0 0 0
0.5336464643478394 2.696807861328125 -0.430938720703125 -0.9349049389640397 0.15319837868765135 -0.3201296797676221 0.23422478945654415 0.9440302063158423 -0.2322621742068777 0 0 0 0 0 0
0.6569832563400269 3.052337646484375 -0.790863037109375 -0.9517302811025284 0.24215701275026538 0.18859865643309892 0.16767556983646761 0.9248579743961407 -0.34135411302031116 0 0 0 0 0 0
0.6117638349533081 3.537322998046875 -1.130767822265625 -0.8075230541649059 0.14541564211039193 0.5716299572466482 -0.014493611683789483 0.9639491539357714 -0.2656914824507365 0 0 0 0 0 0
0.2879284918308258 3.883941650390625 -1.426910400390625 -0.19425353221008762 0.2525265930900194 0.9478902283525517 -0.14156364973196306 0.9489652155371402 -0.2818239748054011 0 0 0 0 0 0
0.030899912118911743 4.309600830078125 -1.458038330078125 0.3930675385301864 0.19698890183632425 0.8981610561069432 -0.1079419158442401 0.979914238759506 -0.1676801344234107 0 0 0 0 0 0
-0.12044820934534073 4.730743408203125 -1.260406494140625 0.9909132331460513 -0.007781982439311409 0.13427734405086353 0.0346357333162609 0.9794205440556505 -0.19883602253962585 0 0 0 0 0 0
-0.03973444551229477 5.18255615234375 -0.981048583984375 0.8788880618374669 -0.12458775005461943 -0.46047113622452884 0.034632994814494035 0.9794093389677603 -0.19889168512764438 0 0 0 0 0 0
