t = 1000000
b = 105 105 105
E = -0.426162175425739 -0.778484237018686 0.352322061592947
8.94749199524197 15.4487551596359 -26.9518148866007 0.97120504352551 0.00609649207950109 0.238167160235932 0.193341296239128 -0.60429818068156 -0.772944274830761 -0.030117465224362 0.00926125264755133 -0.144769176754099 -0.181518261523712 -0.628181962783943 0.271812410025903
9.17002828368243 15.3487490174769 -27.4990149739204 0.583920182583364 -0.587416981570093 0.560337853562285 0.261751810503619 -0.517136781315399 -0.814896029631293 0.209669284888798 -0.0200292659415947 -0.36496358266618 0.260765616131426 -0.110303360115917 0.146308314527855
9.60831989212317 15.1799072976661 -27.8415964678742 -0.265940943191068 -0.687315225397542 0.675923957018354 -0.012469073310723 -0.698662413576271 -0.715342822754556 0.0717710864211472 0.414066813415174 0.195039567611051 -0.0184172438025835 0.369100181398354 -0.0786337296597278
8.61856723146097 15.2384397640755 -29.0305834990364 -0.99324359047649 -0.0825201504809178 -0.0815940852137331 -0.0140964637890884 0.783691582322025 -0.620990171827428 -0.226904499301121 0.0705925558864444 0.239648274176411 0.13406380579811 -0.0355835495452421 0.370616097981105
8.47345068458887 15.3020791349881 -29.470277107513 -0.53510313537839 0.687632841989272 0.490739960800219 0.39420871240112 0.717027836471627 -0.574865699787137 0.489432854345584 -0.000200176465401161 0.13514824164012 -0.689456036290165 0.429385162719571 -0.153245515443475
8.55314243658704 15.740095237782 -29.8465326433538 -0.295656884523272 0.533382185764891 0.792521577335686 0.380594357602939 0.826694066752565 -0.414396977494828 -0.205932932263905 -0.212883486997405 -0.0819617871655322 0.0170209423829857 -0.0484606404154727 0.0307093889646684
9.41286097378444 15.4767326863879 -30.0085302853075 0.370878842957678 -0.606477177097106 0.703302436727448 0.906012100526067 0.402597100936461 -0.130604931063066 0.166913539297103 -0.0390876264066221 -0.621834467144546 0.126895008698407 0.608705093675759 -0.358467617739091
9.8984683986078 15.6543678436706 -30.1524201513729 0.139608542842303 -0.978030190541655 0.154810856061347 0.985364752785428 0.121775291021794 -0.119277334244806 -0.226668575910138 -0.0726209779760107 0.688531538169939 -0.34532505575952 0.458696383569539 -0.648485574809773
10.3981029732793 15.5508147088331 -29.9715367137434 -0.146744734152444 -0.727006610156625 -0.670766257191902 0.896329120539964 0.189097531406375 -0.401043926880998 -0.0495951163426839 0.530884233893857 0.111357164425602 -0.359539763803126 0.0689221684213519 0.241138947920723
11.1207718258424 15.907900656194 -30.0323487454646 -0.306432315129445 -0.544454245835011 -0.780812916412486 -0.420634786283085 0.813292266735077 -0.402022468821663 0.12748676421828 0.45671018618035 -0.499134127888561 -0.21443092620434 -0.592181604417075 -0.471712878172327
11.0563804028108 16.2799514340499 -30.4443207969919 -0.584479018531348 -0.539654357753713 -0.605935187172845 -0.252344245758734 0.830630385515102 -0.496362311513961 0.301113218732425 0.0502888638876991 0.58608841906915 0.534428232321086 0.359243035792148 -0.320070597125865
11.1955898622897 16.6383948359248 -30.8218720911903 -0.90407617114763 -0.404622670371099 -0.137574602978955 -0.21206203227913 0.704208238511908 -0.677584276144081 0.219485984871795 0.369092760904884 -0.132044110287207 0.786373186500197 -0.528127653160967 -0.169826651722157
11.7765570282646 18.0621362079944 -30.8021446370034 0.585996717642829 0.76431296197829 -0.269134804630774 -0.302245643991828 -0.101999434794152 -0.947757187253004 0.0353648462910003 -0.223769849517189 -0.306771589719579 0.00838692627163065 0.133675573546098 -0.00670794252200734
11.5172999245369 18.2814399674427 -31.1560574013475 0.946937801212898 0.14764331669955 -0.285500002920999 -0.277833132436988 -0.0706218610432076 -0.958029907290478 -0.051035719229804 -0.385132704206088 -0.578164793498552 0.390099529762352 -0.383169138522301 0.410084727753393
11.3587876177092 18.5758625608604 -31.5914445561472 0.935892552565459 -0.217079081047246 -0.277455947177476 -0.242055683957313 0.175981522442038 -0.954169560205562 -0.366175972737621 -0.554105388819939 0.551583959971309 -0.287614030867338 0.210849594821444 -0.452791228061679
11.5367981383103 18.9233932782904 -32.0333022527923 0.407357165182899 -0.878329568291942 -0.250194543182386 -0.208602006396415 0.177227030588766 -0.961808599751615 0.212060820125237 -0.0796542467390805 0.0283210796654405 -0.177286095381579 -0.211544541449222 -0.269519217440109
11.7772570699776 18.909056341234 -32.4749187241445 -0.237830411711851 -0.965660796667252 -0.104574954193803 -0.0463289343355793 0.118819640691471 -0.991834423091485 -0.498808128181777 0.239103471522317 -0.326827613475804 0.489432191509239 -0.374099600570816 0.218842967281842
11.865727697796 18.7979565637487 -33.0707455826829 -0.526740694093843 -0.83691753966337 0.148705322666224 -0.209960642430296 -0.0414202260449875 -0.976832070268332 0.313350476656349 0.235516428252882 -0.0477086333147431 -0.273414891033605 0.342438298563554 0.0322447211982251
11.9588479804711 18.5658661619762 -33.5235904831118 -0.905197306931602 -0.296902258655754 0.304083679813562 -0.287400275338011 -0.0994483151265627 -0.952633777668088 0.0854009105707845 -0.369809296252022 -0.00858415612574275 0.288346510857255 0.0751293511297599 -0.28629115102386
11.8917500303456 18.2224114018322 -33.9408583586587 -0.912059510598154 0.0933789244395085 0.399284141430816 -0.409170202594661 -0.271280756921184 -0.871198310508531 0.145267427432589 0.259405722401652 -0.0217462414181069 0.161852229373272 0.257985393233319 -0.174513900366283
11.7256508291762 17.9490448853205 -34.2654294669471 -0.549554366189035 0.793080986964274 0.262702391916148 -0.416629027878329 0.0123998398305276 -0.908992022573089 0.167450631991048 0.129088186219805 -0.23162636397717 -0.568208404751959 -0.38889757096129 0.655042230077683
11.2212408002076 17.7735570995517 -34.4540777649388 0.192091363965913 0.978845517210826 -0.0704440297393747 -0.446828023150365 0.0233260515689821 -0.894315723358134 -0.360521745599923 -0.215152534865505 -0.150995606011156 0.438608975401035 0.0711497935558466 -0.024178117886026
10.8501740326156 17.8496594703289 -34.6764486219582 0.788246839048031 0.418882912592125 -0.45078157268123 -0.426210959856654 -0.156749774311323 -0.890939799285748 -0.473324401372036 0.982012448588591 0.105987065830111 0.696152226325517 0.378315216678089 0.211531566640752
10.6195052343123 17.3719788481534 -35.6533183998345 0.637963010992489 0.702827019660831 -0.314702044861517 0.763328497238534 -0.523217829861328 0.378909894062852 0.338303771649731 -0.00206550097251255 0.0304486298729596 -0.160268043767897 -0.477432049092162 0.778845541808263
9.99139886361622 17.1558662093589 -35.6188833045585 0.665593956787656 0.28008431291534 -0.691764022153872 0.62785406917886 0.290953146121301 0.721904103449847 -0.015934100943841 0.131663796803358 -0.0286949746592968 -0.00468732618909212 -0.167538161645864 -0.0753980817121415
9.07222875223056 16.2511323507478 -35.2155760946259 -0.411430962868215 -0.563557404405601 -0.71632926418859 0.903667757035336 -0.354649280201232 -0.240017651324435 -0.0157847425917198 0.373976931854516 -0.376192582698632 -0.372749976504995 -0.438177413748576 -0.279388228026256
13.0901990929988 20.4359070144402 -34.4466612197817 -0.824406055630158 -0.561222267714202 -0.0733772557543681 -0.21096489379058 0.184387883937086 0.95994527023422 0.0653683816046447 -0.189921304123061 0.852200524618302 -0.652239660084119 -0.47020602459994 -0.66948805043065
12.60395370307 20.1737857432408 -33.7084093974306 -0.390537123973327 0.883621645164419 0.258250930289666 -0.375116978114608 0.103438621019953 -0.921188202492665 0.638401909851273 0.433192117162182 -0.117240908874568 -0.0885483977565592 0.456062999587234 -0.165030809710978
12.1953859411162 20.1030726494704 -33.9107132893439 0.229736047832435 0.968728649887622 -0.0937344718501525 -0.447581351324868 0.0196384925150839 -0.894027551900959 0.624298135253978 -0.689824324880521 0.48717085379374 0.476767568685118 -0.319352036242519 0.207204238989602
11.9150970147324 20.4510022338794 -34.3651561882951 0.926112272381757 0.289496615286864 -0.241883791688064 -0.310195106130777 0.219465157243578 -0.924994076137045 0.0815690454711167 -0.24157584559053 0.544101116398932 0.49891142728371 -0.151269182613531 -0.0136658028516213
11.139805572023 18.9756398823381 -34.4323364729983 -0.0694328355392834 -0.99476473926066 0.0749812968191574 0.115921201455271 0.0666081268212632 0.991022518661608 -0.215961465618458 0.197951374121505 0.0465328007757235 0.158072449698789 0.0758504178089484 0.113093099744883
10.9673204637414 18.802847660209 -34.010108901752 0.657308032658975 -0.734095963408737 -0.170438454314027 0.247417865244126 -0.00341720037745535 0.968902844819575 0.0754791166465707 0.192505596678304 -0.0787391934684798 0.783139835929631 -0.114604917218358 0.425868210976766
10.8282549476559 18.4772675468942 -33.5724463417722 0.915249920694602 -0.26354807512247 -0.304729379561138 0.204091814361106 -0.348844442431724 0.914687972095 0.0332115130514276 -0.455064786405658 -0.489676169079411 -0.310202082390487 -0.387248181787528 0.0437710147725273
10.9032633076612 18.0934978909275 -33.2249417778782 0.919796678917283 0.30392693732693 -0.248198481501745 0.316699097261253 -0.201532974394246 0.926868999387513 0.527516754740895 -0.0269864055488287 -0.276318125517444 -0.384179148420828 -0.562071892207882 -0.206052294937362
11.2076511181067 17.8549753191988 -32.8332337775689 0.534724282534321 0.808705453135693 -0.245082499858547 0.456314526435604 -0.0322325351089863 0.889234567841541 0.302043583656445 -0.267250519012766 -0.0740272870348528 -0.135036147232344 0.344889833375168 -0.241064814065624
11.5917914804027 17.7624801036542 -32.5825367344628 0.00325454284897139 0.997145247884525 0.075437143186553 0.578472619119099 -0.0634116848570828 0.813233291960614 0.143288341151438 -0.486505295161311 0.133616611577792 0.522646399179095 -0.584599396396111 0.372737089335365
12.1240444032689 17.8790237654937 -32.302722158027 -0.475780554795121 0.864747505165715 0.160762607557571 0.445513028275688 0.0793362851982506 0.89175327052247 0.0629092327240112 -0.39122741109279 -0.0653552525003962 -0.419625748441984 -0.611182358219788 0.225242560453976
12.3982584819747 18.1418297371804 -31.8746685099045 -0.774929012128881 0.597074193452247 0.207334111217051 0.416395731655256 0.235490569235128 0.878156470374498 0.957057717017879 0.0782014704955778 -0.583892379425731 0.256127808084912 -0.387294764120888 0.211711733848743
12.5868445356903 18.5380183219213 -31.5373512658155 -0.939997775900672 -0.0669508944970817 0.334547095380763 0.303949898528325 0.281083090002917 0.910278394612934 0.286555081353019 -0.0756409749550054 0.367161292158331 -0.404031111895859 -0.464652491943765 -0.24424773216201
12.4754313152405 18.9519431762884 -31.135667780737 -0.523202826376205 -0.781303220102118 0.340329370948088 0.142456548381239 0.313548273924799 0.93882565566885 0.361855891206257 0.445300955086962 -0.353334169049922 0.0195596709249952 -0.0389946384851079 -0.216842070163858
13.3550309242477 20.0344096799507 -31.455451264627 0.277710064699185 0.0869579750706126 -0.95672118746085 -0.426690191258825 0.903434056303614 -0.0417419045364797 -0.0349941170010405 -0.0749873373881037 0.0942335032197014 0.426681715405459 0.0666967985112989 0.0446512261559343
13.4123996125638 20.4861145367527 -31.5440983011145 -0.544503986033754 -0.288459171336291 -0.78759552796178 -0.41658756196212 0.908003302639632 -0.0445511572677533 0.128595762196532 0.423125829299893 0.0662252106444846 0.286231308939024 0.0899899484431541 -0.00597289239884137
13.7330454254506 21.1056950056398 -30.510221873829 0.485951943553115 -0.644464951796464 0.590352127516175 0.792922577212066 0.609197459328071 0.0123386423754519 0.0910592490705463 -0.559221961395625 0.631208755632097 0.314304040371642 0.200092908861494 -0.311794347471113
14.2344915442826 21.9811596320277 -30.7588471746681 0.227134396062091 0.315238936122574 -0.921430615552828 -0.297883831818588 0.923300270588778 0.242449650591648 0.6011323629123 -0.165821164839935 -0.155157687240809 0.222238562106728 0.0572478385929497 0.00600499750712457
14.2503484246121 22.5388386210848 -30.7558392303806 -0.160949205153009 -0.0986819265548209 -0.982016919778954 -0.167004136528223 0.98336417513396 -0.0714459057299939 0.831234044460503 -0.162456140278299 -0.343862722702595 0.000915333683030633 0.426729475203476 0.192540598244848
13.9992004744528 23.6518487151883 -30.4627676540794 -0.143740214976923 0.970224342925126 -0.194944799863838 -0.988197578377297 -0.151262990154453 -0.0241878874385174 -0.130896730541775 0.415604667823079 -0.273193819193609 0.16982494834882 0.0420322581195847 0.140808764930956
14.6523071867354 23.9856258721482 -30.9467517398652 -0.712720773947905 0.657915524184185 -0.243261713840012 0.185023994982403 0.510847562161576 0.839524204245588 0.39333467558205 0.375646383617289 -0.215522878766376 0.471929279748627 -0.610593550022348 0.629201718852097
14.7715819884279 24.4040053811454 -30.6674018630619 -0.997050663378585 0.0322836209198178 0.0696257314260394 0.0766286852089305 0.468951110491392 0.879893687084987 -0.552324781402763 0.0293374160609348 0.062380131747211 -0.297527691684307 -0.174232666046487 -0.302622596304503
14.7005875561328 24.8143307683487 -30.4635571311008 -0.629963250924554 -0.58557079850161 0.510150117540601 0.206602768100453 0.506851153696022 0.836909316599036 0.282967575051005 -0.39557097906021 -0.23517379294565 0.11253741722609 -0.0909143240323584 -0.103635730430729
16.1785682810853 24.27637224787 -31.1552040976053 0.391033410170098 -0.601890169316922 -0.696290956576634 0.321314505734606 0.798203507957086 -0.50953719029095 -0.121205883121253 0.357060432963585 -0.0525845179311021 -0.339026129440246 -0.133950800263668 0.169738158592465
16.6341063069581 24.4212756841375 -31.2421647224029 -0.167248010733245 -0.223475631417269 -0.960253479591827 0.384277485063864 0.882167800188174 -0.272232964175922 0.483703434024225 -0.067974001807625 0.0271154233085909 -0.363274842285085 0.0784534154104892 0.716645833024554
16.3876213174496 25.4670803038987 -31.7216627571153 0.304839918331987 0.0271071027334239 -0.952017767256851 -0.331858533834364 -0.933926984558106 -0.132854435513483 -0.378194360274772 -0.0588254000462643 0.191929129744177 0.319893008624726 0.159663066783117 -0.126709221844456
