t = 1000000
b = 105 105 105
E = -0.274241710029893 -0.645674909750036 0.371433199720143
1.8900126309839 -8.86259327191792 -47.6635440903347 0.467846230354321 -0.280253035561175 -0.838199344310267 0.819579891548789 0.492511546142452 0.292781792953942 -0.287864928599964 0.0436836090674605 0.218533983591932 -0.329998214755331 0.503335625283835 0.736514124021651
1.52998870473795 -9.40546419277041 -47.4346601685567 0.373753389752724 -0.00461984686365034 0.927516609373265 -0.791391646341756 0.51994557139141 0.321490069661469 0.45607610370836 0.0182031407968771 -0.243397176787532 0.371438010617465 0.439466791583109 -0.098882632389073
1.22139649744898 -9.4938846372884 -47.2109147888265 0.473486736143164 0.754778200784166 0.454004601648087 -0.871911346314081 0.474693262493004 0.120153696208317 0.252700325604689 -0.589633445168079 0.483863431887285 -0.00680013371667721 0.303846413526108 0.521906711363655
0.768108410241004 -9.4733141248775 -47.0160683385333 0.480007827789083 0.798034302748305 -0.364326415317681 -0.876834019930566 0.449446138359259 -0.170763784821051 0.2110914255364 0.0602849005028714 0.809747834178923 -0.0515044774000941 0.0702562205943178 -0.0172229670737324
-0.563713617459991 -9.5135706981275 -47.5856058523509 -0.653059158141053 -0.584694194112556 -0.481296618873682 -0.187641511072332 -0.490789658281139 0.850832636096393 -0.180082864418483 0.556138635144249 0.277774583086888 -0.236767487326603 0.182209740172542 -0.423620018589185
-0.503898583770203 -8.94563262683658 -46.7533866794025 -0.115786332434204 0.781703061587993 -0.612808166333888 -0.885591660638828 -0.36063189694437 -0.292697874117915 -0.275253358930253 0.133907711129556 0.182488774357248 0.359665498169005 -0.313065654979583 0.131702463320716
-0.0878287822760962 -9.79835981690131 -46.3009118028004 0.910560496926339 0.0363748614501054 -0.411772328953663 0.401827065990791 -0.311698446632266 0.861033731862021 0.284592478629328 -0.693435619922859 -0.0650016223578458 0.714593687650676 0.02054251853486 -0.153642945982476
0.188161192680124 -10.0841194295699 -46.0527575558169 0.666410209494615 0.738965647383636 -0.0991322584646491 0.506193991270709 -0.350803430783762 0.787848079360361 -0.254626111451188 -0.0456969972660936 0.333487682807602 -0.31025401549754 -0.637362440531226 0.268578916190024
0.635011193738928 -10.3514196549218 -45.9159441707902 0.15412225923073 0.952999793387147 0.260840416756246 0.619495979789169 -0.298864205851838 0.725882165014117 0.0791232373547642 0.168021175157769 0.115353676046616 -0.375692895963978 0.297626967947473 -0.314898887972031
1.15639392608077 -10.3666720884559 -45.8270070299357 -0.390631279470099 0.663821708533507 0.637767938030161 0.620124951409532 -0.322265281380758 0.715255292225058 0.207752099059039 -0.616285016196326 -0.0557820048120665 0.271565333515239 0.807796939015438 -0.215644367135042
0.896045759778838 -10.8957632229111 -44.9038975311019 -0.518972577047059 0.763786479904186 0.383793795401313 -0.528865631520013 -0.639644793078602 0.557813304327083 -0.0424011603185842 -0.339751950331032 -0.370066673662891 0.258607358418927 0.511291728273595 0.330123121481282
1.56437066624839 -11.4108577018272 -44.7326630796031 0.663638581708594 -0.172999399967795 0.727774031192924 0.0433037457229029 0.980143612492155 0.193502673100853 0.308345758380725 0.178122866315399 -0.0976317572104415 -0.409350846008135 -0.00325151913396931 0.0447272420915363
2.22142908986877 -11.9710672776614 -45.6487182659559 -0.43160119783021 -0.229128368020545 -0.872479568242062 0.849912662331359 0.220809568045692 -0.4784261709693 -0.538646908585579 0.297534911825533 0.131518246112215 -0.311058809619314 0.0421237964013793 0.27717217258078
3.31310853377617 -11.3145646693413 -45.3970522005281 0.218870236830449 0.953495418264369 0.207225256130916 0.716636230513711 -0.301213061370896 0.62904944541314 0.66927987505144 -0.402527580957578 -0.113919158403356 -0.285541201096629 0.24389420085195 -0.023339557643214
3.83704642706615 -11.2346322430723 -45.2203480368923 -0.411909296143834 0.670968012308594 0.616548990923745 0.742952537693685 -0.144460494216146 0.653569194764709 0.100824718956071 0.396100340299712 0.42145442734528 -0.0845919477613223 0.272342270941067 -0.166710719801729
4.3953962644701 -11.2626703121265 -44.6800018793622 0.382929786912463 0.680400163880101 -0.624836294790102 -0.127816493527196 0.708911210580144 0.693619376528719 0.289147776613863 0.278627183665339 -0.417887088792106 0.472240155687752 0.124016403942959 -0.501893045279424
4.57605778153747 -10.9884804175728 -44.3410081022801 -0.270564701130998 0.608703328863134 -0.745838454313446 -0.0394189690942217 0.767080094712771 0.640339186034179 -0.0730847413777264 0.422600133694717 0.000230611459637666 0.538880859692396 -0.0344190940783379 -0.429700041330719
4.75082565009166 -10.5177191995162 -44.0825915586233 -0.888806264537521 0.150656759898182 -0.432811696717648 -0.206051659321964 0.712203934688469 0.671050124137436 -0.0698817041192378 -0.444531402536839 -0.118457119062546 -0.364171454677492 0.0451953210515181 -0.620114344402089
6.10431756692346 -10.4406042952109 -44.0604252474789 0.88033574915269 -0.415117866322299 0.22953458524525 -0.1153988181419 -0.656776407249017 -0.745203236474827 0.362032128905615 -0.142055137751367 0.0329154514268696 -0.0293759355709928 -0.741361625720149 -0.540121220311288
6.30545200729966 -10.6377977707742 -44.4689588655902 -0.00655567727292943 -0.737555439312993 0.675254764541077 -0.145470873025578 -0.667382403912819 -0.730369051951725 0.0120287213783816 -0.766659907217472 -0.293529161980698 -0.11634868457027 -0.097220273041584 -0.402452913378351
5.86503181252063 -9.93071011765226 -45.1472497002251 -0.84632678322643 -0.436738605560271 0.304943218332494 -0.510725023813199 0.827943263858161 -0.231667653942146 0.210390845705983 0.0376474717526411 -0.201345628744314 -0.100424994665467 -0.147247415700687 -0.569041681653146
5.59005770039078 -9.71938919485889 -45.4714796436854 -0.500022619726453 0.00732550315418427 0.865981360518401 -0.554236320130908 0.765651644558863 -0.326496034634407 -0.176703158561428 0.110731748598202 0.386552359926709 0.242455250014293 0.452929245584712 -0.495947002930103
5.19001514294087 -9.54514085919409 -45.6434477568339 0.184474241311363 0.345886567300399 0.919962899715956 -0.581932057851035 0.792755138658597 -0.181368051695413 -0.0268030439088831 1.07304019348836 0.396150161268068 -0.0951642561368691 -0.0157399061335827 0.142044182823109
5.28352636878465 -8.89214945018217 -45.6643080213673 0.875632797664979 -0.0302810403306447 -0.482027242227864 -0.378171726095513 0.577810820985067 -0.723270904111525 -0.147256400576501 -0.284414511677454 -0.0481071717246158 0.769161388900522 0.277556323653389 -0.309582263413909
5.3826782193752 -8.50163211068502 -45.9729369467153 0.431215491521537 -0.649023108024127 -0.626755299237582 -0.181028977444445 0.618295621344251 -0.764813071248084 0.112455750510299 0.00648128028298093 0.0045913320257916 -0.208655370465006 -0.194654340975243 -0.458466369117583
5.52228181795784 -8.25021309901703 -46.4797009707212 -0.0557041731669359 -0.944214566073144 -0.324585733369393 -0.221152948048091 0.328683719398476 -0.918182109481642 0.749607578155346 -0.0942835741803851 0.128414819401795 0.406161007813608 -0.0757600754071209 -0.0692105138784263
-18.6290625537748 5.95834158389655 -26.7519593440006 0.552822746476746 -0.575254402455197 -0.602884220587743 -0.415997294600681 -0.817405584692839 0.398490101505259 -0.121765062863784 0.219268951358729 -0.208562421589039 0.123835237160999 0.320490184628627 0.243354414072448
-19.5903348349606 5.67327833458566 -26.1139136796098 -0.517856200220025 0.446203900817701 0.729881521062646 -0.394526675618775 0.632475780030378 -0.666575644544764 0.0034415853982783 0.239561955960552 0.162316929994324 -0.242004776100901 0.0760885017044313 0.0696290253914207
-20.0747007808075 5.80965483258442 -26.3336048123549 0.170427643284721 0.829886204691489 0.531265758041138 -0.583605615903293 0.519428914669142 -0.624177929513493 -0.0409486616589194 -0.113319664942171 0.750478624581995 -0.729791261101953 -0.309816868406572 0.180263648224145
-20.4965770032973 6.15573996396037 -26.4968170516021 0.881441856417925 0.468435173100745 -0.0602390434551743 -0.332241060476719 0.524347974208403 -0.784012168066851 -0.186533333007357 -0.132607371400731 -0.13333155111379 -0.322296212130556 -0.552562849603996 -0.0890408427998517
-20.6301992380051 6.61723979994404 -26.5979503955414 0.674089844635997 -0.212474014119009 -0.707430332034657 -0.602043068482782 0.396847347562294 -0.69286097193052 -0.377472053065049 -0.221683871003374 -0.258922605746344 0.320159948731972 0.382989404587376 0.338495501183161
-20.7999038320697 6.9207245152418 -26.9928755593626 0.188244889686491 -0.919229986271794 -0.345803548052449 -0.80502255794075 0.0572722151595071 -0.590473178541873 0.0417137932409112 -0.140209414079902 -0.316556729645487 0.524132756549143 -0.0366789825473661 0.249934281350304
-20.9735046873575 6.9594491195118 -27.5014900220508 -0.0712283850027344 -0.983384159866454 0.166979373857046 -0.870938122603024 -0.0202840303145955 -0.490973873756082 -0.0542122348244702 -0.311653352141066 0.0551182586684682 -0.143609342197129 0.526337138554419 0.291403139858495
-21.2415601196669 6.77375786394808 -27.8501342499517 -0.433338281126495 -0.266262692553605 0.861000646146484 -0.872168718415596 -0.11676047469497 -0.475067067019289 -0.220876231449489 -0.154878894251424 -0.0749058656530344 0.0545362105420919 0.280157042029487 -0.381241612179502
-21.6541615839172 6.49400985786343 -27.9813262672481 -0.339324758049468 0.242738165783061 0.908810701657324 -0.877137587102346 -0.430683055361841 -0.212465901067313 0.685437480389165 0.428960598309881 0.174431316441391 -0.126285917632121 -0.0405372374024265 -0.553189805531245
-21.9297398707393 6.14490767699287 -27.8554865053205 -0.421736949530673 0.896712468969555 0.134330537835591 -0.828636570487013 -0.321021209039668 -0.458592212535453 0.505561368579268 -0.109269270267245 -0.15442294814258 -0.247800770430816 0.126369930308833 0.0799804036016574
-22.5046455387955 6.16021707784252 -28.0720749842899 0.0650195555156013 0.940374358721737 0.333869020514583 -0.797721623502091 0.249989649869733 -0.54876715130839 -0.796692329643199 -0.372040993676726 0.0384378362492125 0.117208906817072 0.134822233814888 -0.0736257110106285
-23.0117581802079 6.22255068941051 -27.9457244497067 0.358985704883797 0.821084041181004 -0.443790785175715 -0.858755552457573 0.104314892190225 -0.501654566799413 0.0915239603768406 -0.13554830394193 0.88201898975861 0.130038851413242 -0.599858190334642 -0.0569548561651226
-23.4329370603397 6.51696827814134 -28.0355357157364 0.607675210562695 0.225681796931184 -0.761445050546354 -0.794173570696036 0.167392106293059 -0.584181668968308 0.00832809110166025 -0.0701613973590996 -0.0438417291060489 0.00101755534518941 0.136643286136676 -0.196010749637159
-23.7638215557161 6.80489468608006 -28.3267262262729 0.477038734626709 -0.592801350091693 -0.648861005913608 -0.721334673288012 0.157697968568384 -0.674394276237414 -0.244427860140228 0.0210639205744852 0.313625861252036 -0.00293931511140698 0.00828579174871197 -1.06376289440395
-24.6701467590011 6.23712961123059 -28.3363107677061 0.101520730494235 0.712890483940207 -0.693888102785474 0.994454619044469 -0.0919675388767307 0.0510096309910495 0.0570439543987692 -0.117888073016915 0.429985491664466 0.355821434126838 0.103331375354984 0.532753570492793
-25.7188357097183 5.74544160119462 -27.2023555009629 -0.97033853021802 0.160322686777331 0.180941352041883 -0.241749803149881 -0.644777898324633 -0.725133432210239 0.341626784545458 -0.534023426349385 0.09104740905184 0.0327616018482583 0.314205632873199 -0.277555063323904
-25.9932514230023 5.36902293604287 -27.5103840023005 -0.839963011472812 0.317433029144099 0.440111816889663 -0.522339001974539 -0.692759150276653 -0.497239104178555 -0.0380258176401311 0.577856687076841 0.108595155595552 0.2450241197278 -0.11288127535195 -0.144632437553904
-26.3424307333015 4.93914924952529 -27.5568131912606 -0.724507872847312 0.681685927950329 -0.101944287809026 -0.563843891262159 -0.67122324984864 -0.481185426991572 -0.157511479140483 -0.146954082701079 -0.167272574273468 1.14919945467151 -0.111388923314435 0.00831829854098969
-26.7637946752784 4.71703997077417 -27.5843816562442 -0.11052603244612 0.648824158050429 -0.752868652609456 -0.524162263464506 -0.681649870286967 -0.510497185004598 0.390671359247096 -0.409867737309483 0.577197084558214 0.550495844050817 0.0738558069226249 0.816603755523743
-27.3540329484449 4.71647451727584 -27.3245802903084 0.284284360093558 0.49784211794077 0.819350735772186 0.391697014893386 0.719723064335257 -0.573212141521148 -0.125997174527539 -0.487610461505582 0.639803090218928 0.474297400546973 0.156624076574616 -0.334039792798403
-27.7084523684288 5.38791501786529 -27.7290110916298 -0.520138628561579 0.566891356155222 0.638819221215657 0.825824347785934 0.143011974432154 0.545492183053947 -0.238884352790537 0.587656639297562 0.119596152071599 0.176310549300651 0.522936091441141 0.248345403075059
-28.1797632210668 5.01150389200095 -26.7699301927576 -0.734619932965336 -0.677739206403518 -0.0316721043415349 0.418893094294206 -0.489781777419399 0.764619111754657 -0.38327035700632 -0.422118651696436 -0.223797299316472 -0.0892264809840996 0.279605439551934 0.455589883197767
-27.1744125580844 5.72410118761139 -26.2682156374 -0.414328902924154 0.124038789621916 0.901635147313339 0.593890021340772 -0.713840857063833 0.371114366925085 -0.472457164489802 -0.459865002107753 0.608221179227393 0.533910814786195 -0.198308315792611 -0.0387405993375688
-26.7789974423638 5.52731387345509 -25.991782722804 -0.756339008730281 -0.142672085598632 0.63843243954526 0.605400095560501 -0.522440869733427 0.600455045717301 -0.652619141810358 -0.692705780146721 -0.400016243830895 0.0792141343856726 0.0624188421214001 -0.696991529804909
-26.6487591646056 5.56132007875324 -25.5295813095915 -0.672392902061243 -0.734768296998046 0.0894613602871132 0.529717109443016 -0.393250090259693 0.751501264452716 -0.0860762498468759 -0.247871924390615 0.0556675277042618 0.0785446823926617 -0.437240141181019 -0.672512983935741
-26.6068693382006 5.29722512599294 -25.0310857593185 -0.188605687755072 -0.806708001887309 -0.560044725211712 0.50225409048109 -0.569290941071851 0.650882979504409 -0.162155874557523 -0.119452111211044 0.265874623754722 -0.0415505340940857 -0.147236117938753 -0.0924716486324656
