0.999999238518982 
0.9999977063522534 
0.999998742905019 
0.9999968892014709 
0.9999978027104403 
0.9999979966199847 
0.9999955116044146 
0.999994418515034 
0.9999980713962895 
0.9999975398274057 
0.999984338312835 
0.9999987782399303 
0.9999949425105539 
0.9615248519107772 
0.9230746359362795 
0.769229491414898 
0.576922157260978 
0.5769216019902804 
0.5384603766593042 
0.5247411061418313 
0.5384599743160371 
0.49999712979713556 
0.4999954248961076 
0.42127758743059573 
0.3461524632834866 
0.34615305974818955 
0.34614381093196217 
0.34609892291201894 
0.346152992672245 
0.34615147782117117 
0.34615199357722065 
0.3461526347058634 
0.3461533653968297 
0.34615326386348116 
0.3461456120936319 
0.3461532936039422 
0.3076918241098008 
0.2692300272489606 
0.26922809091938704 
0.2692301691266008 
0.26921886473000495 
0.2692287085830341 
0.23076889818594332 
0.15384617959755256 
0.15384555294560667 
0.15384589540653118 
0.19230764108389103 
0.15381643898757583 
0.15384405599410475 
0.15384529688175294 
0.15384613491678858 
0.07692304830978171 
0.07692303697776154 
0.0769193406611317 
2.2205727363464463e-161 
0.0 
0.0 
0.0 
0.0 
0.0 
0.0 
0.0 
0.0 
0.0 
0.0 
0.0 
0.0 
0.0 
0.0 
0.0 
0.0 
0.0 
0.0 
0.0 
0.0 
0.0 
0.0 
0.0 
0.0 
0.0 
0.0 
0.0 
0.0 
0.0 
0.0 
0.0 
0.0 
0.0 
0.0 
0.0 
0.0 
0.0 
0.0 
0.0 
0.0 
0.0 
0.0 
0.0 
0.0 
0.0 
0.0 
