t = 7000000
b = 105 105 105
E = -0.0860703640933209 -0.453262285403929 0.367191921310608
-92.5897684813005 24.0147018284088 28.5404114915556 0.330999073186536 0.402888804684901 -0.853299610107322 0.943411543127641 -0.160793880258562 0.290034460650553 -0.146143431227338 0.222053555769252 -0.0483043578707438 -0.0988297886995903 0.651442235469724 0.812058500022866
-92.6982089898725 24.3912777458551 29.2754440923244 0.367209628294266 -0.7458050336407 0.555816463127887 -0.357193589525011 0.438674320247427 0.824607531106351 -0.198525777154991 -0.0770943650859925 0.575302398067088 0.137073512924798 0.291005388948269 -0.272674771036508
-93.0288316267531 24.4422724886447 29.6265435968497 0.872924016009044 -0.252945113584142 0.417159959474131 -0.248106365352918 0.506076757690502 0.826032412679438 0.448321743475267 0.460975938394525 -0.0710927024813311 -0.0107912476037341 -0.129119822681799 0.293481516319733
-93.7308885951286 24.5608866250278 28.4868938674668 -0.881117679352752 -0.319454067588809 -0.348684289627032 0.123639706951031 0.556068867316424 -0.821888458165775 -0.165421181985247 0.235350108711015 -0.680130300467586 -0.39285273791942 0.00364014328014886 0.0838663339979327
-93.3533865400004 25.6518028271578 28.900089428062 0.520854862923683 -0.265288301748039 0.811376810566086 -0.106444737384435 -0.963250288228252 -0.246613868448492 0.190202072304354 -0.0433088546927503 0.306404952251314 -0.307395004886296 -0.0247103728117995 0.242285851255264
-93.5322242638888 26.3288459979815 28.2077876768752 0.753437819792181 0.521273198853659 -0.400756414625194 -0.60624891023156 0.786695906153134 -0.116498111937 -0.407370050580751 0.471692577437562 0.301220892710631 -0.359001023056539 0.856654757800711 0.356697145145103
-93.6361220184375 26.1377481696816 27.0551022362905 0.40417078383141 -0.0364405060743532 -0.913957366081059 0.588328514034589 -0.754729752152163 0.290262916664142 0.233751753981176 -0.161219918299619 -0.137825015184358 -0.243086644964762 0.453829237500559 -0.228076378168638
-94.5080938873459 27.1714600209226 27.1038302736181 -0.968870539181849 -0.18794007742334 0.16114715512023 -0.044682140242356 0.772980176527343 0.632854764570057 -0.72827424557201 0.184123173943786 0.0871387746826636 -0.566971963223394 -0.425332882543033 0.0456939362870667
-94.7606456773629 27.5779330045478 27.195035674713 -0.43072246597858 -0.494339691239519 0.755053923217785 -0.137244219091054 0.862787219784982 0.486582200354678 0.418763460335602 0.219964637028858 -0.178405879965282 -0.0508857612682577 0.161132596359859 -0.136412598111031
-94.6363876375879 27.7951850719494 26.0470364086525 -0.192008394208932 0.497377080184163 -0.846019394967223 0.625005536130894 0.726606665467897 0.285325837426908 -0.0215661297044664 -0.370051256916091 0.106025068954629 0.0437035413421126 -0.25749034162176 -0.278295194384094
-94.2016711793449 28.1916352742218 26.0652627107442 -0.720497534242533 0.262546980502764 -0.641835170569055 0.333721108355541 0.942608152103879 0.0109587145734072 0.229920455426205 -0.196924188161837 0.779348507222924 0.116865616182863 0.401159608926624 0.268607914305417
-94.1203795996934 29.0567834751131 26.6919745153568 -0.280141573518959 0.181381027989504 0.942667290973854 0.53262549612578 0.846338750529055 -0.00456072684255884 0.0894256515665264 0.325771543133963 0.290113991291149 0.368185512763586 -0.0053741301542351 -0.0786698148433122
-94.044092014316 29.5491590105586 26.719275209557 0.29590407464653 -0.336781529670701 0.893878615853689 0.521162035169947 0.841154171990358 0.14439457067739 -0.276202392716304 0.0511033157679627 0.123063684573679 -0.0228436752890598 -0.0570377024405638 0.188754569422038
-93.177262878076 30.194993453979 25.8948167506528 0.96567814216323 0.0230646843441264 -0.25871556985219 -0.052764203530114 -0.957861931672453 -0.282341032581051 -0.234124717331125 -0.175101610852606 -0.0216335630421332 -0.39695038403573 0.163818666122665 -0.20701081759868
-93.1866246046271 29.900704050601 25.4535108735781 0.676791723404906 -0.488940745672195 0.550354349807628 -0.224235293538853 -0.848978666936207 -0.478491124493132 0.17316094809387 -0.131882351254976 0.29439298857996 -0.137145990288323 0.655963783960102 0.464826677206716
-92.9795417227708 29.5724067710204 25.1418479618331 0.0209156490052856 -0.505605828847805 0.862511032661106 -0.120653701605258 -0.857671148724064 -0.499842860242172 0.477504942985098 -0.311273369360916 -0.247984944594314 -0.171648706122666 -0.388743373471796 0.271337858782165
-92.7804658585827 29.1564437782945 24.9283291592146 -0.360610180288343 -0.254505312824833 0.897322318688437 0.210454463557027 -0.95944480990235 -0.187548861687268 -0.270125740696493 0.116016211155265 -0.766338778926875 0.135179457645893 0.0561075210472511 0.111837858373182
-92.5264055216602 28.7761983110752 25.1375783948824 -0.93520464642923 -0.224837407209821 0.273569752744195 0.204020354529815 -0.973565719683939 -0.102691208943386 0.157637346045046 -0.018289905214215 0.74916400979407 -0.400138095739976 -0.292531421045294 0.280638352992039
-92.4057186058399 28.3418113751157 25.3530136049868 -0.826392046490448 0.043779549160303 -0.561390716500341 0.133798132713257 -0.953153243526726 -0.271287585482711 0.0592312757759825 -0.624512428426263 0.0073232895687862 -0.117558433113641 -0.425506501851943 -0.258718252118942
-91.1280269753177 29.3624927420082 25.8014030959293 -0.07667206871042 0.499737687005422 0.862776702320142 0.168320013153251 -0.846416796725033 0.505219733772994 -0.0879882122857248 -0.141638889814192 -0.149982047636855 0.175024466090696 0.299648336500874 0.0371478760727475
-90.9027174833556 28.9850622039555 26.0243029405046 -0.76193324042388 0.432375984193624 0.48219160655247 -0.110258370851104 -0.820247073734427 0.561282308368116 0.213217705137441 -0.441950583201826 0.167763904921625 0.248185525129992 0.050005897841312 1.10199684163388
-90.007527797427 29.4879305769979 25.3830152147623 0.300373286279277 0.95359124024119 -0.0209674849425046 -0.539103983344537 0.187865770735879 0.821019699719844 -0.0466522580452467 -0.160776854327399 0.504220383530648 0.560649950288695 0.288616474449811 0.42060885828494
-89.9745867976424 29.5835874645302 25.8311813352994 -0.367884673250642 0.880358929840753 -0.299381064592893 -0.334918094419857 0.174902860378303 0.925871945498812 0.0822150416771079 0.4347038510589 0.754065478730761 -0.0932855143409535 -0.51590293250039 0.355640806478077
-89.4001828446046 29.1739031715099 26.3577937480871 -0.526966826131033 0.507348225031312 0.681838501930861 0.515883796673087 -0.44661355941272 0.731026837318126 0.0593990380069319 -0.11545364698777 0.302235594708016 -0.723720968430128 0.414009628691642 0.164163291053792
-89.0892540787826 29.2052378928384 26.8199432673865 -0.916079296457945 0.0628070350717573 0.396047975561361 0.36085038970327 -0.301631520733016 0.882499530850359 0.0528198439575976 -0.529886849927082 0.568899057785115 -0.0341951053503116 -0.114658628193847 0.389847964045655
-89.0373481403456 29.00017484848 25.9727617501046 0.0156103803997471 0.666564072898196 0.74528427646428 0.294077521244629 0.709346848372567 -0.640582126040591 -0.438249156530237 0.03661013809439 0.563462513353419 -0.0938472838491184 -0.464621194350378 0.668248988313409
-98.1988258817024 22.8789549934443 17.4529978062719 0.793096354597553 -0.276475851049171 0.542733153686412 -0.381083050204976 0.469874150009891 0.796237396759702 0.674956952939047 -0.34540901710027 0.0223115295362822 -0.325849651738164 -0.842624471236106 0.134087260857385
-98.0275116628129 23.6042552381305 17.2515934847473 0.619782708275875 -0.27474067309452 -0.735110166620994 0.774727794036119 0.363600190896009 0.517292708558541 -1.16181073063344 -0.252989184629147 -0.273639489455616 -0.234865075985706 -0.150653310105755 0.488111248815857
-98.851236399097 23.964485949267 16.5361606447203 0.240989413369566 0.875662791956255 -0.418495851146576 0.97029905561098 -0.226742818291565 0.0843056168582594 -0.0356724071737159 -0.530193217928636 -0.264519781174964 -0.295406814034449 0.273715561589539 -0.307009008059021
-98.3686336583709 24.9063197496038 16.6719616921316 -0.0823001266776197 0.985404248854535 -0.149013943938827 0.372470818153089 0.169098952709831 0.91250810068553 -0.106474197793204 -0.0528584143759328 0.150261599752399 -0.463256342522917 0.240629262743064 -0.0127047937261115
-98.0178770431649 25.0633289747693 16.9228256788622 -0.702162883970528 0.672002554552553 0.235329239681902 0.462968332342526 0.179799636454317 0.867947241472295 0.00838727862539909 -0.114442336575622 0.241051116383279 0.491741113704582 -0.229219658604079 0.288754924747631
-97.7550899861267 25.3590846897076 17.2019776555447 -0.913292362946749 0.00413527915509944 0.407283634889223 0.391740931283723 0.282697332854455 0.875569106783456 -0.363007594669723 0.195093999207311 -0.747744657302664 -0.076426903565944 0.114538241630707 0.500407770342511
-96.5435933743802 25.370876778258 17.7151735084578 -0.610913408651431 0.285481681241184 0.738434165518883 0.0937937345032065 -0.900055583197507 0.425561608375354 0.172557430127701 -0.0149557423408651 0.0731664810490953 0.428513569250984 0.357017973522003 0.126615594313172
-96.3281358821131 25.4236312215595 18.2125938316662 -0.866644924036858 -0.463886318522107 0.183673784545128 0.476418851796547 -0.660109844787371 0.580758185880841 -0.253010930342677 0.118090685540739 0.393108728222115 0.0380039264158285 0.221907322574258 -0.397519763205555
-96.1875112189982 25.1862921522334 18.7328359826388 -0.647259110262979 -0.623560894654908 -0.438437515318488 0.4108830878472 -0.769864877288613 0.488347375173266 -0.551536554355058 0.246400961187488 -0.311555453169241 -0.340697278748478 -0.341736381292275 -0.741210270504108
-96.3515527316392 24.8598473225109 19.041885565162 0.16668707111587 -0.606371966134484 -0.777514282189819 0.351277659036548 -0.700286774704692 0.621451880225346 0.162633725057562 0.000738468580403839 -0.335730028435239 -0.548551928309961 -0.622154724749193 -0.759131870146865
-95.7750351291134 25.4886383198184 19.2958572444716 -0.620631632184553 0.775420173579281 -0.116361211486052 0.0429948872022257 -0.114522846878987 -0.992489776882949 0.626821088948779 -0.166097117734703 0.269458276143341 -0.534702136897511 -0.0716683823983956 -0.167441576692283
-94.849513106055 25.4771647750309 19.8001212754549 -0.306891050344066 -0.882764557421443 0.355731105442337 0.774350653132705 -0.0142817012199558 0.632595525595299 0.985836358853464 0.265711279860932 0.0784765304355468 -0.0652648723388461 -0.197320542775756 -0.414906038038415
-94.2736159397637 24.9341666458037 19.379059018461 -0.223296374048119 -0.966997476306427 0.122697229610495 -0.573667469525287 0.232138251483532 0.785504593625373 -0.1541915042213 -0.341517555007091 -0.177984543917295 -0.126138551958422 -0.0592019653546019 0.0908521488696924
-93.5870703990076 25.9999346923166 20.4997066160168 0.410506583921229 -0.069158302128795 0.909231254304144 0.827222950742367 0.447766031625127 -0.339422702080606 0.303904831614213 0.475888970626196 0.680335892005724 -0.150837283587463 0.0529491798262181 -0.0884983941851615
-92.6389693834599 25.4360908133912 19.5000835384148 0.328952289252164 0.0794108285459243 -0.9410017596716 0.561283198941227 0.784908483457003 0.262449696481567 -0.18310930422339 -0.48498182588204 -0.501967920864828 -0.308951752961805 0.0141884824271988 -0.303686647032706
-92.1684762694467 25.5729041057597 19.4906215914051 -0.396114734120165 0.67895974094159 -0.618147868712596 0.521910789300384 0.720376654078861 0.456800398719685 -0.0742264083645438 0.0560971536302918 -0.166254493142876 -0.0806742276886685 0.515520365862148 0.0698786994172659
-91.832160205813 25.9611345184815 19.4266812132285 -0.835022258626862 0.542534589436924 0.0916190311137537 0.543071380495888 0.785925424633524 0.295625950486113 -0.625723036093438 0.450343203767013 0.423853626668417 0.356941679756657 0.0341628550709044 -0.506000676784738
-90.933247979745 25.6737784722465 19.1256481909582 -0.0705497235371926 -0.319829111426668 -0.944845001041664 0.97848831466931 0.161899030183865 -0.127864467627463 -0.00301174151905071 0.594631494150802 -0.379245920843526 0.306269483321494 0.194752193953062 0.354305837474425
-91.3627536156628 26.1919450638694 19.0037063123916 -0.421333531672558 -0.881437783506938 -0.213413891053747 -0.559402901537255 0.437812134816828 -0.70383870905097 -0.00163491531013333 0.169394311538072 0.289038771321764 0.414175329041713 -0.357029674461368 -0.697832731951946
-92.2723830613231 26.5241056726986 20.3092918283689 -0.994851872057623 -0.101314020337731 -0.00228515787720423 0.0972412399168358 -0.960721772679187 0.259918865725151 -0.0132898654492164 0.562527576521069 0.104701799496197 -0.0160809795033069 -0.218852518235818 -0.161380368385182
-91.8120697712575 27.2417572906895 20.3710243606749 0.060027270899926 -0.517625225882723 0.853499181182018 0.786462428985697 0.551080447779029 0.278903545817322 -0.39128671243758 -0.512481876061579 -0.164120393195528 -0.149576193881537 -0.628379932631069 -0.0594216268093536
-91.508935150965 27.590232284356 20.7477383862032 0.471473406262189 -0.788416847614678 0.39510973359922 0.737084908690235 0.598275988704992 0.31427961868408 0.482196556522322 -0.0597258458051793 -0.0614314193462592 -0.202213183191411 -0.0213622169785428 -0.248738712434635
-91.2217083752939 27.843707346532 21.0909917985035 0.492468580166559 -0.869269006343606 0.0429661745916312 0.741110670211254 0.444723434070404 0.502967237190911 -0.167231264269888 0.289820976786917 0.279296341450233 0.100721334474807 -0.0452273414351113 -0.0281884365703931
-90.9369233815405 28.0466812754506 21.4603877491928 0.421460711841354 -0.702605375020518 -0.573338081210554 0.906783190697334 0.333995957196021 0.257276010629433 -0.111116492750094 0.0366927529010583 -0.442223871290043 -0.206775334562595 0.000372708070766186 0.432787520148685
-90.475741108792 28.367309275052 21.2498674254595 -0.683897120014939 0.042127989430097 -0.728361147880441 0.521445964268188 0.726465951682599 -0.447595048447274 0.698449494861832 0.416190784584613 0.224704070068471 0.066614459865918 -0.305131246664369 -0.372603550650126
-90.274774011807 28.5556627414994 20.8202232049403 -0.905857902637188 0.416006337534944 -0.079750782820354 0.395345314968633 0.762761170741039 -0.511759199567946 0.114197770146498 0.0169242973625214 -0.124647099531629 0.470440482224855 0.0756216275915938 0.0992166176573219
