t = 1000000
b = 105 105 105
E = -0.755790285739239 -1.10922747845705 0.353437192717809
-16.5837066660919 -12.8635648737397 25.8611495107272 0.727480025674464 0.646730590493949 0.229155745212849 0.244289121157422 -0.556236912815938 0.794306818619353 0.71786408853327 0.627487834412564 0.409625269751741 0.135800369737533 0.279700564641544 -0.470884048436366
-17.5150064698515 -13.3747288268225 25.8586232284384 0.461490116079084 0.19440262477763 -0.865583324839995 -0.325296009358986 -0.870654952411493 -0.368974877378363 0.52390821246155 0.030512182883482 0.585212548876772 0.232723412177359 0.361916858042539 0.768500411153116
-16.8813773607711 -13.6998947835293 26.4466653566686 0.41563501060778 0.164385139316781 -0.894552996713385 -0.894037835947001 -0.106924273618077 -0.435044305337281 -0.509152304864797 -0.201339217851191 0.0838104483998229 -0.193744430619144 -0.102463860642621 0.221360827097691
-16.3012858819797 -14.279219671333 26.7714254874822 0.337370967689398 0.865195936699631 0.370967412691126 0.860461371626091 -0.443255836359799 0.251257818728347 -0.268206204606198 0.320740679365449 0.363808074147315 0.120587342340311 0.226952202693044 0.441242372693509
-15.8387824332768 -14.3932213169669 26.7247927576469 -0.0775314432311593 0.567570805011776 0.819665942081711 0.857314367841481 -0.381714275752061 0.345407420851923 0.0148471430247779 0.519283087309087 0.248933975836263 -0.398804446630804 -0.204572888073118 -0.242390274122449
-15.2258618565918 -14.3565595136269 26.8647972953208 -0.468016255762442 0.25600469493004 0.84582644822444 0.864106492336919 -0.0679585095647428 0.498699920672782 -0.315541140753232 -0.000127089372017475 -0.300924640440668 -0.0126192601211043 0.12248760049535 -0.21914443776837
-14.8710829817334 -14.0291787325779 27.1059827934313 -0.495319141521258 -0.216921177469867 0.841192101013587 0.834538013373766 0.150103452772207 0.530108722527686 -0.21292474115048 -0.344852911725283 0.138312357476338 0.272573452248202 0.0431469285719964 -0.126592932484183
-14.666929595602 -13.7402469546382 27.5387647767728 -0.248601320016139 -0.821300122808707 0.513481734787599 0.814403310830534 0.109745705543564 0.569827278587984 0.190611768995704 -0.300834383170708 -0.259146787935514 0.262903270789161 0.234981978082502 0.395869319745694
-14.3692683434836 -13.5926979962425 27.9720192118944 -0.10041212370289 -0.98985941381807 0.100477590980722 0.779448826674611 -0.0154967347300177 0.626274203371303 0.269469355333634 0.203079534878825 -0.0600364990362608 -0.485809291679812 0.0160422718984406 0.251997182366559
-14.3021157850778 -13.5807325128446 28.4283720852918 0.177489518924838 -0.97324540179609 -0.145913873756743 0.481535420605178 -0.0434199631723877 0.875350412977967 0.184396244767604 -0.105732946367374 0.8726384342903 0.0312666283119866 -0.540636782071749 0.702169992703143
-14.4570971258871 -13.7821042063297 28.8875031445178 0.701553728780678 -0.648914990858312 -0.294502462253253 0.318449147953867 -0.0842286533684606 0.944190486141012 0.319345249061769 0.520618647666441 0.539166402403097 0.264947615211678 0.330949731984227 0.0521152507655941
-14.4182088892704 -14.0928163109876 29.2995216021601 0.939231972940784 -0.20520247995947 -0.275200369229716 0.253059869893183 -0.127811294086378 0.958970789624868 0.58000141653927 0.470477025017593 -0.492170976492626 0.11910854867327 0.343232212715524 0.165355159789278
-14.2884218338308 -14.3598835751249 29.674804456062 0.93496787142571 0.216453120504626 -0.281039367394454 0.33415915427827 -0.271533882446578 0.902555821152089 -0.37006305380841 -0.128716039829674 0.171924146662752 0.394966132438202 -0.584355270148588 -0.139481572120117
-13.9508694947871 -14.6677839356562 29.9746483047606 0.534865072592288 0.833847091161547 -0.136449194509563 0.49331387811468 -0.177072125036003 0.8516377634855 -0.236237130642999 -0.789303561968466 8.15206584865093e-05 -0.35070784863027 -0.606817134226832 -0.192283677775408
-13.5562897600296 -14.8196412624898 30.2642553079522 0.197264126710359 0.968046981690021 -0.154828632861802 0.772193257500329 -0.0561278506153282 0.632903813747552 0.12816753111063 0.118343734156585 -0.389348679945542 -0.16965108381512 0.061105242963047 0.263914554545469
-13.0369108837324 -14.8407635795792 30.2789984086101 -0.248752060495637 0.858461216323636 0.448516167453653 0.752034513392093 -0.120638687354936 0.647989504375176 -0.708472788148584 0.37173051650041 -0.0949576109590351 -0.131944572135645 -0.229757477625658 0.0480927652661746
-12.5571375972743 -14.756062014625 30.625467123067 -0.584347743755149 0.658424252332189 0.474357690260105 0.740202806491195 0.19286700156539 0.64412896610051 0.246946252333942 0.264851322020348 0.267533944063863 -0.155573492071689 0.566934669638104 -0.0402376824328988
-12.2261462769074 -14.2970852913115 30.9368378421033 -0.782029069544972 -0.151088122862916 0.60465106757237 0.608489953929749 0.0247391994174623 0.793175861949248 -0.332847629979855 -0.815224056067019 -0.166471106389812 -0.0208595045020991 -0.267847731935558 0.350275113455073
-12.0288422721163 -14.0175620960396 31.3831505245189 -0.693293166361506 -0.566883726835958 0.444957779710628 0.43999932696508 0.156020802755223 0.884340489504987 0.269584995847539 -0.393184100759719 -0.0603361424882329 0.0586334634911533 -0.0901539511061571 -0.146163669100921
-12.1140985209161 -13.789901134851 31.8434594464538 -0.145441053324336 -0.957867420211073 0.24766288641225 0.350791438727011 0.184135707967832 0.918171774542805 0.186892592838443 0.102311167446342 0.0908323334344849 -0.222672928915682 0.172132518574658 0.0632565936954488
-12.2240973568013 -13.6996376953029 32.3681686782517 0.247808361347104 -0.967090158908475 0.0576857052378292 0.281598569391922 0.128873475687769 0.95083851046352 -0.61934115279261 0.795371586590053 0.474032919208228 -0.100176415743998 -0.334454185150405 -0.140633596652683
-12.2537939026592 -13.8596583314162 32.9542214669234 0.594576946925576 -0.721628768301254 -0.354584510300134 0.399124432184279 -0.117936699884325 0.909280277172038 -0.781035536271619 -0.284140326958969 -0.275302724252802 0.188871583187111 -0.0601647295005926 -0.242256659637822
-12.2033666985833 -14.1729212337752 33.286929369289 0.924441990621549 0.0905266990803693 -0.370421277370957 0.380107031719966 -0.141258756199816 0.914092231798314 -0.60524886707266 0.230332439589643 -0.0542430167783676 0.296091821321021 0.478839680877782 -0.556848240968975
-12.7712150190045 -14.2441124604966 33.5548824150665 0.387602638715837 0.121857514906581 0.913736800463533 -0.198768315542495 -0.956858921859036 0.211924893287717 0.0936179355618171 0.0240054638840211 0.20527436419429 0.410312396400212 -0.000902136468720797 0.503358348002306
-13.7398829440591 -14.26277782781 32.6685454996607 -0.0302445632556159 0.926675488127198 -0.37464357207561 0.847063123430105 0.222741818119422 0.482566210364705 0.562863612937712 0.31733330301151 -0.042312592499565 -0.253981443317858 -0.12894703111276 -0.548992338086072
-14.4096459654274 -13.7424745301338 33.55615743643 -0.716954708139867 -0.0448132440994202 0.695677884964965 0.490085407746288 0.677303661877345 0.548703966380464 -0.34005404144942 -0.0106889156709962 0.166983977923595 0.376508673723662 -0.0125878333406189 -0.567565756050778
-9.9509648072062 -15.4340501270413 33.3686933883513 0.27958198638257 0.467750762280953 0.838476676644059 -0.948159903944214 -0.00291378213733918 0.317780280109134 -0.192865726846512 0.0597626360306902 -0.32365554856984 0.594724295886551 -0.72765332948443 0.0240838050766195
-10.3925499998946 -15.2921415745395 32.2175182966545 -0.62737071506741 -0.680684967912292 0.378251186824213 -0.710852649906849 0.302268580856686 -0.63507654274683 -0.421796483946207 -0.0250198151239828 0.00734057654140774 0.0738640287865677 -0.191637815435871 -0.214159751626777
-9.78254554001485 -14.1073692837378 32.8812663469999 0.615576304992647 -0.25474263431179 0.745769403365119 0.495086317691073 -0.611261714488851 -0.617453362154055 0.0916200385706367 0.218536985678644 0.22433735906975 -0.211139444718644 -0.0968591183851446 -0.862175325475622
-11.1462363727566 -14.3211937767389 32.7980275767246 -0.847897435183358 0.0781643227827756 0.524366549327361 -0.520258131125581 0.0675933827105382 -0.851329907621905 0.351134108292225 -0.324175755958679 -0.313779058819398 0.421836746611479 -0.340288035713908 0.552972020272944
-11.4677375172662 -14.5988175549854 32.4938308652622 -0.698244725845285 0.616070434742438 0.364570325541653 -0.558932528399861 -0.150987476109546 -0.815350973970542 -0.166146977510261 -0.00759319349149897 0.506133411732778 -0.25155389167817 1.00153903383991 0.163925193424746
-11.8416949031685 -14.8398533120806 32.3581568539093 -0.31677831225552 0.948365205807028 0.0159667560631576 -0.630333869811086 -0.197909279143419 -0.750673783875499 -0.14439033509527 -0.244708188248226 -0.0550559810707608 -0.209741744820761 -0.217729208795588 -0.187479069060725
-12.37304545923 -14.9389742195571 32.0455141534406 0.177177592546511 0.983749793443803 -0.029059328945012 -0.579556450284609 0.0804255759175013 -0.810953788863349 -0.0835312637396304 -0.267372464100402 0.239488944869878 0.0526490912289249 0.363913598570638 -0.285685881026931
-12.8111867519646 -14.7722003135119 31.8880773706357 0.671141605893697 0.647416711690607 -0.361137849390432 -0.494179039048459 0.027591848654387 -0.868922187110505 -0.248738721225678 0.156137247341197 -0.404163786848598 -0.136804451933435 -0.0984367791701178 0.0865113917573585
-13.2105241727798 -14.4854007011899 31.5671845015852 0.87661886267717 0.0911194037351845 -0.472479231143153 -0.480990219241837 0.193895936723405 -0.855016242369565 -0.0966392718456497 0.358624017847452 0.292526025462636 -0.211064404297948 -0.193789756049166 -0.388124831208682
-13.2974854407431 -14.0521418443113 31.1787444849197 0.723146611216695 -0.5315805304109 -0.441000134210643 -0.386098398208868 0.218298160798741 -0.896255510383295 -0.159474173771578 -0.118901852500869 -0.422704245007459 -0.277803202884882 -0.34302745738809 -0.417043118025536
-13.2746465869948 -13.7977510807509 30.7622559935544 0.113186785541477 -0.929166217887305 -0.351907503636849 -0.505364303257196 0.251107647024908 -0.825561548643649 -0.126417354680476 0.0118360780414271 0.327177391368828 -0.305388419977416 -0.0300954316541045 -0.115409736327801
-13.3830405566105 -13.6201573386044 30.2523417618292 -0.127763720338726 -0.990133293567543 -0.0575542590468421 -0.39415949672841 0.103940244638018 -0.913145506851621 -0.30016236654808 0.629271039513641 -0.120770601611645 0.43974255445588 0.150610635289269 -0.605929799968381
-13.2335726048995 -13.7044691920894 29.7281010994352 -0.591034895763931 -0.773319951453375 0.229464604402187 -0.414820944399023 0.0474147559897361 -0.908666839387463 -0.0621416994503058 -0.351102268311106 0.669556264000878 -0.078701493203899 0.184026909977623 0.435299008385302
-13.1699549150438 -13.9990444854059 29.2927606059038 -0.888244219719658 -0.365232339233819 0.278617200675626 -0.272137245193778 -0.070261493067655 -0.959689867806374 0.0320208299807207 0.439836387661664 0.322707005579539 0.0383115351512256 0.286350928793242 -0.0977842574210594
-13.3053344486697 -14.3606476957884 28.8597730379112 -0.835272160377627 0.320809612358293 0.446544074775057 -0.416131783187766 0.161985182154941 -0.894759822401124 -0.256120845060965 -0.392578182170902 -0.191217307878233 0.0698743954873084 -0.260151966814786 0.0964218909882655
-13.5960304993337 -14.5410325073422 28.4693760564745 -0.639671842060809 0.68204605044597 0.354447625955701 -0.58777855092367 -0.136888326689874 -0.797356859310909 0.0391584270055055 0.100400461720714 -0.734639899370949 0.0595102281656478 0.141977484619859 0.335062165097882
-14.0101238967235 -14.7101263654369 28.2549424431273 -0.252513177603918 0.950830678152561 0.179326842999921 -0.754719557227662 -0.0775689528719681 -0.65144565965883 -0.298282522333345 -0.102300182875165 -0.000293346630327248 -0.237795667001031 0.14535433442208 -0.047267231978866
-14.4939001777633 -14.8164400681431 28.0962458991979 0.203655010294116 0.969531240148562 -0.136138940637813 -0.809337290335399 0.0884732170548274 -0.580642437595307 -0.658830818105724 0.854048756699815 0.0863978437136543 -0.255600719673146 -0.313612791402279 0.456205678500361
-14.9547532996054 -14.7067031108453 28.1298354365093 0.257935601844032 0.821002926176378 -0.509336254856307 -0.948426228216219 0.114612111172492 -0.295553300783848 0.230034770586675 0.245233895639969 -0.300950572017252 0.495417711030604 -0.265204594604665 -0.136871909995236
-15.3871200664938 -14.3802078087437 28.1087945771892 0.435541076170389 0.274827577857014 -0.857189461797952 -0.899672018176647 0.164534178376081 -0.404374534134069 -0.536799470079442 -0.308256163099863 0.0499519789227945 -0.517964501194482 0.306895398474711 -0.224484643134887
-15.8945516785047 -14.2598158553284 27.8770319371084 0.640309569446012 0.171887811427858 -0.748637586258067 -0.714913110913612 0.489783570646755 -0.499010318298219 0.178923116176301 -0.400603007094433 0.18161490963016 -0.178702725301141 -0.427653581705928 0.439816724317573
-15.9881885976349 -13.784538999728 27.7673300219734 0.163573702191016 -0.526518003892981 -0.834279590741642 -0.793663034978397 0.432056268218934 -0.42828304659595 0.0650345040691826 0.176348078336816 -0.108600791002765 0.287444784500453 -0.49419141841497 0.330544209068529
-16.1528139042264 -13.525431475912 27.3739074321996 -0.300383842079669 -0.949834988208449 -0.0870806671559863 -0.853435249652386 0.308416969429959 -0.420151457951098 -0.167894340814232 0.32094738023557 -0.307814823243036 -0.0166331356992284 -0.309410148084954 -0.498992185264111
-16.5360871526672 -13.4145280969428 26.9279486686875 -0.35670955627392 -0.824165061006561 0.439897993492679 -0.88853787380015 0.153866553862728 -0.432233189869883 -0.509880612514252 0.085452624378453 1.01460490302565 -0.55798371468914 -0.0384032452215623 -0.0765454015910105
-16.3953595615613 -12.1175867373535 26.3782303988258 -0.597617214304852 0.588349987986677 -0.544699877733219 0.416267644373955 0.808304608831628 0.416371117620668 0.527044236102995 -0.00825202570909953 0.372562246856765 0.247245532471115 0.0599437591304194 -0.554429888008143
-16.1406945027663 -11.638699690865 26.3178811791445 -0.98291756186444 0.181951651472881 -0.0276886818932742 0.173867301803626 0.967325991986956 0.184528010312702 0.169235698496754 0.0588107186379629 -0.025318601741073 -0.458413520076055 -0.273126689422201 0.381283788845342
