t = 1000000
b = 27 27 27
E = -1.37144812081019 -1.37144812081019 0
-1.83493591140767 -2.18687010024627 4.45462637427577 0.505505178159398 -0.782837945189645 -0.362807478458327 0.64519011993223 0.622146803231916 -0.44346709502526 0 0 0 0 0 0
-1.38721836996657 -1.93691580547886 4.43360779760653 -0.0839542729269303 -0.695272744582965 -0.713825952664501 0.559645057434275 0.559805934877766 -0.611076693194085 0 0 0 0 0 0
-0.900571820060297 -1.86907485984961 4.2107303811421 -0.592681958476514 -0.345517973178323 -0.727561286976697 0.559187511993277 0.473613503054799 -0.680440721999302 0 0 0 0 0 0
-0.483022676183214 -1.80892655214955 3.79572109057993 -0.877006128185841 -0.126149333788557 -0.463623334948947 0.28214481299782 0.64582422201578 -0.709440186877046 0 0 0 0 0 0
-0.342117426356135 -1.77722202446303 3.30339416586833 -0.933194782673025 0.357317845565082 -0.0383595468244143 0.217499505320268 0.476592364216583 -0.851794390422881 0 0 0 0 0 0
-0.490585442631825 -1.7585615734956 2.80555213182323 -0.498503548951911 0.814867129876477 0.295779939024305 0.249820670521299 0.461761104977867 -0.851097124016941 0 0 0 0 0 0
-0.576187361350499 -1.52260957403429 2.31719061774015 -0.0986331843276822 0.776377218326518 0.622502939601863 0.121163474313899 0.630268489782356 -0.766864423010778 0 0 0 0 0 0
-0.762633134607691 -1.11180418734938 2.01438902241161 0.510633821407242 0.541005525276887 0.668256030316911 0.256907313758536 0.645712244304748 -0.71906489949955 0 0 0 0 0 0
-0.829804495738714 -0.589615162316388 1.8121713802944 0.815991310018697 0.141724993955348 0.56042145574766 0.421417311876189 0.517761628340812 -0.744533642939604 0 0 0 0 0 0
-0.677163155616705 -0.0903255647148713 1.72050531501955 0.914063796971563 -0.32089641063173 0.248017879818374 0.394933437939187 0.565122817427269 -0.724336786875138 0 0 0 0 0 0
-0.404186583323587 0.3017995105413 1.61777841022592 0.707999137671687 -0.675271243784689 -0.206750981554206 0.306731987118809 0.557738673995752 -0.771260694971297 0 0 0 0 0 0
0.0270300186617759 0.678297767492555 1.37191514203574 0.141831632298561 -0.874148485921285 -0.46448704248994 0.343368714440091 0.483542110519933 -0.805161445486362 0 0 0 0 0 0
0.436003980340271 0.796373979522499 0.967902897287669 -0.355675164245505 -0.847547822036293 -0.393900833840788 0.342709865450872 0.273830554985264 -0.89864719177167 0 0 0 0 0 0
0.788775140673359 0.639986939052358 0.548781368650189 -0.906426879591843 -0.302062993938101 -0.295208840732364 0.185162461459947 0.344007843130207 -0.920528905972537 0 0 0 0 0 0
0.885869757620058 0.363648924175913 0.0590079351788795 -0.965428245657606 0.225217304622304 -0.131245831115285 0.181710579761318 0.220467775358255 -0.958318957983921 0 0 0 0 0 0
0.864331928842476 0.25760999946288 -0.452597521865307 -0.664683094077952 0.743805275270882 0.0703569252182588 0.128895800010176 0.20692121187598 -0.969829616383988 0 0 0 0 0 0
0.753748747553662 0.297307239084176 -0.928479327648478 -0.159141983524882 0.93121422024457 0.327893130599079 0.158834543293062 0.351949454856115 -0.922444127892507 0 0 0 0 0 0
0.519498453748018 0.463981563569686 -1.30796693422394 0.385026569753251 0.819582506630658 0.424310093456487 0.0342323779302402 0.446755743964622 -0.894000810702014 0 0 0 0 0 0
0.453955006606782 0.876074159361507 -1.68827979071274 0.80556495932142 0.406402369676959 0.431163785856873 0.177502238269262 0.528743192709118 -0.830014211669397 0 0 0 0 0 0
0.468856975531475 1.36080727568519 -1.9701251867422 0.941102599469845 -0.116897436409785 0.317270998724939 0.336596387937165 0.412908103898545 -0.846291775549403 0 0 0 0 0 0
0.792418881383998 1.78053016846501 -2.2532599363388 0.719355149206687 -0.662631524270635 0.208440956514311 0.48283123944648 0.261236812735345 -0.835840488302914 0 0 0 0 0 0
1.25093168806847 2.03075561583462 -2.38247229569881 0.127915790350831 -0.956984960954038 -0.260417616698103 0.51457218145463 0.288506852339523 -0.807452330621544 0 0 0 0 0 0
1.78892965716753 2.01833947018605 -2.43805555646859 -0.381692664978572 -0.660730810387643 -0.646332349264714 0.743678946292264 0.19570866080466 -0.639249360521913 0 0 0 0 0 0
2.26057265302392 2.03538231014233 -2.86802115773424 -0.759433254936286 -0.456232200292786 -0.463803094764235 0.453961280535247 0.139055468084437 -0.880103819200108 0 0 0 0 0 0
2.51857236535472 1.79568112717801 -3.23034755725105 -0.902515394873936 0.0907011768974548 -0.420997931734777 0.430642396030076 0.198285161859373 -0.880471533513649 0 0 0 0 0 0
2.65008899001789 1.83062057766366 -3.79388337459665 -0.962083064443108 0.272750755589357 -0.00178953546865548 0.0723391429416941 0.248827375494007 -0.965842629833259 0 0 0 0 0 0
2.52408790734812 2.00021946949212 -4.35690817717151 -0.948140802856303 0.0138921060808253 0.317546889998383 -0.282083606358496 0.423644078096723 -0.860787159591361 0 0 0 0 0 0
2.23488610803688 1.92923002861488 -4.76009581475159 -0.311744547083376 0.865190751677997 0.392759851021771 -0.456007419523223 0.22641076817528 -0.860694717884367 0 0 0 0 0 0
1.85808485182937 1.96209865696739 -5.08565065212308 0.516698947535185 0.83827880691236 0.174100084714574 -0.178102018683434 0.304139061990923 -0.935830701522539 0 0 0 0 0 0
1.63903755753869 2.33183930600608 -5.51526023502351 0.876564447315145 0.470013144314514 0.103549089202548 -0.0696741904979746 0.33681094220323 -0.938990892602599 0 0 0 0 0 0
1.72495303687718 2.69420345013894 -5.80139144619769 0.910869153465707 -0.408797542815328 -0.0565858131762393 0.0871402472551126 0.32453422151133 -0.941851430097312 0 0 0 0 0 0
1.92588893985452 2.98703184900658 -6.11847656622183 0.455520326646991 -0.85733308680842 -0.239752393679322 0.0693422301707839 0.302669059724954 -0.95056987928303 0 0 0 0 0 0
2.03362879933958 3.19681219871043 -6.58510805704917 0.30041220112902 -0.950983060397453 0.0733738935174719 0.307498963964549 0.0237431850925283 -0.951252147604615 0 0 0 0 0 0
2.46060041360333 3.13798395311067 -6.92522671366352 -0.33709001873391 -0.925615565738207 -0.172064359276147 0.451928349651822 0.00124247746326382 -0.89205337454142 0 0 0 0 0 0
2.73815627444423 3.28980600505773 -7.38291729487619 -0.291191477770619 -0.955211358676174 0.0527141682072354 0.421612023340527 -0.177598412934397 -0.889214319215503 0 0 0 0 0 0
3.09513499181703 3.04546991215617 -7.54551659312213 -0.813967033330048 -0.330215934636926 -0.477927928838378 0.573260112869785 -0.32351430314487 -0.752802323756517 0 0 0 0 0 0
3.15004272447716 2.61976861969671 -7.72188740481601 -0.337302152748735 0.513411626943477 -0.789072721027867 0.568542062267493 -0.556971789406978 -0.605427410378333 0 0 0 0 0 0
3.11890545450903 2.25687314270204 -8.12915530379671 0.284994456963426 0.811123063123431 -0.510742142347178 0.558901747578213 -0.573505876392982 -0.59893225518145 0 0 0 0 0 0
1.62632990475928 2.46438204525176 -3.79871906496714 0.726575371910668 -0.686020430961024 -0.0382648302874176 -0.415861014287117 -0.483411322228787 0.770307153242851 0 0 0 0 0 0
1.42229172429114 1.99092986858704 -3.72380720081249 0.898959795764765 -0.247620728272229 0.361324314886921 -0.437881892120834 -0.486480476362106 0.756039810242276 0 0 0 0 0 0
1.34307478564808 1.51135613863379 -3.47639712452187 0.821705660286102 0.280200147866678 0.496273800426007 -0.351989833248027 -0.435338858523871 0.828603183405156 0 0 0 0 0 0
1.36066461733195 1.09110269961727 -3.15686155416504 0.346056111092807 0.781319802016904 0.519407869551077 -0.445570863223676 -0.350333982216041 0.823852357374038 0 0 0 0 0 0
1.40470334216369 0.846316792071388 -2.64614413306958 -0.0855015667747549 0.97762836979022 0.192177659108385 -0.189511909698977 -0.205320374908504 0.960171224172896 0 0 0 0 0 0
1.51410760775792 0.864261841539275 -2.08425058062577 -0.479063227947435 0.864178863861428 -0.153926329403895 -0.289904073149876 0.00975034926806043 0.957006039197383 0 0 0 0 0 0
1.56764041559553 1.11424230679882 -1.61173468486013 -0.932788560286448 0.2406533023505 -0.268312299133928 -0.280686587009878 -0.0180371969595471 0.959629980460484 0 0 0 0 0 0
1.40478213205284 1.3379334937247 -1.1511718944465 -0.823052381370909 -0.39867907815729 -0.404524128031111 -0.413162396131828 -0.0684427095039571 0.908081730869179 0 0 0 0 0 0
1.00344321584898 1.35106346742408 -0.720109939749939 -0.44169838537085 -0.60301738379585 -0.664283502129018 -0.707380587176376 -0.221342080796315 0.67128264401425 0 0 0 0 0 0
0.469785069406864 1.40575408713569 -0.638832435094357 0.181531720516526 -0.962833342224141 -0.199995473818285 -0.474455908901022 -0.263891627713242 0.839793307505937 0 0 0 0 0 0
0.0436517403042629 1.11741911529485 -0.304109450409081 0.647401025914932 -0.743115537306573 -0.169266682657447 -0.284869871758799 -0.441931073114679 0.850615120239367 0 0 0 0 0 0
-0.222631380441861 0.681202935089864 -0.0694812214880154 0.958523174809916 -0.274182394649227 0.0778289009092017 -0.227925269722061 -0.573443172914278 0.786900882487834 0 0 0 0 0 0
-0.303522529637934 0.248397427095632 0.203569296206244 0.881702108760268 0.389893697091218 0.265677052784464 0.0288186886548729 -0.606560071134605 0.794515174990004 0 0 0 0 0 0
-0.0630528370434718 -0.168287396753836 0.473824044148031 0.437100801601268 0.779455238224288 0.44876766911649 0.0489186328131078 -0.518820820610248 0.853482233830913 0 0 0 0 0 0
0.228948423158872 -0.412150263299065 0.876463816546131 -0.134165912045946 0.911527570787707 0.388737695289177 -0.0759507071739481 -0.400589222963887 0.913104465285855 0 0 0 0 0 0
0.495291683992232 -0.450599599434081 1.33954342213953 -0.786001416050742 0.570587390123867 0.237974377187676 -0.0278053628227118 -0.417169642198609 0.908403187701464 0 0 0 0 0 0
0.355398744992407 -0.589499734929042 1.95187277801891 -0.835573025506657 0.523010170150035 -0.168160878224642 -0.322522224571985 -0.219198336764082 0.920831962855872 0 0 0 0 0 0
0.171081521917596 -0.389920935870133 2.47091804118587 -0.864754989548432 -0.173875588517097 -0.471132770850134 -0.371251001146312 -0.4104321282488 0.832897450019522 0 0 0 0 0 0
-0.123572110660568 -0.479929694975894 2.8727448662423 -0.528658894348992 -0.48238183957771 -0.698446514968273 -0.476005646665119 -0.512802946335558 0.714459069907082 0 0 0 0 0 0
-0.636266257675302 -0.556587969752695 3.08163336685085 0.0173939003757821 -0.801773159424411 -0.597375303353189 -0.493971936223177 -0.526348809060001 0.692061165956481 0 0 0 0 0 0
-1.09898629032832 -0.8078711771884 3.19731150277813 0.539660288008919 -0.764060444560906 -0.35352285725752 -0.491192908940954 -0.626795390260262 0.604861194783241 0 0 0 0 0 0
-1.49946005739148 -1.23819198998605 3.2477388580428 0.880107478626625 -0.474060997715113 0.0260191566127341 -0.411615308301196 -0.734568473237173 0.539427470655805 0 0 0 0 0 0
-1.58486032839494 -1.76113587715081 3.28301125154449 0.858139861665208 0.0412719200365152 0.511754439587697 -0.229101572817935 -0.861239795037978 0.453628134902686 0 0 0 0 0 0
-1.61018905155303 -2.31636208608046 3.34444336879299 0.617988196950828 0.369401027343379 0.693998176818297 -0.233997157140861 -0.756308373630529 0.610936145948445 0 0 0 0 0 0
-1.47081471994664 -2.781043569089 3.60218285972564 0.0835773945406889 0.741636072059934 0.665575507167522 -0.0810092643620472 -0.6606450765734 0.746314666804054 0 0 0 0 0 0
-1.22987597123575 -3.11848186944723 4.01028015146776 -0.567809350736018 0.726497352714491 0.387032476306032 -0.212504243590777 -0.583611836062905 0.78373412026222 0 0 0 0 0 0
-1.14095438593811 -3.24477626350351 4.52357549084808 -0.884209388669347 0.459533452961814 -0.083682510705474 -0.360633656151741 -0.557781459160251 0.747544787867382 0 0 0 0 0 0
-1.38193924919172 -3.32565436921007 4.97934855046921 -0.856220925910949 -0.235497739884953 -0.45981141845465 -0.324863616246283 -0.446609202116834 0.833668909954037 0 0 0 0 0 0
-1.6067744442215 -3.57301408447756 5.4357726136 -0.676099170178851 0.192597236325665 -0.711193515608224 -0.708890183445074 -0.433225100310947 0.55658846581274 0 0 0 0 0 0
-2.08396894381997 -3.410856537634 5.80943143749485 -0.360548969231075 -0.604904534259785 -0.709996440285697 -0.626126527942131 -0.407241535096975 0.664920975078236 0 0 0 0 0 0
-2.61608568486817 -3.43073856804765 5.9090990234458 0.165253127021966 -0.94476263364847 -0.283045879798787 -0.789461989768212 -0.298731130329044 0.536199103396815 0 0 0 0 0 0
-3.10802198529848 -3.6422292373604 6.08470937850381 0.465378293975371 -0.838415358169508 -0.283694784375866 -0.754348169068395 -0.543367261623645 0.368389547651371 0 0 0 0 0 0
-3.51028911403313 -3.88799551166315 6.10319892639451 0.780524829483124 -0.527308014648243 0.335748787411168 -0.611313646423297 -0.531570928732798 0.586283185348858 0 0 0 0 0 0
-3.80485549701761 -4.32935710408465 6.12138957107579 0.458468671359237 0.208659366578745 0.863867898536028 -0.620233509649652 -0.621047828012221 0.479176365056728 0 0 0 0 0 0
-4.0270192189272 -4.73964071526087 6.3573275004251 0.254087568146601 0.695203152431902 0.672407677352135 -0.57225353082974 -0.452414448344867 0.683993467353092 0 0 0 0 0 0
-4.05327258448131 -5.00475694318023 6.79668027628495 -0.239637261764297 0.953757958586608 0.181437976197973 -0.611049816536531 -0.293393017830678 0.735213342370009 0 0 0 0 0 0
-4.0988880737906 -5.0178922181185 7.28862664660849 -0.7543365668035 0.571544045445862 -0.322976389382393 -0.573127100452727 -0.333411139476341 0.74857353600013 0 0 0 0 0 0
-4.27447191998457 -4.81809933363373 7.66300072636798 -0.809873381676243 -0.352691166599106 -0.468736649575482 -0.355059091206833 -0.341340831311344 0.870298499729293 0 0 0 0 0 0
