t = 0
b = 27 27 27
E = 0 0 0
-2.197509765625 -1.983642578125 4.2008056640625 0.23327400567993617 -0.8693232729655175 -0.4357296011915616 0.6873944649986645 0.46436200762634283 -0.5584413804173469 0 0 0 0 0 0
-1.75714111328125 -1.950439453125 4.0389404296875 -0.3420595602999021 -0.5474173516307086 -0.7637601065393889 0.6370500538324346 0.46239770088843696 -0.6167297585857032 0 0 0 0 0 0
-1.29931640625 -2.0184326171875 3.6875 -0.7550106299899598 -0.0848223702312422 -0.65020313295963 0.5495707866471676 0.4590332361632557 -0.6980404275982174 0 0 0 0 0 0
-1.06402587890625 -2.099853515625 3.1553955078125 -0.8388685461028531 0.32620970381373227 -0.4357600159457527 0.5369873827828723 0.36485317273182916 -0.7606094353079765 0 0 0 0 0 0
-0.91241455078125 -2.2276611328125 2.702880859375 -0.6450753168541585 0.7622507764908648 -0.053400274574019746 0.46126314769344146 0.33273454879668807 -0.822510807598905 0 0 0 0 0 0
-0.99908447265625 -2.0714111328125 2.1761474609375 -0.3028421493165556 0.8793864728768899 0.3673772773573128 0.23207843337029885 0.44192203764292737 -0.866512846650245 0 0 0 0 0 0
-1.23394775390625 -1.7640380859375 1.803466796875 0.39181801189239374 0.7500690601491463 0.5327992591620868 0.34171463106158917 0.41903794660066784 -0.8412124049413071 0 0 0 0 0 0
-1.39300537109375 -1.362060546875 1.5469970703125 0.844637294176903 0.3448121901805999 0.40950261878085403 0.23889822206137795 0.44177232075363 -0.8647339799683279 0 0 0 0 0 0
-1.2666015625 -0.8333740234375 1.236083984375 0.915404296305919 -0.1275675932174943 0.38178722276336213 0.3890723038259306 0.523643408868452 -0.7579052201589656 0 0 0 0 0 0
-0.96795654296875 -0.421875 1.08056640625 0.7973520063724644 -0.600035997905556 0.06470378003864591 0.4462742001632716 0.5140356286515336 -0.7325344433850567 0 0 0 0 0 0
-0.646728515625 -0.032470703125 1.0069580078125 0.57232501066296 -0.7711358581419888 -0.27891498786773955 0.6290959476396607 0.6310656934335458 -0.45386603666125425 0 0 0 0 0 0
-0.1392822265625 0.15771484375 0.96240234375 0.010987188844595045 -0.7245440643630178 -0.6891409003082115 0.6792685907394157 0.5111659310720368 -0.5265962139496883 0 0 0 0 0 0
0.38922119140625 0.1961669921875 0.713623046875 -0.4871166282585056 -0.32871216079850285 -0.8091141488178561 0.6971866412341576 0.41160502393651327 -0.5869515240246475 0 0 0 0 0 0
0.7816162109375 0.2613525390625 0.333984375 -0.8175069445980186 -0.11933739605668296 -0.5634190105387129 0.5378826229330845 0.19142219223642554 -0.8209992863980007 0 0 0 0 0 0
1.02301025390625 0.1297607421875 -0.140625 -0.8183104903710557 0.5227543800132831 -0.2389472735262117 0.47108451869946283 0.3717970478396388 -0.7999039513963067 0 0 0 0 0 0
1.18060302734375 0.1317138671875 -0.68798828125 -0.7200787866355769 0.6817783468293617 0.12909231902811996 0.1741362402161636 0.35764037041894314 -0.917480209753856 0 0 0 0 0 0
0.9853515625 0.186279296875 -1.14501953125 -0.19239110421930522 0.9346454436538174 0.29903771948440777 0.08971671579261632 0.3202071063806353 -0.9430897729965728 0 0 0 0 0 0
0.72900390625 0.3387451171875 -1.6312255859375 0.3907515322116079 0.7778411992248251 0.4922157137503503 0.10929187945773479 0.49174175756978267 -0.8638549235530103 0 0 0 0 0 0
0.52471923828125 0.748046875 -1.9783935546875 0.6957617929691606 0.5078954259709073 0.5078954259709073 0.06149263026194836 0.6623915607369276 -0.7466298123487735 0 0 0 0 0 0
0.45892333984375 1.2882080078125 -2.125732421875 0.9839321821659927 -0.10162823097434105 0.14679633362960376 0.17494837200322924 0.7129328722732574 -0.6790580142856889 0 0 0 0 0 0
0.5810546875 1.7913818359375 -2.30419921875 0.8226937331654459 -0.53798555325322 -0.18370238403768488 0.2158003203192692 0.5945006056029077 -0.7745961862079341 0 0 0 0 0 0
0.8875732421875 2.130615234375 -2.42724609375 0.2847519739836017 -0.7343121644207349 -0.6161996092957039 0.16563343077358975 0.670832289308588 -0.7228759272732557 0 0 0 0 0 0
1.20892333984375 2.4075927734375 -2.787109375 -0.1208375753041262 -0.7769001684957204 -0.6179194191688271 0.37272096120671117 0.5414270407396142 -0.7536151833881065 0 0 0 0 0 0
1.56060791015625 2.49072265625 -3.19921875 -0.5723485422668885 -0.583182119046667 -0.5764683531549732 0.42070824202990714 0.3945894740890687 -0.816886602917576 0 0 0 0 0 0
1.921875 2.441162109375 -3.6942138671875 -0.9099633865388663 -0.23618767980586267 -0.3408548299007088 0.2659299357084389 0.29833687893463573 -0.9166659020393669 0 0 0 0 0 0
2.1395263671875 2.3309326171875 -4.1239013671875 -0.9325967438318233 0.27831421151002056 -0.22979232595070775 0.28296907693038836 0.16861559371028761 -0.9441913381613343 0 0 0 0 0 0
2.0647037029266357 2.095698595046997 -4.601134777069092 -0.624074440216268 0.7799042525276507 -0.04775405697988197 0.28296927940923855 0.16861677601786226 -0.9441910663398371 0 0 0 0 0 0
1.8476231098175049 2.0382437705993652 -5.0892534255981445 -0.07845523810375389 0.9851959930248214 0.15242582111282554 0.2829690554977254 0.1686157303399439 -0.9441913201849786 0 0 0 0 0 0
1.6126588582992554 2.205364465713501 -5.542627334594727 0.49696987202549936 0.8161950981118135 0.29469731610112465 0.2829705951261026 0.16861494646369907 -0.9441909987513244 0 0 0 0 0 0
1.4909788370132446 2.5585367679595947 -5.928824424743652 0.8835883119721343 0.3371079359835025 0.32500759136238183 0.2829686367887972 0.16861549395169845 -0.9441914878843776 0 0 0 0 0 0
1.570712685585022 2.9885528087615967 -6.240936279296875 0.9345163482163089 -0.27005191534762835 0.23184295963762117 0.28296881704324606 0.1686151089602042 -0.9441915026155893 0 0 0 0 0 0
1.8634697198867798 3.35701060295105 -6.500199317932129 0.6304059352122249 -0.7746149239330049 0.050597198237306684 0.28296917612869826 0.16861540824436286 -0.9441913415529888 0 0 0 0 0 0
2.2999277114868164 3.5488948822021484 -6.747928619384766 0.08679387410240044 -0.9848883842208914 -0.14987225909106128 0.282969579006054 0.16861614002861441 -0.944191090128999 0 0 0 0 0 0
2.7561705112457275 3.5162737369537354 -7.029821395874023 -0.4897929452412611 -0.8209862360588798 -0.2934015524733367 0.28296905608312417 0.1686154531869648 -0.9441913695040748 0 0 0 0 0 0
3.1007649898529053 3.2965087890625 -7.378595352172852 -0.8802989194988374 -0.34517777004529143 -0.32546293090878925 0.2829682400067585 0.168616514433503 -0.9441914245574219 0 0 0 0 0 0
3.2446954250335693 2.998060464859009 -7.801558017730713 -0.9363645255373291 0.2617692930670896 -0.23387670367612215 0.28296946979241877 0.16861494956385129 -0.9441913354553608 0 0 0 0 0 0
3.1751816272735596 2.7592825889587402 -8.277832984924316 -0.6366902645539405 0.769265896856286 -0.05343675660186528 0.28296869698876875 0.16861382967179356 -0.9441917670515296 0 0 0 0 0 0
2.96053409576416 2.6958587169647217 -8.766288757324219 -0.09512604834240432 0.984506171562107 0.14730455893448063 0.282966443171631 0.16861380486221378 -0.944192446934778 0 0 0 0 0 0
1.0086669921875 2.673095703125 -4.375244140625 0.9119159554451082 -0.40919501296700356 0.031124452887870517 -0.267524260129335 -0.5352519908425355 0.801209134085074 0 0 0 0 0 0
0.8214111328125 2.23974609375 -4.123291015625 0.9217716000720684 0.154722132506717 0.3555252157205627 -0.25702561254813144 -0.442691066730428 0.8590474107587623 0 0 0 0 0 0
0.8822021484375 1.8204345703125 -3.857421875 0.6676515283708654 0.5736676751998295 0.47449640156156114 -0.18531388267320995 -0.4892349774060535 0.8522369985931602 0 0 0 0 0 0
1.08087158203125 1.4468994140625 -3.4677734375 0.06895284665984815 0.8213321380898726 0.5662676256667175 0.0703359603506136 -0.5702084709773512 0.8184834465688527 0 0 0 0 0 0
1.36749267578125 1.23974609375 -3.0177001953125 -0.47416715357093264 0.7771581339415479 0.41375203361787943 0.06175276337115345 -0.4394267939250941 0.8961532731607574 0 0 0 0 0 0
1.5650634765625 1.1524658203125 -2.561279296875 -0.8499543453723423 0.44641292668452226 0.2798090593094374 0.12014229898093147 -0.3528721590788886 0.9279262186955275 0 0 0 0 0 0
1.66094970703125 1.21826171875 -2.0419921875 -0.9979579502413511 -0.06286829900603007 -0.011291878947685014 0.011993030483707154 -0.3580638472675201 0.9336200771726146 0 0 0 0 0 0
1.50189208984375 1.193603515625 -1.486572265625 -0.9087158999098853 -0.2545320102518369 -0.3308305744760086 -0.2216511097834807 -0.37735524822230126 0.8991517125440158 0 0 0 0 0 0
1.24249267578125 1.29931640625 -1.0604248046875 -0.47904383982093585 -0.7267304126241785 -0.49232093891759765 -0.33726623339892375 -0.36542819691771933 0.8675907564666462 0 0 0 0 0 0
0.817626953125 1.2427978515625 -0.7713623046875 0.18813033046527 -0.9353113753058435 -0.29966583052213325 -0.4464419705368874 -0.35320859601600846 0.8221516007668787 0 0 0 0 0 0
0.42669677734375 1.0810546875 -0.545654296875 0.5315639309107707 -0.8424441282306788 -0.08790721338059257 -0.6694005331111321 -0.4814180972793111 0.5658087502703542 0 0 0 0 0 0
0.03790283203125 0.71142578125 -0.5308837890625 0.7831223816156864 -0.47243704081881627 0.40437925005486536 -0.6128399811081985 -0.4759083697053123 0.6308235737508028 0 0 0 0 0 0
-0.12017822265625 0.1986083984375 -0.4222412109375 0.7333939626742811 0.07841990780415654 0.6752655874342351 -0.48707924452899387 -0.6323132117123068 0.6024398823477177 0 0 0 0 0 0
-0.1632080078125 -0.2750244140625 -0.2330322265625 0.42460783144343506 0.4345250104027679 0.7942897486505652 -0.278656795210161 -0.7719950537877501 0.5712915432688035 0 0 0 0 0 0
-0.16943359375 -0.6865234375 0.1068115234375 0 0.748250537364189 0.6634162594737957 -0.3132207008989593 -0.630033394347897 0.710598842199192 0 0 0 0 0 0
0.03558349609375 -0.9453125 0.5704345703125 -0.6365436646644671 0.6965200876357296 0.3311675263298714 -0.2661162319200019 -0.6013839285575802 0.7533389154831651 0 0 0 0 0 0
-0.05255126953125 -1.1900634765625 1.0706787109375 -0.7780202213186486 0.6246744040161889 0.06683131142137047 -0.22197225191538666 -0.372851119012752 0.9009497002777407 0 0 0 0 0 0
-0.13275146484375 -1.0570068359375 1.626953125 -0.9491514613173032 0.194987231564622 -0.2471669132509293 -0.29502200760487945 -0.276878486501357 0.9144945700995191 0 0 0 0 0 0
-0.3746337890625 -0.914794921875 2.01171875 -0.8618180211442367 -0.3659064473625849 -0.3512579824139576 -0.35054217315603803 -0.0708471139377647 0.9338634114717911 0 0 0 0 0 0
-0.8536376953125 -0.8660888671875 2.41552734375 -0.30517132254994067 -0.8373901090770371 -0.4534845853092118 -0.4168433053859126 -0.3106939640310389 0.8542311861958838 0 0 0 0 0 0
-1.3380126953125 -0.980224609375 2.630615234375 0.24061717647588546 -0.908455718920369 -0.3417770927748785 -0.5811510339624398 -0.4168702640391853 0.6989153444332776 0 0 0 0 0 0
-1.7841796875 -1.2578125 2.712890625 0.6599563638197824 -0.7498325021526961 -0.04699804856797526 -0.6606781501251678 -0.608997145081886 0.43889276506830055 0 0 0 0 0 0
-2.0826416015625 -1.758544921875 2.7205810546875 0.9241717062666449 -0.3158387703437271 0.21483139548017766 -0.38195553364362783 -0.7701138301389086 0.5109155105766429 0 0 0 0 0 0
-2.14501953125 -2.241943359375 2.849853515625 0.6710683322485681 0.21606019974169452 0.7092145539543758 -0.3844776019803404 -0.7164946516760965 0.5820759294928765 0 0 0 0 0 0
-2.00042724609375 -2.695556640625 3.1700439453125 0.1344258378025379 0.6945589258537486 0.7067655853590868 -0.4548612253488042 -0.5904069980715219 0.6667239625979845 0 0 0 0 0 0
-1.89349365234375 -2.9498291015625 3.655029296875 -0.4616257703150402 0.7917072715353484 0.40012653545984644 -0.4172955815300605 -0.5918485500446645 0.6896228617480116 0 0 0 0 0 0
-1.8333486318588257 -3.0370168685913086 4.181779861450195 -0.8329449132337436 0.5525524106382121 -0.02980947862562904 -0.4172960695768466 -0.591848561910429 0.6896225562438287 0 0 0 0 0 0
-1.9630733728408813 -2.9982504844665527 4.701735019683838 -0.8878139312245256 0.10347426696227427 -0.44841888854091916 -0.4172956500305293 -0.5918489122834071 0.6896225094169607 0 0 0 0 0 0
-2.295175313949585 -2.935896873474121 5.119473457336426 -0.6053881471583027 -0.3849163592657699 -0.6966667694456381 -0.4172962094657361 -0.5918472256104838 0.6896236184345065 0 0 0 0 0 0
-2.765275478363037 -2.96128511428833 5.378407001495361 -0.09296475971664529 -0.7270699059577094 -0.6802403290760363 -0.41729452459524974 -0.591849131823652 0.6896230020108192 0 0 0 0 0 0
-3.2565670013427734 -3.1524088382720947 5.482279300689697 0.4547774557088508 -0.7929980345728337 -0.4053783207605053 -0.4172951571313777 -0.5918485102926472 0.6896231526704084 0 0 0 0 0 0
-3.6441919803619385 -3.524296522140503 5.49374532699585 0.829741679633236 -0.5576529275228279 0.023493775870138914 -0.41729632005614387 -0.5918489937288806 0.6896220340807795 0 0 0 0 0 0
-3.842677354812622 -4.023301124572754 5.5105671882629395 0.8894734901249748 -0.11044620631337333 0.44343945006717683 -0.41729551301075246 -0.5918490374016704 0.6896224849494174 0 0 0 0 0 0
-3.838407278060913 -4.547482013702393 5.6284708976745605 0.6112798796325465 0.3787209293681038 0.6949153663684373 -0.41729576049601713 -0.5918480508273234 0.6896231818927991 0 0 0 0 0 0
-3.694796085357666 -4.985333442687988 5.904780387878418 0.10085040952795347 0.7240053159026621 0.6823822223964591 -0.41729466128683956 -0.5918492579260467 0.6896228110742058 0 0 0 0 0 0
-3.528196096420288 -5.258147716522217 6.336639404296875 -0.4478940612662779 0.7942288872618711 0.41059881212829863 -0.41729693264323203 -0.5918481966065458 0.6896223475063215 0 0 0 0 0 0
-3.463693380355835 -5.349917411804199 6.862093925476074 -0.8264754729958785 0.5627106617516314 -0.017175671377855726 -0.4172948550498199 -0.5918480577829086 0.6896237238143339 0 0 0 0 0 0
-3.587585687637329 -5.313417434692383 7.383633613586426 -0.8910652293226401 0.11740918076200946 -0.43842655184760965 -0.41729560921587466 -0.5918478225437678 0.6896234693507414 0 0 0 0 0 0
