t = 0
b = 24 24 24
E = 0 0 0
-4.27783203125 -3.23516845703125 -0.7802752256393433 0.4777403800939799 0.02151433842007383 0.8782375888505378 0.7489442923613464 0.5125550168098575 -0.4199640480831766 0 0 0 0 0 0
-3.91925048828125 -2.88946533203125 -0.9674481153488159 0.4357855226304965 -0.10696276308262537 0.8936721689632028 0.6408110160493844 0.734103686264297 -0.22461749603030978 0 0 0 0 0 0
-3.80584716796875 -2.45684814453125 -0.9307469129562378 0.7496575328169446 -0.4357870779005076 0.4980995946853885 0.550036061908257 0.8288014545088257 -0.10270579148475918 0 0 0 0 0 0
-3.5726318359375 -2.0185546875 -0.6255759000778198 0.7287398718981456 -0.6399361437899546 -0.24376203760453963 0.6251864002378963 0.766983367107246 -0.14449387370547148 0 0 0 0 0 0
-3.20989990234375 -1.72186279296875 -0.35982879996299744 0.5552595487225802 -0.5198596544374363 -0.6491785372611961 0.7149512586915062 0.6971438112659385 0.05324663472025806 0 0 0 0 0 0
-2.7060546875 -1.59539794921875 -0.20292076468467712 0.12710413172135274 -0.23879707820398205 -0.9627151682302519 0.8132671972785862 0.5807334933251005 -0.036675271792568624 0 0 0 0 0 0
-2.0977783203125 -1.57659912109375 -0.2646196782588959 -0.22140018211571152 0.09704377382880257 -0.9703424474484222 0.8217203576936097 0.5543821286975065 -0.13204585996049864 0 0 0 0 0 0
-1.595458984375 -1.53033447265625 -0.535429835319519 -0.6647206012799489 0.537605757187617 -0.5187741050522398 0.7309768194355781 0.6114619131900814 -0.3029640542469882 0 0 0 0 0 0
-1.30242919921875 -1.37322998046875 -0.9472664594650269 -0.643008677569372 0.7392921316619855 0.19996745893561033 0.7230311971915382 0.6720835610567208 -0.1597797698242427 0 0 0 0 0 0
-1.145263671875 -0.99114990234375 -1.3384217023849487 -0.42400655829321754 0.7036769510069519 0.5701378667882886 0.768694246952194 0.6124940982851697 -0.18428275629704646 0 0 0 0 0 0
-0.92559814453125 -0.4588623046875 -1.4798859357833862 -0.2764906382869159 0.1472480496395551 0.9496688574535025 0.7333650560709054 0.6709616886199846 0.10948108027571063 0 0 0 0 0 0
-0.79351806640625 0.02691650390625 -1.4392298460006714 0.12771393029304365 -0.3997735930319885 0.9076729732251575 0.6213202450368556 0.7455861002625944 0.24096165712112455 0 0 0 0 0 0
-0.76483154296875 0.4849853515625 -1.1351183652877808 0.5912846689363466 -0.6546093496095294 0.4710297651790423 0.5456799036037596 0.7548105295665684 0.3639979495250331 0 0 0 0 0 0
-0.66461181640625 0.7518310546875 -0.6999176740646362 0.8281003750173906 -0.538028730847857 -0.15740029758009172 0.5514042534255844 0.7311844985210242 0.4016498206482015 0 0 0 0 0 0
-0.37506103515625 0.9168701171875 -0.2877109944820404 0.7693285388223771 -0.36543868514073646 -0.5240116093714297 0.6336167578801654 0.5412723644917381 0.552769419894906 0 0 0 0 0 0
0.0137939453125 0.91473388671875 0.09591498225927353 0.5300744808351652 0.048368914917889284 -0.8465704299330304 0.7442043672949363 0.45198432918639164 0.49180283231094857 0 0 0 0 0 0
0.56201171875 0.94891357421875 0.30145183205604553 0.07873404926652006 0.3848202950584566 -0.9196272560104009 0.8044191459784937 0.5203493327768506 0.2866119492657581 0 0 0 0 0 0
1.09222412109375 1.05859375 0.245828777551651 -0.39380665554322203 0.7508417481318077 -0.5302386135620766 0.7449745439488623 0.598622946787151 0.2943866444797603 0 0 0 0 0 0
1.54180908203125 1.32470703125 0.03468623012304306 -0.6413955201556678 0.7535596189694712 -0.14408222438186408 0.7371137590536534 0.6573547518934147 0.15667812986163723 0 0 0 0 0 0
1.74603271484375 1.62139892578125 -0.30195221304893494 -0.4091098886008876 0.6134359388942813 0.6755186510540334 0.8458987455581362 0.5325724350020891 0.028669037987302734 0 0 0 0 0 0
1.99688720703125 2.08349609375 -0.44764408469200134 -0.3015176690846118 0.0820933734653447 0.9499198772859014 0.7705199167104062 0.6077968429792376 0.19204701408004368 0 0 0 0 0 0
2.21417236328125 2.5306396484375 -0.3012884557247162 -0.13336498159492696 -0.3994845787362915 0.9069872397316692 0.738958074232892 0.5697567915087695 0.35960834675469977 0 0 0 0 0 0
2.372314453125 2.898681640625 -0.05363164097070694 0.29481749572356997 -0.8037286490559228 0.5168199908111376 0.7205048159389326 0.5422428534271595 0.43225628753781853 0 0 0 0 0 0
2.643798828125 3.0963134765625 0.34016814827919006 0.48092867127462063 -0.876718320159889 -0.008520577565511452 0.7811749978997369 0.4240648724323776 0.4581862139188144 0 0 0 0 0 0
2.98089599609375 3.15289306640625 0.7421513795852661 0.5302368083736282 -0.6416246846650666 -0.5542262092992373 0.8367795527386014 0.2907392760004152 0.4639726861673444 0 0 0 0 0 0
3.35919189453125 3.11578369140625 1.1295052766799927 0.367588114108674 -0.1388564482519275 -0.9195639538090258 0.9004165206715034 0.3005063371526301 0.31455687980544045 0 0 0 0 0 0
3.909912109375 2.995361328125 1.1062880754470825 -0.12466427136628652 0.5035398965835318 -0.854930635778926 0.9139427012712393 0.39368277552755465 0.09860330139478889 0 0 0 0 0 0
4.35247802734375 3.0703125 0.8449317216873169 -0.3784073348668116 0.8720152898241242 -0.31047902220914275 0.925598041368462 0.35963195409489007 -0.11803865218121537 0 0 0 0 0 0
4.739013671875 3.2646484375 0.5450917482376099 -0.26717868016792434 0.8354102078351717 0.480317954597287 0.9550340138862824 0.29604607834784924 0.016332538538612704 0 0 0 0 0 0
5.046630859375 3.5516357421875 0.4083940088748932 0.05401642452404815 0.11703558646877099 0.9916576512998568 0.8764218749161746 0.4703447859454423 -0.10324959807356707 0 0 0 0 0 0
5.2681884765625 3.94281005859375 0.4741946756839752 0.4086259033287356 -0.6910630008124883 0.5962019792291985 0.9013178378779817 0.408387271649123 -0.14438140973804683 0 0 0 0 0 0
5.60552978515625 4.110595703125 0.7365561723709106 0.44132780249501896 -0.8345856679962859 -0.32969157332287224 0.8286064095200909 0.5200468699393836 -0.20727438618525287 0 0 0 0 0 0
6.136474609375 4.18719482421875 0.8399850130081177 -0.1365665748918889 -0.47729636453835583 -0.8680655223085221 0.8616984815900944 0.37504845126518227 -0.341781196131259 0 0 0 0 0 0
6.80712890625 5.2540283203125 1.2292729616165161 -0.16525873143850084 0.9473002814129392 0.27442982439651786 0.6554747730382237 -0.10241382988441247 0.7482407562802871 0 0 0 0 0 0
7.14532470703125 5.21429443359375 1.5908137559890747 -0.11826054499757678 0.9869796194120344 -0.1090214399196411 0.7292873399764241 0.16084306014040284 0.6650334470947928 0 0 0 0 0 0
7.57171630859375 5.33544921875 1.8136273622512817 -0.536841039729561 0.8351708386696667 0.1195465110234896 0.7324940377454028 0.39107861017049167 0.5572342463762912 0 0 0 0 0 0
7.9716796875 4.15966796875 1.7527247667312622 0.740058468536266 0.6097471423239008 -0.28376378482039083 0.4488081000584794 -0.1335164035237704 0.8835975663796137 0 0 0 0 0 0
3.751708984375 2.90985107421875 0.06188502162694931 -0.2748089425549629 0.0933831609348347 0.9569533062514816 -0.7573790926194788 -0.6341620184383665 -0.155613124231448 0 0 0 0 0 0
3.5892333984375 2.37847900390625 0.11631407588720322 -0.5761549054753432 0.6649584422832483 0.47526392134574436 -0.7970890944818066 -0.5857616522869212 -0.1467387548273105 0 0 0 0 0 0
3.210693359375 2.0772705078125 0.3676091730594635 -0.45132170959454493 0.8794517694736163 -0.15123921322984457 -0.8890979791156554 -0.45764707711360264 -0.007996020374794924 0 0 0 0 0 0
2.7100830078125 1.9990234375 0.6449967622756958 -0.22263207677517158 0.7806618949840836 -0.5839537345634789 -0.9582202115016984 -0.28555921534017514 -0.01643048398386227 0 0 0 0 0 0
2.1839599609375 2.0390625 0.8274356126785278 -0.0355529658595506 0.34820544245276597 -0.9367438051382369 -0.9689178339987059 -0.2416289852934346 -0.05304398576013528 0 0 0 0 0 0
1.65399169921875 2.1719970703125 0.7264300584793091 0.32379157026628164 -0.07598878510490494 -0.9430719609673358 -0.9156205272072886 -0.27624653687089895 -0.29210768737484827 0 0 0 0 0 0
1.1661376953125 2.3380126953125 0.4883987009525299 0.4877166940326449 -0.6189546029400524 -0.6156521955302275 -0.8729085524030187 -0.35606805246683343 -0.33353590684383977 0 0 0 0 0 0
0.8548583984375 2.24090576171875 -0.06277547031641006 0.5218363421721804 -0.850349103779404 0.06777339957478333 -0.8107465908300322 -0.5191004051098581 -0.27060069266774217 0 0 0 0 0 0
0.625244140625 1.92669677734375 -0.4198702275753021 0.39354783819207473 -0.6822614907160783 0.6161488110353043 -0.6930118302187211 -0.6605558847038837 -0.28879149288018885 0 0 0 0 0 0
0.5736083984375 1.4620361328125 -0.7915171384811401 0.08315589722814434 -0.5013766574159308 0.8612238641344133 -0.470252165436563 -0.7816874532029492 -0.40966770242150014 0 0 0 0 0 0
0.7225341796875 0.97808837890625 -0.8476275205612183 -0.597511729059436 -0.19225351854312803 0.7784717838458826 -0.4471085089015335 -0.7260248153041523 -0.5224767447747497 0 0 0 0 0 0
0.5709228515625 0.4820556640625 -0.8784216642379761 -0.8018773177496774 0.36591851721479096 0.47233082266342874 -0.5581226476289681 -0.7409336204385575 -0.37351904945724296 0 0 0 0 0 0
0.32733154296875 0.03338623046875 -0.8421391248703003 -0.8094607349754999 0.5682246516585789 0.1479664278828477 -0.5791133249992994 -0.8141960744330003 -0.0413824743840705 0 0 0 0 0 0
-0.08343505859375 -0.2601318359375 -0.5252598524093628 -0.6461607305855597 0.5875714223105054 -0.4870689211324673 -0.6641184249731499 -0.7473458931938528 -0.02051422768386401 0 0 0 0 0 0
-0.599853515625 -0.39190673828125 -0.3467758595943451 -0.178524005713395 0.2828918859766105 -0.9423912988948064 -0.6890375909578963 -0.7196641001200085 -0.08550310664179045 0 0 0 0 0 0
-1.16021728515625 -0.35443115234375 -0.33068355917930603 0.1887517569881439 -0.10025052897430116 -0.9768943677154974 -0.81938388138426 -0.5643845080074713 -0.10040010980486927 0 0 0 0 0 0
-1.65582275390625 -0.34405517578125 -0.529814600944519 0.516799943840859 -0.6281858189527063 -0.5816359642532453 -0.8187044608517368 -0.5612664308819282 -0.1212559249955599 0 0 0 0 0 0
-2.10748291015625 -0.51593017578125 -0.8467310667037964 0.6763806228714204 -0.7340553071586744 0.06059751674989343 -0.7246173399743727 -0.6779154141316622 -0.12393708844071487 0 0 0 0 0 0
-2.3642578125 -0.835205078125 -1.1348847150802612 0.6043961931269982 -0.6028703254341756 0.520819174420915 -0.6689154458645484 -0.7390986184865347 -0.07928025249157733 0 0 0 0 0 0
-2.483642578125 -1.33514404296875 -1.347284197807312 0.3064027840185238 -0.21576371344730708 0.9271263958625738 -0.6480236950510609 -0.7607147030486234 0.037127230141964083 0 0 0 0 0 0
-2.54205322265625 -1.8514404296875 -1.368327021598816 -0.07904034336485453 0.1911921819230941 0.9783650513444623 -0.48276692724554704 -0.8660110713149016 0.1302340904598684 0 0 0 0 0 0
-2.52056884765625 -2.368408203125 -1.1472443342208862 -0.45103257710176864 0.5468541124265016 0.7053511140667179 -0.5911090645059273 -0.7751548002213059 0.22299127685359116 0 0 0 0 0 0
-2.61895751953125 -2.7215576171875 -0.817855715751648 -0.8444160485585541 0.5300869809708018 0.07726143631863397 -0.49579793787900284 -0.8279790555709624 0.26198299244558915 0 0 0 0 0 0
-2.875 -2.9813232421875 -0.4496782720088959 -0.7981885204170411 0.4313666502043539 -0.4204972044686257 -0.5762486216628312 -0.7502038243660922 0.3242402626728777 0 0 0 0 0 0
-3.265869140625 -3.20281982421875 -0.10260853916406631 -0.7237614374428551 0.3886612652681746 -0.5701857614416496 -0.6879137375042628 -0.4713588717039806 0.5519017157237933 0 0 0 0 0 0
-3.6558837890625 -3.192626953125 0.26007571816444397 -0.46614717171038916 -0.028685979797562412 -0.8842420080891084 -0.7730522987833376 -0.47283266652966566 0.42287044447235056 0 0 0 0 0 0
-4.07183837890625 -3.0892333984375 0.3377515375614166 0.08651333470559698 -0.904651783896798 -0.4172775968230964 -0.6630855340327952 -0.36488435052530893 0.653587779336614 0 0 0 0 0 0
-4.56964111328125 -3.26519775390625 0.3473474085330963 0.6056258325370177 -0.7840024004976561 0.13622623454297203 -0.6519226537115875 -0.39067164441951674 0.6499019309281919 0 0 0 0 0 0
-4.83819580078125 -3.64447021484375 0.5333281755447388 0.898972732997035 -0.31603675607483606 0.3032635720582612 -0.437839647402413 -0.6673981183067015 0.6023920607405154 0 0 0 0 0 0
-4.876220703125 -4.1685791015625 0.5242682695388794 0.41992696844404614 0.2934300727899348 0.8588132122620649 -0.6152543595875728 -0.6036074905353294 0.5070700842863126 0 0 0 0 0 0
-5.04400634765625 -4.6121826171875 0.8132363557815552 0.31069258600406924 0.7222534428080843 0.6179159177056158 -0.5422094372017512 -0.3992721918079574 0.7393176875053308 0 0 0 0 0 0
-5.0087890625 -4.83642578125 1.2381421327590942 -0.3976767172719715 0.9029367367990236 0.16296772035749657 -0.5453903932840348 -0.3754581035690265 0.7493867702180471 0 0 0 0 0 0
-4.91253662109375 -4.89202880859375 1.7298957109451294 -0.8884495353858839 0.41515905646316165 -0.19570483108299686 -0.3828202021055746 -0.4350739020427438 0.8149597490803753 0 0 0 0 0 0
-3.8267822265625 -6.006591796875 1.5480080842971802 0.6507776355524678 -0.755909122280639 0.07134331025158282 -0.5393447516200307 -0.5263693823719052 -0.6572994083378948 0 0 0 0 0 0
-3.88812255859375 -6.1346435546875 1.0990554094314575 0.02426130111836936 -0.7586615670473739 0.6510330375282556 -0.6624290219917935 -0.4999360959468703 -0.5578993554328574 0 0 0 0 0 0
-3.552734375 -5.90093994140625 0.03692736476659775 0.6437623872802088 0.12924075421340053 -0.7542326008424971 0.6271223710762396 -0.653913840749249 0.4232188802171769 0 0 0 0 0 0
-3.33056640625 -6.3004150390625 -0.044211246073246 0.7263001280185044 0.6736586271432137 0.13664617856283015 0.5422202803545664 -0.6836706517079335 0.48845839901210125 0 0 0 0 0 0
