t = 7000000
b = 105 105 105
E = -0.201358445532462 -0.571694952977057 0.370336507444596
93.9083345251716 15.2478551572028 -15.7782896005252 0.458280369374893 0.823318377097553 0.33485213599292 -0.0482043713919093 -0.353165158948363 0.934318312505717 -0.0166367039892017 0.139093902787623 -0.715110866601898 0.329126881103972 0.0294654034132202 0.433706932586782
94.2606222055099 15.087624762078 -15.4864407704008 -0.351854860366401 0.791649731021502 0.499488599078894 0.22370134866615 -0.447033218423067 0.866094110493202 -0.778140269789939 0.485172988437982 0.332116169517119 -0.391978910433417 0.366669030183752 0.0147429466794685
94.5462776959165 15.1063312587275 -15.0174800505518 -0.951972695130478 0.227050336008982 0.205416972628923 0.0870505186926203 -0.442506167489036 0.892530391039723 -0.34339690689459 -0.267606580202401 -0.738548778239197 -0.361134606228033 -0.437750327792737 -0.352626882512424
94.9120008924819 13.9650811482777 -14.9995868715941 -0.92855066948437 -0.172742897932397 -0.328562848498653 0.270910380491862 -0.920469550236827 -0.28167955699365 0.594709117138126 -0.150972550995236 -0.233532792647302 -0.210015274043706 0.838665080888208 0.190015293639495
96.0591226214371 13.758638154986 -14.601679056206 -0.113096719727795 -0.467786317582842 0.87657577714043 0.839212272895874 -0.517277460277068 -0.167770051291517 -0.399394430958241 0.394609378601916 -0.472208370192229 0.0422943567027109 -0.0924258579124028 -0.12122544080341
95.7057301613626 13.4546171888745 -15.9764292962035 0.0298643861433155 0.497834904130571 -0.86675747857706 -0.145698253643421 -0.855714616422895 -0.49651235042574 0.435574729393805 -0.82238137990585 -0.0254094004630426 0.275468081650703 0.151317559988887 0.00365510912437834
95.7733211403221 12.1919124308648 -15.8596884656929 -0.417057121432761 -0.799809176087047 -0.431704342472508 0.8905958215993 -0.454419823708376 -0.0184853014747501 -0.621141520621602 0.0599414597134776 -0.231152369575404 -0.061290587642862 -0.0359729414653465 0.218227814120114
96.1003763855788 11.7060461229773 -15.8439209182486 -0.289869407699388 -0.285778922560436 -0.91340359858064 0.807225687236698 -0.585721537305491 -0.0729175603107513 0.527482357546173 -0.691400163617327 0.123829449132794 -0.393584649540699 -0.277210388552517 0.695312097673216
96.2845740230568 11.2424064419407 -15.8873082812984 0.16131449405251 0.354827764887798 -0.9209098171228 0.6983215729457 -0.7004121938341 -0.14754571998938 -0.16146456483339 -0.187195172771553 0.594480257767837 -0.242989951246167 -0.19071214963317 0.0997884944282487
96.1519388648934 11.3231465864985 -16.3687846005006 0.346403397551839 0.377664098982046 -0.858705138277663 -0.871537163096789 -0.209062161108396 -0.443526759208159 -0.089242149610845 0.102813796839216 0.384890669505755 0.686625845949038 -0.356800925875287 -0.112101654422695
95.5470774284692 11.1506572661095 -16.3421166439013 0.730483407124884 -0.0750209078809391 -0.678797359523722 -0.487951970193088 -0.752738582645434 -0.441913454176517 -0.107223412125007 -0.411848411862804 0.399731694144793 0.052075866797667 -0.221015893652983 -0.417271506888887
95.3811051049165 10.8449085142389 -16.80890292578 0.977584456758981 -0.120781536945344 -0.172454197503428 -0.17931196818619 -0.906895467794422 -0.381297559078847 0.144979237244015 0.470804370523471 0.00774929273874171 0.153583279198229 0.124878005439758 -0.00770208494227872
95.3114473959813 10.4464610616207 -17.156701831259 0.895881203910917 -0.0952116774978552 0.433971894190885 0.0836526360031861 -0.923150922780633 -0.375226078863393 -0.0492263068994662 -0.08737868541613 0.354686857827259 -0.0162798611659741 0.087489679452787 -0.0471992932181105
93.9996629163528 10.1988991708706 -17.8892032721021 0.291724332625508 -0.663775469109572 -0.688693720287037 -0.220060657767102 -0.74727404846431 0.627020576532255 -0.285554141695814 0.798671305153176 -0.257326343094663 0.238000340123638 0.538115657841676 -0.511729017656441
93.8191348224828 9.7622174835943 -17.752656424976 0.915632284800698 -0.187538033253843 -0.355593876653487 -0.0209767798806949 -0.905607419584107 0.423597894588385 0.738341967304684 0.290341005802378 -0.0833340723687895 0.151320310314125 -0.0205862118597091 -0.261168137857101
93.7234287032488 9.28851816266275 -17.690639880469 0.91725499983274 0.124319714015634 0.378401736239226 -0.054952320861882 -0.901455726530392 0.429369090104636 -0.78045417896791 -0.83856290924939 -0.359399576056531 0.178254452758623 -0.0757209508268068 0.100572708352968
93.0546277172308 8.52839643698984 -16.8827531490994 -0.333913028151666 -0.902825442773326 -0.270939678733108 0.489004932726564 -0.411649769268492 0.769037478430365 0.281894866666245 -0.11065402845906 -0.506746409515344 0.239161209950292 0.774520557304101 -0.346767793118163
93.0246113087677 8.35470425170207 -16.3886459480716 0.296300324196329 -0.713745373478659 -0.634644514447974 0.5831906846145 -0.391019976221438 0.712033709577613 0.212799191313462 -0.316038474141931 0.76412818969428 -0.39082309353068 0.50978846302709 0.362473043481923
92.9592914412335 7.77770151240483 -15.7892539202795 0.796688479715699 -0.580731729465361 0.167445885827597 -0.205959098019786 -0.000394859335027833 0.978560521392985 0.604344206913411 0.0509766449528746 -0.394932957613071 0.0108837220357173 -0.214318788164267 0.225132853267908
92.8791442502808 7.49703093228847 -15.3231114966938 0.980180249181307 0.176171960832673 0.0906097088137862 -0.059711749805076 -0.173381474880635 0.983042914171702 0.141516111605619 -0.167373310689113 -0.212681940046782 -0.196843583277748 -0.342435825474364 0.124129644606422
91.6099078624044 7.85409074982592 -15.3574287924694 -0.618693534057297 -0.512691141507087 0.595286573287732 0.772499077263741 -0.259032450140322 0.579782170647924 0.50588210278572 -0.33594733006132 -0.00652873170689563 0.0538183518977705 0.23074414409412 0.0324544205455902
91.7810118681433 7.02647091367004 -16.7624227518942 0.348809637475459 -0.577497519989164 -0.738124956365917 -0.544389793022572 -0.76594505872862 0.34200573132882 0.313968715410658 0.261027940237324 -0.182715771418775 -0.0303618186627677 -0.0456006128583775 0.301755185770569
90.9742475643838 6.91853506755372 -16.085802274531 -0.642928107516971 -0.630221606644354 0.435274827072451 0.764651702106004 -0.560910232775301 0.317312913752923 0.281476610221651 0.102977375995206 0.280113693649704 -0.70190569970843 -0.0863420053422387 0.558728445971688
91.2468932110409 6.22123984129958 -16.1082977250786 0.815183810563851 0.531632335927685 0.229874779806103 -0.579199868414628 0.749389715463366 0.320846640602514 0.142544291148635 -0.0596371866504539 -0.201419045983907 0.0965185347131182 -0.37351487028151 -0.107850414399465
91.1352497999582 5.21074001238974 -16.0220211529591 0.0559573034317508 -0.563503293400425 0.824216487653391 -0.712114234525425 0.55609825573923 0.428541768034876 -0.308747917489725 0.0142942387426728 -0.324098959670086 -0.390715507164759 -0.0364533611632695 0.323068779054733
91.9854464077983 5.76836094106846 -16.4704341229855 0.270296175424937 0.954574410917195 0.125410013844794 0.808962531607036 -0.154549855104649 -0.567180716124504 0.480775929004012 -0.0231228904081633 0.637628261700083 0.168350338533236 -0.492250090574203 -0.112661926929632
81.2465491890429 -15.0006021519073 -29.1630265886283 -0.48139896062918 0.801900180686387 0.353851862960115 0.706929423875905 0.116551623628017 0.697614871321045 -0.134780847169444 -0.0554559370748432 0.204167741430394 0.329206771449419 -0.048146668775289 -0.149905894633674
81.7091646907005 -14.8226524479518 -28.8803256835764 -0.75606700538382 0.522844899457423 0.393695179651758 0.565568479541532 0.219194868074825 0.795038303956849 -0.240761508944675 0.338790575357516 0.637810378927075 0.424933652021098 -0.000341305326913003 0.0636330622290217
81.8680872913309 -14.2638576840429 -28.7154893452317 -0.757705322856557 0.336756261542495 -0.558997195007935 -0.647873085756175 -0.49104061088365 0.58235692081029 -0.0377423055139902 -0.47852514623334 -0.106065545723748 0.288756428726225 -0.328307444311883 -0.0746476087943917
81.4023819470381 -14.1468964101906 -28.4572897074243 -0.497625955680501 -0.226119278206655 -0.837399832968698 -0.660801501848904 -0.526555139356016 0.53486546006619 0.0917204916677318 -0.0259470242616727 -0.24478000072795 -0.309110532878982 0.228915621924651 -0.0471061245215995
80.8978625871783 -14.3488251834388 -28.2952169271901 -0.0957382898469151 -0.258195946734394 -0.961337106818791 -0.693620425352625 -0.675391566854462 0.250473425647113 -0.0652687947261134 -0.159614791516672 0.482567904150765 0.0357491205572162 0.0306232537565215 -0.30846036795114
80.4522266779587 -14.4763446233545 -28.3554498111876 0.336119263057016 -0.785989133152527 -0.51888816094435 -0.772368047096924 -0.545313139748977 0.325701058396381 -0.252009024232665 0.281174014586024 -0.836137893873581 0.0650016796024091 0.179757775201188 -0.123398037750074
79.9998371437538 -14.6965250702375 -28.3683896907486 0.644340722981184 -0.697852749236249 0.312772398224919 -0.718428374010903 -0.412214936111376 0.560303058944406 -0.277474263648608 0.596508711984865 -0.336561839337455 0.650427848607104 0.0842763435672845 0.115024229736898
79.738220715981 -15.1446310699202 -28.3455195184203 0.59496264270677 -0.0721160311911508 0.800511543845033 -0.728589862704264 -0.468926691257348 0.499264028537506 -0.220488710708318 -0.132285659342914 -0.524086105664633 0.160770548252213 -0.188166173667811 0.273744844882064
79.5598223349489 -15.5803969664771 -28.0537451372523 -0.022295463561811 0.802766440058488 0.595876627348698 -0.880443022065982 -0.298129959939047 0.368698537943841 -0.325707275458405 0.747171107938589 -0.688448051846906 -0.622825671674726 -0.18365596472063 -0.162700215539052
78.7964402114807 -16.0898959506665 -28.3686737937336 -0.402374791395824 0.745200917063944 0.531761337872746 -0.872481349497471 -0.136237175672645 -0.469271485116961 -0.170712709724544 0.575649041220917 0.130111499925123 -0.24084907561394 -0.0345542793087221 -0.224341347366749
78.2944685366198 -16.1878989952142 -28.3949985721325 0.135177737223383 0.975742567285213 -0.172201689152218 -0.786809286135369 7.8782971017591e-05 -0.617196193316634 0.113449246721602 0.372419454301283 -0.0546752756991659 -0.460705313453183 -0.61560109370896 0.92542816681091
77.8691839784926 -15.9585097567054 -28.3666259334422 0.380078939962073 0.410443179345636 -0.828900715360783 -0.865548751875722 -0.158156142723273 -0.475196793598011 0.203293028554123 -0.829471262278262 -0.0298908283995883 0.340119294119831 0.14171048327321 -0.507085039044305
77.4213741043679 -15.7613292559141 -28.6015221787573 0.407419999457364 -0.399210818085466 -0.82136451516116 -0.911996741415334 -0.22478681991256 -0.343122178299847 -0.194243106348109 -0.159242770728958 -0.012928427436652 -0.427828492422456 -0.598460583365667 -0.566167597114647
76.4546270383456 -16.0545532992311 -28.8412776830664 0.12397498101914 -0.0395392201069038 -0.991497278944534 -0.490233681433473 -0.871186369693732 -0.0265564841018822 -0.711524411190947 0.0359590889071263 -0.131403113122544 0.261255866164787 -0.155631885750637 0.225375265935456
76.1184815245911 -16.2983241269589 -28.9288194773666 0.763739169020468 -0.399705151203009 -0.506890790807433 -0.427610058778528 -0.901507201933788 0.0665913094401095 0.541525302735585 0.118578028507817 0.511881331112667 -0.431204685165343 0.368694295575419 0.438951920171255
76.0058371145876 -16.6102822274803 -29.2840216023481 0.759610025936635 -0.488083108373875 0.429845888449292 -0.544579712348309 -0.838648367078916 0.0100922393381325 0.0643764645657822 0.0881780233499132 0.307754625859685 -0.157912216543118 0.0992317955069077 -0.300454364126699
76.026407953455 -17.1308947696211 -29.5287226710948 0.366415501849916 -0.265908996525203 0.89164571751961 -0.605669530662252 -0.795631440677185 0.0116202509974818 0.356844940523762 -0.402329575887131 -0.074248881169916 -0.738638198594866 -0.361104164047062 -0.0814748853388623
75.0818002560404 -17.4108443834282 -30.2738049844946 -0.211475461178847 -0.722490149720834 -0.658244721114579 -0.973901370204486 0.212564955919999 0.0795755026944968 -0.280307691147032 0.0462004627502359 0.533359177411023 0.362852164945861 0.63338787639234 -0.657553959317265
75.8773235236543 -18.2851148769974 -29.5998377337446 0.971533956377092 -0.148259562501205 0.184772491819031 -0.235976753483465 -0.674450437197482 0.699593867596979 -0.186553972377781 -0.0692716225137375 -0.393111043117856 -0.393173549875685 0.221217359770947 0.653838250391996
75.8522893241415 -18.7330905693556 -29.4240015810408 0.599080829238371 0.544147357536092 0.587371954833763 -0.19444070502179 -0.612754982599445 0.765979205677282 -0.235668088259793 -0.00622205484671733 0.200457327604035 0.383240547062444 -0.177182064710309 0.0471054627960733
75.5413456937438 -19.4950071941368 -29.9055637899915 -0.690031707161446 -0.626965714212787 0.361621675668649 -0.592725363513077 0.77623511856926 0.214792188284045 -0.15159260728608 -0.175252431768023 -0.155161247256102 -0.186840689509332 -0.0385682327183851 0.337853682321325
75.1023072823156 -19.3552382691133 -30.004691009673 0.0226078495522593 -0.267899724794808 0.963181510720204 -0.418453183909523 0.872438841655237 0.252482475524797 -0.26538965306046 0.213338867040786 -0.208556176551643 -0.372285055291276 -0.0818137801847231 -0.199079695108568
74.745948697403 -19.0358159841798 -29.7683844729203 0.469765609729814 0.00802599646842708 0.882754697124899 -0.671043321671939 0.652981043503159 0.351164658337184 -0.210361510977859 0.238678138827302 -0.244780256029051 0.391185042188632 -0.13542833115065 -0.0451446641894434
74.3592371134372 -18.9693228765354 -29.4007171708929 0.760736034795027 0.462576626593438 0.455305995890706 -0.647848877452814 0.584010474716579 0.489104894071457 0.243523048050381 -0.574841946666608 -0.0616739738671829 -0.149244121721643 0.0922087682806666 0.504636173006729
74.2493158673188 -18.8825258982059 -28.9501257445429 0.432009683577709 0.863451852268529 -0.260419914963034 -0.569997117015997 0.485179574476139 0.66310185273792 0.08641489311198 0.327925039597639 -0.33775513286353 0.241234630055338 -0.0705384005338842 0.438120503354225
74.1478224439013 -19.6530366154127 -29.8316020482339 0.602402525269642 -0.796544579721972 -0.0512633403537801 -0.290946254623147 -0.159320536669302 -0.943380752144653 -0.669178035361245 -0.0411101359125158 0.131819287395058 0.041736413554379 0.114735552584921 -0.200608974614422
