t = 7000000
b = 105 105 105
E = -0.267462421841886 -0.600355864394415 0.332893442552529
33.4368894929931 34.4198176999715 17.6116343897299 0.980793114990177 -0.0401229741058333 0.190879576008426 -0.0730943651414767 -0.982906744843198 0.168972023503308 -0.0821407253313842 0.25580590207975 -0.144562751215209 0.151806988409738 0.195181753584755 -0.133015716319141
32.3449272366741 34.9468965043156 18.214857941058 -0.469491683257571 -0.868381614206514 -0.159658797001717 0.405019323797712 -0.372493672128233 0.834989707466522 -0.2829514918825 0.264508264018973 0.0281220147010466 -0.254656463046201 0.197988190822889 0.555315422173326
32.1571152516524 34.8487421968946 18.6954659471564 0.278273335392664 -0.875904204293033 -0.394151970325008 0.602407129852203 -0.160463797651201 0.781893227715146 0.104769083909068 0.195433355461155 0.304027983488327 0.60819669214703 0.230961397315013 0.343548954440647
32.5973530432394 34.9133478897263 19.412786255412 0.359376524592202 0.688920446560291 0.629473694353275 -0.13318429920235 -0.629768469592848 0.765280090654466 -0.238575842333969 -0.26384371882999 -0.0418898386894428 -0.157989627496002 0.508766429538769 0.0843634828676404
32.8827440160023 34.6362769786639 19.703758718585 -0.551293666177635 0.6166700464584 0.56195493363224 -0.149978393585564 -0.735833339185344 0.660345196393972 -0.183991994507406 -0.63005463938739 -0.212806346083653 -0.120529557569618 -0.142255262364437 0.1019969980417
32.9258963792276 34.4906263641613 20.1799915319868 -0.976921840627093 0.210463225297273 0.0364547404780566 -0.158607913635148 -0.829088759063876 0.536148635479253 0.0505525905743945 0.59061698971132 0.2448781169326 -0.124861383834541 0.157174278809809 -0.18426767758312
33.7548643675546 33.6431873769063 19.9924480395344 -0.177658053138237 0.266156863576598 -0.947416561036585 0.959230595465741 0.261869342846734 -0.106306688403093 -0.487194909177521 0.231020219775789 -0.319186171908181 0.213503017830862 0.221744535804816 -0.0462908983701956
34.2964491705476 33.6107912392362 19.8084160580086 -0.50882738247244 0.719829438771221 -0.472165515391311 0.842114478318379 0.530056294514137 -0.0994159446588275 0.084855731419429 0.432713539458658 -0.352559117194468 -0.192339723193755 0.300206742023334 0.044109084371983
34.6343070144345 33.678598460175 19.5419672549799 -0.459403363527784 0.853497030970925 0.245949929260829 0.838460292661395 0.508091829994595 -0.197045755911433 -0.103327865320195 -0.201997550755851 0.125159389155007 -0.0274257185993877 0.36473742868708 -0.109233490851664
34.8203275118975 34.1104528278601 19.3411358221716 -0.222941460377773 0.362076506515417 0.905095414127575 0.745685721882908 0.661368347502099 -0.0808994011248632 0.33420352608996 0.0943901684276896 -0.210899293741286 -0.0424051646354893 -0.151284475882996 -0.47745095360675
35.5233272744172 32.8281621597792 18.8244754099188 0.864175554027033 0.16207156051436 -0.47637529437882 0.410467677498938 -0.774658425777271 0.481061959731437 0.162596461604699 -0.0147703955815345 -0.0195002862958628 -0.00581826735454378 0.645988373266872 -0.484531921866442
35.7176824865595 32.5173255186161 20.3877387120144 -0.600498439240607 -0.525013190664478 0.603127494065614 0.381563868063307 -0.85098813960984 -0.360871446407222 -0.0241362930203703 -0.383771102697442 -0.0784969791905245 -0.337152024281156 0.925146935682104 -0.218493878088649
36.3667190735487 32.2582583768273 19.3779784347746 0.971413361648002 0.203062957997247 -0.122969573070104 0.159367332159752 -0.941742121638708 -0.296182088877518 0.128112137195283 0.238836655964275 -0.176451655196199 0.423462302695796 -0.113447632556713 0.0338035600755257
36.5127104174494 31.8411101239973 19.0582963252088 0.761826603096678 0.0784931396753742 0.643007817866929 0.269939583003696 -0.940807125566924 -0.204974569179765 -0.109762193946102 0.138538328290377 0.0605303236624371 0.15467430660517 -0.2398410134268 -0.373706907153981
36.8571804532542 31.598215354812 18.7822701330998 0.162476695990433 -0.242979186872539 0.956327578817545 0.377104330555709 -0.880339338787973 -0.287741155309197 -0.307578241429493 -0.239887069497094 0.0279252265708475 -0.367142799261403 0.338886774927314 -0.183996258371542
35.740916684367 30.9876132058886 18.7574682408556 -0.761655510781226 0.523099906741075 0.382423025541643 -0.647938957631516 -0.621639700439205 -0.440158142059853 0.00442932786125041 0.192512029494239 -0.161898449526072 0.521903076048334 0.0737150692372561 0.125044137097768
35.4696770159924 30.0923207857402 18.10764770059 -0.61197031932704 -0.530236949301249 -0.586805850225062 0.64878751375525 -0.760891118062368 0.0109301623712852 0.138403292416829 -0.0633801178055278 -0.243708972497622 -0.244831063229104 0.135012151500875 -0.660811486153279
35.4539005642951 29.4994529724801 18.2320850884647 -0.227133050625633 -0.0859976101709838 -0.970059270539031 0.518684945921748 -0.853739922919769 -0.0457610193008969 -0.535735502873286 0.342204124249527 0.0685879912302412 0.143577042485654 -0.582892620724212 0.299824464418637
35.4825573566184 29.6890092237422 19.1305736302532 0.0973123815058021 0.738727010952233 0.666942803915883 -0.260405179293123 -0.627879842458014 0.733454869799333 -0.505632000539234 0.179815415720401 0.217146099444862 0.0390943308530796 -0.358560674759471 -0.246938088224252
35.6641872874544 29.4317363957214 19.5417872724118 -0.771886422973142 0.607567433294229 0.18722490227098 -0.363801605092001 -0.663618710499413 0.653650211663116 -0.215335300733591 -0.177518498222118 -0.204172392429082 -0.216259435119475 0.0610083841431808 -0.113678963421549
35.6341960878909 29.2859301192006 20.0300914071589 -0.918237147329971 0.208895583729543 -0.336456797169785 -0.33531492480919 -0.862137135552302 0.379846627866654 -0.269990843598684 -0.202822181139388 -0.536359017382115 0.388276837238086 -0.244727659790854 0.120500229147349
35.2779027367712 29.1278463068597 20.4207863255697 -0.586682203845672 -0.225890344240462 -0.777674446069452 -0.332557588086859 -0.808395672084372 0.485697321344482 -0.243875530641399 -0.265452868092076 -0.208959641283268 -0.280820793726809 0.340582149591844 -0.542079850110324
36.1100793987598 28.5533376862139 21.1902115074394 -0.961126095154199 -0.259353969702624 0.0947214210904956 0.215415984575436 -0.918948475101876 -0.330347776892007 0.0735997148483133 0.0954404271131992 -1.02405038313366 0.0895190677455897 -0.243195033905066 -0.358411832408356
36.281146389919 27.9559820321988 21.1543058081743 -0.971320398641741 0.0428879663259496 -0.233874550832154 0.048267319804599 -0.927554543948145 -0.370557463614348 -0.167509374266639 -0.330844157076434 -0.00760301065168293 0.849196614116569 -0.320818081711798 0.255528525652853
37.0030418856465 27.5758564207642 21.4009452026855 -0.257155575716203 -0.811242081360071 -0.525125980416663 0.589616910365307 -0.562247791721524 0.579852843155614 -0.241955494965781 0.240342083244062 0.270744747950341 -0.0617981261410846 0.180543687611332 0.42328361542033
38.3582163887914 28.1099760820136 21.2327292936537 0.665601879089111 0.157834681559136 0.729426042755654 0.563732547757637 -0.746814044908351 -0.352809292573456 -0.209803172677462 -0.109795413493591 0.432214471238233 -0.568142711015191 -0.384867227071186 -0.203197466503637
28.7305895588412 22.6807265794569 -4.58061977520053 0.00354820758600674 -0.179201749647483 -0.983805947911557 -0.589365628249483 0.794411381776446 -0.14682885527758 0.337064910479444 0.566743823953509 -0.750269732052215 -0.758917163280411 0.250007891428913 -0.229557861878809
28.4383329678988 21.8310429413896 -3.35873653038122 0.731636424760514 -0.219903057518139 0.645252498838673 -0.62618302883684 0.157339304137675 0.763635487500464 0.30508413535619 -0.487261259193349 -0.118337714683142 -0.372921653512296 -0.318884882439956 -0.304124577802441
27.5085841469639 21.8504288224349 -3.71600424673553 -0.70290597559556 -0.459986337278876 -0.542527196542629 -0.691232661886717 0.621580002294789 0.368558961209576 -0.147513275460265 0.228627315460369 -0.243139156705106 0.104525029347282 0.0193677907075339 0.351524799666962
27.4240580795646 22.9826604904169 -3.07403752041996 -0.511471721553795 0.851488237570253 -0.115604754789774 -0.123090227248089 0.0605466330634 0.990546768800283 0.385104505785271 -0.423889937016409 -0.200546194193194 0.517237949607213 0.13068276428911 -0.320420652456568
26.7162878744728 22.9284938586304 -3.89688661976337 0.0780731208202604 0.47849911679519 -0.87461030352468 -0.540257493366166 -0.716997386035401 -0.440495844793266 0.778106691951068 -0.07718921775956 0.76012820949545 -0.193479111715264 0.430839602919682 -0.381847900482661
26.2194354157133 22.9255791504926 -4.13112186853382 0.595331810539248 -0.176407357203905 -0.783875296003297 -0.650103975230496 -0.679074901947151 -0.340913623862335 0.285795587724436 0.0564117926735037 -0.250314634326373 0.405540094343719 -0.0392377469233481 0.198983709148693
25.9416182541812 22.845415439729 -4.5819890430909 0.778681607709556 -0.583075898984302 -0.231683943851672 -0.58908244832473 -0.552331268075299 -0.589840689832968 0.429833181698869 0.0484646491539334 -0.0572598086618787 0.183500759785896 0.221555479687768 -0.372523622167382
25.7852203042705 22.6914357393542 -5.05733380044014 0.495216721601931 -0.758141723791031 0.424242295502203 -0.488061093413198 -0.646762553498617 -0.586084096771285 0.318118375811206 0.701785633611189 -0.504873779037922 0.377921554375143 0.47115654391071 -0.585766815711748
25.843109135461 22.3438992062417 -5.44319787421347 -0.0665938097578882 -0.610456711977082 0.789245124979556 -0.437543989667525 -0.693024005943316 -0.572951118589036 -0.354809796693693 0.394439525237519 -0.803736731320421 0.104087217894974 -0.492759883812403 0.369436177254532
25.9887625694656 21.9268950086421 -5.64110665732957 -0.758139856067666 -0.192526542936103 0.623022863871285 -0.334678344241071 -0.705105811562655 -0.625152941604374 -0.336996266912919 -0.354323600376711 0.0750259049714579 -0.725954254057025 0.472399671671949 -0.0783602375844925
25.9219917940152 21.4695387240688 -5.67305502048842 -0.918660672424284 0.389714222096613 -0.0646946213934183 -0.271733538736534 -0.742238600201144 -0.612570603520388 -0.0838525603897069 -0.251586849462318 -0.220564800075958 -0.135341469693947 0.227103954029724 -0.232233066663069
25.5766047364932 21.1241549918907 -5.83264906525229 -0.31985372783032 0.675638317273951 -0.664233736740406 -0.296843616074978 -0.737226979915767 -0.606943364474905 0.0123883234151835 -0.327179290713614 0.636383872042673 0.0446861495329263 -0.0538316359680514 -0.175766239616744
25.1792692875933 20.8668191163854 -5.94042908346121 0.101529937442375 0.488392833502064 -0.866697243555527 -0.494716491289263 -0.731053917685758 -0.46991037728811 0.0460544908799017 0.491080192455081 0.655966569067489 0.0511190471897373 0.0401839894117054 -0.0653095144370547
24.7954911870522 20.7023299026639 -6.31350939113963 0.767358739230602 0.100744782450652 -0.633254336057346 -0.399189909565008 -0.697804488204235 -0.594740542037956 -0.399603677310581 0.736890572037268 0.415328232691089 0.023258267522513 0.603498314273795 -0.0240760695503016
24.6441101666046 20.3942667311927 -6.74701204831895 0.920215546065521 -0.369397588699578 0.129417040001452 -0.251732976171619 -0.811729599200762 -0.526996742389456 -0.412914311318138 -0.371110659175705 0.250338330409192 0.272099861734351 -0.227035457243584 -0.0713318189253853
24.6838186843872 19.9608867635721 -7.10504156677076 0.847201002824724 -0.0264987151750012 0.530611231417873 0.221723207425151 -0.889982142419837 -0.398460293458165 -0.019805489341219 -0.440837282637775 -0.416377492196101 -0.079423650308131 -0.367849510092413 -0.13340595406249
24.381788969278 18.8365598805026 -7.78797088414181 -0.139523187940071 -0.488105547582669 -0.861560360303278 0.872045219960278 0.35162930339105 -0.340432030427928 0.223239480698549 -0.0584891703987008 -0.00507554597244057 0.348723297941853 0.00576051352931649 0.511357453797683
24.8289849553064 18.6874870362411 -7.92994092061335 -0.347142147191714 0.517361999206953 -0.782194919070406 0.885978013844351 0.45437382408778 -0.0926681550928026 0.464721731996228 -0.00555817131443632 0.29660741403332 0.0481610559978229 0.240853220955282 0.562424499109663
25.5206035554409 18.1566737648885 -7.38156668747242 -0.692721597362585 -0.617260120624074 0.372996959819567 0.251940740219311 -0.691715494800581 -0.676798003595029 -0.263261805070583 -0.386865299836594 0.0996743710058421 -0.198121748889251 -0.095117754947663 0.175570397683734
25.5666586124114 17.6259147160145 -7.46897355799545 -0.963360296840028 -0.0481753984207175 -0.26384857297213 0.232465217300401 -0.640647373081743 -0.731799744540161 0.80881441709987 -0.0829371176069973 -0.420687407165045 -0.378322569715919 -0.12086738900996 -0.00665194562302293
25.6037133694082 17.1712806364575 -7.80495164157172 -0.9412974172418 0.314441213404756 -0.122824653904051 -0.0714604523088092 -0.541197043200783 -0.837853903844064 0.450658100584859 -0.482225375197387 -0.281504437451753 0.0148659858189389 0.239962295866592 0.32487351640666
25.3680173819248 16.7682891048427 -8.08589956789917 -0.523532113363376 0.777290296133135 -0.348903886211976 -0.273550709475023 -0.541176331925659 -0.795171797229347 0.111443041980342 0.818298272317651 0.470603571101085 0.142376666538339 0.219506783648146 0.0041966868625219
26.3434390555829 16.5278527478275 -7.66745119314838 0.996893122064646 0.0415286801588711 0.0669288570363897 0.0722787032402854 -0.820006165608849 -0.567772557826797 -0.31253845936678 0.00231131735237399 0.175665039722668 -0.306532731658499 -0.421206210776357 -0.53391040877579
26.6576921677398 15.6295144451516 -7.19471934811282 0.735894289386668 0.242182615686412 0.632303072511286 0.0609072912700488 -0.953736062749091 0.294410978874543 0.331635891448958 -0.698215670973645 0.110593202054926 -0.609546144326236 -0.262107742659416 -0.0941899350436405
26.1607150632766 14.517329747719 -7.60334004217718 -0.13236111226088 -0.688783853424295 -0.712781410548204 0.898582598374623 -0.38690378834623 0.20701394267432 0.627849156696266 0.131855451912675 0.0766583136242752 0.311642906939128 -0.269860035746621 -0.145012441065281
26.4180975269043 14.1657493258492 -7.46045763431902 0.324499794609639 0.0989868483742137 -0.940692025663725 0.943330994613587 -0.10691156920185 0.314160072211226 -0.032915828792279 0.125336757275293 -0.267492885168687 -0.311415091283506 -0.326432680622181 -0.253646905523661
