0.999999238518982 
0.9999979029597176 
0.9999974536667646 
0.9999979364826831 
0.9999983694922725 
0.9999958486657956 
0.9999929038178217 
0.9999949277869123 
0.995910183421741 
0.9999971099184509 
0.9999976374100746 
0.9999963186252199 
0.9999896147748033 
0.9999913191146036 
0.9999958115408398 
0.9999986178425413 
0.9999978167515889 
0.9999971252149252 
0.9999871961669946 
0.9999987589669147 
0.9999973077309211 
0.9999961397629201 
0.9999895884441828 
0.999988534445955 
0.9615337524723947 
0.9615259262009969 
0.9999696011323113 
0.9616199680075572 
0.9614961146435873 
0.961526366891043 
0.9615348503709562 
0.9230750732267183 
0.9230750608221319 
0.9230676650178078 
0.9615322467007155 
0.9618798078116749 
0.9999971885959137 
0.9999983331973604 
0.999987097355011 
0.9999973915635613 
0.9999970999255682 
0.9999967219583676 
0.9999969635626154 
0.999996827922939 
0.9999972236213828 
0.999982393279236 
0.9999917594533743 
0.9613368885028172 
0.9615339446544025 
0.9615360241325189 
0.8846140092135768 
0.7692296327300097 
0.7692278151518168 
0.7307665143531177 
0.6923047353182123 
0.6922718570602252 
0.6923067529008322 
0.6922819149655125 
0.653828463557592 
0.6538418643727802 
0.576921332427144 
0.5769220126417778 
0.5769216159301241 
0.5769125593130914 
0.5384607822934453 
0.5384597343286329 
0.5384596575307007 
0.5384609334821207 
0.5384605756753976 
0.5384602998584345 
0.5384605092301225 
0.5384549276049323 
0.5384600906276762 
0.4999991896847887 
0.49999865375670893 
0.5040817228492328 
0.5384610382308173 
0.4999994507556361 
0.4999983253282878 
0.49988891424429244 
0.49999862342425555 
0.49999057901494875 
0.49999762440663065 
0.49999712588374834 
0.4615364849972142 
0.46153785837808103 
0.46153640973963606 
0.4615382925648651 
0.38457843467139813 
0.4195249369837908 
0.34615250561206107 
0.346153458651775 
0.3076921360127945 
0.31122764391168994 
0.3076909355322614 
0.30769186556413036 
0.3076920252672362 
0.3461735636084801 
0.3076913269305459 
0.30769209604322845 
0.3076917538233271 
