t = 7000000
b = 105 105 105
E = -0.257510523269789 -0.589846608392531 0.332336085122742
31.7773429704776 10.0274051911953 70.0529719226699 -0.443744759031365 0.764784098591893 -0.467114409296592 -0.876681729849812 -0.262400142491707 0.403206286864771 0.347292082412521 0.211157506769823 0.152367782781929 0.473479530574672 0.14920915789419 0.511474790296085
31.3290616010816 10.1224991319023 70.3489941518308 -0.36500979664582 0.141593048896691 -0.920173492802768 -0.92906449889981 -0.119156244344084 0.350201293998557 0.0211508217277101 -0.29588998837711 -0.363338699669556 1.06123930255929 0.28331104659478 -0.2537516588215
30.9499934522773 10.4164878771735 70.2825940884357 -0.292280690292047 -0.775579654458379 -0.559507102432642 -0.890848561547591 0.00803698103960302 0.454229289373145 0.23678954389406 0.23008084238955 0.214495476555114 -0.721232217774647 -0.23330659106588 0.261110860428319
30.444410445071 10.4842510678964 70.1551847378539 0.146956453042505 -0.954842353440588 0.258224477897906 -0.860441907012519 0.00536541236420183 0.509520300877889 -0.606807519417536 -0.123754339869836 -0.567090366409638 0.0266248354346001 0.308266238780074 -0.352410209222763
30.1011619472375 10.3236158733217 70.1488727111782 0.34782550919172 -0.282327707390344 0.894040536438697 -0.937336729170397 -0.0839396727306179 0.338162664246723 0.17842216096516 -0.335496721475916 0.0874730074692255 -0.16358920463466 0.00786163772992421 0.621293337390321
29.7581594708678 10.0160040351164 70.4879004941123 0.372390572495293 0.550706031047333 0.747026190226532 -0.897608022381068 0.00916435093342206 0.440699277091675 -0.30950956395784 0.266656703456116 0.0676670171012226 -0.540405448281504 0.0131035817685198 0.382678769990086
29.5158560304828 9.79612002779019 70.8191921641333 -0.0254818493088828 0.998618229282649 0.0459598466088105 -0.78648177918426 -0.0484060000153453 0.615713626756784 0.108109120314268 -0.341783278129979 0.196487622537647 -0.380549581964419 -0.229126270503784 -0.107847064560555
29.3979132510754 9.59973483009399 71.3559550119788 -0.262450740775183 0.918533337904017 -0.295662165021423 -0.738402686363916 0.00607525933505901 0.674332680503391 0.0460460465496914 -0.243159086094859 0.190255542575752 0.155377223607154 0.19565571063836 -0.24041085688841
29.8106554844767 8.73293476674785 70.9038725289233 -0.121355431226049 0.828919876684379 -0.546044592821501 0.99070444311334 0.135211065509141 -0.0149222705814521 0.0629273492627011 -0.221921817336666 0.288804071188304 -0.195811673296186 0.564087485190829 0.534401000630287
30.4636449597352 8.61279009566335 72.3696345016813 -0.268075396180291 0.30476748094016 0.91392142141671 -0.759242888128569 -0.650782529648609 -0.00568646900041519 -0.136844994691374 -0.173630478269315 0.356726423275214 0.240759192154087 -0.00840647359452076 0.00216915276198823
30.271349061948 8.19385418796224 72.5928808903844 -0.620862537046914 0.671315096542585 0.404803348856892 -0.566664787647665 -0.741148698554131 0.359985590089097 -0.255510354326416 0.970572498753739 -0.423975614696252 -0.398079360307591 0.511724824022428 -0.111109482208438
30.11220938741 8.00036279824081 73.0086113294997 -0.786760888607103 0.55487848367256 -0.270401872248108 -0.593383108142487 -0.800553414247426 0.0837300299078561 0.0505317822887356 0.420669193755917 -0.0484431384279394 -0.266740054560418 0.0632707226918707 0.083993143100498
30.608102639885 7.44558313779773 73.8562950269212 0.111487625913044 0.503057242322672 0.857032041533621 -0.3351729184085 -0.792841813350816 0.508980327486267 0.180914791049773 -0.703218773457203 0.307688792725249 0.235559831390723 -0.382308085733253 -0.462997753737579
30.6190489143571 7.11542819971292 74.3064007732632 -0.440682817780176 0.796327482314276 0.414320160050767 -0.340204375654299 -0.575282956074255 0.743848441038818 0.479308971188705 0.126245047482901 0.10885780007403 0.413164240939538 -0.334775225526559 -0.104923941955682
31.3984103738657 6.56298432423693 74.3304996448841 -0.0747259493108789 0.704880150831533 0.70537933444616 -0.27399353695332 -0.694645571481351 0.665127861188575 -0.606998832821913 -0.119107324891579 -0.21328606480149 0.181057429116347 -0.25718633671541 0.290636061507914
31.5581550842588 6.37471654254515 74.708686068284 -0.866036129432184 0.340636267783678 0.365989556665887 -0.0509274429019417 -0.788298582587188 0.613181653550404 0.227463690541083 -0.0232683478607814 0.170626450281203 -0.054528243841814 0.182478243513564 -0.445007758192673
31.5972242103452 6.30489671384725 75.1750262686142 -0.88221811359664 -0.359710772209881 -0.303808097980503 0.112903166879489 -0.788037457946763 0.605185789474297 0.387746827576141 -0.439597098530873 0.254782495240061 -0.608996612776459 -0.0159934865003299 -0.805215109885968
31.3745043916102 5.98437864580423 75.4853479917801 -0.0436392424424373 -0.455876346053868 -0.888972650663605 0.320318202522596 -0.849228357790473 0.41977070581159 0.383568830772011 -0.534052090845651 -0.0251317080286314 -0.0979314260674779 0.0102359287864501 0.1205561223953
31.8854707488658 5.74195379406146 75.6826220229709 0.884602525858556 -0.348628398884419 -0.309736356820268 -0.31874984014766 0.0328066808951302 -0.947270954423604 -0.673329029025316 -0.78069945632058 -0.0696088535073192 0.309708431825032 -0.0322641700996721 -0.105644201172101
31.3018572307115 6.15091342472347 76.3744210854491 0.17286466007667 0.834979157595679 0.522424746425285 0.984078867533231 -0.124168953234528 -0.127164670907982 -0.341184789623261 0.144481000415297 -0.362779191305465 0.195841396075055 -0.175373126730631 0.45240832486844
31.5206863992362 4.77184155313047 76.0691954633816 0.241081751121863 0.136291952246704 -0.960887138548943 0.893812549470679 -0.416936682797605 0.16511489619776 0.193887670437495 -0.0476302255435897 -0.0203327387616356 -0.093556891808218 -0.069612138870601 -0.340901827750386
31.7904010939383 4.28468199020076 75.9519942169707 0.311656163337827 0.635728506955645 -0.706200893016631 0.924045374011613 -0.375935475891979 0.0693733719377764 0.722694675792966 -0.0159090540495825 0.499185251350921 0.0136556615312245 -0.295214588216845 -0.357463573328791
31.4501299431855 4.11081923064685 76.2948263539296 0.36522988816447 -0.13520296891656 -0.921046842450201 0.0567694613134094 0.990790365497852 -0.122929572921147 -0.0502349580748871 0.183662153522765 0.0629323857847449 -0.538828362315983 -0.170673374898265 0.081493875720232
30.4910714365269 4.64515342258983 77.3198675383284 -0.996216293117917 -0.0509459686887537 -0.0704102662996531 -0.0586311545387428 -0.204054528231822 0.977202198741627 -0.096216896454199 -0.0235003962085257 0.0154433694458821 -0.0279814040285781 0.0290104070407296 0.0924109990938211
29.866442767073 3.9974792255164 77.8688788300262 -0.962962290299961 -0.183496738407146 -0.197566632948069 0.254608369916901 -0.860002179895183 -0.442233907048828 -0.439573401019069 -0.0155791676842802 -0.556538106535311 0.158066157066067 0.210590726331883 0.543828102725414
30.7335331687834 3.86486808587416 78.6247424863312 -0.254897744247616 0.563273770221883 0.785970609983361 -0.686961490839232 -0.67752343882565 0.262765865259958 0.148598145654559 -0.249645949503184 0.151691031501868 0.17986503930738 0.19780980924722 0.142384771351589
39.5792854594994 0.831160064152984 58.0196373218398 0.261358060968269 -0.617882621225775 0.741561211468189 0.964583012980151 0.138807380476163 -0.224303638390367 0.0726411976672812 0.385785710390431 -0.172125860865469 -0.172948540939026 0.40438512841641 0.179730333867643
39.9777713047154 1.02659033310111 58.196332929116 0.221913547815578 -0.96962456987947 0.102871622821012 0.971249837519268 0.210485929604982 -0.111217923723973 0.503150386638343 -0.0932611018246477 -0.290716919378513 0.176216491147389 0.207917371963112 0.401828981479198
39.7916776572726 1.93242805415456 57.2823867923011 0.293745819773446 0.62212463993788 -0.725723312115193 0.0136871348294165 0.756401950932153 0.653963875887507 -0.120863753606086 -0.0319249843151007 0.33519650475127 0.354910295249989 0.0377243070850849 0.363574452182301
39.9144580821938 2.4522589401318 57.5661390775483 0.0974593999139735 0.340958133013618 -0.935012950124408 0.248693981724296 0.901337794860812 0.354600455456022 0.318544280421261 0.164621004772373 0.224818680270723 0.0739307553978993 0.241773269157976 -0.611484722925132
40.2102934476191 2.96137680089267 57.7780953079364 -0.25821857836707 0.212330550519516 -0.942464271525672 0.226248733009795 0.961710002457558 0.154678317758283 0.21210706672717 0.32425576480568 0.121273134842607 0.170254530134122 -0.00541163863857713 0.219345484225713
40.4823717935421 3.26850485030723 57.5098290610742 -0.910342865287133 0.402591608660012 -0.0958950689923674 0.39378314854097 0.913903327709603 0.0985674364375346 0.355450371696892 -0.582800889444569 0.435648768955173 -0.611224245064674 -0.104226067760771 0.152682299779577
40.5401067038086 3.71454679816439 57.3167058323862 -0.669574940646251 0.172070303299915 0.722538033311136 0.471146203574119 0.850426962240793 0.234083824198595 -0.0981763433087051 0.29769241801533 -0.250894743861075 0.451739114155378 -0.0714750735296647 -0.220543783441353
40.6526285482311 4.26413341021245 57.2405383365782 -0.108416847605457 -0.33558284625296 0.9357510034491 0.496900111679372 0.796979027722988 0.343387111556052 -0.0859106078796643 -0.145608608398378 -0.430726412018608 -0.549261757322871 0.0961668569995786 -0.0617155579525222
40.8104593813741 4.80266065620577 57.5822254084766 0.333103672692346 -0.772941090456584 0.540003716582063 0.710233747098053 0.582376650547815 0.395481303451566 0.0907641742483502 0.154685540042827 -0.582850656763999 -0.138184835472477 -0.461067342602637 -0.472817974201793
41.0449893180817 5.06239181336144 57.9727463302983 0.54276761895149 -0.839475596193741 0.0261540668517249 0.702924613518303 0.47108233395354 0.532896258522231 0.414140530607411 -0.125968134639844 0.177827258764353 -0.0249813980639488 -0.346972498481597 0.12978877728072
41.5313274965397 5.11289988373295 58.0616936062691 0.536318899397932 -0.721435354930214 -0.438056008753812 -0.00463731768768906 -0.521525146231738 0.853223310237495 -0.00962433040184279 -0.0352319119795332 0.185930225060562 0.638894724367038 -0.559566506971066 -0.154513526303786
42.1088005030095 5.64925659858181 59.178729133373 -0.869300140117524 0.337911453393193 0.360739679072664 -0.136774250232215 -0.865770296628177 0.481388198806021 0.647111610019404 -0.0793212547590277 -0.201942280901821 0.0709210439573961 0.599473041896579 0.233626506667147
42.1306027562633 5.53681589196989 59.6227636485541 -0.868083057247042 -0.301829695508904 -0.394120084022481 0.0491258233582441 -0.842261168402025 0.536826580639579 0.0729026303462438 0.294495702460932 0.0819639393530071 0.313167571227311 0.244189217849451 -0.19949707640605
42.983402881135 5.67726218636229 60.0316037202004 -0.926562185042664 0.325084038725737 -0.18921650301998 -0.3561848371869 -0.596624077351241 0.719146766719455 0.323519562186469 0.21167381831537 -0.192930329391315 -0.00293643262242423 0.150800987968168 -0.216166656501173
42.870075118047 5.74441821609166 60.4639608001527 -0.788586480082864 -0.462637716130829 -0.405089751837965 -0.237307390734168 -0.378773272257027 0.894547936405076 0.0513565912068278 0.107366046716133 0.495020992257119 0.00720739862474651 -0.425307399692304 -0.349491734581392
42.6356567135103 5.91124500555753 60.7596278155204 -0.285843210097959 -0.9481165034521 -0.13917167499986 -0.304229942903424 -0.0479316117710239 0.951391981485121 -0.135395180018125 0.252847156557921 0.109257610974328 -0.284478189482792 0.0719168083787149 -0.101270795183543
42.2594464954322 5.76462740435326 61.1768938850386 0.512749585860881 -0.842178965498227 -0.166800636304748 -0.323094002318304 -0.369288117130385 0.871341811353262 0.400649275268182 -0.135904233896235 0.214679665554745 0.101066950730817 0.0415260910825197 -0.180941294577147
42.1534743362928 5.32427346495743 61.5080511252923 0.994957938156571 -0.0892501207358992 -0.0457505983278393 -0.00417256300391598 -0.492610276239068 0.870240027499031 -0.402959705983395 0.0811512634788428 -0.225368752933126 0.00834268888785294 -0.743197488234611 -0.273255658513128
42.2050287982236 5.06543040900138 61.9145676265675 0.801293794258125 0.554439360749118 0.224778225225674 0.0983718227322483 -0.492700674879992 0.864620743138686 -0.577343835114203 0.293715906621358 0.575159525390186 -0.429597858315096 -0.736608130513533 0.215789143516458
41.3916711450531 5.30190934238259 62.5706276425153 0.520043136885967 0.840142093814022 0.154001292136411 0.429768083301849 -0.101562045011405 -0.897209309798298 0.253151318200092 0.604693616596449 0.624437087561002 -0.0865352994181317 0.0849965630419977 -0.127219669443013
41.5112993896176 4.80200239237374 63.5456027875977 0.933875916089471 0.285968467716132 -0.214704002803305 -0.0552234413290597 0.708534846878901 0.703511721498362 0.170051582019716 0.157631067938976 0.395939443182278 -0.686602823749786 0.881314839837526 0.267324800369273
41.7057327204163 5.00677630183078 63.950720977077 0.517469560637911 0.547876178528793 -0.657310388487839 0.0831720349844341 0.732313351720257 0.675869489982051 0.0126465080463229 -0.39866517469106 0.20567578571794 -0.51270786366655 0.140404682498064 0.0146885372931774
42.0679020098251 5.3867030531681 64.0763905150846 -0.530734687092451 0.514125891201681 -0.673791703654088 0.0880485278476427 0.824143607658155 0.55949510337469 -0.0430283452579305 0.178300029084611 0.345726762424447 -0.00900053784739294 -0.00845167383197346 0.194451245875229
42.2001376166194 5.8794292726331 64.1629523123471 -0.951434840840733 -0.0750402988381746 -0.29856439369854 -0.272487259928174 0.656585900949913 0.703310491782122 -0.49881247888016 0.25895448822325 -0.141637396388468 -0.0401975633467793 0.0946779599971003 -0.435777763026113
42.0624621869799 5.9787121328131 64.4839326431198 -0.312561023278355 -0.740304832756405 0.595192709401368 -0.926812947869631 0.374973448722941 -0.0203143401085193 -1.27370903966179 -0.114820131134221 -0.0244950190417491 0.078579166237477 -0.533248464073241 -0.0511467946414024
42.8311766588926 6.0105196819081 65.4770615845211 0.337448655192898 0.295756539606435 0.893675821754348 -0.625986502475042 -0.638527462469075 0.447686920059072 -0.289828441085495 0.407399885318725 -0.343494538376608 -0.255732509172154 0.200362709407826 0.464369578600166
