t = 1000000
b = 105 105 105
E = -0.236175141802766 -0.57821939180306 0.342044250000294
-10.3106257826554 7.15971246397315 9.16068954665369 0.119296152613545 0.224963472779646 -0.967036640405444 0.664864988446521 -0.741464728250443 -0.0904688006909253 -0.060651035133944 -0.0713985282833403 0.402425899443701 0.153138716675473 0.428266245765549 0.0458334664557706
-10.2302339885431 6.72461170049858 8.82152971723155 0.693751647409221 0.709072963187157 -0.126191063843753 0.719942143888312 -0.677945109541135 0.148572332224833 0.401585401970848 -0.277108869930318 0.17850413860649 0.135169805561354 0.147585594049197 -0.230564911099918
-9.82736151453287 6.47923762063657 8.69164690871852 0.507836884335598 0.556568282220514 0.657520681145801 0.689507942648314 -0.720167625691623 0.0770544478304095 -0.397706878326075 -0.202888572781511 0.31893191127647 -0.0731770475319769 -0.22145196258266 0.342033579822415
-9.28935103098758 6.24972180707315 8.75923000779871 -0.184106059955854 0.243285869228186 0.952321870231636 0.576617141093868 -0.757911719544008 0.305094244414102 0.0373242385702227 0.791574584891019 0.342029075308214 0.922189772952012 0.718349029035963 -0.152123068899436
-8.82943740708497 6.22792954991112 9.05199039905847 -0.655837867511311 -0.25063238154566 0.712081526834521 0.6834804292865 -0.597639533880143 0.419143758543505 -0.00829659769363153 0.33061765710801 0.0921382938991727 -0.0563985213295792 0.0242274896997199 0.3986156307033
-8.50136235590805 6.02639629288459 9.464521164463 -0.891565563777853 -0.420658323146305 0.16780173018513 0.442580800562206 -0.730646869019462 0.519882090252893 -0.283505621640632 0.0930109283875784 0.160028999565795 0.260960392707776 -0.1763797113398 -0.185592251700225
-8.43018158756586 5.52593413899191 9.78387812812917 -0.98772451452825 -0.155378097611916 0.0160602049335522 0.12180103167615 -0.701721862324321 0.701962204551521 -0.486617772134222 0.200628899501999 -0.467124013843069 0.262570171698197 1.01137831247986 -0.1119725669622
-8.43695616761669 5.47636384182385 10.301579475858 -0.607580876479975 -0.687931509651034 -0.396983269880394 0.193294006653017 -0.612858823714402 0.766186327982603 0.065094177388741 0.4370892269534 -0.412838783672636 -0.62637808990026 -0.129454441616141 -0.0571804799219024
-7.22017070452841 4.94266507385441 10.7078384021356 0.680640869927115 0.724553084216549 -0.108401265385991 0.124663717534547 0.0312620443977027 0.991706429398558 0.78622816812883 0.173642398421359 -0.342120668225812 0.223393253569584 0.537804006467274 -0.439546818473466
-6.90957132928673 4.85979583285123 11.0265569649688 -0.137740648308818 0.990463652693611 -0.00304409203666297 0.354057863250694 0.0521075595417512 0.933770759720497 -0.189820423845004 -0.120315808608124 0.0981619986725949 -0.357769133977706 -0.241958614777847 0.411298400957181
-6.54433778865516 5.02901629315723 11.2802571762104 -0.854620072438264 0.40910179901479 0.319781565804675 0.352801549005643 0.00561632644014121 0.93568131535073 -0.0893327326571826 0.531765319645572 0.163547658076833 0.48446782715684 -0.213636748913841 0.433905203405797
-5.79949711377489 4.22331195385348 10.9845331846461 0.661792895702823 0.428418217173574 -0.61521377942206 0.413761222636894 -0.893051140369394 -0.176808685666296 0.268286487223949 0.0346896243918999 -0.0861145995315112 -0.327085509222442 -0.387151702639671 -0.206343438406248
-5.53575292919687 3.84018542116683 10.7539901886098 -0.987666771122108 0.0478469826962911 -0.14908056703783 0.0586682463474714 0.995886371711875 -0.0690533960731531 0.264183797972683 -0.443729720665316 0.302363732963827 -0.12824076511314 0.189434876201574 -0.0207675399074387
-5.00122949951731 2.79251472281039 11.853381833068 -0.22377608129292 -0.912924366853382 -0.341311244828913 0.957840783570714 -0.141253368515776 -0.250176975782381 0.198683861571013 -0.599638689463102 0.484615396435092 -0.306313055925608 -0.141050445931981 0.10670697588064
-5.31087134723175 3.10316223321945 12.7434606379342 -0.56657275000343 0.0984999442642997 0.818103343064577 -0.357721036078217 -0.923796558477936 -0.136512193196706 0.28869633301097 -0.17296462673405 0.527698133817683 -0.0161219141492065 -0.460955720787249 0.171455281464279
-5.35171453539404 2.64779108226158 12.8351156284884 -0.869048865217002 0.488647212523203 0.0773173431929477 -0.49406285531196 -0.849128506393716 -0.186769040878425 -0.208175446742748 0.299192291017899 -0.101699515141674 0.409941307294268 0.776307922154929 0.701823063598848
-5.5213720852647 2.25971003727778 13.0180592972549 -0.565422981398483 0.460499530848869 -0.684278477079712 -0.407831879585871 -0.877206665960075 -0.253340922846511 0.534081325649025 -0.00183552323220496 -0.1045846489304 0.0198497053726989 -0.192984262743775 0.799404197306613
-5.94255629875973 1.90932215064403 12.9972485561379 0.213147900594774 0.287079794380888 -0.933891409174633 -0.458092167893081 -0.814913842982981 -0.355059141876173 -0.34187671390161 0.36971534494221 0.24475511177106 -0.0368042672449472 -0.0547712145627095 -0.189092447562936
-6.41138855169195 1.81373755539823 12.9168371767063 0.740374078410316 -0.0743987092755969 -0.6680651585557 -0.369039315420707 -0.875671215717315 -0.31146413218507 0.611099521819319 -0.614748411768819 -0.107764784658928 -0.0564841167604749 0.165497657063154 0.33462233473089
-6.77806192208017 1.67715585471611 12.5747908201158 0.840182847889898 -0.52428654158795 -0.138623246323223 -0.542291979965886 -0.813898773398265 -0.208538234205548 0.427642538372028 -0.0390402417607317 -0.095670739645907 -0.0761957880156842 -0.34031693482556 0.212005324779571
-6.91255820900747 1.36422611816393 12.3070665515924 0.46348310121774 -0.529753667505748 0.710312935719148 -0.348417470526192 -0.845996560835399 -0.403602632903789 -0.247339516359563 0.543815398617001 0.303966865033752 0.129577962939197 0.557126074969586 -0.285616273767081
-6.79123937106825 0.927198707205264 12.1099697495931 -0.506493468301864 -0.30752159795252 0.805540087990791 -0.226883984494288 -0.853781584181232 -0.468594349190066 0.176504269769973 0.258759343449302 -0.022298403570906 0.102187635433342 -0.101393776771466 0.413469568661411
-6.7413087253916 0.514611971168301 12.0500336607328 -0.951212935948813 0.0926642959952171 0.294291146199343 -0.184646255282916 -0.935136054857433 -0.302367854302769 0.823850645814824 -0.167054136114285 -0.51195348948791 0.353921537306231 0.34545721033724 -0.499059966480587
-5.96416692896625 0.622800102309 12.4102564627132 -0.735015553830543 0.196537656379453 0.648941511426153 -0.514599161149611 -0.784898343884551 -0.34514097570613 -0.239629636067433 0.264479920993045 0.33318457012857 -0.427518298459581 0.187776364295324 0.11934558803478
-5.50627264842551 0.0107492181578364 12.522916842711 -0.489024748980547 -0.797334475828804 0.3537124941803 0.851809221949652 -0.349213138708923 0.390475649886979 0.164908162499185 -0.276174160287931 0.553808690631426 -0.136167724201111 0.387248812128622 0.315782173186079
-5.18100571359665 0.272847911216604 11.5612131967463 -0.247910818026423 -0.391527085454066 -0.886141505438822 0.949373580416841 0.0839942162166292 -0.302712365866779 -0.0780806299506472 0.956779093159233 0.0300751837662687 0.04740855457105 -0.148845614594512 -0.324935102125545
-3.24330456861167 -12.2879652516011 -15.2280839325161 -0.956476804333674 -0.266148163104881 -0.119654828767225 0.19336265481525 -0.270962280251306 -0.942968889414532 -0.220807144243306 0.429246132379983 -0.0652285106415721 -0.501273550288968 0.417635748307123 -0.0896891890168448
-3.2032917571165 -12.6923515603604 -15.4605985379566 -0.855392069634737 0.39840750223935 -0.331022460514573 0.278309107048153 -0.185479263792681 -0.942412586735229 -0.0688345852970139 0.245169069944374 0.454108256111761 0.339665880976218 0.0151036905616051 0.287515309208644
-3.1807133455593 -12.9119740338166 -15.8702022084789 -0.309459672365809 0.950591993684924 -0.024689526551446 0.364817748387766 0.0947069970581017 -0.926249747729875 -0.151101494894902 0.328272908718315 0.251644472057117 0.354414815810425 0.589837150422683 0.592755916543753
-2.07092028666388 -13.6733699558477 -15.0659161255577 0.476354389947118 -0.10069672201842 0.87346818222117 -0.612526422421826 0.674691676111626 0.411828270060249 -0.199017593696098 -0.0236902925725741 0.454703104957858 -0.539731991433902 -0.0349131897522745 0.473533745714884
-1.80688712718455 -12.9022516507629 -14.8768080606648 -0.441514541333584 0.0279587804521944 0.896818385397266 0.653105718048212 0.695371069867269 0.29985329120132 -0.0782782761762776 -0.200165525072769 -0.0287738281512027 -0.182113979319343 -0.211473588889288 -0.295379464507281
-1.72089504225411 -12.4448064890646 -14.768543594287 0.298131690626478 -0.594337740147444 0.746913747149329 0.696047807583168 0.670821525274099 0.255960799318205 -0.242382227127558 -0.0169339135007954 0.301965832894865 -0.143550059172343 -0.092513997665352 -0.402304732171188
-1.60978897212594 -11.9852027699996 -14.1259484436657 0.727892650674179 -0.347123381863338 0.591335477422365 0.243497982547428 0.937040198798906 0.250328580730259 -0.077007078987338 0.0378155303302885 0.400083921310271 0.197012138664297 -0.254858450042964 0.389328222087553
-1.7609457237575 -10.7310171684503 -14.079767123622 -0.235347555522868 0.89592184186735 -0.376743389291177 -0.955374194757288 -0.284457857518995 -0.0796484481195594 0.263322272963696 0.443449634757878 -0.256895947518352 0.66229448044992 -0.128851545737184 -0.206384552396122
-2.0291125108282 -11.1709064365627 -13.56413506402 -0.933198585115078 0.288675502855332 -0.214025360157206 0.235024917993562 0.0397276083641276 -0.97117712342078 -0.230802760584912 0.4325783822822 -0.00349703227346818 -0.399437268149562 0.241600869808677 0.349797161069276
-1.64122208604718 -10.1994515015595 -12.6995844250346 0.493927672822045 0.862596061647681 0.109377732881551 -0.234807320451788 0.253444295726182 -0.938419688213189 -0.00738439258623733 -0.190668315310406 -0.251525790232178 -0.633406087349608 -0.145522068866582 0.0204275970515697
-1.95455489406769 -10.0273123551083 -12.9848883744131 0.925661201607277 0.313382304047705 -0.211997338069658 -0.32669108789193 0.379377944166921 -0.86564733498783 0.0601893135160819 0.0549157043756046 0.0785598383234477 0.203278145462629 0.198326627579549 -0.235760839530661
-2.41865481521901 -10.4220326358403 -11.8072072105697 0.439449116971482 -0.179796346638107 0.880089624600039 -0.215304577562314 0.93012016643199 0.2975238055642 0.177415198715525 0.0386706007943735 0.473260499365093 -0.196747541207404 0.135956931899609 0.280369391915148
-2.66461339469779 -10.0446264011069 -11.5223124371256 0.925195004333269 -0.119213090036379 0.360281061285222 -0.0346410389813172 0.918883171585784 0.393005999184373 -0.124298106373703 0.314144871963596 0.335116552523433 -0.00275111257493806 -0.00171999068491871 -0.223962736824777
-2.63116493212002 -9.83381154641119 -11.0831261666906 0.959346577053731 0.0848829331413955 -0.269163579922411 0.106869259718934 0.773429722179301 0.624808311545811 0.331907809245098 0.0188066785851742 0.692587721043117 0.465867418312383 -0.0973648590023636 0.546365732469683
-2.48779572844746 -9.66113261154195 -10.7192983183884 0.348988963390768 0.641245814667296 -0.683381671252042 -0.0660423913783865 0.74424675919292 0.664631600190593 -0.206028506623069 -0.0979306973410434 -0.123914814630385 -0.164382834771612 0.157800696769105 0.0133011521727784
-2.23004466907952 -9.35021977160849 -10.4270229818393 -0.550096676833024 0.450147596364114 -0.703392342597606 -0.150535225613299 0.775035946058163 0.613725042806037 -0.0410453680339761 0.52501184881106 0.4848937959875 -0.679117543050045 0.15953476484858 0.137544112267431
-2.18281400977433 -8.84227210092707 -10.2594451701748 -0.761002417698319 -0.118390533757266 -0.637855000587155 -0.425017570054941 0.833808024891476 0.352312705945951 -0.498134183957865 -0.19986646610378 0.0520582842020489 0.0613592924728186 0.108253159793477 0.0724779142387912
-2.31265708324375 -8.37408346387484 -10.4551560396498 -0.973053477558562 -0.219801284109937 0.0696729884158598 -0.193422440520843 0.942579819101859 0.272270167526448 -0.399440361011825 0.0424882672258359 -0.34342859555672 -0.167927844995635 0.632091700507238 0.385796674574701
-1.70580349894011 -8.10799233198556 -11.0013178533876 0.791589850696095 0.257600006784475 0.554100843510872 0.0788089687244728 -0.942262817084308 0.325468784968749 -0.349460497365493 0.462030394154097 0.013655845097701 -0.152126840831794 -0.164027792768413 0.184523648233208
-1.42996791638941 -8.53394311072697 -11.0388033631351 0.234747265469615 0.367454561453178 0.899928256374798 0.123708908339261 -0.929563779039971 0.347285598167567 0.4565430720741 0.312125717039341 0.326053898324237 0.598800453219355 -0.0804414654537816 -0.0401220508918462
-0.764543659685919 -8.82413700610783 -11.5312383396242 0.910853338447127 -0.0681925546456454 -0.407057700247198 0.295071734411464 0.797182126358246 0.526719402496551 0.0887564876606605 -0.651310882007328 -0.372987068086586 0.61018025789314 0.412417994341272 0.508386174258933
-0.482753358563145 -8.75538028940594 -11.1212704588981 0.403651148079471 0.396456350020176 -0.824553280984763 0.191264079652928 0.844757824528035 0.499802230620549 -0.237998688822325 -0.183126688559251 0.478729058813544 -0.122922293805183 -0.434057518362446 -0.0595966054050481
-0.163301099438561 -8.50191292375526 -10.908777974223 -0.388849635776364 0.590015520227088 -0.707585787482798 0.24280837348869 0.806506205822957 0.539065704467293 0.436170883085207 0.27957069636804 0.660236359296765 -0.287413331058663 0.14808300501437 0.114432471180002
-0.744247555809428 -8.44291160542124 -9.34552855564393 -0.922260830264139 0.324937251643838 0.209405691075186 -0.130017331152857 -0.770882339273935 0.623567087485769 -0.00830047420184038 0.0871155734397898 0.127442551192314 -0.0787661782936902 0.314332309046664 -0.173251957852512
-1.07612511337772 -9.59659778208371 -9.98544202358876 -0.478698898087552 -0.207334941592448 -0.85314687303229 0.0304195001445643 -0.975049839296924 0.219891939138252 0.333636678518165 0.651721403197533 0.416073617535129 0.73134365987839 0.387398367139299 -0.193476157386063
-0.453700974011956 -9.94543652820549 -9.7733705517503 -0.869645386762939 -0.0578386964987894 0.490277050726658 0.410415285418216 -0.636633904454653 0.652883270725994 -0.236713603842202 0.337610431489655 -0.159486873641098 -0.149112289458031 0.155605823263293 0.0047707171202671
