t = 7000000
b = 105 105 105
E = -0.275075045989233 -0.582047841921014 0.306972795931782
17.8588182180895 -73.6531656562103 -26.5330519572227 -0.426048051913216 0.28865758299681 0.857414635540727 0.161932185402462 0.956759365190441 -0.241639161666362 0.19717757690528 -0.0472312535791398 -0.267306530861797 -0.105260947633073 0.491575461385017 0.387475047814962
17.6208421474971 -73.1531072417374 -26.6559594123424 0.447865744531634 -0.0169148180470125 0.893940805537872 0.2677853231691 0.956462436307976 -0.116063037299617 -0.629191801513095 0.172555003534935 -0.716270055706109 -0.200418051117548 0.450468053228858 0.303593066917741
17.5710554721845 -72.6981189712956 -26.5672577143874 0.93734908473913 -0.23749656103948 0.254896207961376 0.295169470090274 0.930030026825302 -0.218904392669357 -0.0884285625720355 0.359215013116919 0.158186510086563 -0.164800234846496 -0.432384878223983 -0.188200966172639
17.2413220757415 -71.8662022289718 -27.1129128782083 0.564794905241976 0.81953812998427 0.0967676005398389 -0.815291177023743 0.572287642271475 -0.0882448365089046 -0.568685760132793 0.204322156904246 -0.179991463424477 -0.566345370678143 -0.260748790559587 -0.429759002108435
17.0389944055463 -71.5331771562211 -26.8416406779416 0.500745860560686 0.650047133914523 -0.571570036671501 -0.578847835312021 0.742429575305992 0.33724399070371 0.141798321885367 0.0622762064911182 -0.470312804999115 0.12465037163788 -0.121775543760872 -0.355205012167742
15.9684802098652 -72.7942296544749 -26.6192377366292 0.273574942308573 -0.78061964925582 0.561951700892728 -0.523261141535933 0.369434880100234 0.767929454522672 -0.2742632462342 0.810591103764425 0.40553012122319 -0.110881054465228 0.498834522541039 -0.221455494619874
15.5882581316784 -72.7849491192708 -26.3946223470837 0.884425159707512 -0.0662772056682844 0.461951803639315 -0.262397392140829 0.747955026225835 0.609680971772175 -0.243430464312846 0.252576441518455 -0.459846834668099 0.233637483186509 0.359209667184815 0.394317545882121
15.4130675896367 -72.6897397384988 -25.9957310715806 0.898313670719574 0.439283198398966 0.00792594490023876 -0.355043845001777 0.715185548040805 0.602041111552654 0.297020726512199 0.14732053795035 0.160487507274715 0.0673338092914785 0.670073635303319 -0.107957160739718
14.7658720987086 -72.0694707584545 -25.3020170663779 0.00478600872422845 0.424514281947461 0.905408592041743 -0.33488267624523 0.853819092110001 -0.398555580940978 -0.311612466784297 0.0627573864948002 0.0829079814830503 -0.497811933820902 -0.187111295585708 -0.349744324214732
14.4094281490447 -71.7251579113858 -25.2770439047854 0.88756735443303 0.36491670744648 0.281176080012714 -0.200993253559982 0.85594449677178 -0.476403957235507 0.623664184949061 -0.520019489314641 0.35212379841663 0.0627582995707031 -0.241990506564507 -0.394335749833286
14.6354841691231 -71.2871734219436 -26.3722956891882 -0.319546761740115 0.347033020244616 -0.881735759692919 0.393995061890428 0.894931650406924 0.20944028338921 0.070462715765528 0.322145293869482 0.088909040213792 -0.239401116036539 0.0982902788377998 -0.369971953404294
14.9385530080075 -71.0065307151282 -26.5221983689984 -0.860742023645933 0.446408369595195 -0.244627750439125 0.44139397170354 0.89390310969925 0.0781574834151005 0.217632297941616 0.0613156837456625 -0.41482612427126 0.582531274730301 0.206693870921781 -0.365361984529544
15.4678628221787 -70.8656240125028 -25.441556988875 -0.132222434462577 0.28607228670691 0.949041555782971 -0.951663527317844 0.231142314270078 -0.202261616047932 0.233724986990745 0.0368778974412531 0.105271736947493 0.26723525863261 -0.287046935840873 0.138637131799969
16.4036096605628 -70.0533084705694 -25.3903987267941 0.558973588548313 0.589037976376683 -0.583594713556808 -0.802944751053834 0.208858069959271 -0.55826340858756 -0.537757161528521 -0.200947634649104 0.127798895644466 -0.0941616224991603 -0.0693233168678948 -0.0556043016280505
17.1196531810462 -70.1879743027565 -24.7714068065618 -0.554406865498525 0.0928476438161603 0.827050386932834 0.262503463381027 -0.923520786066882 0.279644934542593 -0.059637413270309 -0.746840862060344 0.0958236065531543 -0.193017886604064 -0.242835447172991 0.642388560159186
17.3504469169033 -70.4696419492415 -24.3842833817004 -0.980946240023522 -0.190787935646891 0.0366665759922557 0.192208464722207 -0.925565969970055 0.326164898973418 0.374083586034535 0.0297981006460517 0.401396014138844 -0.0931609737400167 0.0750965788953578 -0.137493857459868
17.2327420603562 -70.7475734033265 -24.0144278853655 -0.601852045486095 -0.364300919504762 -0.710674999836342 0.216926352894012 -0.931009393218798 0.293537846211334 0.0885284428838031 -0.0842137533867787 0.203283014985059 -0.593495262306227 -0.0295202861367525 -0.411455093568169
17.0441141501733 -71.1263609220538 -23.7481272468998 0.123627795449413 -0.381703303826595 -0.915979670102083 0.137002757706584 -0.907655803145208 0.396725581980723 -0.0296655229953615 0.243995972669774 0.272302232791313 0.130324693546002 0.0402792922213096 0.248148982957844
16.4215327813108 -70.8129505510981 -23.0982685108486 -0.384825515124008 -0.105490295410218 -0.916941176130792 0.588295637838113 -0.793533342583036 -0.155605516322377 0.0853962071992783 0.446760879161829 0.476709703995757 -0.440912279898033 0.0582605359209723 -0.276804100811701
16.5096342068338 -71.2303960979699 -23.1190948353237 0.14071174551764 0.199370954349715 -0.969768749359772 0.457534918707176 -0.881738667965469 -0.114885680474215 -0.590262986422236 0.344113897042927 -0.200370323641502 -0.222719504319622 -0.13020835258522 -0.59038637562661
17.8495312195046 -71.6131058138851 -22.7846140822041 0.242506913267675 -0.665034328044793 -0.7063425086594 -0.239131486944647 0.664635603727992 -0.707866969287593 0.295503276917725 0.0828077739764224 0.197666950988038 0.280865464253316 0.542157777172827 0.230298696209891
17.160618828034 -71.5085112902689 -21.8944158667052 -0.10961879669471 0.988494659265568 0.104221053603921 -0.650670672691014 -0.150627444941791 0.744270816658758 0.00227898242775672 -0.480672153111806 0.537849540663138 -0.0127021536611713 -0.119968530439227 -0.239332196678492
17.1810317446962 -71.3408283936716 -21.4274557911302 -0.728376055680723 0.571109952154498 -0.378552168216397 -0.541841327804699 -0.141949845773306 0.828407035682219 0.332896175194783 -0.261821657472856 -0.320123726844743 0.223873202893741 -0.236277709354301 0.130829630831069
16.7171778995808 -71.4619630031982 -20.6658631093933 -0.596641168205592 0.267506898836123 0.756610451604574 0.740026007864566 -0.181328993637071 0.647673763364464 -0.291808046169154 0.676447228860199 0.142574112632854 0.248545456767476 -0.420260064635046 -0.0449102513499311
16.216756980902 -72.1204589302801 -21.6142166033073 -0.140208104512336 0.988270310262801 -0.0605266989245228 0.741045752567599 0.0641989152114863 -0.668378404713496 0.193086575668021 0.496524201235917 0.115834516944092 0.438365669727921 -0.040701264291202 -0.341334411988985
16.1774071687927 -72.9229254646416 -20.6789140976242 -0.88767345860111 0.276450712485953 -0.368253763674906 0.188593727741504 -0.511309697662649 -0.838447851051077 0.232199104884245 0.435032815284766 0.0649050641264667 -0.207294329492299 -0.130080863414487 0.0537932937385382
9.17024727598044 -44.0262911620362 -29.1904100780206 0.270380420860963 0.94042513740806 -0.206143127331608 0.898360299333171 -0.323436795447343 -0.297216103084184 0.200085193874747 -0.256742900748399 0.037151795119399 -0.165070019352117 -0.484600287271607 -0.501086642598909
9.11982213977372 -44.1634189224479 -28.4077820476903 0.984380050786038 0.162970987096881 0.0666061031712233 0.0162475326993357 -0.460799964395336 0.887355289889236 -0.00761558283375533 0.0677164702813255 0.272269747260869 -0.210448876956765 0.115661032530319 0.347486932238899
9.20775289881775 -44.5639280196829 -28.1221086852897 0.551756533571161 0.707952662171167 0.440871586503929 0.00785633056505314 -0.533008218210078 0.846073588638117 -0.0351286817322402 -0.468006333999497 0.353613945535529 0.212091467006447 -0.39359393845286 0.0281207237290192
9.43124240884892 -44.8614883638956 -27.6829466463912 0.0648369960670432 0.935282405528636 0.347912324946667 0.0252650824553127 -0.350072724878387 0.93638173994622 -0.379249876376003 0.0757021638684444 0.416109292878897 -0.314439521619573 0.110177387309524 -0.258673216016228
9.14962652482238 -45.6851797937965 -27.8588407387965 -0.297607962756072 0.045691020594843 0.953594164800373 -0.171837031414991 -0.985104418967398 -0.00642793630287513 -0.552217207878132 0.152761824583028 -0.0113755497129681 -0.228366868206979 -0.129363307473245 0.435961290601691
9.35080065284385 -46.1262050309536 -27.7131598368355 -0.96155737923366 0.0769866988034236 0.263591454050131 -0.117808614412367 -0.982725118462625 -0.142732168458429 -0.0465042610971428 -0.312062820260725 0.126435514653704 0.159016517988306 0.356798080637493 -0.0984810871370891
9.72189211434806 -45.3529801970329 -28.3214499279603 -0.466926303171388 0.8761058039163 0.120076841026825 0.476396956033656 0.363615865565426 -0.800518233765581 0.208951658226253 -0.141178948341292 0.331330384016425 -0.617028247433305 0.213112603776617 -0.58399749859677
11.2341797668604 -45.6884879887258 -27.844490790216 0.803090824657108 -0.54881569286938 -0.232048405752402 0.301692709362317 0.710347330002871 -0.635915230101942 -0.299487640069685 -0.659727417993799 -0.46167563849274 -0.59970942949716 -0.33724698764351 0.360294077933179
11.5625062336082 -45.3624325888149 -27.8273142319396 0.15995855297348 -0.479657482218368 -0.862752549160063 0.105062037715156 0.877314660709666 -0.468274443393065 0.174494410523002 0.496702887016948 -0.362610173571386 0.322307493291961 -0.757650250706858 0.0857185235239411
11.8729706382302 -45.1132421358011 -28.0898996892063 -0.684294164587101 -0.112103943848212 -0.720537439752912 0.204716968082781 0.918840663002772 -0.337376346224241 -0.238985147892069 0.144014099657532 0.215311992432421 0.471251191470739 0.152617122277018 -0.0741574672972917
12.0187762396327 -44.9245948542747 -28.5265388569391 -0.94018269406526 0.338158485662822 -0.0412957667886771 0.308637069530897 0.79417786845045 -0.523473659867848 0.368554824996229 -0.814649334669281 -0.0410985147173683 -0.564750678241564 0.0830129686676376 -0.0780672054574183
11.8969272786824 -44.6971597529905 -28.9790246526529 -0.551502301865275 0.623713351919664 0.553919548016011 0.348858185736796 0.775628302424702 -0.526021580091495 -0.18035820987331 0.178692857245294 -0.0824416302186561 -0.349453801863662 0.0781216440549923 -0.255563157313405
12.5872069006236 -45.6001064149928 -29.4575533856126 -0.0723450569373851 0.417976073813919 -0.905572854305937 0.881100307653796 -0.398674938019868 -0.254402322409364 0.175306304047145 -0.0782509552868227 -0.30788354911793 -0.0695521528192202 -0.264670252252747 -0.179426779490495
12.8714463855577 -45.9452282126138 -29.6725233229902 0.323637629209286 0.869201405087216 -0.373828305982752 0.909313401143583 -0.394936075634458 -0.131052030364022 0.327484925399923 -0.0699315117405637 -0.0178450905395887 -0.0501105683155971 0.0175827100336808 0.411019410726296
13.3886791097553 -46.0711386815087 -29.8911677253742 -0.0465450809081436 0.992547567775488 -0.112618298451187 0.943376257586944 0.00660791746059696 -0.331658818739938 -0.254428499302886 -0.0247673961066109 -0.351074387490207 -0.478006103290874 -0.00821626086767102 0.335516478554476
13.6990285340457 -45.9669795775477 -30.2162123560866 0.157788251630877 0.64728933792753 0.74573412195828 0.980994216515492 -0.0163856052637745 -0.193343888197818 -0.182184281435441 -0.128080176840303 0.1692130391411 -0.640767176862946 0.176285758150499 -0.0713750167339202
14.1006018546295 -45.7533621328311 -30.3065907288344 0.0777103697987393 -0.101039994483242 0.991842738512894 0.99695603525009 0.0141678029425407 -0.0766677059666659 0.119183092786035 -0.226631653845514 0.194454168403373 0.232778252124674 -0.165569350366661 0.670453072056424
13.9760604162732 -45.2067072250949 -30.4942432111595 -0.706568074980763 0.500507005673944 0.500254228057475 0.372248174631778 0.864099863893182 -0.338766470747971 0.274722517499685 0.408856765785683 0.0266292127236371 0.135380633657179 0.231942027639305 0.730558760009504
13.8260392802884 -44.7395018194975 -30.6097686015166 0.198342866585165 0.13609836115493 0.970637596307673 0.412378814578124 0.886806257364457 -0.208610582633616 0.171799437963891 -0.525084656918131 0.0348485536094156 -0.161038214076781 0.0991382598503164 -0.0933858779518638
13.9021429677462 -44.1700949718787 -30.4971492191036 0.730431285093934 -0.323257101123462 0.601643569174401 0.391452708859436 0.920000805905203 0.0190602691527221 -0.356135715278111 -0.0601811644695905 0.30145141278609 0.447652606802289 0.616186868751817 0.238898193618937
14.079152761375 -43.6816730074909 -30.3432926018284 0.899135334722282 -0.408121790696247 -0.158089385515074 0.408870156623718 0.912122974856342 -0.0292724061435333 -0.080583853744244 -0.180932713666953 -0.188759965172494 0.104535761454249 0.463647813568265 -0.248448641614545
14.3803625931768 -43.3915799965158 -30.1937752009202 0.355300049273033 -0.229772171162173 -0.906072085623539 0.242064044829465 0.958869084276451 -0.148239931933069 0.246264252730519 0.141027267153333 -0.2899166994342 0.0783844593739196 -0.478451220991868 -0.107595024833767
14.7582404491454 -43.0621765298609 -30.3829161373874 -0.518211447648276 -0.095441012483936 -0.849910529798323 -0.0286060854456273 0.995132103453855 -0.0943068849583048 -0.0835477697228129 0.142727473252887 0.230597857961225 0.188354109044092 -0.506446680206559 0.562843379365895
15.268500288334 -42.383733212774 -29.0790895549953 0.196801223327241 0.834649453905388 0.514421585465428 -0.978039586034925 0.130407185738569 0.162580853904788 -0.383548434590955 -0.601652872469015 0.242340975801839 0.0200770168266699 -0.225849214961219 -0.12444765181581
14.4731655527574 -41.4824665406011 -29.2304491337844 -0.980782761407564 0.13375256261484 0.142040229932088 0.159081997131006 0.126757279387069 0.979094229536241 -0.358432364661354 0.20574946763711 -0.0744455228404386 0.00993532926713484 0.371767507286786 0.40732188435395
14.1364891476934 -42.6436259862589 -29.8383807477585 -0.0361835723672952 -0.0730803139750636 -0.996669462158795 0.982440832119575 -0.185262964897346 -0.0220826905392872 0.473696393857312 -0.323796920837602 -0.13205074244877 -0.169718896654385 -0.63446708708476 -0.112074608300276
