t = 100000000
b = 105 105 105
E = -0.193935604418049 -0.523608523899454 0.329672919481404
-293.659064445199 -183.396858395835 -49.9696275405681 -0.194427468900191 0.885033669605542 0.422981516147775 -0.771675072735001 -0.404210974045008 0.491050985725829 0.556618958942455 0.698548373398068 -0.228501804680984 0.528581711284041 -0.413065070427872 0.0138720891622569
-293.947733624379 -183.503404587255 -49.8770174322134 -0.271494749589659 0.864475691753233 -0.423051272674173 -0.106932203505413 0.409745597063731 0.905910618957766 0.0520678785321575 0.0862003053255643 0.120534300214478 0.47396201005855 0.548561060056992 -0.586875949033935
-293.898931836675 -183.178175115464 -49.4602012813211 -0.792082345158551 0.278788248415612 -0.543031003751632 -0.434356488784714 0.367628323302985 0.822303992788851 0.0752767623290528 -0.321430523409522 -0.0607116210703638 -0.331392787827052 -0.222796821126999 -0.571971236845761
-293.229454196588 -183.152316869224 -48.720613421903 0.207215665020031 -0.955266197057951 0.211016968339387 0.270947247553777 -0.151221731366136 -0.950641665931456 -0.378615775884418 0.207691409594537 -0.147765054992464 -0.10438473302509 0.777995859183623 -0.0614942587227372
-293.274550982564 -182.545915070926 -49.4023613633104 -0.669878989663045 -0.485871736065484 -0.561418556248352 0.327196835740057 0.485582884045428 -0.810648810154101 0.444527965622115 0.204234787962094 -0.0363582312122025 0.0979159059718791 -0.249188826382896 -0.389409611026463
-293.05528429681 -182.569198168549 -49.8165577359574 -0.839841436327091 0.534886612255326 -0.0925347170480955 0.426147715817982 0.544070228239064 -0.722762555094536 -0.0758984958472049 -0.169886018271085 0.528660763089264 -0.0453233103227532 0.270060150503046 -0.419506314507332
-292.16210323889 -183.013674735677 -49.42361878663 0.139785787771374 -0.977637831312303 -0.157112075682817 0.874334857188152 0.0473937291274597 0.483003511318476 -0.234454816592559 0.225733230269126 -0.597310175763899 -0.430728282972943 0.471251282014428 -0.281221550996634
-291.104120342422 -182.587719036243 -48.8860585288213 0.229204302695536 -0.786066929091204 0.574076798533091 0.765636944807651 -0.218589716100765 -0.604994714655672 0.239541413735944 0.375807184031595 0.0305585552961192 -0.247113822139913 0.0306989335554998 -0.0540549941508471
-290.651460005362 -182.585683508223 -48.9586587374903 -0.27511789591905 -0.952495754599529 0.130621517427182 0.756129227726752 -0.298280310177293 -0.582492444189924 0.0354998288375045 0.0737615275295599 -0.0650633438335845 -0.118345249662229 -0.242308384311166 0.204334794480126
-290.274877372915 -182.932613832682 -49.018082029539 -0.567747177629964 -0.607912793636989 -0.555072227394987 0.813766667785435 -0.312657519725561 -0.48992763318663 -0.119536407179985 -0.199829482826512 -0.565995228846246 -0.417596159443585 -0.15337904804084 -0.319149525983963
-290.048482612515 -183.296975127695 -49.2437129788148 -0.342248747357412 0.360879438833422 -0.867543558306227 0.799878544228456 -0.372554156166663 -0.470529186349189 0.028949809150496 0.0310861173791219 0.0242646118256511 0.334389319777791 0.425420704287299 0.735929512581291
-290.281281580499 -184.130018500993 -48.8468413568159 -0.133523373982404 -0.988291690819711 -0.0738311753701743 0.633229552628474 -0.142385404664811 0.760754053697103 0.619366966508573 0.246237389366085 -0.24033634117064 0.110992396716265 -0.168882975553106 0.0165117957794395
-290.617792686879 -184.024399472544 -50.0971548405406 -0.198866967558753 0.325047594089327 -0.924551778316773 0.496514872184241 -0.779941338345554 -0.381004580599642 -0.156075470866674 0.0264529346290537 -0.475766902047658 0.482266347260268 0.437842552008813 -0.0717913215892938
-291.363866316339 -184.496329597517 -49.8446762812091 -0.867840109947833 0.387961856668916 0.310385472171225 -0.0970961830837368 0.480237619368473 -0.871747761782166 0.0121386137397699 -0.269513070148463 -0.158258228167909 -0.295696661918443 0.724689681218102 -0.241679005440347
-291.551269294415 -184.645437285434 -50.2202874196054 -0.259771627280337 0.952766718759899 0.157334933452402 0.106710704329578 0.190252730611489 -0.975918400316966 0.34025575661006 -0.0183695539735302 -0.436998333239395 -0.480508654821154 0.00172917508151992 -0.782721894530169
-291.758734799335 -184.431486657375 -50.5558514114286 0.764818536084755 0.6358827925503 -0.103468260834785 -0.0514033932054934 -0.0998601157906451 -0.993672807538718 -0.210295572042939 -0.0577702074843025 0.288648543470965 -0.240270434132484 0.0479548207806434 0.276150601303479
-291.503428721337 -185.581015188843 -51.0511591728961 0.637688820302821 -0.738219776916955 -0.21996483680119 -0.529236753551321 -0.212397667819352 -0.821459487373204 -0.379349717244879 -0.188750210921996 0.350028381022724 0.165907135497168 -0.640285722849569 0.0951092255991234
-291.452688791516 -185.619973983857 -51.5481639806501 -0.143956008437557 -0.91132309807055 0.385703096383014 -0.451604177907925 -0.286309687872786 -0.84503279766442 -0.339247377695498 -0.452850496302361 -0.198588084307925 0.174094110854646 0.403917353690178 -0.550905811121175
-291.293391971406 -185.895195793449 -51.8809791440787 -0.930971634819042 -0.297022758730824 0.212295303668451 -0.176044431772335 -0.144206985174535 -0.973762139062121 -0.0689530169843577 -0.621411454888568 0.861758082820864 -0.106353415870347 0.00291710186686126 -0.290481250641054
-291.362679997274 -186.125271129068 -52.3478246093182 -0.905356238468847 0.37344153485294 0.202167013908812 -0.22668492898513 -0.0224362685211582 -0.973709688164871 -0.77459543768538 -0.621565918367061 0.101962110518464 -0.293921576057319 0.0485271058908684 0.278087120159264
-291.726770753404 -186.346212663326 -52.6673262919154 -0.417977234196426 0.88219541243688 0.216855449481 -0.36305890125964 0.0566031540474324 -0.93004533070642 0.617527225074799 0.14541961223217 -0.0617381885584505 0.107333312256029 0.477788009291499 -0.290954936367851
-292.085043186424 -186.263001022615 -53.0719755743714 0.335167507932864 0.937440489774964 0.0941704293142474 -0.106531713328429 0.137019038349714 -0.984823221287618 0.351635896990708 0.623024624811262 0.288068003131586 -0.115373353917758 -0.12730582944028 -0.671519111652236
-292.254665825425 -186.021323262256 -53.4881444020767 0.831113076137423 0.5253648536595 0.182326150653071 0.0446565505933342 0.263753443906651 -0.963555869329164 -0.102977409609449 0.953264543235267 0.557724444589217 0.0905682894078618 0.116965694429212 0.246886603826985
-292.69919124656 -187.226927941258 -53.613026758444 0.389187651851394 -0.0161116845837079 -0.921017581409399 0.787828860423581 0.523943798679597 0.323741536582777 0.094301181090126 0.540790986965744 -0.405804272427209 0.921381402238766 0.0515360898448138 -0.226445043447131
-293.145167327471 -187.263304389615 -52.2652637979104 0.340495829163624 0.246750108934867 0.907291008477573 -0.213621464152781 0.960017587756106 -0.180920151594151 0.323228435001467 0.145335854401834 0.384062448891654 0.0825729960189993 -0.218815880451075 -0.0737796332953967
-293.427639850162 -186.987409932828 -52.2567149077079 0.763038398028094 0.399769211132114 0.507894655381738 -0.379374827593604 0.913194721400589 -0.148829234339082 -0.242803334343508 -0.0798218540489871 0.292403259118805 0.150300926607218 -0.284754940648603 0.29287803888113
-289.127656099347 -193.438400683033 -58.7799150218959 0.0392644589344118 0.79493735276614 0.60541961269905 -0.982914942867092 -0.0783099352509364 0.166570613041048 0.382758078415789 -0.0542895655358861 0.153458739045196 0.29595575573648 0.164418465811486 0.211882993787632
-289.502054332757 -193.451592583088 -58.4780136287178 -0.130694687680771 0.928517136663136 -0.34752672636087 -0.991420088287082 -0.123200847728007 0.043677908145849 0.167494581523194 0.0615519298870158 0.226940337876202 0.368239294344171 0.0621479634792408 0.178178621662218
-289.914947860918 -193.38077044387 -58.2182162338145 -0.100830246217525 0.563012946205185 -0.820274151643314 -0.985345346895827 0.0574997605894966 0.160587436880803 -0.102079526505176 -0.244069744014828 -0.115694925503071 -0.0982695360517122 0.598778059062172 -0.768498917265174
-290.606251759087 -194.259915326731 -58.5100817653038 -0.422380652698686 0.894861347556618 -0.144283584903477 0.902085931580698 0.399456795616543 -0.163325565906378 0.285367555981193 0.605153785235249 0.270062088957675 0.0626030923535497 0.151447916340477 -0.114027669757058
-290.345553388136 -193.99289777596 -58.9611543965696 0.150738767574077 0.688525862971121 0.709372934337377 0.841064913547961 0.287771006627452 -0.458036744096448 -0.0699942277388574 0.297880575883854 0.308977290455679 0.200530007464084 -0.673966948268052 0.573518991183414
-290.207447151897 -193.612996798498 -59.1639835750206 0.721755785392512 -0.279531516224613 0.633190901457829 0.692097597167896 0.28044902655976 -0.665093421628773 0.166500493155227 -0.113536244092123 -0.165540452829908 0.373871337472471 0.229181421890754 -0.142222769971096
-290.998239155376 -193.294789309777 -59.6904176379283 -0.955477414799498 -0.194265778677702 -0.222089434783302 -0.156545577388419 0.971766893123845 -0.176529282641704 0.364038495442314 -0.0960075830023932 0.320361521427769 0.519690131795515 0.184281845235788 -0.0513714333415208
-291.328901365461 -192.816989051893 -59.8646802042133 -0.882252731720907 -0.376589295623259 0.282507734039656 -0.463289149416616 0.801115610894823 -0.378915481358542 0.315176203258594 -0.410245874877461 -0.351654215846028 -0.270231822080682 0.0148611614463763 0.188840711130096
-291.694870979276 -192.615670471308 -60.2751045717434 -0.520925632904789 -0.0321248667715719 0.852997349302227 -0.543803746674489 0.78274998977946 -0.3026217748342 -0.0412450111575599 0.283791979413614 0.307847184339259 -0.282500807463951 0.379514472169822 -0.570432954917606
-292.198393932488 -192.506075575903 -60.3473254886158 0.270873124585834 0.547276976648775 0.791906346234914 -0.342793544090602 0.823572588563735 -0.451907930331679 -0.0842328386608621 0.118639572599172 0.0853238235273136 0.395669537984658 0.0216098869919837 0.473704330552367
-292.454149925858 -192.067564979321 -60.3529735072267 0.981155423018012 0.150828724608226 0.120767262594361 -0.103591240648447 0.938224620490808 -0.330156654282583 -0.235992985124471 -0.352396611056425 -0.190605196906936 -0.0782313512602131 -0.0986357812456439 0.0541437467410386
-292.479654394759 -191.641071741384 -60.2036474898181 0.807727707183042 0.0170004602972944 -0.589310559381358 -0.212520034448281 0.940777095498239 -0.264147102095397 0.377569520715931 -0.350621023288942 -0.382476776887844 -0.147393213651082 0.524457801160787 0.260672161748747
-292.473334391282 -191.139598760031 -60.1050390456547 0.389582719004887 -0.127827027537166 -0.912077604200016 -0.136157799632804 0.971445528846343 -0.194305527671291 -0.262283504791524 -0.43076797352426 0.268444190018073 -0.0198970767087001 0.275521091821349 -0.147693506604563
-293.665229720557 -190.554902264171 -60.0795909881282 -0.479627663244062 -0.554362902088639 0.680175769517828 0.502503550070845 0.461930649724366 0.730828473043125 -0.390215664737223 -0.161624569764783 -0.093216120835711 0.0803456816748164 0.191059766256764 0.132940026031389
-293.725359831408 -190.936164583107 -60.679817834977 0.668028830002101 -0.348883000626342 0.65728086398563 -0.534046538248984 0.390322708738505 0.749961651038216 -0.216428800504009 -0.389963297809902 0.244164601071603 -0.336276447901873 0.173848171856756 0.0706656276670301
-294.825696645149 -190.988777654819 -61.1897850495412 -0.57749610702054 -0.106336613229108 -0.809438552988185 0.298837146755306 -0.95020304660147 -0.088377202648386 -0.358581332687525 0.0673884794569051 0.0696363834494352 0.137188061067409 -0.229120635831187 0.0722595616313573
-294.992630709378 -191.449163546056 -61.2283533134234 0.266842966455824 -0.017179567665889 -0.963586889547112 0.0417554499399962 -0.998696130234143 0.0293687224080316 0.0541254440015172 0.312100127425886 -0.01092610815745 0.338435881023044 0.617907755083611 -0.528568199027996
-294.838797994705 -191.75584787352 -61.7206595380595 0.0727396289440544 0.194562623472563 -0.978189312930102 -0.100125168501257 -0.974408016011879 -0.201255978705365 0.469619945256679 -0.323217289277223 -0.153796475745901 0.187570396371014 -0.114823785990734 -0.606720832487144
-295.49738806843 -192.469495883253 -61.1508744446 -0.634511827459001 0.558225118119736 0.534583443733156 -0.223037488734764 0.529983703893853 -0.81815130154826 0.0872470023652715 -0.395258751637729 -0.0988820499918412 -0.0162006265718408 0.702388137359977 -0.210229183800587
-295.768731816386 -192.360085993784 -61.5461181209458 0.0581379577420942 0.766988084254222 0.639022109540593 -0.212771047258793 0.634917326059161 -0.742703487615952 -0.181993011403701 -0.0109410927137555 -0.104582849274947 0.401265014464001 -0.305987289310405 0.400069601003046
-295.296461820596 -193.363325459394 -62.5064309906915 -0.947446606592105 0.102527950096032 -0.303039514100928 0.281096238511829 0.719060533043583 -0.635560268197634 -0.552570823964924 0.14377080753873 -0.341865546628925 -0.0064352726101562 -0.43982309553312 0.0388124596910827
-295.408153562801 -193.335338157697 -62.9409719556382 -0.428006138047029 0.885938153608149 0.178673819500749 0.435661025004552 0.375457864922254 -0.818065317050064 0.0896574664371372 -0.0841745956957637 0.0724679166651595 -0.172806835580504 0.237529427856606 0.132531959618681
-294.659423392416 -193.221058249944 -63.469960704651 -0.15556434042494 0.775353321662296 0.61206777612846 0.597678121058819 -0.419451154400686 0.683258071799248 -0.0291009478219219 -0.201112024603798 -0.217800510432263 -0.19068687632815 0.153045038687845 -0.096713646996607
-294.981462910823 -193.33643557337 -64.7158726737435 0.339555296575718 0.548312915342491 -0.764235007989571 0.899127668427579 -0.427785885153266 0.0925671233872609 0.273676572914745 -0.381905278413175 0.490285963001921 0.205907809931699 0.349608071642737 -0.0602711867756797
-294.869842206929 -193.73785749475 -64.9622225021752 0.690440808598367 0.714593719728802 -0.112460239845164 0.723384759658397 -0.682567841732069 0.103998225595143 0.0979009264738394 -0.184975935986532 -0.480469934449729 -0.147829303606498 0.193971361545328 0.0139785549212743
-294.439964479725 -193.751109340062 -64.8052220757538 0.516170786185261 0.830071456753282 -0.211066568105075 -0.810210562620974 0.393317474449745 -0.434580497158259 0.301581071168322 0.828189894165448 -0.433419690133641 0.539446893359968 -0.452786402673622 0.288973023749306
