0.30769147543390474 
0.30766827889642545 
0.3076906057748176 
0.2692306516831105 
0.26923067629325853 
0.230768986526301 
0.23076798102928933 
0.269230698577574 
0.2692274476064718 
0.23096485280223106 
0.15384284557875263 
0.1538459430596507 
0.15393313422873184 
0.15384554078512602 
0.1153845507255072 
0.11538435072706252 
0.11538450671380639 
0.11538459468997372 
0.11538454427717795 
0.11538455438219855 
0.1153844874937212 
0.11538439418744995 
0.11538445094345504 
0.11538423466660809 
0.11538457151245594 
0.11538458093119305 
0.11538433680457823 
7.319130933810878e-40 
1.354455414379465e-114 
7.961760277482234e-89 
1.9324934360981218e-108 
2.9054850061031725e-144 
6.251186103621365e-116 
1.6424856588914757e-187 
1.7726602778901628e-176 
3.479742311286029e-180 
1.4385545719361502e-188 
1.1096608520893318e-165 
6.199651959276508e-187 
2.780639389273879e-208 
5.1629482408114607e-132 
8.483559523033114e-38 
8.059186731558224e-108 
7.063824908237384e-109 
4.423028812158704e-139 
1.0873969837172556e-207 
1.6626017285735318e-79 
2.604720318058269e-97 
1.2965418135629288e-51 
8.284562895846418e-95 
8.554225603286847e-130 
1.953884493685165e-120 
1.92762270430458e-115 
6.265348932103363e-91 
3.7110216913348395e-185 
6.1469217554398e-113 
1.349377931548041e-117 
7.89295136340276e-128 
1.8788675059221603e-176 
7.237091521270226e-181 
7.502412588071532e-108 
5.2833655192350235e-104 
4.079837157272762e-167 
6.885179760964461e-134 
6.708481465022485e-171 
4.624943383953597e-166 
5.231397225145122e-113 
2.867725541279872e-172 
1.9238777251401462e-206 
2.297639137982919e-163 
3.0501011703252887e-184 
5.279555926688381e-144 
1.758431962998753e-199 
3.4324924856840596e-179 
1.1619591363286845e-142 
6.870638955099926e-105 
3.2603065409374367e-108 
1.7732111156812066e-153 
1.4472432674959768e-82 
5.900216353408255e-94 
5.035745370327651e-162 
1.0346537357480705e-128 
5.1033177391642845e-164 
4.092973705773368e-174 
6.349420643705895e-95 
1.7416025911667655e-161 
1.9096927838798252e-183 
1.9533946135252885e-102 
3.3843932508730093e-54 
2.0687253276081244e-165 
3.4577098563358267e-192 
2.0330835561965937e-171 
2.193984325388509e-210 
8.853185695582528e-188 
5.822771575240142e-144 
2.5498852278320237e-171 
6.783473672273885e-105 
1.2405838781949407e-131 
1.2518916615297882e-198 
2.9675560919197744e-204 
9.390841595551958e-101 
7.898498604753079e-136 
3.291999647808663e-116 
5.5982359272745326e-164 
1.2739658006516666e-70 
1.0795078908441273e-139 
5.772689262514232e-177 
2.5232469600175923e-213 
5.24214711401443e-150 
3.8259892388835375e-188 
1.1894558657196098e-99 
3.7661001786059814e-144 
4.2275603203865205e-185 
1.886898100202771e-58 
1.5640735531962267e-110 
4.447053409211905e-87 
1.270801830285312e-95 
2.6994828086617673e-165 
5.1094344557847856e-130 
3.4506011069489253e-116 
1.059398620634387e-190 
3.841268684601237e-173 
2.406867333181608e-148 
4.00920983192252e-183 
9.642101673131584e-55 
8.182749251197394e-144 
5.223489307298291e-172 
2.995870423915586e-150 
4.34616846073795e-182 
3.077639966211899e-157 
2.0659241554289277e-165 
4.257667170822277e-155 
4.047966443909256e-85 
1.2410963394610875e-136 
3.1728981628918406e-33 
9.127921912627687e-151 
2.4943997218718366e-103 
2.252527520209516e-151 
2.4600631158827808e-207 
3.3928196048710705e-211 
2.1216090842465326e-215 
2.6965975747372305e-172 
3.752087914820694e-162 
7.604927674693029e-174 
8.553446348767106e-202 
5.887440094555189e-130 
7.03902976117489e-151 
6.661153246733228e-167 
1.37065230276989e-137 
4.0919344857431584e-194 
1.6997889303483554e-128 
8.763460136888878e-136 
7.821144159261e-139 
1.975337720735603e-181 
1.1341598474805815e-194 
2.0592063427543243e-163 
4.8052486041431306e-99 
1.1111811281356642e-96 
2.2367832884695978e-135 
7.509789257182426e-64 
9.348099221312628e-150 
1.0695569994245234e-123 
2.6302116782707152e-204 
1.6063767898983908e-93 
3.78472482360988e-155 
1.9182578389821069e-199 
1.2911740986271377e-193 
1.1004389134894998e-193 
1.494932168879486e-161 
4.633900922927952e-128 
2.0131604473130227e-177 
2.6788322020207826e-163 
2.896424461983022e-121 
2.2930320139604378e-210 
1.295625819172472e-175 
6.219969713276961e-158 
5.7368962294978385e-167 
1.2282557947460679e-158 
2.4146794549512285e-156 
1.189064068912154e-168 
3.3151282062525685e-150 
1.684975802749194e-169 
1.78844112653268e-145 
1.0943787199490202e-160 
2.6569424073708533e-88 
7.828403131100017e-61 
1.730384430429577e-58 
2.0465877615736563e-92 
1.8056426204398748e-183 
1.8588418372505895e-163 
6.23666373426018e-126 
5.933630871551859e-153 
7.795215120774475e-131 
3.2761061239696116e-168 
2.5630063686227238e-142 
5.461859869815247e-165 
5.1643961457334756e-186 
9.0501912217195e-133 
1.719802463674045e-188 
3.218520538111483e-126 
2.4605481651581916e-131 
8.423981018252263e-161 
8.523753833722992e-195 
4.155891171434993e-189 
2.9939840308500943e-99 
1.1658212533188126e-51 
8.221219286780633e-149 
2.50600920852132e-190 
1.224559614584287e-140 
2.9045196859055533e-195 
1.779456533657814e-46 
2.2553675747715683e-127 
3.435641923975238e-176 
4.240058481466484e-155 
1.6970529013036974e-167 
5.1838911294545236e-179 
6.132180868737389e-205 
7.6849229874471115e-90 
4.6646440837457156e-85 
6.939317308078966e-166 
1.595787062749744e-194 
9.28578513115894e-140 
3.350549245651726e-173 
6.771932653298271e-135 
5.303342452544377e-166 
1.4636707508796064e-173 
8.196286024401755e-158 
1.0059955515844257e-121 
1.9639737435757078e-136 
5.744312456507667e-123 
3.337101041469249e-94 
6.946094186630929e-173 
7.223737374497032e-129 
1.468142434534391e-86 
5.671796555877043e-131 
2.732335315322475e-109 
3.5303111438566365e-124 
5.74280037287827e-75 
1.6313994019841576e-116 
4.2127507865975813e-160 
1.5184102874728786e-123 
2.64575804870341e-95 
3.6482061288218776e-84 
2.00740578693801e-138 
7.931394944974562e-196 
1.5386522217673454e-166 
1.831847978673898e-150 
1.2558060462283437e-178 
1.2701703678697034e-146 
2.966474761480662e-147 
7.087225926231481e-173 
3.9508954517661496e-159 
1.0405971031250793e-72 
4.7181231674810496e-114 
5.803951149833042e-171 
5.94484503640975e-156 
9.73366985659288e-126 
1.3509300387749488e-159 
1.846449247088721e-181 
1.2975501119452857e-167 
2.4911990689789035e-200 
4.143605508324104e-192 
9.62345924229564e-133 
7.189233597488121e-177 
4.212268707695375e-130 
4.0230397554653375e-169 
3.382544530448502e-166 
3.6808922311129724e-187 
2.5222897180350417e-180 
1.649998824920333e-143 
1.5503325320245217e-163 
5.948411386628305e-184 
3.414647791572301e-39 
4.450012760371199e-149 
7.322285369787294e-155 
1.453041521315954e-118 
1.7707719230915477e-85 
1.6588805411823277e-75 
2.5163177094237086e-191 
6.928078488813574e-200 
2.481668630004964e-81 
4.115168853455049e-157 
6.23752375052828e-118 
2.769767294100322e-88 
1.4668486483213827e-186 
1.4719133758785792e-144 
6.828148776288448e-158 
2.6387347998356142e-48 
7.112338510644611e-178 
9.267918169849441e-192 
1.5684644595017056e-133 
4.510453365659738e-138 
2.6985029007331118e-195 
3.588128811140848e-177 
1.0076836838974184e-138 
2.340822617087579e-131 
3.548821063794008e-187 
3.202603546812482e-162 
1.2301684909052836e-132 
2.2543714481354815e-155 
8.985811621764989e-110 
1.8547322287391907e-180 
2.4809456494950706e-195 
6.310847125833332e-148 
1.6303338485990665e-174 
4.475531826118641e-87 
3.5095824116542276e-151 
2.2271817893988285e-99 
4.617411610362419e-166 
5.813458161866017e-184 
1.3964200720288256e-147 
3.6424236921289684e-140 
7.045750574370614e-164 
8.166973530819428e-115 
3.352588525426136e-162 
2.1300051605917506e-101 
1.5224660613850071e-117 
2.0018166159971516e-133 
2.9091695428971993e-34 
5.603921771054986e-133 
3.998159062048147e-143 
8.523616517194414e-185 
1.0937079181333287e-128 
8.041295279103056e-163 
1.5028302140587585e-193 
1.262733553305264e-148 
1.4717792880333278e-136 
9.177151868056583e-143 
1.86158622930072e-209 
1.1045328805753019e-196 
1.0793978983129685e-113 
2.8494367615333447e-175 
1.1584865987002935e-208 
7.158361941115877e-177 
2.361479047298209e-198 
1.6908098185298545e-102 
5.749159651545215e-84 
3.4435045511452177e-186 
1.143213507701449e-201 
5.795106327679778e-183 
6.985009353339004e-201 
3.4760851276442816e-162 
3.31050541022619e-167 
1.223742309531244e-145 
2.404052222250512e-101 
7.523015749300848e-96 
6.274284834004357e-118 
1.7237976339640687e-158 
1.0991853555586945e-81 
6.820329567549017e-207 
8.043077604830033e-160 
6.834794343964283e-186 
9.182635491640964e-113 
4.55519243876341e-75 
7.491088431482972e-157 
2.7981927910974643e-149 
1.0637705189362608e-190 
1.8327210989055172e-138 
2.298519323364958e-189 
4.023810204193858e-176 
1.064322007662308e-174 
3.0578514928064466e-148 
1.3546093226569853e-187 
7.52262370825775e-187 
1.2927329136086935e-179 
1.5423821225520895e-161 
9.555554054035956e-198 
1.553225697079018e-194 
1.6844195787392502e-172 
3.274072286365989e-196 
4.1757621248018256e-188 
6.791613072201799e-178 
5.150271127890262e-146 
2.1646112231255558e-170 
7.799345688905288e-126 
3.686448755457069e-175 
4.3664692709860104e-169 
3.222952667119185e-132 
3.658556270031349e-200 
1.8735896239832756e-162 
1.4387943573192954e-182 
8.096576826500959e-185 
1.8996649639023795e-132 
4.117933863276642e-58 
2.8879142336794973e-93 
6.95990301622588e-105 
5.2393213078454876e-92 
2.4524065593168103e-72 
7.913989244913831e-140 
7.4815483614348965e-109 
4.057417369392976e-149 
1.2527575243254197e-172 
1.1846465616260393e-117 
5.8970072168480195e-174 
9.359913959236087e-165 
9.572858428449323e-141 
4.3878946709604466e-85 
1.7532396525257312e-48 
5.195423976395325e-118 
1.6513487284460087e-138 
4.6998332017258354e-173 
1.4871182031388074e-104 
1.1959756405684754e-71 
2.9523322319128534e-114 
3.482300116487239e-106 
2.4097560208481265e-213 
2.1093416229919624e-144 
5.802547961937727e-119 
1.658689111333765e-162 
6.821248226361467e-131 
1.2089777775157234e-169 
1.2449872107754706e-191 
9.364761416036858e-169 
6.809217216581373e-170 
3.166860837043629e-178 
1.9603376900577747e-129 
2.4161728435211592e-167 
6.392522001945e-173 
7.892541835802002e-143 
2.629574595316619e-215 
4.003373269038457e-184 
7.212274783039317e-187 
4.785894500871008e-166 
1.0284126362312713e-202 
5.478476828572527e-161 
3.4508674161866316e-170 
3.706831218155388e-203 
1.0513887453208594e-105 
1.137023586901954e-199 
8.57808212962834e-93 
5.252866243712055e-111 
1.7885927379627338e-147 
3.262704265921227e-175 
5.8648346386794656e-86 
1.96155130233778e-144 
4.494283545783762e-121 
3.157623259406447e-119 
4.858852160654303e-149 
1.2580363816771355e-161 
1.3720931476257845e-126 
1.1623045971529668e-134 
3.438187954912839e-107 
1.488266081054985e-26 
1.7991007084500732e-126 
2.915817899044127e-204 
6.65290817416632e-136 
5.984271949565009e-128 
3.2675360438285184e-99 
7.519406598211911e-144 
4.281474542030629e-164 
4.598901000874103e-110 
3.303929886981521e-86 
3.2278577200675707e-141 
2.084337139303836e-66 
1.705291839720768e-138 
1.9939366262759706e-187 
5.068043550193877e-171 
1.7801305152609628e-159 
2.512910401817681e-110 
1.976690851689569e-111 
9.177691710502429e-139 
1.999179010324124e-169 
1.2073358068482656e-167 
7.877364198754655e-187 
1.1098796491138441e-169 
1.5322318923654262e-171 
9.024635676365332e-138 
2.893194783585863e-73 
1.1515990057904397e-133 
9.185520567080273e-157 
4.396192993395513e-174 
2.286646617104307e-141 
9.882071057623602e-134 
3.654603736651385e-185 
2.2265336202813538e-116 
8.630319263795365e-127 
3.6014521186485548e-180 
3.2984195693533193e-137 
3.405423459876637e-146 
2.674369930226434e-151 
5.132587922570717e-109 
1.5897272768754335e-76 
3.7145722231851145e-111 
1.3410176554036033e-143 
4.458168617769877e-106 
2.902523525308594e-137 
9.519628478388263e-155 
1.0030737110910114e-103 
1.1284663967912077e-202 
1.283095971291316e-127 
9.018662807629137e-174 
6.478902522594894e-164 
2.1509550144009316e-136 
4.100059433769557e-173 
9.698162797678275e-161 
2.04779181910907e-180 
1.6393196927869346e-197 
4.192738457475126e-162 
8.341597530240628e-127 
1.5950939140293048e-140 
8.30183532840219e-154 
8.510760685970428e-196 
5.1563949931628075e-151 
1.0183966341138495e-144 
3.765854634623275e-137 
2.717992518054645e-186 
7.367690806646246e-168 
7.861647234093534e-162 
1.3896219389547154e-114 
1.7313010950073776e-126 
6.697828837527636e-126 
2.427573717391584e-126 
1.1624642611266906e-88 
4.916553034620553e-184 
4.894875791093267e-186 
1.584030594424914e-70 
1.6440093640082585e-144 
2.4466574204216232e-32 
1.590312638416896e-100 
2.21043044972234e-183 
6.56223789092852e-162 
3.092498358286072e-153 
2.9184773835279386e-165 
4.053334043594735e-153 
1.877071645660665e-151 
6.804069113348288e-168 
3.5676709785525376e-152 
6.253043435420865e-199 
6.716149448447314e-135 
6.021651191974518e-189 
2.3291479166167564e-145 
4.497861799288883e-90 
5.108033772830312e-128 
5.081376335656197e-181 
4.426686884438268e-178 
1.1504335253603889e-133 
2.683846769358546e-145 
1.535854383284009e-170 
6.359161715929295e-115 
3.486888156648343e-157 
1.8349127813427087e-183 
1.1393251780241046e-197 
1.7025584961964306e-173 
4.7554421218715415e-141 
3.855953907378857e-183 
1.5415688267005523e-115 
4.010747911275625e-167 
1.4757656355223597e-167 
1.1078646029174572e-144 
3.655789372232602e-131 
7.163522635283812e-69 
9.498585198442525e-60 
4.0989894546269544e-138 
2.2702669129260917e-21 
2.3783653350307495e-174 
5.190382752355114e-173 
3.526985764743309e-110 
8.745022197587769e-169 
1.1190284426453676e-173 
4.527860620837127e-202 
5.434233634362373e-184 
7.766716775339734e-169 
8.038817908187072e-99 
7.592806643330712e-155 
8.543204817023099e-180 
4.170214652610732e-171 
6.153139854626504e-200 
6.204454973150941e-165 
3.819620618794873e-124 
3.2840898050379976e-132 
1.0535435268167098e-174 
7.60821602207664e-191 
2.086226390192878e-160 
3.737032889695014e-187 
4.995517921284889e-100 
3.87027912276762e-83 
2.666013711540762e-183 
1.453699153469291e-168 
1.6136783660966864e-198 
1.2614809987629708e-165 
1.0796886016741458e-160 
1.8942741697362148e-184 
3.9931524304234465e-131 
3.4304053903416657e-94 
3.9938434494104584e-191 
4.4107278963060135e-89 
2.6660833836699545e-167 
5.272557940320385e-53 
5.191816911017394e-79 
1.1066063080959666e-175 
1.0946417068777041e-152 
1.1321956835144086e-162 
9.07508270990255e-136 
1.3728593419265265e-133 
3.469500539711981e-112 
9.180103592526454e-92 
2.9104495131279593e-137 
3.2263567057418316e-180 
3.221247518466471e-95 
2.1456811598922247e-166 
9.132051184712195e-79 
1.257292712150604e-142 
1.0363726246299455e-161 
1.4930659033770433e-159 
2.3236551627518214e-121 
8.672348786901192e-34 
9.937497832140239e-169 
6.937084287441002e-84 
6.289953535846276e-81 
2.7678933025445547e-133 
9.49877780188819e-189 
4.050207919335353e-160 
8.875553802380791e-170 
3.1723804451557897e-183 
1.080252108318536e-158 
8.172737034860919e-132 
2.45795855450465e-157 
8.156158320492259e-110 
2.8881717684222956e-168 
4.580805897800013e-149 
3.3521490818332184e-188 
3.0561586421145923e-158 
8.301594976031687e-100 
1.3781018006773117e-131 
8.96488720099311e-192 
1.7013726920958777e-168 
7.045374106773301e-162 
3.167524456655109e-163 
1.291258746810224e-161 
2.1618353347627576e-195 
4.957647207088591e-210 
1.028902343206692e-158 
2.896170837323702e-133 
1.1216816064642886e-109 
6.136229832649152e-139 
1.7569840962928395e-167 
7.060644930794066e-177 
5.729504351883118e-131 
1.7825050723259438e-127 
6.112803524813285e-123 
1.6517524811977872e-83 
1.9173296518633635e-178 
3.5904952796733893e-165 
1.3848174418515155e-130 
2.4028503095414586e-141 
5.811610246876049e-85 
2.488546272155687e-133 
2.7074275485613833e-121 
3.899622510963982e-169 
8.305738286709527e-142 
2.64208063704559e-79 
1.4870544121739784e-126 
2.3978887992530403e-171 
4.585084430062316e-81 
2.5273986189315347e-76 
1.1099353769000778e-176 
1.3117376056336547e-135 
3.818982060062466e-168 
1.4211827731398584e-197 
2.2716236808931747e-105 
8.920401991992953e-173 
4.490441299102162e-100 
2.7707337768201577e-140 
3.908719611241197e-166 
4.9156151699878004e-155 
1.51980997030066e-111 
5.661483103578094e-104 
1.8011945162320735e-79 
5.919321133448903e-136 
5.80352549561446e-141 
3.38839524623161e-109 
7.927885132389227e-184 
2.058632001003695e-154 
1.179155926847151e-161 
4.809372225398037e-75 
1.5271836800602765e-169 
1.6448170336995523e-193 
1.8482552576518223e-114 
3.4912170642444105e-160 
3.239527473618668e-144 
3.706303603501708e-39 
2.2825517613908504e-164 
5.72422042050689e-196 
3.76662287633997e-117 
5.241617064837001e-177 
1.761316996653039e-145 
7.962473661814137e-131 
7.032530340819828e-103 
3.4855397083840592e-186 
4.345478706989807e-141 
1.4502983546303342e-158 
2.0761680788926055e-176 
4.360258640316992e-85 
6.365499825399509e-210 
1.9854591608097947e-142 
1.276403258367626e-50 
5.0925736410141894e-149 
7.872182952690041e-131 
6.819620176304594e-178 
4.598590554983596e-211 
4.370707344269677e-194 
