t = 10000000
b = 34 34 34
E = -0.956260328888957 -1.24042673200348 0.284166403114522
-95.6344986695002 -70.2155953267842 -85.4318575859002 -0.247214972122329 -0.813778050839938 -0.525975324069418 0.594777831031234 0.301080770370178 -0.745378897894611 0.118973834175222 0.0864344738272818 -0.147860137886137 0.121392963264049 -0.540678195161514 -0.0924461252130727
-95.1725026303268 -70.315856008136 -85.7245632396769 -0.71272449254557 -0.354725264115226 -0.605139475430849 0.614165027759498 0.101179318428997 -0.782664720170429 -0.0797324457692316 0.0540719663054912 -0.230252797643198 -0.122061559920008 -0.10685544579592 -0.358580122112515
-94.8785701452425 -70.5831020685655 -86.0522265147061 -0.721319654910622 0.357180918116441 -0.593396787296112 0.666423413477603 0.124602272265673 -0.735087823130733 0.830799334719594 0.187000518798792 -0.380123832336422 0.253254188001881 0.254510019738138 -0.16384613556025
-94.7591182937651 -70.8290207657888 -86.4988637662736 -0.415534644485688 0.853896659396532 -0.313355156815954 0.712821675105793 0.0917199525880403 -0.695322018777376 -0.138612871052271 -0.342066028039147 -0.877176793838788 -0.184203730696535 -0.139307242984359 0.401463652914698
-94.6288308374161 -70.7919282690348 -87.0129379619012 -0.197010183543446 0.963596080269661 0.180747286754016 0.499940252928614 0.257329541637882 -0.826946945397285 -0.251944417302527 0.473080728084561 -0.304594219374401 -0.426390549218689 -0.139165716214697 -0.124351567744228
-94.5475494650237 -70.6413175929153 -87.5288143161025 0.162764332364459 0.827976792056321 0.536621099032069 0.505206993197864 0.397231168017425 -0.766141823150168 0.237207722351395 -0.435226178051837 -0.0308099906959829 -0.469385080000738 -0.424689634583766 -0.482383299780215
-94.5447927758788 -70.2434185681105 -87.8515252533879 0.621619690379672 0.490407358475153 0.610810595262825 0.428600022596639 0.439752272568144 -0.789252785488358 0.121964676190903 -0.260896713752554 -0.653666690623056 0.0536884008413588 0.347193493845169 -0.0366930248210134
-94.421528385408 -69.8971323635573 -88.1927530892459 0.753641500051737 0.0222630432280775 0.656908552468476 0.592441305085793 0.409844518145304 -0.693571028067476 0.114686301261893 -0.294194592102985 -0.530853784672513 0.366568490256478 -0.540249528883292 -0.0702404243290491
-94.2611423481133 -69.4142205454141 -88.2481179963585 0.77572219613528 -0.579773400028763 0.249234586369058 0.506922401163555 0.337228325300293 -0.79328855772321 -0.16285240240037 -0.3548879814829 -0.22073353808845 -0.173792171351242 0.264656805590641 0.152055366954369
-93.8521710425275 -69.1362904162895 -88.4617797073511 0.44692014830651 -0.894541559288417 -0.00760129880929629 0.524947771237057 0.269129492445447 -0.807464645522574 0.424856632028478 -0.123436078392633 -0.462583766638879 -0.235304406188618 -0.86674693239463 -0.381122038310303
-93.447002614089 -69.0342475791036 -88.6928577724129 -0.165995739923858 -0.906663985796629 -0.387821906531813 0.696662087800081 0.170522220443958 -0.696838652599242 -0.583190261743916 0.130042254058119 0.282673002257429 0.104411791917466 -0.288389143446521 -0.141255505824875
-92.9630403737554 -69.1489379176466 -88.8689743363216 -0.540257133532608 -0.613898709970161 -0.575543746003896 0.749678842498252 -0.0404558499929724 -0.660564120515129 -0.661964839971199 0.278279389342582 0.0574360588794334 -0.208537262275157 -0.0524757908044707 -0.438414058976118
-92.5818405485618 -69.431163029458 -89.1139163458173 -0.817960216412195 -0.0597962094478036 -0.572158629842103 0.569949915036184 0.0507751130584483 -0.820109128253225 0.0310297428763492 0.0619502738996289 -0.0513511363285276 -0.145705106947005 -0.29373190706083 -0.351812006608935
-92.5361592686892 -69.6665850552532 -89.5516121179845 -0.452686195080924 0.81576841146837 -0.359995982801902 0.550128486610911 -0.0622166326692023 -0.83275911213206 0.370764068556109 -0.139553230922439 0.206272014012275 -0.445179161389581 -0.209841018517797 0.66138610557657
-91.6855835317817 -69.4771154274244 -90.4212095158423 0.0272162311809487 0.748435501705659 -0.662648908960622 0.645817356276393 0.492815557871989 0.583140436131304 -0.63741668477046 -0.042615313526387 0.0629630728092593 0.541710714347626 0.195678346585378 0.268630718600843
-91.1485040777075 -69.3269357012266 -90.3024135936833 -0.198499425095784 0.644002063272439 -0.738822929217643 0.748242792093975 0.58645777090822 0.310161259704218 0.230958532239115 -0.107643139808293 -0.124932715543756 -0.622675455816963 0.145559916214403 0.200278786420911
-90.6823867286595 -69.2071371841228 -90.4041446339605 -0.608011640525879 0.783146503461888 -0.130397082407194 0.767914385899245 0.621802299007107 0.153848616759872 0.27287844340391 -0.00549270078157617 -0.180415239071392 -0.0859525150131496 -0.00329947456738405 0.0836440715063835
-90.4060889535906 -68.8057180283311 -90.6332796372807 -0.538081941608371 0.36628148092321 0.759148009842398 0.806078103766015 0.486880186514084 0.336430935868318 -0.0897530611402387 -0.347377979191596 -0.418318602020537 0.0102760187836233 -0.183204671819044 -0.183857239341975
-90.3468851164253 -68.4189683721349 -90.6619165490504 0.182195918081643 -0.303581304613425 0.935223523508571 0.686446812549715 0.72026126613448 0.100072384040871 -0.254688687673069 -0.454890323769358 0.41913557123322 0.222059057969733 -0.158645246760867 0.651982543360655
-90.1310203465908 -67.8509634743389 -90.5938181785762 0.0507570259621702 -0.484268798608108 0.873445736729106 0.694438256736717 0.645657012358298 0.31762010322532 -0.178160171888581 0.11377594401264 0.0631885553005071 -0.178187983551518 0.500669925028598 0.411921444372726
-90.0513987254179 -67.4544767663903 -90.2812197261184 0.388257359627223 -0.740524104602465 0.548525544708521 0.705350198696089 0.621855324122669 0.340260272526651 0.537300570204228 -0.0878236986665906 0.143631469635437 0.0506947747881809 0.430139614164287 0.0381623823296902
-89.8627889362215 -67.1377634040869 -89.908814473602 0.533453085806928 -0.832170300375684 0.151394836160756 0.718878278232518 0.54037979992329 0.4372684449177 0.0175414757572438 0.195280349205744 -0.0205223348250842 -0.108244580025937 0.34188826283768 -0.094183279103808
-89.5690407065583 -66.9938141251758 -89.498796821268 0.579572249436752 -0.725162404631596 -0.371800342376932 0.807167848148585 0.448045002745966 0.384364072761464 -0.345847158368534 -0.118494725497437 -0.0549980941485061 0.00867203255035228 -0.0922900767725518 -0.13019415623314
-89.1513394960842 -66.9687757625205 -89.1314879560401 0.4580060115392 -0.190294275004854 -0.868342433774568 0.804625506260429 0.503997690242193 0.313949236191269 0.230035096819101 0.142086545331967 -0.418371390637517 0.392381640979048 0.171594390875923 -0.278326939997285
-88.6418731649546 -67.0580130444877 -88.9617400010902 0.295364033245678 0.196980959632306 -0.934857523586875 0.764385643776312 0.538278787232402 0.354923280166426 0.390319742465114 0.13294013517445 -0.0962079586672804 -0.14886677248281 -0.0736038283989549 -0.189953252411476
-88.0998680840944 -67.0595776653781 -88.9551240451363 -0.00149227469836449 0.621944707094961 -0.783059738737836 0.94398999029859 0.259263486305495 0.204120902615321 -0.0875702255975517 0.0532966126776636 0.0953243108940876 -0.0169020623224933 0.0499096034691887 -0.0642347316465403
-87.5310629222887 -67.0657325770555 -89.135210705263 -0.404245211607813 0.864900550133913 -0.297544697936598 0.880231294309246 0.456274321604465 0.130409401360251 0.0733509434755534 0.408769204001231 -0.281799470161351 -0.405419150482322 -0.0884807566851481 -0.537137808162725
-87.2195070428333 -66.9149942218015 -89.4907068306408 -0.260942120049007 0.809433625964877 0.526047920955383 0.960355881726029 0.273044868645489 0.0562412672344098 -0.223344928389546 0.159975110981795 -0.110560006995006 -0.0719049339026606 0.073759036173573 -0.102826706650306
-86.87149299535 -66.6100127567481 -89.6991298115774 -0.21596727952567 0.227372662660711 0.949557689900341 0.92604292263097 0.355984269883962 0.125378247875358 -0.129791421026043 -0.0835856309094824 0.00330902195753827 -0.325977240567609 0.16084743560784 0.567341901393691
-86.6283621727252 -66.1738528160941 -89.6156813979601 0.21264953307719 -0.714350992680651 0.666695459215057 0.949667618934728 0.311712950714019 0.0310877773990842 0.191632838893078 -0.76217865802124 -0.361471876368917 -0.437987218178984 0.091465572995373 -0.593456386819282
-86.1944344249143 -65.9802536520217 -89.3617127018646 0.179341108166826 -0.97539403031558 -0.128231246372784 0.977360923236249 0.161775982642202 0.136360394437566 -0.600330966043295 -0.146977260775213 0.566463634254062 -0.204595278753987 0.0912620135011944 0.229689505306874
-85.8319224039841 -66.0526854826713 -89.0009111225822 0.154933432786168 -0.506019664493318 -0.848492622567451 0.956461153594845 0.291859062711114 0.000590912457083779 0.27589107549678 -0.522002835561365 0.399637854251113 -0.310690265458072 -0.49202995050373 -0.516137001981372
-85.3846715219454 -66.3344530024338 -89.0022020138951 0.0409664166871821 0.484711495131719 -0.873714209104287 0.980229271728084 0.14991888381427 0.129131340592785 -0.334649630379704 0.0266490711942969 0.202363429541337 0.0244921806947136 0.520111774863086 -0.11417770362077
-84.9054429689448 -66.4000150789796 -89.0411679127468 -0.185204724814498 0.875119083487639 -0.447063529738759 0.982620745282936 0.159139944591095 -0.0955559991560907 0.0208990748944026 0.229476464068168 0.107540936007815 0.51796402104219 -0.151880127819016 -0.415203209694983
-84.5151589501296 -66.4309540822624 -89.356752465887 -0.208903311565119 0.921395919582167 0.327702556893496 0.977174546494485 0.209895695798045 0.0327674010093281 0.111355724969751 -0.219682309258392 0.4226129092893 0.580339507176345 0.272352188836069 -0.18502910486102
-84.0932318217309 -66.1160977732389 -89.4689259895967 -0.285414393163827 0.57825880331505 0.764300582600575 0.923713102269201 0.378590721151881 0.0585078674546987 0.116223369962177 -0.140448762607781 0.199051435973638 0.309862273151732 0.260239462088924 0.177179585287955
-83.3107668067137 -67.0462721901437 -88.3988449276217 0.986369742379201 0.124399994019968 0.107700384431142 -0.164221752345491 0.703318592092209 0.69164598898135 -0.0900935911905226 0.109797714148341 -0.584078369208881 -0.294012770525704 0.0126813288647361 -0.2400170877988
-83.2032972974689 -66.9886850747101 -87.9257641721947 0.413073042053582 0.722315727728325 -0.554644617214149 -0.331155246581422 0.686475042753947 0.647370232817083 -0.338386157943183 0.812282630134386 0.73127949824279 -0.363287790940214 -0.00771206296639264 -0.673128401888063
-83.2263488808636 -66.5286655365083 -87.599752431558 0.0454725273039595 0.235552426846726 -0.970797251472739 -0.299690512331144 0.93025692509959 0.211678175831028 -0.143590071617533 0.286977967447845 -0.0889184501954361 -0.376602817789009 0.324159294111109 0.292048712430539
-83.0964644938013 -66.0078221777281 -87.6453739345576 -0.512752080056569 -0.0171999670256371 -0.858364413015693 -0.34535184182351 0.91947551109246 0.187874665269794 -0.357561838916406 0.0691408459935627 -0.142035089482495 0.653096652514106 -0.361076739317822 -0.060709707133278
-87.6068358924491 -65.8738941515604 -89.1273412375182 0.484862091474034 -0.809356390163022 -0.331437755774895 -0.855295914821468 -0.35963552731985 -0.373002929718569 0.355801378672162 0.0782327950566935 -0.108632033533468 -0.0868048294816457 -0.091341734026808 -0.335283984633603
-87.9193779102842 -65.9754770913552 -89.5508874443326 0.331011826034939 -0.884799989322621 0.327963641154712 -0.839449679508148 -0.434854051464228 -0.325923594571825 0.451735219010547 0.46365482778133 -0.446348465886585 -0.585650464004006 0.367920030600529 -0.197679295397568
-88.1996338389756 -66.3437038303834 -89.9075350442391 0.150692363704922 -0.580405778582891 0.800263046571911 -0.814889516145431 -0.531230667864016 -0.231838422175729 0.0954939292924894 -0.401385206693949 0.189904795758509 -0.100008272501432 -0.277112169146932 0.0513996997622572
-88.4301552087246 -66.7742245221225 -90.1531173339091 0.0297462397272449 -0.301760053468027 0.952919740247156 -0.677887733936969 -0.706690140586973 -0.202625924736143 0.644131556162626 0.756871706256573 0.0894689143800577 -0.0498660843650109 -0.357170753960143 -0.242870804503601
-88.5988999920657 -67.2860133080712 -90.1477824617287 -0.444268059827145 0.338255080397611 0.829583866527302 -0.738074190886116 -0.663057227051524 -0.124906374545192 0.0346239258476247 0.86213907327941 0.844305887430931 0.0045944591261768 -0.166422608751214 0.37790030321219
-88.7997082086567 -67.7297525597165 -89.9590760510238 -0.670001722680291 0.675456099939577 0.307988228119274 -0.74208572222313 -0.620661833720459 -0.2531554246608 0.256141170669101 -0.0927525231977785 0.0880971818346713 -0.11896374850176 0.312445913298504 0.12224564554475
-89.1352857028355 -68.0801355428633 -89.7759590476842 -0.633066755797905 0.766478512546487 -0.108338231977325 -0.768154066265738 -0.639332720161387 -0.0345398814432919 0.0174004067926449 -0.430185065537008 0.799429306339261 0.321061835028496 -0.18669517551493 -0.0816768491908801
-89.5688094524446 -68.2949749279293 -89.5837181903754 -0.401714213499454 0.67940259954498 -0.61403403684456 -0.831090350144628 -0.552071428814611 -0.0671265028362175 -0.0384253967060283 0.181997019061321 0.357868291418479 0.235362785328744 -0.121025614183283 0.363180881490666
-90.1457448201431 -68.3400893564435 -89.4845384684449 -0.0301081224669658 0.399547324563602 -0.916218007024397 -0.85035517804009 -0.492007924228135 -0.186612630004996 0.232509045182925 -0.0661580877213217 -0.304471245871528 0.510691622218718 -0.1799514887296 0.209079132799286
-90.6355131107871 -68.4529023784459 -89.5449750249336 0.311317210802218 0.2317976091049 -0.921602659865938 -0.912576537697656 -0.197630287373926 -0.357975323668963 -0.146692287324599 -0.314329969859208 -0.0882697161359296 0.206176411260441 0.11169025529783 0.160390521527382
-91.1181461267924 -68.2938126020601 -89.8137481076008 0.560106365779251 -0.387386514321357 -0.732265353226092 -0.827449137499919 -0.304407261839704 -0.471873016593754 0.074895670225852 0.190130303195119 0.229070985856841 0.252977993056498 0.110150819469257 0.220968547870281
-91.4410022382149 -68.2886498107984 -90.3081728563735 0.736525596311406 -0.564380145597242 -0.372833873507148 -0.629940881283168 -0.371547625591632 -0.682002087977356 -0.0879461708739941 0.129116492379015 0.464053272571421 -0.142861666777779 0.343068071846368 0.442322613763607
-91.5817519746421 -68.4220023627889 -90.7552855629105 0.642654009359722 -0.746897073256903 0.170706139942358 -0.414176787927094 -0.526124973605327 -0.742731513059371 0.0853316943746414 -0.0721537105827036 -0.218777707773215 -0.193667192005366 -0.22484497909729 -0.214858516377337
-91.4640614948557 -68.6156584831335 -91.1976583427422 -0.209361143247458 -0.71106413362354 0.671234466913192 -0.522115706423847 -0.499112593007456 -0.691579213544404 -0.358533369959986 -0.501141758085918 0.0134966098952346 0.0890558770274321 0.395892672843179 -0.0700010475944586
-91.5613071332013 -69.05503649161 -91.5211727527736 -0.555181945891531 -0.152719161508429 0.817587832996701 -0.690151160572819 -0.464015332737495 -0.555320760051813 0.382628405064864 -0.073909370769182 -0.230670286171857 0.110960744232996 0.288218816345791 0.271904523906805
-91.8035972627107 -69.5033778024741 -91.7105397305966 -0.688573497538603 0.35092922450041 0.634598469804985 -0.709514246093391 -0.506866681840913 -0.489566850828039 -0.0883403983535933 0.221615773041789 0.00782727981942029 -0.314039670014015 0.47573201730918 -0.132288716849346
-92.1513869527783 -69.8650211771349 -91.6800862589867 -0.513633687034224 0.855356152931572 0.0674261609882629 -0.745763562799543 -0.40619893115708 -0.528052210228788 0.218976146988979 -0.626076626694392 -0.607277788074544 -0.272433694616434 0.624591375752759 0.186566109733133
-92.669659229612 -70.0978698941257 -91.6791683268651 -0.159623021123389 0.970170973297951 -0.182452113436597 -0.803804683825882 -0.235026160591802 -0.546498613078351 -0.174747701780849 0.655039938201553 -0.438069633913532 0.213390667170109 -0.246534189314743 -0.224277630779872
-93.183309317873 -70.0858731594575 -91.7428591545087 0.318350704810674 0.60947520925311 -0.726080434974685 -0.869445125814624 -0.117512810732287 -0.47984988539278 0.013589547335487 0.282408821376606 0.0442369335682547 -0.0847670881010875 -0.588504747812926 -0.406735668947265
-93.65203001521 -69.7919242970867 -91.8204358399178 0.47109374418225 0.259120868322079 -0.843164906641822 -0.881264932025695 0.0970981342268963 -0.462540886745418 0.130007783860792 -0.132454486376081 -0.568145158691073 0.109880682501172 0.00163695342939842 -0.167976872222389
-93.9607702965454 -69.469267032129 -92.0839765677188 0.486341620480025 -0.480753042063524 -0.729622053350279 -0.820046058871452 0.0371456562957034 -0.571090764718622 -0.00648868351967484 0.273240091252831 0.244923316392109 -0.460481401113872 0.00547862973645073 -0.271213264085645
-94.2065055647804 -69.3280840228787 -92.5579309570651 0.320478192144265 -0.911860903536781 -0.256521774828715 -0.698305409341711 -0.0444450258402482 -0.714418781221562 0.126046212753294 -0.0463160835020147 0.295224685747216 -0.0993916679421584 -0.124630165111005 -0.375247577091363
-94.3337833786355 -69.2745481085966 -93.0794357245725 -0.0948154749130056 -0.959571257735263 0.265015144935178 -0.73735440983361 -0.111160292392076 -0.666297128685145 -0.148580962703773 0.456403791476382 0.179467432777759 -0.15401304157552 0.0210179102325596 0.373286257877732
-94.6392349474348 -69.5453338638924 -93.521104887987 -0.119901312433714 -0.767291625201067 0.629989870691133 -0.549718262844759 -0.477098097815011 -0.685702002736194 0.291050399759033 -0.0571692348717623 0.345496225673865 0.258839569595012 0.0430182258731873 0.084352132270194
-94.7772763620252 -69.9671102020391 -93.8348744077646 -0.369498846148481 -0.340368000161348 0.864650349656502 -0.605706542449405 -0.617432441577587 -0.501893180389621 -0.239180488498167 -0.736386041437337 0.239621377069124 0.518224741109746 0.586985563823746 0.381139090819683
-94.8691492130149 -70.4947247382979 -93.9236760209026 -0.663701362261919 0.272545090723391 0.696577113645073 -0.678690358715951 -0.610914914342014 -0.407630180949294 0.294246821560567 0.586895916701684 -0.2169753807265 0.421133845789719 0.197978855119239 0.097445483552061
-95.2018179166183 -70.9267619558312 -93.9874629719892 -0.632668226110787 0.629678452432253 0.450816994147592 -0.770552978921595 -0.569972356160973 -0.285271133988834 -0.20455524792245 -0.493329390325282 0.0576893240849564 0.0561174479020123 0.414243065589232 -0.509981934375111
-95.5608715387557 -71.2292254595611 -93.817958421137 -0.515702447094711 0.834426670391596 -0.194378799769582 -0.802953539409149 -0.549846650570262 -0.230074497515451 -0.0915999311500216 0.0944266681117083 -0.00737909385180844 -0.162021337311162 0.369055533228157 -0.191734985139142
-96.1192005787085 -71.4224421890114 -93.7335758133877 -0.160398721735648 0.804605540690505 -0.571736105170233 -0.872855121936045 -0.386074436770011 -0.298446754686289 -0.10808712948954 0.209038718014537 -0.286947362799595 0.144145656119071 0.232026397186181 0.239971535132379
-97.0476785588668 -71.8819896184464 -93.5786855959035 -0.577368146185113 0.265784232581653 -0.772013449029361 -0.205055530598066 -0.962431149275832 -0.177984584374255 -0.675248947698763 0.00523106229352484 0.144670121268442 0.423872833263483 -0.398232552544342 -0.148138565907872
-97.3240624886927 -72.3428324159277 -93.5294209988596 -0.311809773953263 0.267131284404417 -0.911819906428413 -0.354213471757812 -0.923165385269043 -0.149326782147254 -0.24098745865711 0.233793593707099 -0.431046068986892 -0.54878703094007 0.075860889578205 -0.0515979768319767
-97.6833389780713 -72.6752040271502 -93.510023079315 0.221378081155706 0.132464252853659 -0.966149557211352 -0.425403817360036 -0.878378614453187 -0.21790502942136 0.405604203996719 0.246571373400365 -0.386574710287498 0.317710920112284 -0.391385370187529 -0.150197980498567
-98.0641973335848 -72.9371894232937 -93.699370479837 0.87616445860828 -0.248434021472397 -0.413057354912208 -0.36003937847579 -0.907075247452783 -0.218142479599426 -0.186131673138092 -0.101134992522036 -0.167009041513689 0.401318324233299 0.0778092267716767 -0.0204700483148703
-98.1925985046382 -73.3256702322245 -94.0003616298602 0.906238274608553 -0.221034459764309 0.360383070122737 -0.192334969106402 -0.974668836995707 -0.114139904714711 -0.0569967943789103 -0.398559364660575 0.342003843654619 -0.279684238857001 0.45802681982062 0.0106354812464251
-98.2330737175767 -73.8523659620471 -94.1368380431856 -0.577836098821637 0.686833128889363 -0.440869250411419 0.795284501382974 0.595215744151011 -0.115068587263747 0.0023550449275558 -0.0153898271821804 0.225191194425368 0.138359265467366 0.176480954559607 -0.341660873293968
-97.9445779515301 -73.4651914776611 -94.4492251537469 -0.648547039298739 0.670214320389126 0.360831681761438 0.725475894266428 0.68773584828173 0.0265354447217581 0.196187403117435 0.15283400221838 0.147022635590489 -0.0183779610621574 0.269627410759589 -0.402103724215564
-97.6541392200493 -72.989765705913 -94.5791548941574 -0.689472965212018 0.305709857323807 0.656634231042611 0.384175378295119 0.922886018334448 -0.026280712975924 0.224811124953472 -0.0433950089730749 0.442739007672619 -0.118399874693198 0.476506048483227 0.22982031539607
-97.5573177468975 -72.5130657657781 -94.6531040815939 -0.28154371317828 -0.0995695823275887 0.954368396294371 0.214838017592598 0.962810869798158 0.163828737391505 0.212771704459696 -0.0444060494154108 -0.0725528979959791 0.0900908570938343 -0.334369646879035 0.0555117393191279
-97.7654136326413 -72.1121998036854 -94.5852647297139 0.495964773960551 -0.175443352733 0.850434343716533 0.231079592185068 0.970727789731882 0.0654964145416 0.0908507642583832 0.0701191474184464 0.0501537008839254 -0.378409620460505 0.0423092774696778 -0.293464749391298
-97.9015083419719 -71.716282991959 -94.3602831146467 0.951776720794365 -0.10043480952192 0.289886051389629 0.130998785224671 0.987470624204507 -0.0879834336852783 -0.117339834942595 -0.0721429719669856 0.286120118845271 -0.0147954014982753 0.285708600130914 0.482929457805038
-96.2351547005606 -70.2897762005247 -93.9323724376442 0.569954244914725 -0.821055982855949 0.031925408691445 0.721826842202485 0.51887927797112 0.457963213335065 -0.42663124185869 -0.0771509022721266 0.128431126747471 0.0623662600807387 0.01163399688927 0.34939025814223
-95.968819941023 -70.1435819077741 -93.4799493493935 0.624048155173185 -0.698481095618798 -0.350268552810471 0.733307988366031 0.368701501254062 0.571243028116445 -0.146151285380745 0.107578172136144 -0.0922491372659384 0.0644358239098386 -0.0584822701114317 -0.305882087109978
-95.620647133231 -70.1838504843352 -93.077556110228 0.570730079160599 -0.220505200818715 -0.79097701177283 0.810780823921196 0.303837855755855 0.500316912537853 0.0313715189314361 0.1885466208985 -0.10895143830103 0.236090091232623 0.0371975084446156 0.174418140876178
-95.2215510435169 -70.3705666392258 -92.8233365673426 0.367485359433619 0.448437834444232 -0.814774827323758 0.825783929649058 0.245674941635331 0.507665957678539 -0.368630391803785 0.307200653930408 0.254151145944334 -0.205383768361985 -0.287359085714198 0.219370290389321
-94.6845950198771 -70.3970541725695 -92.7163449578142 0.0523780143376333 0.657478157908069 -0.751650860099081 0.947129471877319 0.205881335257493 0.246086649972027 0.218511553820493 -0.422358246830167 0.077826723030816 -0.392699471433792 0.252535996576991 -0.0617771571357855
-94.2844901864196 -70.4512281381053 -92.9068324657421 -0.0761076712279761 0.996443390655075 -0.0361689314173872 0.945987723535458 0.0836236078027539 0.31323205317831 -0.400114985751105 -0.197951842758715 0.292783958441291 0.393295649520353 0.395380910666326 -0.0315281453779244
-93.7519994192812 -70.357739349139 -92.9237417080444 -0.385063170430885 0.842441863713435 0.376852837379004 0.911812626850812 0.284200231628317 0.296357827394977 0.017067259499074 -0.156076297143513 -0.603560102300177 0.34341635941396 -0.352445413445757 -0.368120081932581
-93.3809062096366 -69.9744479475433 -93.0024962186966 -0.468587707437748 0.402943981967389 0.78616900716999 0.883195083695875 0.233623263784191 0.406677531655564 -0.154564150894041 -0.128957815407978 0.574043259652195 -0.200097596706972 0.231545119098711 0.165026232070808
-93.0945419372592 -69.6428435778281 -92.8350820600182 -0.50861976074705 -0.0433688134001724 0.859898299220316 0.812028554055683 0.307833332008328 0.495830885587838 -0.268001491744205 0.0530994770745261 -0.0940663493297891 0.242269579710632 -0.296596229620348 -0.0065670285763753
-92.8526419211935 -69.3052356290198 -92.5335197568948 -0.285544109299188 -0.66762223348629 0.687564626053096 0.618312590486293 0.419809256744228 0.664416833319359 0.141583245939095 0.202475099793379 0.18841714358979 0.373747238581859 -0.735313046024769 0.277732216540027
-92.7739282708078 -69.0055518219766 -92.0351360211861 0.0521381160723613 -0.943136398212919 0.328291564342565 0.545289487802892 0.302292311567452 0.781843163849979 0.172473500192798 0.198207597064711 0.0318633307680644 0.170180667217093 -0.392892069787313 -0.131871695319965
-92.8298379928309 -68.9361377735687 -91.5203820889202 0.570088578465225 -0.812894294341116 -0.119171636439606 0.512658095472784 0.238618383878771 0.824768418419108 0.121897944819986 -0.330317206439411 -0.188104411165269 -0.321474955924096 0.330104111082242 0.190757644106322
-92.6599039068845 -69.0725148338568 -90.9602483915473 0.694518440644691 -0.459126074875532 -0.553938067814198 0.661427317480459 0.104470054659366 0.742697725437364 0.12092286497398 0.512436820706198 0.3522569935377 0.344875234739431 0.0706046991605769 0.0253228376839831
-92.2513025706948 -69.3042349897607 -90.6086356030621 0.582127475027387 0.239178598430481 -0.777123671542524 0.722785526165192 0.285563270834494 0.629312880463338 -0.105967841831505 0.372947707220758 0.084137245524224 -0.649184969277418 0.132582970523857 -0.0395663193525692
-93.2462864978912 -69.3027388662011 -90.164084850944 0.664217503689834 -0.54951062320073 0.506806849580644 -0.628536522602641 -0.0435267976421217 0.776561174436469 -0.380472111704992 0.138405845318952 -0.798177111300104 0.32531439178129 0.0609566112508917 -0.118345366023457
-93.5357581037744 -69.5578648292964 -89.7917990393131 0.878770994975275 0.0270183220528941 0.47647827722076 -0.464756350400825 -0.178445700484159 0.867270815109452 0.141744964935342 -0.0258616868166198 -0.17084115685139 0.34466404735174 0.335004574416704 0.534677775224491
-93.661450379215 -69.9313930878828 -89.4835209503667 0.673659903030893 0.573207252159137 0.466493066530125 -0.33439340549747 -0.326490172733005 0.88407308378266 -0.122161192971512 -0.383940348434904 -0.931746054679138 0.0632450798837356 0.596827360180965 0.107307982411804
-93.4326035706646 -70.1590208555374 -89.0753970419537 -0.0756844893777916 0.943714239976808 0.321986476941227 -0.276943756853768 -0.330102567912395 0.902404815034971 0.43910056090235 0.449780195963906 -0.00355416500811326 -0.0100805685771239 0.0789707093364196 -0.119444346206739
-93.3374843163387 -70.2077757178784 -88.5039272990119 -0.467248230882401 0.880297789488467 0.0821881533976734 -0.141285961388905 -0.166109444128959 0.975933363343186 -0.132909162669244 0.224079947559713 0.403839420844508 -0.136498471242069 0.230045117692058 0.260130951784995
-93.2508331399857 -70.0453428572866 -87.9499712414744 -0.809901450667055 0.550713419851399 -0.201926643616991 -0.390613016331626 -0.2495568553366 0.886082867132962 0.502443110261083 -0.120098930145623 -0.0978644969064619 -0.128913671617922 0.174753709097433 -0.92817706893788
-93.4506033611628 -69.9369007291195 -87.4601067370142 -0.81018067740488 0.0407523866169661 -0.584761928433322 -0.581358320596604 -0.183553558506124 0.79267306894643 0.352982751816169 -0.418212686564069 0.146271591307443 0.0202859428818836 -0.124276585874653 -0.746163342419943
-93.736443012208 -69.774321840333 -87.084656839127 -0.676756063546287 -0.388974250857992 -0.62506020719823 -0.631065196278127 -0.130760226263169 0.764629636670036 -0.416866657245955 0.232968092693088 -0.0417686295827199 -0.00763318565363766 0.00620709923707995 -0.185822073442897
-94.2345457222282 -69.6858904116554 -86.7883915240812 -0.280386379483749 -0.698265870724125 -0.658641216431026 -0.801328416760983 -0.207480939374539 0.561092174502367 -0.0600208481396644 -0.484045691156061 0.304059502744892 -0.188294124263574 -0.27069472670302 0.0315585386223162
-94.7887180446257 -69.6800823018575 -86.7556643527542 0.0737278462443388 -0.927520474742242 -0.36642867467258 -0.903552364582537 -0.217636364002137 0.369090148230463 -0.342346140555784 -0.152003481185698 -0.0850918027120143 0.398300857990183 -0.399518723075032 -0.240781656597963
-95.2943278937592 -69.8480811475621 -86.8162885664317 0.523760135761623 -0.82283488406021 0.220495065160697 -0.762079843320003 -0.336922383409089 0.552917371732355 -0.187298707878085 -0.0998216582372783 0.066025666682164 -0.130604144430945 0.386062473265742 -0.381443520575845
-95.7696415383368 -70.2218643988508 -86.7504242888789 0.792213087719002 -0.305301835395169 0.52838358505072 -0.610232518801553 -0.390892425015389 0.689071393298913 0.270670487687127 0.00196702593089728 -0.127722578420568 -0.342823214269127 0.46154013069505 -0.0722164562120385
-96.0232476600642 -70.6471131742712 -86.4870019060361 0.746262243340715 0.147483744180393 0.649108010554306 -0.502346061391354 -0.515020724382959 0.694551717340529 0.00249402944198382 0.484184597313994 -0.272729511133574 0.230545254548409 0.655119769863476 -0.0148771564420425
-96.0034262749859 -71.0594039469469 -86.1822358780672 0.259460565702718 0.732494899125932 0.629389734266316 -0.673818641753438 -0.329564334979118 0.66132880410209 -0.0451390630302719 -0.276316530525504 -0.562640052198667 0.0108631990785224 -0.343701593954189 -0.263735706238777
-96.6044270461727 -71.6494568539269 -85.8460110476177 -0.489142684597946 -0.347306954321341 0.800073317630558 0.214231980637104 0.841359455486727 0.496204519463136 0.209418835890574 0.139449204724668 0.134071617084741 0.206855159949586 0.255952953449595 -0.199417638136384
-95.5161788172173 -71.1838964783276 -84.9601075875452 0.957904714057337 0.287084543923132 -0.00101164590043465 -0.287077805606296 0.957843186681019 -0.0110798581706808 0.316711164854618 0.637066521760187 0.17277462609027 -0.381219046826494 -0.174888446283477 -0.0384618974069904
-95.543673642774 -70.7543146434504 -84.6933285899982 0.669658968965231 0.0297057899552998 -0.742074410910723 -0.16688193479588 0.979665717321938 -0.111379989869701 0.396031639880255 -0.152359556254948 -0.615344779975637 0.277663845404633 -0.311309878368652 0.222708260240475
-95.4224629263289 -70.5909833692152 -83.9751767388188 0.990675172444548 -0.0146739169455301 -0.135452496704312 0.104474807970411 0.719951534645201 0.686115735325674 -0.0193655481414183 0.0548932204795545 0.154962399032214 -0.0611423936267127 -0.499478942920949 0.479547194645701
-96.3446721872163 -70.1587018095951 -83.8823451076456 -0.143857564247336 -0.861585756154956 0.486800766227131 -0.748035169455277 0.416728321020448 0.516508365583024 0.0417514404521042 -0.195312333363853 0.389356746517371 0.194153355871432 -0.296002055813134 0.468024186620606
-96.7817270628109 -70.1178806648324 -83.8518046430965 0.282015434227299 -0.307023984723478 0.908957406957029 -0.851324607900273 0.356782067081622 0.384646550215552 0.292528137335814 -0.00558646043249621 0.549048070037372 -0.557733351236337 0.1466614631878 -0.337656060705756
-97.2106455943605 -70.2449505779748 -83.5473301863118 0.606895605246686 0.335255512095907 0.720611869137474 -0.774725502953009 0.45194104602622 0.442210002138333 -0.0525769420463959 -0.293702457400809 0.0552568558752319 0.0484313373782636 0.255165793808221 0.052462045811663
-97.4641365205118 -70.2629448860764 -83.1750733432578 0.491635590731116 0.868486027462039 0.063454440580026 -0.787313907264472 0.412184398706983 0.458520264427562 0.0476169557882129 0.17163475286339 0.236210319239166 -0.111457550845021 0.16099206672619 -0.176691571908504
-98.7046811798099 -69.9672504622886 -83.291672387527 -0.937379522084724 0.163611965974828 -0.307491066807099 -0.271766363125732 0.208621895356871 0.939478551458718 -0.157491587339052 -0.396996442916617 0.133574014595073 -0.126175733114462 -0.358477163443912 0.0813351693200795
-98.8447515688004 -69.5551428783248 -82.9116532993511 -0.71637074014306 -0.638340489847643 -0.281663596667638 -0.403717171035466 0.049983615101562 0.913517424044296 -0.0255785361622525 -0.443247286907367 -0.481812106038907 0.205130123994903 -0.00202016908760232 0.390485103184761
-99.2970036100176 -69.683903488889 -82.4371076724852 -0.042116342131549 -0.887469086303094 0.458938813549745 -0.552243568611756 0.40347772499763 0.729542847513687 -0.196699703163766 0.43337238166515 -0.22299217271341 0.528023558407524 -0.415218806672616 0.362987549524276
-99.7711046382453 -69.7792050539265 -82.2209224126971 0.652108124875503 -0.387690839584135 0.651498892074507 -0.619936452344224 0.221965376575824 0.752602263255146 -0.520901554313999 -0.124183270326466 0.487170460646112 -0.217617570709271 -0.118320601871623 0.205833811526393
