t = 7000000
b = 105 105 105
E = -0.270011825782453 -0.601654774951505 0.331642949169052
1.89747491340266 61.0587069473385 20.5365937127813 -0.16259548366572 0.0960138999030575 0.982010203468769 -0.80596511265428 -0.587057778527738 -0.076048680819213 0.0661613066289477 0.487426169137293 -0.094499993322245 0.0198710658198711 0.242735486919852 0.20683836545872
0.887933842586344 61.121143524782 20.408691372028 0.0656864279350426 0.148335498712584 0.986753197616648 -0.898215359735947 0.439510817342544 -0.00627765665984531 -0.303010032541586 -0.174253798245733 -0.131151956007768 -0.296374486172243 -0.968831082309937 -0.248237789850339
0.484975151421939 61.0382626011736 20.5678534738913 0.268713034210387 0.713591356998001 0.646978114361621 -0.957584337107073 0.27046265381796 0.0994092058964825 -0.0340734027765958 0.162735268981784 0.424598490191402 -0.694287730962822 -0.094582241331451 0.474395671511751
-0.271967188557882 60.9179212012717 20.2730983610377 -0.669740652834723 0.568705578128059 0.477515888057022 -0.553050135951368 -0.811116253179203 0.190331213816888 0.130173853034716 -0.0936419523195777 -0.372101139934103 0.191199043423696 -0.297030375524051 0.245443549488108
0.177671807396041 59.802464733868 19.356617269113 -0.108384567890212 -0.903973913636194 0.413622955006994 -0.53961546318523 -0.295942961480461 -0.78818330066128 -0.103208304358668 -0.0665690360008789 -0.296111369415233 -0.206743312399061 0.160302039791596 0.282866601957036
0.163258546378694 59.4918310562065 18.9743399227218 -0.746290419249258 -0.145145700626871 0.649602444366388 -0.637308908022382 -0.125787808377895 -0.76027283459233 -0.321331692616288 0.622808646627617 -0.216221096741581 0.386983472553797 0.410873637338124 0.31550296457883
-0.153512736835693 59.1293626346626 18.859927200953 -0.612736817175271 0.747392456762374 0.256823107318908 -0.535601380254437 -0.153773334279032 -0.830352288570367 -0.596216151695342 0.203000354933429 -0.498455594859589 0.413998624306213 -0.417608754806925 0.467005397466588
-0.567591941104282 58.9244545895187 18.7168329518234 0.0916299501635884 0.964304892886083 -0.248435154092463 -0.534648012678732 -0.162834608028055 -0.829238441564031 -0.217360819485344 -0.0836930760461698 -0.203606786746923 -0.0611712873525268 0.196374066129475 -0.128438140123167
-1.06694924126774 58.4365776614348 18.8221379508509 -0.620898798855562 0.68358218562563 0.383666622310132 -0.745853451239289 -0.665785215449311 -0.0208008692929496 0.0395036861841028 -0.0543477916947382 0.316643038093741 0.352511262307679 0.487506515507055 0.335893283831438
-1.41741358510053 58.1272887596853 19.0549933869598 -0.502702063232849 0.816211630743783 -0.284761671332782 -0.841060155618118 -0.537921344657593 -0.0570827609153878 0.341397734077947 0.627450773946164 -0.440809107393928 -0.0195028154705562 0.309858409459799 0.353590845236819
-1.54600303016051 57.471100204657 19.8739991894275 -0.0497751445227133 0.127751373931546 0.990556420122731 -0.83395781041657 0.54042469230306 -0.11160431171987 0.0124654473725156 0.276034372291639 -0.0670289116896359 0.452901910114501 0.0982175717164226 0.198673415577014
-0.139151044315037 57.3329588198399 19.5222858227362 0.795316880437611 0.123084039825725 -0.593566659130438 0.228651537345307 0.845932697781235 0.481784542398694 -0.0684146799653534 -0.273375698707902 -0.475450493059525 -0.303509271241935 0.596181177895327 -0.216178242140636
0.162376305838588 57.4560514927505 19.8458930906626 0.501322314390626 0.337086656479763 -0.796899318055349 0.630554763356184 0.488355071652367 0.603249545710458 0.031878865887896 -0.973481312049513 -0.156249622182808 0.0273722974157932 0.121875321733304 -0.267091827513861
0.405236710886436 58.5595687825603 19.9679043588312 -0.339738009334939 0.939064433391547 0.0523075037829292 -0.538324882308208 -0.239759145653751 0.807912045437869 0.0278513268842109 0.151631024025496 0.479580367341989 -0.300271464623537 -0.059136373963256 0.539548332471295
0.0824415056757838 58.6476045691589 20.3544098798159 -0.599686827633992 0.439712378740394 -0.66860207354192 -0.769267053949717 -0.0865832897356399 0.633033595985457 -0.485876183702531 0.399128616075491 0.133092347609289 0.165146984714981 0.424780806740771 0.00806898179844102
0.944035325278409 58.7256390290818 21.0456924234645 0.586572873912641 0.684185796951407 -0.433384423855094 -0.166596863443347 0.625597879637905 0.762150102068964 0.0958896682582232 -0.558222855904607 -0.350108741669201 0.21203299873061 -0.0579534828137651 -0.366523350766003
1.19175916077623 58.838110929477 21.3916411696745 -0.313448433220308 0.825646529991949 -0.469103279911466 -0.435903714691074 0.313774427366058 0.843524487047827 0.046550749440504 0.312410972229596 -0.0164950292031076 0.0287953982794333 -0.226358654955379 -0.560480236640712
1.22694484988976 59.2064853095622 21.7656446596806 -0.647125446287115 0.344711657176121 -0.680001860419666 -0.63216237291028 0.255943559808863 0.731343714315484 -0.1139132772247 0.0158470904573266 0.0316772363939155 -0.0181561292464342 0.394962967776817 -0.106242400806043
1.05514063954407 59.5751788730981 21.9874532084125 -0.752259524820137 -0.442138014316802 -0.488487035256549 -0.641518567346185 0.322503939620797 0.696020931207683 -0.301847306595724 -0.202289802743048 0.179539779498956 0.345920516498549 0.244143491542622 -0.168757949718634
0.575279077345792 59.8814013080596 22.101653100078 -0.503286848216835 -0.854906258142861 0.125847678565633 -0.689587460293061 0.485117134336188 0.537708564726591 0.260473566466592 0.095555180307375 0.308777789705397 0.108342767906033 0.00543038700444865 -0.336661805050191
1.00282922080679 60.4511006211075 23.4389777355652 0.568946143689594 0.535926048464479 0.623765625982849 -0.645324344065835 0.761110893071776 -0.0653199770630691 -0.00470740379196854 -0.0189862075586841 0.0183337418617204 -0.0172034113201866 -0.153804948742574 -0.399795330043488
0.794265423141915 60.8628701262922 23.5908964404118 0.825050706353404 0.481042118507418 0.296462159757139 -0.55611869268208 0.78422257150038 0.275185315739985 0.074920855797496 0.0440678375366487 -0.27076937338788 0.522618885989118 -0.0586776744812925 0.236756920709194
0.616432489998779 61.0939073534851 24.1081478586821 0.719542560922647 0.525422208109553 -0.454081497362022 -0.41631055664407 0.849716054182522 0.323524570459708 0.161265510355624 -0.347451814959372 0.129545675148329 -0.0914600277173277 -0.0199452649336134 0.178654840465347
0.284467561628649 60.4476570573223 24.6166851461869 0.0225836370032919 -0.996327556388751 -0.0825916443715924 0.235107706067872 -0.0750030378568754 0.969071158821597 -0.231884272826306 -0.544843004572168 -0.127492158687841 0.202827669056578 0.17243336230894 0.369950675558103
0.971315113995 60.6317849579782 25.0700388434681 0.358177652228578 -0.566572669265348 -0.742094454827187 0.0744065274009964 0.809622367427605 -0.582215845577032 0.455471716270398 0.296101844991058 -0.0594372443678261 0.650225294620748 0.0966838636562585 0.663275709314518
0.644551278312502 60.1020114703846 25.7708737454369 -0.0791312543929464 0.657863915862933 0.748968165400296 -0.663138730126747 0.526232132028977 -0.532284480165992 -0.199201950560672 -0.112989620066734 0.231823662549515 -0.156845569717744 -0.1874840131607 0.0695535835348356
-10.7110446346493 62.1877367571833 21.2677315272461 -0.882053334601811 -0.389922930691793 0.264465542251069 -0.0543413695258639 -0.473378591999251 -0.879181280621158 -0.331281328437945 0.313630171179516 -0.499784595923956 -0.433785472834391 0.4156988616167 0.104978126216286
-10.6501310428859 61.6854622662065 20.9928179609332 -0.915642198355295 0.401994203324468 0.000158380091867144 -0.166836065267023 -0.379652294794992 -0.909961462032075 0.215412100582873 -0.487806145699893 0.228911824620459 -0.220868791398 0.244142370483479 0.610263877664966
-11.034078032093 61.4586679204282 20.7864917846107 -0.0800702791592767 0.882592866032255 -0.463269449914696 -0.0789053818975129 -0.468915437756398 -0.879711460048946 0.389467245790376 0.000845254102389878 0.116955386342777 0.0536618833518164 0.108906694809874 0.493129835929264
-11.3516079172728 61.4430309951 20.3028784161034 0.419761637462087 0.74250027635365 -0.5220091065581 -0.38761359287373 -0.37339938800499 -0.842809942784787 -0.263766546942054 0.547091954539339 -0.3312961935076 0.000245764423117522 0.462675318591974 -0.0418638115096029
-11.6326567465816 61.4125000904746 19.8926275748952 0.913601048262719 0.124764567671535 -0.386997322040957 -0.318085664397482 -0.373576898776359 -0.871356305311169 -0.0197754970691432 0.0323990802870351 0.462982298715219 -0.103530895218569 0.0791264779222866 0.305009881638051
-11.5833007419964 61.5051803036713 19.3600096862454 0.62801597765721 -0.767720277956817 0.127285139042088 -0.422885934485554 -0.473983054321107 -0.772339012759823 0.147374393904218 0.448649055134523 -0.516841704676392 -0.303467975387004 -0.212031565659897 -0.443401851315489
-11.5012461154921 62.2636347430683 19.0197855398946 -0.257560122875708 0.820620271746525 0.510142286722675 0.966252326905383 0.221132195734773 0.132124913470497 -0.262381763576694 0.15682274313236 0.140098450026849 -0.520638709547643 0.119512473185739 -0.188869071121632
-11.0099869276892 62.5680872424206 18.8939126305906 -0.23694869994257 0.29983558157658 0.92409628157272 0.964622262818863 0.185771198758903 0.187064031246163 0.607885584932549 -0.0922238209225489 0.383920161390208 -0.0434255315809681 -0.545200673628054 -0.364900261548534
-11.3989094696267 62.8861558211316 18.9029945449357 -0.663915684925546 0.522313336628366 0.535167956524203 -0.704256549588593 -0.67737115289109 -0.212581827992816 -0.00151873753643144 -0.192591141454621 0.066858863900661 -0.196850311931781 0.191281483827407 -0.379461439272966
-11.6225127453277 63.374337522795 17.7673396729392 0.599182481436634 0.781869820914892 -0.172220605858776 0.79300422571995 -0.550009377520551 0.261980882184312 0.322552659369369 0.299806691754183 -0.0621070835880922 0.0233689560171464 -0.106236907194468 -0.381389997324555
-11.2245498747441 63.218951974242 17.5998833010075 0.277686255873097 0.53292140897662 0.799302893247561 0.642958811211614 -0.721300864298609 0.257544229692017 0.190812605674975 0.194361161736135 -0.143571392244108 -0.363634695039963 -0.0606837585883996 0.334236583046076
-10.7813533813184 63.1100135579966 17.5962092609757 -0.292967095782684 -0.103716181972166 0.950480528146474 0.713539322728419 -0.685416216913463 0.14514215277541 0.543150501711773 0.029837890180787 0.0555200507012986 0.163150009377816 -0.0802789565360932 -0.482399284129865
-10.4028118288229 63.0579632573538 17.8485219069336 -0.59622188366755 -0.725286551284698 0.344207617524216 0.775480380150078 -0.631234328781454 0.0131682257892977 0.0708778560662332 -0.461439274141855 0.394765595557614 0.388216330181996 0.245435462848175 -0.431079870072192
-9.74949205515238 63.5375250594062 16.4239330800524 0.0843239266653066 0.985636198774242 -0.146324157464023 0.695413827491815 0.0469596698399211 0.717073495495552 0.269714632449251 -0.600015728374457 1.01421693266236 0.0618852372421972 -0.352331660245069 -0.612987381073447
-9.24947835936651 63.5795417393868 16.5943160462685 -0.453087856985896 0.808342360566786 0.375890970848532 0.621311178131729 -0.016038190912306 0.783399767909686 -0.976146482296049 -0.130941734040512 0.136767381736945 0.439798342382723 0.179812460587152 0.370650012199281
-8.86333083544593 63.7985730566615 16.7775337818554 -0.711837851870341 0.0866821456839145 0.696974230703434 0.672993032033587 -0.199695525878192 0.712181209930903 0.629151311041108 -0.363688546349656 0.349455268940649 -0.309594889144261 -0.0633352973738939 0.238043662271168
-8.5729566819869 63.8745616099584 17.1448937387168 -0.760070605257538 -0.468431636210258 0.450404792626386 0.520865078233029 -0.0247040712806195 0.853281477086827 0.149098608883371 -0.269116807102378 -0.459632217452547 0.0749304206737906 0.368207179859358 -0.0652976312297758
-8.44935233428033 64.0977228840169 17.5639683057807 -0.201412948939115 -0.977378043129674 0.0645366934980842 0.646778598824226 -0.0832255376984575 0.758123310536041 -0.317234801227224 -0.408402445349919 -0.19563681298555 0.108468755799578 -0.634272250271218 -0.0412620257380922
-7.70262714889415 65.0259081362449 18.1229385458769 0.603471943261619 -0.532834148917472 0.593219506964594 0.758771484349338 0.155026118214533 -0.632639500196771 -0.105006255851729 -0.0170810139961458 0.270169352821715 0.192857743652353 -0.338449648567645 -0.00758822492594037
-7.13875383645947 65.1778786519111 17.8787776873809 0.0849274956664506 -0.906376804422393 0.413845875761797 0.875914351937084 -0.130062512103405 -0.464604983847573 -0.147544506333358 0.580341229100834 0.291596178467691 0.211088326699106 -0.00256144555236433 0.368917200884014
-6.68515047350535 65.0577454852556 17.9463674986562 -0.437904673980247 -0.763570582121716 -0.47455185451607 0.820165632024934 -0.123121809818637 -0.558721179115456 0.44085540290479 -0.446926312800539 0.166864339031596 -0.638002639576455 -0.609956628061479 -0.423607788505123
-6.30186828647293 64.731407118571 17.8799874885305 -0.508244610502999 0.0236527720181551 -0.860887891813253 0.86039175773016 -0.0296925665070291 -0.5087675055703 0.118916042079862 -0.682335054179861 -0.275053366580018 -0.201363047216178 -0.413705316177043 -0.281326433224484
-5.93696080210853 64.5245603844545 17.5989010216303 -0.343255989950644 0.795076161054431 -0.500029222631735 0.898595721301123 0.123075858301551 -0.421162750919469 -0.459615671744676 -0.16908014824849 0.259693743637387 0.42878852392454 -0.468662413292995 -0.393289990653971
-5.69617295253247 64.1766111076644 16.8335532776242 -0.78154162005708 0.0877364689895601 -0.617652821679005 0.120744770438045 0.992613635351444 -0.0117843678676209 0.0122295401451487 0.14507586865794 -0.435929876589683 -0.0300742171938406 0.101599273048328 -0.195236816874376
-5.18188483931147 64.1701463259256 16.6183812732066 0.261682118261736 -0.8214575375557 -0.506685289874669 -0.431793586532196 -0.569152580241594 0.699728260851292 -0.544048033138548 0.337662429403074 0.565999446253079 0.147555401958949 0.281715598062104 -0.103696352612147
-4.12414775588695 64.5922523471873 17.7520991797854 0.936172642816451 0.189575083414724 0.296044034884737 -0.213851296728778 0.975503409922232 0.0515821686011881 0.649300411747018 -0.278548787296037 -0.523343394639357 0.58793798664666 0.378324861497593 0.480329049566288
