0.999999238518982 
0.9999987270127018 
0.9999974644988525 
0.9999301825818819 
0.9999954245663011 
0.9999655024010508 
0.9615012478293034 
0.9615915924929183 
0.9615371891604112 
0.9230707819861664 
0.8076902956745436 
0.8076915547075217 
0.6920301940325378 
0.5769202879870552 
0.5756462042120316 
0.5738774705501908 
0.49999947446027815 
0.5010345975715949 
0.499999794327478 
0.4999972433865664 
0.49999831198966677 
0.49999907367126245 
0.4615381948311596 
0.4615350874553554 
0.461526334062252 
0.3845871328259498 
0.34615231092959176 
0.3461523791986473 
0.3461409939908028 
0.3461519522285741 
0.30769139372099813 
0.3076921641042131 
0.3076912096706557 
0.26918192812239516 
0.2692300805429698 
0.19230744390329496 
0.19230756224920892 
0.1923072942860765 
0.15384555138249606 
0.1538451928592556 
0.19159601453708147 
0.15384605974264987 
0.11538309743751098 
0.11538456747261575 
4.602890067608825e-96 
1.756528192262611e-300 
1.7113940508207962e-248 
5.852977816970045e-293 
3.894513851691421e-212 
0.0 
0.0 
1.4483483708852251e-307 
0.0 
0.0 
0.0 
0.0 
0.0 
0.0 
0.0 
0.0 
0.0 
0.0 
0.0 
0.0 
0.0 
0.0 
0.0 
0.0 
0.0 
0.0 
0.0 
0.0 
0.0 
0.0 
0.0 
0.0 
0.0 
0.0 
0.0 
0.0 
0.0 
0.0 
0.0 
0.0 
0.0 
0.0 
0.0 
0.0 
0.0 
0.0 
0.0 
0.0 
0.0 
0.0 
0.0 
0.0 
0.0 
0.0 
0.0 
0.0 
0.0 
