0.730756062967235 
0.7307681174392884 
0.7307674899098144 
0.7307668507651507 
0.7307677390125993 
0.7307681132382148 
0.7307626998971919 
0.7307673987564297 
0.7307665249328413 
0.7307640982667093 
0.7307364981177117 
0.7307688264158648 
0.7307570691133761 
0.7307676751265265 
0.7307668291426803 
0.7307525365809776 
0.7307678334256374 
0.7306788395618455 
0.6923052224314811 
0.6923067356534223 
0.6923061581341771 
0.6923064162671875 
0.6923068566630222 
0.6923051545908383 
0.692305533492614 
0.6923041428331894 
0.6923060160903094 
0.6923037886589652 
0.6923051993688875 
0.6922996830712029 
0.6923067816305838 
0.6923067898270227 
0.6923065180700367 
0.6923038781159174 
0.6923049935728955 
0.692306996988621 
0.6922922426167983 
0.6923052823030097 
0.6923028897181536 
0.6923071104229979 
0.6922989994099467 
0.6923053144739589 
0.6923056588842614 
0.6922995072863252 
0.692304291052507 
0.6923051291869571 
0.6923061128946372 
0.6922952290888292 
0.692307175618192 
0.692304048956733 
0.6923062787522885 
0.6923056181299648 
0.6923061383941148 
0.6923012733215642 
0.6923070238401715 
0.6923037633471592 
0.6923070101966494 
0.6923057617368619 
0.6923039907004124 
0.6923056060839227 
0.6923066202683509 
0.6923056569222983 
0.6923037655813297 
0.6923028652785157 
0.692305436126061 
0.6923051862049031 
0.6923054098966742 
0.6922615934388262 
0.6923051840021515 
0.6923064920055517 
0.6923063498546965 
0.6923051842909369 
0.692304269130087 
0.6923070739773413 
0.6923046278545547 
0.6922998370072997 
0.6922870856207661 
0.6923071297604054 
0.6923016573355827 
0.6921756458176472 
0.6538442947362119 
0.6153770754311281 
0.6153806163125741 
0.6153805791482494 
0.6153829169515291 
0.615380152831667 
0.6153835672347624 
0.615383761464154 
0.6153828387473887 
0.6153841879859923 
0.6153559649242075 
0.6153802704360569 
0.6153831760107438 
0.6153822437567787 
0.6153797830760547 
0.5769223499384 
0.5769135628875517 
0.5769226701561786 
0.6153834784210473 
0.5769028862793545 
0.5769208417699906 
0.5769227459363319 
0.5769222012286056 
0.5769220769617227 
0.576922005325154 
0.5769217045648337 
0.5769222252586865 
0.576921616774138 
0.5769226735162422 
0.5769223944144463 
0.576920991511474 
0.5769206477086557 
0.5769226807915117 
0.5769222561632142 
0.576921650779155 
0.5769212362599572 
0.5769211536297012 
0.5769201441706282 
0.5769199551647689 
0.5769221360951738 
0.576909328351545 
0.5769219757864765 
0.5769205010132581 
0.5769212650755888 
0.5769208059861405 
0.5769158713930911 
0.576920860228298 
0.5769215810887648 
0.5769197757373884 
0.5769177905197191 
0.5768725089291578 
0.6152041960313075 
0.6153817657684288 
0.615382813655624 
0.6153566224583227 
0.615381747601259 
0.6153824581530236 
0.6153829986497541 
0.6153790943135632 
0.6153784198157477 
0.6153823161685912 
0.6153798289382694 
0.6153826683102985 
0.6153829658890374 
0.6153820285920697 
0.6153831240997648 
0.6153841067511852 
0.6153841427001724 
0.6153830290591342 
0.6153826049339881 
0.6153839232470417 
0.6153835577939838 
0.6153795264683463 
0.6153714005964336 
0.6153817512973642 
0.6538441124173148 
0.6153836028389442 
0.6153841674179948 
0.6153826294274052 
0.6153837891186459 
0.6153815913927828 
0.6153343735341363 
0.6153833125846968 
0.5769213750504458 
0.5769216851051917 
0.5769203478089592 
0.5384610223202383 
0.5769608847435458 
0.5769019461860007 
0.5769217805887281 
0.6153481091738691 
0.6131790031356952 
0.57690584079608 
0.5769226988555448 
0.6153839749161124 
0.6153831946774893 
0.615383425278703 
0.6153814507543164 
0.6153811959949381 
0.6153822810643962 
0.6153825350787154 
0.6153136698797821 
0.6153789927376379 
0.6153840934044751 
0.6153662555994064 
0.6153840614837263 
0.5769208407391001 
0.5769194149895861 
0.5769214956485075 
0.5769198246034681 
0.576920615198238 
0.5769215787542339 
0.5769210803680819 
0.5769224958525947 
0.5769218775925334 
0.5769179480171829 
0.5769177015196925 
0.5769226335139044 
0.5769179833426764 
0.615361500740823 
0.6153817810756372 
0.6153741789816224 
0.6153608261972746 
0.6153830249962079 
0.6153724311311561 
0.615382152723967 
0.615382736721238 
0.61538257776431 
0.6153836397867825 
0.6153832345815503 
0.6153768356574402 
0.6153832951929398 
0.6153830357937683 
0.6153840856068242 
0.6153839138018038 
0.6153841318159066 
0.6153837073431484 
0.6153840774845444 
0.6153815557769013 
0.6153626462558998 
0.6153828177107058 
0.6153841568853766 
0.6153770017480567 
0.5769220901328379 
0.5769218642227517 
0.5769224070429033 
0.5769174124750541 
0.5769219399628926 
0.5769205873089548 
0.576922205465157 
0.5769208639821112 
0.5769214768201427 
0.5769201028479474 
0.5769225464411079 
0.5769199014542502 
0.5769221477914215 
0.5769146113902788 
0.5625206286626563 
0.5769148053718646 
0.6153820093688777 
0.5769218165690457 
0.576917763731961 
0.5769227103280783 
0.6153836952138292 
0.6153837158892215 
0.6153823613535511 
0.6153688709301479 
0.6153834302425619 
0.6153768499755815 
0.6153837011850777 
0.6153822491580161 
0.6153827690250512 
0.6153829906232282 
0.6153797485617207 
0.6153833887514778 
0.6153838095495552 
0.6153589143026703 
0.6153788056078332 
0.6153842440168168 
0.5769032057807416 
0.5769148600849013 
0.5769199847261636 
0.5769184223516517 
0.576921847716825 
0.5769227386288933 
0.6153756249376742 
0.5769224584750758 
0.5769225516785478 
0.5769222842852824 
0.5765378064248229 
0.5769221072343478 
0.5769216254864348 
0.576915261659124 
0.5769219170608761 
0.5769221887883742 
0.5384608202806024 
0.5384601728030568 
0.5769211061555238 
0.5384613340519002 
0.542527181445879 
0.538460765957394 
0.5384609551761411 
0.5384592401137118 
0.5385153096025524 
0.5384560456845798 
0.5384607103736796 
0.5768683316475769 
0.538460725949859 
0.557431645581457 
0.5385355876345792 
0.5384596697709572 
0.5384434954463018 
0.538456745301626 
0.5769123295646298 
0.5384610279743506 
0.5384619086755195 
0.5013230606582899 
0.5384598947792187 
0.5384293388784703 
0.5384612433100776 
0.538460357091598 
0.5384607956303745 
0.5384553792994696 
0.5384605949236303 
0.5384546379481479 
0.5384116431610052 
0.529884832229814 
0.4615378472693974 
0.4615376133407724 
0.576920114602568 
0.5429421410288412 
0.5769207241777727 
0.5769214882161695 
0.5787294821048892 
0.5769222023162788 
0.5767704623312944 
0.604989847209078 
0.6153804849642237 
0.6153817220262567 
0.615382126694418 
0.6153797806083843 
0.6153685565989296 
0.6153799382579244 
0.615383859581556 
0.5769214690704112 
0.5769224197761961 
0.6153825860243821 
0.6153832942934054 
0.615381878420737 
0.6153739298793733 
0.6153820366547817 
0.6152756761232582 
0.6153818182297084 
0.6153817252017694 
0.6153833451192797 
0.6153836812721799 
0.6153824046948343 
0.6153832943439741 
0.6153828604966864 
0.6153789557927515 
0.6153464802320524 
0.6153762434216901 
0.6153817262617334 
0.5769195556764042 
0.5769164162296172 
0.5769136244972357 
0.5769206079562319 
0.6153803829652076 
0.5769227038120655 
0.5769103432238208 
0.5769221929492617 
0.6062603220332737 
0.576922338869992 
0.5573149715067296 
0.5769217077385361 
0.5769216160225893 
0.5769222291578638 
0.5384603506176889 
0.5384610254209921 
0.5384658795483173 
0.5769219920295613 
0.5769165821176172 
0.576918600722972 
0.576918186058177 
0.5769053483430296 
0.5769223169936815 
0.5769215420169674 
0.5769214233383695 
0.5769205372120574 
0.5769219570278649 
0.5769222249202712 
0.5764456172365402 
0.5384612441566913 
0.5384596812938044 
0.5384583831394916 
0.5384591719262595 
0.5629931128680062 
0.5384600155593391 
0.5769204202924043 
0.5769210845297865 
0.5769206084580774 
0.5769220157115952 
0.5769219049093648 
0.5769221117277922 
0.5768951498063205 
0.5769220097523554 
0.5769206027474842 
0.5769226266424081 
0.5769220885724838 
0.576921595897705 
0.6012005549963397 
0.5769225033876931 
0.5769226960390346 
0.5769207146405183 
0.5769220534804229 
0.5769219274858581 
0.5769095295641103 
0.576921547123768 
0.5769225141978735 
0.5769222147796664 
0.57692091032984 
0.5769165953523749 
0.5769133257609149 
0.5769225262544201 
0.5769224158541154 
0.5767947366645761 
0.5769225118799993 
0.5769204412764823 
0.5769205576341414 
0.5769223442914064 
0.5769218520812133 
0.5769223887676399 
0.5769207825521654 
0.5769219587029549 
0.5769223123542678 
0.5769219176714558 
0.5769221458837088 
0.5769221513356821 
0.5769087528388611 
0.5768616101728713 
0.5769219264067729 
0.5769225211471475 
0.5769227595906983 
0.576921778230862 
0.5769226450408245 
0.5769173406935054 
0.5769222660568117 
0.5769220564383966 
0.5769179041648278 
0.5769217294011171 
0.5769218584335556 
0.613053289175906 
0.6153545912924936 
0.6153799661992997 
0.6153735724585412 
0.6153809107913462 
0.6153743744387129 
0.6153833579765565 
0.6153816825853361 
0.5776428877374159 
0.6153748877624051 
0.6153833476114083 
0.6153818011058217 
0.6153832541817861 
0.6153805709021083 
0.6153788550602727 
0.6153804931273619 
0.6153838763090286 
0.6153842018267887 
0.6153835011228923 
0.6153603939947486 
0.6153261408374555 
0.6153829475141219 
0.61538426195754 
0.6149992123120215 
0.6153790027142348 
0.5769129330498576 
0.5769196690523445 
0.576921598533548 
0.5769204164837595 
0.5769208391653119 
0.5769216416998264 
0.5771854412147956 
0.5769221587645165 
0.5769203317371052 
0.5735799042957294 
0.5769220484225888 
0.5769212459967644 
0.57692294566733 
0.5769227364795888 
0.5769196752583393 
0.5545646355449451 
0.5384606486276765 
0.5384608950221855 
0.538458515030309 
0.5384603518086037 
0.5386209733056749 
0.538460505403249 
0.5874658531429651 
0.5769188748621905 
0.5769219286168985 
0.5769067201800531 
0.5769223365404957 
0.6146900477432363 
0.5769216479233724 
0.5767376365774592 
0.5769088273538631 
0.576921845479575 
0.5769166592196091 
0.576918159094999 
0.5769214192577382 
0.5769214546341845 
0.5769222054121452 
0.5769204051613945 
0.5769164455098467 
0.5769215055942026 
0.5769217170353221 
0.5769207789640772 
0.5769016772508302 
0.5769222514229437 
0.5769210201063336 
0.5769217589192351 
0.5769222380961766 
0.5769175370951831 
0.5769216693718922 
0.5769211932754363 
0.5769222050956754 
0.576921489708532 
0.5769225414748751 
0.5769188696966859 
0.5769174778718251 
0.5384507543723168 
0.5443205288071402 
0.5384587281217951 
0.538459688761722 
0.5384613095077581 
0.5384581856154677 
0.5384604910101228 
0.5384594678830917 
0.5384606929964048 
0.5384599697074255 
0.576869991810036 
0.5769017991176459 
0.5769220111859688 
0.57692203605732 
0.5769184673603844 
0.5769223177719164 
0.5591346063243285 
0.5769192832673276 
0.5769216281834574 
0.5769223949954886 
0.5767145103603138 
0.5769124229798537 
0.5769218730808054 
0.5769144441431251 
0.5384387390129072 
0.5383866777724814 
0.5384594270327333 
0.5384606842900035 
0.5384610919727209 
0.5384571762632526 
0.5384598886931522 
0.5384565970935372 
0.5384574951198592 
0.5480617822306695 
0.5384668468963523 
0.5384600970378053 
0.5768237589718909 
0.5769211258135959 
0.5384590008488247 
0.538080792191993 
0.5384585656807694 
0.5384594918427242 
0.5384558332348199 
0.5384606288404341 
0.5698848693657381 
0.5384608057800251 
0.5384598883701455 
0.5384596959062128 
0.538458982235131 
0.5384568323655983 
0.5410066646352681 
0.5393774587516492 
0.5769034303588747 
0.5769180683361781 
0.5769139637385261 
0.5763079669652809 
0.5769211499850903 
0.5769164966793452 
0.5769218951407796 
0.5769205053046457 
0.5769170339640698 
0.5769214885626803 
0.5772029316103864 
0.5769167724165795 
0.5769227539547431 
0.5769221603523019 
0.5769204118205693 
0.5769100136552019 
0.5769206832035872 
0.5387791028890232 
0.5384605956418465 
0.5428240894411821 
0.573613456945398 
0.5384584586486297 
0.5384607093352768 
0.5768035272494494 
0.5769181491373409 
0.5384596750530533 
0.5386041999556819 
0.5384570706028128 
0.575082804690204 
0.49993181262244196 
0.5000428841497093 
0.49999304287317625 
0.49999686543541927 
0.49999935303081366 
0.46153361631983014 
0.46153770678051603 
0.4230798617933835 
0.42307541830746154 
0.4230767666177757 
0.4615364292192536 
0.46153577778293126 
0.49999915175651677 
0.4615372090981555 
0.46267517762418675 
0.46153764511185885 
0.4615363910297764 
0.46153806451732077 
0.499999558521035 
0.4615354754175263 
0.4999539988854011 
0.461538092593804 
0.49999049071661095 
0.49999914397609274 
0.4999973300979904 
0.5384604878265807 
0.5048712414917104 
0.49999968311280324 
0.49999975941460584 
0.499997861053231 
0.4999982973628408 
0.49999673802783157 
0.49999938101484803 
0.49999925339252205 
0.4999966646581343 
0.49999898058077286 
0.500293028570119 
0.4999939280814169 
0.5384593596577845 
0.49999472244726206 
0.499999643660182 
0.5351984543682634 
0.4999980788328279 
0.4999988877256886 
0.499999021751509 
0.4999892375868982 
0.5384607766717914 
0.49999910270021414 
0.5384607183041339 
0.4999995757146473 
0.49999345440672044 
0.49999634657598374 
0.4999984171775104 
0.5026904042110897 
0.5744256752605452 
0.5384532470195965 
0.5384603564727808 
0.5384517058303386 
0.5769225751129003 
0.5384593317707811 
0.5384610136696275 
0.5384608165742037 
0.5769224721498477 
0.5384613182506267 
0.5401779800379879 
0.5384610458631071 
0.5769223258414574 
0.5769224735637369 
0.5769194909646861 
0.5769210741021795 
0.5769225080095061 
0.5769219571434144 
0.576921313339736 
0.5769211608602179 
0.5769162379092803 
0.5769130638974649 
0.5769224847456307 
0.5769220627795845 
0.5769164218997765 
0.5769164710890362 
0.5769154270753256 
0.5769225557633912 
0.5769226741096085 
0.5769193188733145 
0.5769228606901878 
0.5769200011010396 
0.5769221965468838 
0.5384601357898267 
0.5384012925101584 
0.5384596699774661 
0.5384601382112832 
0.5384588663594272 
0.5384606672794212 
0.5769200685708904 
0.557965218207909 
0.5384611365373441 
0.5384572107403518 
0.5381567005729995 
0.5489558809559416 
0.5384615643616353 
0.5384581166517173 
0.53824528763316 
0.5769209243567286 
0.5767518177918884 
0.5769225591570906 
0.5383680250695301 
0.5384581050591734 
0.5384553476884713 
0.5384556990767234 
