        0.1434 26   0.002227   0.002227   0.324679    0.011449   0.000000  -1.051915   0.000000  -0.455232  -0.172689   0.000000   0.061308
        0.1672 25   0.005107   0.005107   0.253294    0.055675   0.000005  -1.142142   0.000000  -0.341989  -0.126547   0.000000   0.061582
        0.1916 25   0.009141   0.009141   0.296584    0.044957   0.000000  -1.174236   0.000000  -0.311968  -0.109998   0.000000   0.059859
        0.2062 26   0.014749   0.014749   0.294430    0.038292   0.000000  -1.123093   0.000000  -0.310841  -0.101908   0.000000   0.058489
        0.2027 24   0.022600   0.022600   0.306125    0.052641   0.000000  -1.110590   0.000000  -0.310847  -0.104679   0.000000   0.059984
        0.2481 26   0.029214   0.029214   0.321980    0.044082   0.000000  -1.111240   0.000000  -0.297557  -0.104804   0.000000   0.057148
        0.2413 25   0.040151   0.040151   0.304524    0.037892   0.000000  -1.115355   0.000000  -0.295687  -0.115751   0.000000   0.056259
        0.2279 26   0.053345   0.053345   0.311272    0.048417   0.000000  -1.098862   0.000000  -0.324691  -0.102730   0.000000   0.061683
        0.2354 26   0.066559   0.066559   0.356638    0.053843   0.000000  -1.114041   0.000000  -0.303874  -0.109813   0.000000   0.056694
        0.2327 26   0.082221   0.082221   0.307504    0.046824   0.000000  -1.062401   0.000000  -0.310271  -0.112988   0.000000   0.058518
        0.1914 26   0.103727   0.103727   0.375708    0.051112   0.000000  -1.089665   0.000000  -0.331296  -0.120762   0.000000   0.057928
        0.2272 26   0.118528   0.118528   0.376594    0.045702   0.000000  -1.092853   0.000000  -0.300719  -0.107423   0.000000   0.057902
        0.2289 26   0.138611   0.138611   0.328915    0.044590   0.000000  -1.047723   0.000000  -0.290035  -0.107540   0.000000   0.055479
        0.2758 26   0.154169   0.154169   0.320788    0.049625   0.000000  -1.108511   0.000000  -0.281278  -0.105199   0.000000   0.057489
        0.2412 25   0.182165   0.182165   0.330671    0.060154   0.000000  -1.121012   0.000000  -0.298247  -0.098590   0.000000   0.056486
        0.2677 24   0.203049   0.203049   0.365284    0.061949   0.000003  -1.140159   0.000000  -0.264470  -0.113648   0.000000   0.057326
        0.3416 25   0.217491   0.217491   0.345532    0.045522   0.000000  -1.085391   0.000000  -0.299510  -0.107952   0.000000   0.055849
        0.4106 25   0.233246   0.233246   0.339360    0.040701   0.000000  -1.079019   0.000000  -0.301510  -0.103153   0.000000   0.056351
        0.4119 25   0.261158   0.261158   0.334788    0.065880   0.000000  -1.068344   0.000000  -0.312646  -0.102898   0.000000   0.055267
        0.3355 25   0.305038   0.305038   0.352085    0.039214   0.000000  -1.094245   0.000000  -0.316897  -0.110717   0.000000   0.058762
        0.3798 25   0.328428   0.328428   0.340509    0.055412   0.000000  -1.084101   0.000000  -0.321944  -0.101096   0.000000   0.057923
        0.3198 26   0.374027   0.374027   0.354567    0.061939   0.000000  -1.072460   0.000000  -0.327638  -0.098995   0.000000   0.056575
        0.5098 23   0.369197   0.369197   0.380557    0.045099   0.000000  -1.049005   0.000000  -0.260027  -0.088625   0.000000   0.054864
        3.1327 16   0.036265   0.036265   0.402210    0.066363   0.000000  -0.804786   0.000000  -0.196841  -0.070221   0.000000   0.042696
        3.3114 15   0.035492   0.035492   0.314288    0.045358   0.000000  -0.773559   0.000000  -0.172189  -0.064335   0.000000   0.044515
        4.0361 15   0.008761   0.008761   0.307373    0.065750   0.000000  -0.766084   0.000000  -0.162737  -0.061226   0.000000   0.042902
        4.1732 15   0.009727   0.009727   0.321595    0.044353   0.000000  -0.780110   0.000000  -0.178488  -0.067852   0.000000   0.041231
        4.1474 13   0.017243   0.017243   0.312596    0.052682   0.003534  -0.766339   0.000000  -0.166408  -0.061112   0.000000   0.041293
        4.4909 13   0.010254   0.010254   0.337497    0.058652   0.000000  -0.737659   0.000000  -0.165594  -0.054758   0.000000   0.042840
        4.3798 12   0.022036   0.022036   0.361590    0.067152   0.000000  -0.764753   0.000000  -0.155385  -0.055800   0.000000   0.043930
        4.6329 14   0.017889   0.017889   0.328521    0.052675   0.000535  -0.741232   0.000000  -0.147175  -0.054145   0.000000   0.041237
        4.9554 13   0.011510   0.011510   0.335534    0.044444   0.000000  -0.735599   0.000000  -0.139041  -0.042800   0.000000   0.042434
        5.2441 11   0.007489   0.007489   0.317668    0.042665   0.000000  -0.675801   0.000000  -0.126251  -0.057168   0.000000   0.039010
        5.5646 11   0.003650   0.003650   0.339144    0.033733   0.000000  -0.658199   0.002086  -0.148258  -0.060116   0.000000   0.039035
        5.7373 11   0.003527   0.003527   0.350467    0.041173   0.000000  -0.684520   0.000000  -0.136035  -0.048809   0.000000   0.038745
        5.6041 10   0.012169   0.012169   0.338545    0.038793   0.000000  -0.671375   0.000000  -0.127426  -0.046714   0.000000   0.040492
        5.8201 12   0.010388   0.010388   0.346436    0.050261   0.000000  -0.702515   0.000000  -0.126496  -0.047711   0.000000   0.038077
        5.9264 12   0.012582   0.012582   0.400861    0.057020   0.003102  -0.765587   0.000000  -0.125053  -0.036756   0.000000   0.037843
        5.9826 12   0.017145   0.017145   0.391386    0.053240   0.000000  -0.761604   0.000000  -0.136746  -0.040402   0.000000   0.037356
        6.4829 8   0.005515   0.005515   0.314627    0.055805   0.000000  -0.729874   0.000000  -0.085779  -0.034697   0.000000   0.040865
        6.8065 9   0.002266   0.002266   0.319668    0.037343   0.000000  -0.722508   0.000000  -0.114399  -0.035474   0.000000   0.036060
        6.8435 9   0.004848   0.004848   0.304195    0.052271   0.000000  -0.752764   0.000000  -0.095276  -0.032018   0.000000   0.041208
        7.1117 9   0.002742   0.002742   0.350241    0.042974   0.000000  -0.780763   0.000000  -0.111543  -0.043181   0.000000   0.036153
        7.2902 8   0.002535   0.002535   0.356079    0.043027   0.000000  -0.749044   0.000000  -0.096100  -0.028618   0.000000   0.036917
        7.3202 7   0.005412   0.005412   0.341492    0.038531   0.000675  -0.684824   0.000000  -0.090076  -0.031333   0.000000   0.038872
        7.6252 8   0.002507   0.002507   0.339099    0.041557   0.000000  -0.647322   0.000000  -0.100972  -0.022082   0.000000   0.035327
        7.4743 9   0.010815   0.010815   0.355712    0.064334   0.000000  -0.651828   0.000000  -0.105309  -0.039341   0.000000   0.033460
        7.7919 8   0.006140   0.006140   0.309046    0.060965   0.000000  -0.591785   0.000000  -0.095422  -0.025609   0.000000   0.032432
        7.9437 8   0.006540   0.006540   0.303169    0.036712   0.000000  -0.603163   0.000000  -0.084990  -0.030009   0.000000   0.032568
        8.0946 8   0.006980   0.006980   0.329751    0.052635   0.000000  -0.620680   0.000000  -0.096852  -0.033329   0.000000   0.030749
        8.1258 6   0.011354   0.011354   0.302969    0.050063   0.000000  -0.649923   0.000000  -0.073789  -0.031909   0.000000   0.035853
        8.3274 8   0.010121   0.010121   0.401153    0.042934   0.000000  -0.693879   0.000000  -0.095472  -0.036970   0.000000   0.034136
        8.7285 7   0.003695   0.003695   0.321241    0.065679   0.000000  -0.627867   0.000000  -0.077933  -0.031795   0.000000   0.030075
        8.6624 8   0.010063   0.010063   0.366687    0.072940   0.000000  -0.660290   0.000000  -0.107074  -0.037018   0.000000   0.031666
        8.9045 8   0.007656   0.007656   0.357704    0.070862   0.000000  -0.674343   0.000000  -0.082672  -0.030582   0.000000   0.030210
        8.6514 7   0.025213   0.025213   0.347671    0.053459   0.000000  -0.670491   0.000000  -0.084847  -0.029615   0.000000   0.030749
        8.7009 8   0.031930   0.031930   0.360257    0.071730   0.000000  -0.688553   0.000000  -0.104448  -0.033290   0.000000   0.031058
        9.1463 8   0.017250   0.017250   0.324209    0.051145   0.000000  -0.671062   0.000000  -0.091750  -0.027110   0.000000   0.031601
        9.5917 8   0.007055   0.007055   0.366983    0.050969   0.000000  -0.712849   0.000000  -0.088428  -0.031574   0.000000   0.028372
        9.7609 7   0.006982   0.006982   0.359343    0.061360   0.000000  -0.657371   0.000000  -0.071207  -0.032663   0.000000   0.030153
        9.9873 7   0.005388   0.005388   0.327212    0.037148   0.003554  -0.590285   0.000000  -0.075314  -0.024693   0.000000   0.028270
        9.9172 7   0.012908   0.012908   0.392282    0.051949   0.001493  -0.646863   0.000000  -0.071455  -0.024759   0.000000   0.028956
       10.3766 6   0.004083   0.004083   0.371358    0.058225   0.000000  -0.632706   0.000000  -0.070227  -0.026303   0.000000   0.028930
       10.3145 7   0.010555   0.010555   0.364322    0.075172   0.000000  -0.663312   0.000000  -0.077624  -0.024822   0.000000   0.028187
       10.7216 6   0.003833   0.003833   0.363717    0.054407   0.000000  -0.664768   0.000000  -0.067957  -0.024642   0.000000   0.026732
       10.9177 5   0.003236   0.003236   0.276874    0.059401   0.000000  -0.613510   0.000000  -0.054758  -0.026095   0.000000   0.029365
       11.0104 5   0.004825   0.004825   0.345193    0.047447   0.000000  -0.645019   0.000000  -0.052742  -0.018820   0.000000   0.030217
       11.1234 6   0.006173   0.006173   0.352372    0.060416   0.000000  -0.686633   0.000000  -0.060004  -0.022898   0.000000   0.026205
       11.2791 5   0.006469   0.006469   0.320220    0.042234   0.000000  -0.689256   0.000000  -0.051126  -0.021223   0.000000   0.028215
       11.8659 5   0.000082   0.000082   0.333871    0.041721   0.000000  -0.663975   0.000000  -0.055643  -0.021593   0.000000   0.027641
       11.7198 4   0.003867   0.003867   0.310020    0.065409   0.000000  -0.708642   0.000000  -0.040144  -0.021936   0.000000   0.023664
       11.4994 5   0.016362   0.016362   0.312967    0.037886   0.000000  -0.773398   0.000000  -0.048978  -0.022329   0.000000   0.026785
       12.2595 5   0.000735   0.000735   0.322272    0.042687   0.000000  -0.715061   0.000000  -0.057220  -0.023260   0.000000   0.025767
       12.1346 4   0.005873   0.005873   0.334413    0.069044   0.000000  -0.743332   0.000000  -0.047820  -0.020396   0.000000   0.024615
       12.4477 4   0.002678   0.002678   0.337290    0.053701   0.000000  -0.689718   0.000000  -0.039506  -0.016262   0.000000   0.025813
       12.3787 4   0.008424   0.008424   0.357381    0.037250   0.000000  -0.698113   0.000000  -0.048267  -0.022353   0.000000   0.024674
       12.4378 4   0.012111   0.012111   0.331550    0.046223   0.000000  -0.659291   0.000425  -0.045784  -0.016589   0.000000   0.026705
       12.4310 4   0.019462   0.019462   0.345444    0.070277   0.000000  -0.686931   0.000000  -0.050691  -0.018501   0.000000   0.026309
       12.7507 4   0.012884   0.012884   0.315521    0.048064   0.000000  -0.630225   0.000000  -0.044129  -0.015497   0.000000   0.022832
       13.2044 4   0.004191   0.004191   0.276837    0.059645   0.000000  -0.635050   0.000000  -0.034458  -0.013577   0.000000   0.026069
       13.4868 4   0.002033   0.002033   0.367350    0.051572   0.000000  -0.618429   0.000000  -0.047992  -0.014752   0.000000   0.024198
       13.1982 4   0.014983   0.014983   0.309067    0.061042   0.000000  -0.630963   0.000000  -0.030044  -0.015331   0.000000   0.026303
       13.5812 3   0.007338   0.007338   0.322400    0.046011   0.000000  -0.642675   0.000000  -0.040990  -0.018807   0.000000   0.024200
       13.8044 4   0.005783   0.005783   0.351213    0.042787   0.000000  -0.652817   0.000000  -0.041537  -0.011550   0.000000   0.022795
       13.9481 3   0.006391   0.006391   0.350256    0.046465   0.000000  -0.609199   0.000000  -0.025612  -0.007325   0.000000   0.023016
       14.5100 3   0.000164   0.000164   0.336648    0.059517   0.000000  -0.594503   0.000000  -0.031943  -0.013652   0.000000   0.023302
       14.6500 2   0.000300   0.000300   0.353700    0.055319   0.000000  -0.593300   0.000000  -0.022793  -0.010431   0.000000   0.020956
       14.4599 0   0.006071   0.006071   0.327205    0.055866   0.000000  -0.573527   0.000000   0.000000   0.000000   0.000000   0.026594
       15.5740 0   0.006887   0.006887   0.363405    0.040925   0.000000  -0.611409   0.000000   0.000000  -0.000016   0.000000   0.028997
       15.4674 0   0.001338   0.001338   0.365530    0.075637   0.000000  -0.648340   0.000000   0.000000  -0.000001   0.000000   0.030592
       15.2631 0   0.000698   0.000698   0.330182    0.069733   0.001769  -0.664421   0.000000   0.000000   0.000000   0.000000   0.033242
       15.6493 0   0.000118   0.000118   0.352495    0.043958   0.000000  -0.638764   0.000000   0.000000   0.000000   0.000000   0.029840
       15.4557 0   0.002530   0.002530   0.345902    0.049522   0.000000  -0.695568   0.000000   0.000000  -0.000024   0.000000   0.033313
       15.9609 0   0.000052   0.000052   0.318691    0.043031   0.000000  -0.688787   0.000000   0.000000   0.000000   0.000000   0.028387
       16.0941 0   0.000002   0.000002   0.344297    0.050836   0.000000  -0.699846   0.000000   0.000000  -0.000505   0.000000   0.029743
       16.0188 0   0.001566   0.001566   0.323783    0.039383   0.000000  -0.720958   0.000000   0.000000  -0.000574   0.000000   0.031362
       16.2740 0   0.000602   0.000602   0.341279    0.039500   0.000000  -0.745675   0.000000   0.000000  -0.000000   0.000000   0.035546
       16.9173 0   0.003184   0.003184   0.254527    0.069678   0.000000  -0.674366   0.000000  -0.015344  -0.003718   0.000000   0.029851
       16.7284 0   0.000016   0.000016   0.318268    0.034641   0.000000  -0.743761   0.000000   0.000000  -0.000000   0.000000   0.029493
       16.6252 0   0.002479   0.002479   0.326713    0.045765   0.000000  -0.782265   0.000000   0.000000   0.000000   0.000000   0.030917
       17.1811 0   0.000267   0.000267   0.371496    0.046089   0.000000  -0.789233   0.000000   0.000000   0.000000   0.000000   0.031076
