t = 1000000
b = 105 105 105
E = -0.340572333565769 -0.712068311665101 0.371495978099332
11.3679064350639 -10.909471457182 33.7463946560066 0.317972102672961 0.386946426906304 0.86554387793235 0.545603354396278 -0.821291221580827 0.166726449688521 -0.579587042505981 -0.253991533313782 -0.0913668782403103 -0.111089171610994 0.011933491557466 -0.0329475338997488
11.8270354572921 -11.050287093655 33.8188927611446 -0.559527730079037 -0.221922266552556 0.79854819947258 0.465430515674575 -0.881353270622921 0.081184034398288 0.306086326319135 -0.563141600136978 0.489767346728515 -0.0323178950748232 0.130744815217902 -0.423411842698099
12.0151604103186 -11.6276744435189 34.3342680275053 -0.551141922595496 -0.0880891955293774 0.829748681703573 0.0664485880079016 -0.995887165226529 -0.0615900908326525 -0.0949887747145284 0.278889288617889 0.0551703622466714 -0.155320929256045 -0.0969169812050086 0.0858415659160105
12.7017479522934 -11.1893304271146 33.1065064324527 0.371885281154968 -0.513630885438 -0.77323001182333 -0.889314935356321 0.0416652219186762 -0.455393187295045 -0.0964361525092725 0.00405924225477849 -0.275633980247245 0.587367245853852 -0.228088570179331 -0.289247445725817
12.6972583987145 -11.0094481214957 32.75582902357 -0.34380709007282 -0.886182705341651 -0.310607304436145 -0.760924243425749 0.456739569855093 -0.460850584349851 0.512949055918124 -0.101522940008517 -0.303068463209635 -0.637960430675035 0.598113685632448 -0.579531194520899
12.5380752447185 -10.9384528901262 32.3163221138996 -0.713798067346566 -0.536834995442353 0.449778286182021 -0.700347901595307 0.549217285790551 -0.455931123877349 -0.789228967171989 -0.571592962205235 -0.119408276522498 -0.191436164862124 0.311636634150711 -0.144532365726858
13.2215325220033 -10.0260332224845 31.8551270369911 -0.68418568494901 0.608594716918274 -0.401873635674263 0.653324556982329 0.756352418294912 0.0331367255964017 0.103498894393358 0.275912220973897 0.423264226214678 -0.377866810046463 0.332604308704283 0.536637079547734
14.0230753092506 -11.0449154148741 31.7102498848605 0.35243131754198 -0.348249343323555 -0.868627976345708 0.742193608777862 0.669384173324133 0.0327639373776383 0.282632563615084 -0.117432322515876 -0.385108934482635 0.212513454046503 0.16419778226176 0.0679146941528639
14.5832006460234 -10.9478311195006 31.7508652395715 0.0753848508032369 0.269644654002419 -0.960004627508279 0.911089105522914 0.372647110914643 0.176212293908376 -0.135932012263135 0.0972406101439667 -0.0932624490080852 -0.262287275586913 -0.0361401960715929 -0.0711441725308343
15.0397117086241 -11.0019899444074 31.6254041564481 -0.205957931328714 0.866043657445647 -0.455576243806488 0.904743828095781 0.345914404071139 0.248559511140752 0.63878516616597 0.239320233103983 0.283633317615966 0.302487262181005 -0.053233207382384 0.27283249452558
15.5188134208324 -10.7338035394623 31.4817358575705 -0.491923882360755 0.788424063209579 0.369321527283813 0.8705663006326 0.439982926462426 0.220293759840093 -0.217382406112441 0.261678784842004 0.0980648611778266 -0.35487259435961 0.384573035566919 -0.684269790108348
15.7389506745046 -10.3452177955152 31.546070866866 -0.235010163335394 -0.160337978885368 0.958677190537064 0.867784532681432 0.409693371024472 0.281249616137414 0.325316956844094 -0.401263389084807 0.118763820748691 0.255669665170025 0.812984080157355 -0.188705291456481
16.4070905841568 -10.801120994299 30.5014245639084 -0.771976672768465 -0.635215071166616 0.0235335943730477 -0.381102237336706 0.432887737100655 -0.816926735861058 0.462186612274084 0.0422052093488401 0.660218862838897 -0.107808970458773 0.137995248440045 0.410888684490671
16.1522565224689 -10.8843538304768 29.9918293745923 -0.846457289074765 -0.144365281925984 0.512512168779049 -0.529391373354836 0.331312829433846 -0.781009976165356 0.158617055430641 -0.519560155018279 0.241371221637619 -0.11407308625191 -0.292990457300849 0.342276992629955
15.8162803500323 -10.9867046897712 29.588248118348 -0.543302560571527 0.456932296927506 0.704297666971039 -0.583632129856563 0.397470315858345 -0.708089602388366 0.00654757661679211 -0.679069492294343 -0.280085512696942 -0.00334046917019061 -0.247131394341015 0.0358166413977277
15.47740484276 -11.0320150395074 29.4141425615482 -0.0192560115582233 0.907838859278456 0.418876845388793 -0.484277811548364 0.358059496187382 -0.798290923430744 -0.0922513614260088 -0.135857752863023 -0.505616628097105 0.678759648200264 0.162538690844674 -0.0313212859815989
15.0537958194096 -10.7624893975997 29.4136419389519 0.638860561788372 0.611858252585926 -0.466354651884015 -0.615382784741896 0.0426373110348022 -0.787074385271917 0.413789942739491 -0.0756817978387833 0.114073877230656 -0.0486465589590056 0.177105725795572 -0.555376993012706
14.7329657708698 -10.5243497294735 29.2531806877759 0.632873341292614 -0.146754692833941 -0.760219964228987 -0.767110962769593 0.0142280924104453 -0.641356634163177 0.519203488541529 0.00143715927780362 -0.0561808395763093 -0.0910564995263514 0.556372516344037 -0.193186786212592
14.6386872314884 -10.3102397023836 28.7585362233486 0.286267151074419 -0.820836992634578 -0.494244625401674 -0.707284223094005 0.166952006690171 -0.686932351272226 0.477108421821338 -0.705440783386706 -0.0531247082402902 -0.271691683361797 -0.463453351219635 -0.0415766777483056
14.5507017919753 -10.314830969326 28.1986806128299 -0.260927414720812 -0.940717828731197 0.216718367828652 -0.762961167684336 0.0634163346912072 -0.643326219813958 -0.288474911121968 -0.0833306163961199 -0.22138854637559 0.604142950831199 -0.0686321811357072 0.170532658906797
14.2644462694193 -10.3470972569496 27.7195743923928 -0.358663567534147 -0.552883338394761 0.752117317610123 -0.880987011850646 -0.0658628599376741 -0.468533850037949 0.47065514056853 0.0540513676153553 0.241068515977877 -0.260243851552376 0.189288822101212 0.718363172041432
14.166481626659 -10.1029779818216 26.980475028483 -0.541344102904931 0.792034033859843 0.282185491224609 0.272467955471907 0.482756112064253 -0.832290664074432 0.23741818169555 -0.446266280874713 0.116857020880543 -0.688642712364749 -0.528550729104267 0.0831149049526297
13.8937797094094 -9.56992091988672 26.7283667076856 -0.499249311475436 0.765861483989056 -0.405223780562628 -0.81854736982233 -0.570246882859774 -0.069272620462457 -0.146392254726171 0.0864023971991818 -0.800732091411422 -0.504144165210875 0.459865843099323 -0.085151734073661
13.5890497098846 -9.53059658114672 25.7456212226663 0.481338938379948 0.876343358885319 0.0183069313947241 0.242715646133048 -0.113186547467369 -0.963471805812012 -0.424933935113563 0.239757222954617 -0.0634997351485354 0.297444666885736 0.482334559119215 0.104860292843616
13.5818602820685 -9.44362718550632 25.2188817946464 0.933313910571004 0.16638373108456 0.318184849364251 0.330786032168066 -0.0537408213364825 -0.94217436021401 0.712955744955133 -0.34017371242236 -0.26536691525016 -0.663639138644652 -0.126573242652026 -0.0293730986865549
13.8084374418262 -9.16462382404717 24.9046756071161 0.683052823715118 -0.710824289792882 0.167832264643263 0.212661370331271 -0.0262723500808868 -0.976772698835303 0.535511999977348 -0.0116661381828787 0.316444382470529 -0.195735374247501 0.469626770414098 0.23236564935159
-1.3222762794155 -9.81245080600888 23.2365312195162 0.936665968450741 -0.28949599215228 -0.197101329457396 0.340070088544968 0.886336636379866 0.314260563685459 -0.747973241888508 0.368040464798777 0.47318525805358 0.330970105713328 0.0611138651995703 -0.316638647821906
-1.11764449811365 -9.75084502018022 23.5149063847618 0.256838283666358 0.575521348146299 -0.776407930067158 0.128043999553005 0.776011427891078 0.617584810338438 -0.283205640123985 0.315424620196707 0.0282839358867332 0.0585282887673775 -0.420363588665668 -0.142096991355367
-0.785491401359688 -9.41904410713963 23.6825640798656 -0.583922348561661 0.557481866942942 -0.590125968654163 0.15499035654034 0.790111851873713 0.593044054778533 0.36593422712284 -0.531197925833126 0.068987263077505 0.0401055612562675 0.346214283753633 -0.411340906149155
-0.501401917845617 -8.96209283786756 23.8075752263379 -0.978086740989048 0.189343208282011 -0.0865764204556709 0.0601827826584495 0.655211598135696 0.753044350845307 -0.584230035211955 -0.125855575807493 -0.0652189960604326 -0.150318273527745 -0.503882482537098 0.448576429674632
-0.555362965214771 -8.54443624755005 23.9556882080305 -0.710831693797785 -0.552749784315825 0.434955145999364 0.00203955387507328 0.616771867600237 0.787139316485234 0.470656717528429 0.0794995643511216 0.132447551196277 0.175045641019102 -0.277254484898044 0.0167864081633723
-0.7851631622332 -8.23051266441957 24.2424184570836 0.0801887947373904 -0.838706554278674 0.538647447787986 0.0901094201071835 0.544274556967945 0.834053654776002 -0.0949819461160061 -0.235855873646872 0.0341038296977549 -0.202030725576705 -0.38512864888438 0.0186501935645926
-0.0699447816384442 -7.1103538230315 23.9787398531118 0.305837470154015 0.342678259276715 0.888276450475318 0.810588375215544 0.395670655626851 -0.431730492600685 0.270303990736712 -0.137301535226041 0.754678745950582 0.150945212003513 -0.554184590628861 0.415174653485925
0.309480506814691 -6.69113155113539 23.8911693100248 0.415806707483757 -0.366773983010614 0.832214892559647 0.881419314278929 0.387970514921615 -0.269404662111776 0.224406481462633 0.181700576436426 -0.151482537841204 0.548322191292293 0.156968993677646 -0.292747436396937
0.775841495642783 -6.43645370473141 23.7194343381427 0.0741190559874124 -0.495451223161466 0.865467764279715 0.965565304478912 0.252675659265487 0.0619568721068922 0.316773163487933 -0.781520620986906 -0.579235953931023 0.671608895786001 0.549952143255385 -0.541059992863152
0.630812552618948 -6.19196867887153 23.390208052287 0.120447381940667 0.238733456606805 -0.963586407583705 0.888019561520736 -0.459796432435149 -0.00291531753808905 0.246857707143185 -0.453606162144523 0.23598876330644 0.388485267045594 0.244571528152753 0.188308802409397
0.0318709013168488 -5.99061599817813 23.7704879031955 0.349878290482592 0.586397676416519 0.730563444844064 -0.413340081988338 0.796470617286994 -0.441344006893048 0.0535933471047096 -0.571514645932786 0.254156612142358 0.24143960660295 -0.0133906474512209 0.315738777543545
-0.170395208305397 -5.61289918324819 23.7305630120056 0.931742936371666 0.333051919605084 0.144677293894663 -0.229969878473618 0.849571520100517 -0.474702103670367 0.0701977656515326 -0.190894119769952 0.19733252346112 0.371025576665196 0.119525598656452 0.166135786291525
-0.365710692341538 -5.15174306525956 23.8087957615676 0.948329789187952 -0.0467094090572125 -0.313829319924556 -0.113007131485306 0.87451693772908 -0.471645538363683 0.330703076493045 -0.441696573706678 0.27742724476715 0.327703250761956 -0.0864567335723034 -0.301487493856818
-0.531635722650958 -5.20272876078253 22.7999233438787 -0.819083480111622 0.322831090435168 -0.474217607914992 0.57058036380864 0.372710640644581 -0.731795618179226 0.123816029653668 0.447850551442195 -0.320341632071369 0.781398152050343 -0.559578689710845 0.205456779369328
-0.475274359202316 -5.37350022983018 22.2941791090648 -0.379661776435513 0.923942385899237 -0.0467696809118315 0.61456713934582 0.214101608296151 -0.759254721790634 0.211589441592895 -0.527023842154868 -0.612359211954589 0.242373677390211 0.555381656379901 0.428294894430724
-0.4443061237852 -5.2064180119341 21.867642642735 0.246331362984655 0.859086947091759 0.448654072695936 0.548486950232309 0.258087278237988 -0.795332020125271 -0.325937983108824 -0.32940282936862 0.426434028287645 -0.224318619918098 0.30746920481328 -0.21833515646025
-0.374098810055672 -4.80178141552517 21.5603207061526 0.803824719003998 -0.00539434215385239 0.594841762312399 0.590306062446717 0.130812015008095 -0.79650923997668 0.263888498883281 -0.0822184525948785 -0.779767275054084 -0.200628911790227 -0.492817575821047 0.254523563481102
0.401398240770051 -4.73457281638982 21.2948027838793 0.69238745248566 -0.705056792065717 -0.153279273231999 0.421041524376248 0.567332487476128 -0.707713136380137 0.0275709629633111 -0.158273010523198 0.0817575406788822 0.0380172607534029 0.222077649974109 -0.116777491699134
-0.872441520023894 -3.80118529479765 20.8609285899736 -0.574938492048956 0.504827211243254 -0.643890687266942 -0.807909243323384 -0.474677747339394 0.349233003500278 -0.00054648088672999 0.27129284007287 -0.164022337120981 0.229614284232344 -0.365948940860423 0.566801677393628
-0.118635736332205 -3.50968802629409 20.2550400931978 0.177580716630149 -0.0704517965476262 -0.981581190449585 -0.315293369509586 0.94078363087388 -0.124564244561347 0.899154923575161 0.426000703982887 0.123778703864085 0.365404145221778 0.312717963557586 0.110089259008528
0.00924251026644415 -3.09694500578437 20.0986750079917 -0.744628870047813 -0.193661260911967 -0.638766907340396 -0.231110868704312 0.972594280337427 -0.0254584410680731 -0.587066346706531 -0.219779355820432 0.166248389911315 0.205050783749182 0.132282585328599 0.0754993857820905
-0.0183911207171144 -2.77728618251503 19.742662611421 -0.985200785160369 -0.016292086799824 0.17062819470167 -0.0234940499750403 0.998912400095775 -0.0402746390551865 0.107558333030141 0.486711696250473 0.275236647165388 -0.126706515693477 0.0487585291738331 0.165200698161294
-0.178671622493352 -2.33956264864841 19.5320150393349 -0.510694107291276 -0.244234714209081 0.824342727967649 0.0429003405436911 0.950369611357932 0.308151200855257 0.117418404635799 -0.115743640450743 0.477830424269169 0.0645366904140078 -0.282889364404655 -0.341729007919989
-0.405991312212484 -1.87319037351526 19.6243768254235 0.209360149666648 -0.421784947675416 0.882193734757921 0.226510329222773 0.89856745842935 0.375858475236508 0.0137733052137561 0.185212233792108 0.14618034850673 -0.551686942327469 -0.342609258310851 -0.689810422593765
-0.38590957359085 -1.46825458054732 19.8973937497283 0.240114068441871 -0.603267745230858 0.760534852390328 0.0570937449472424 0.79087506436263 0.609308572775094 -0.0113131613241259 -0.40718763616863 0.297939392418666 0.051522054499805 0.539015792207754 -0.32571315776358
-0.581261841669049 -1.21540840417561 20.3003489387526 0.674573560330411 -0.520513703216691 0.52346537274864 -0.073291701117882 0.65837602196811 0.749112368236398 -0.372646954039495 0.103042347551664 0.134001752650904 -0.700542050523542 -0.179213199877592 0.281523119583338
