        7.4895 9   0.004980   0.004980   0.320644    0.059117   0.002108  -0.665631   0.000000  -0.122398  -0.039150   0.000000   0.034072
        7.3735 9   0.008149   0.008149   0.366145    0.051344   0.000000  -0.663411   0.000000  -0.109783  -0.037787   0.000000   0.035239
        7.3799 8   0.007955   0.007955   0.312799    0.040664   0.000000  -0.687013   0.000000  -0.106004  -0.035544   0.000000   0.034195
        7.5275 8   0.004110   0.004110   0.303913    0.040565   0.000000  -0.672638   0.000000  -0.102244  -0.034320   0.000000   0.035152
        7.3985 9   0.007399   0.007399   0.367477    0.038032   0.000000  -0.751565   0.000000  -0.115061  -0.040978   0.000000   0.035527
        7.5242 8   0.004182   0.004182   0.322915    0.060410   0.000000  -0.704284   0.004341  -0.106038  -0.038755   0.000000   0.036889
        7.7915 8   0.000371   0.000371   0.355293    0.041693   0.000000  -0.751338   0.000000  -0.108647  -0.041545   0.000000   0.032361
        7.7945 8   0.000352   0.000352   0.322426    0.060231   0.000000  -0.756509   0.000000  -0.090180  -0.031119   0.000000   0.031391
        7.5396 8   0.003852   0.003852   0.337765    0.042306   0.000000  -0.734583   0.000000  -0.090052  -0.029180   0.000000   0.030733
        7.6136 7   0.002450   0.002450   0.313382    0.028825   0.000000  -0.705932   0.000000  -0.094657  -0.039418   0.000000   0.032443
        7.5537 8   0.003560   0.003560   0.307894    0.056491   0.000000  -0.741499   0.000000  -0.101972  -0.034985   0.000000   0.036287
        7.5229 8   0.004213   0.004213   0.321010    0.043718   0.000000  -0.754940   0.000000  -0.099391  -0.031938   0.000000   0.033680
        7.3927 8   0.007571   0.007571   0.304869    0.030546   0.000000  -0.779438   0.000000  -0.101332  -0.032403   0.000000   0.035068
        7.2994 8   0.010580   0.010580   0.232339    0.043776   0.000000  -0.664045   0.000000  -0.102991  -0.036613   0.000000   0.039984
        7.3068 6   0.010321   0.010321   0.311368    0.074068   0.000000  -0.777565   0.000000  -0.074693  -0.031559   0.000000   0.036623
        7.6979 8   0.001237   0.001237   0.359013    0.036616   0.000000  -0.730356   0.000000  -0.107858  -0.042118   0.000000   0.033713
        7.6180 8   0.002377   0.002377   0.326986    0.048619   0.000000  -0.732748   0.000000  -0.106113  -0.033846   0.000000   0.036266
        7.5329 9   0.003995   0.003995   0.385294    0.045435   0.000000  -0.772757   0.000000  -0.092439  -0.030214   0.000000   0.034439
        7.7913 9   0.000373   0.000373   0.344522    0.041615   0.000000  -0.782199   0.000000  -0.112595  -0.041921   0.000000   0.030465
        7.8127 9   0.000246   0.000246   0.258231    0.059344   0.000510  -0.778371   0.000000  -0.110839  -0.033632   0.000000   0.034647
        7.3983 9   0.007406   0.007406   0.333007    0.041588   0.000000  -0.772585   0.000000  -0.113301  -0.039503   0.000000   0.037141
        8.0733 8   0.000817   0.000817   0.357981    0.071008   0.000000  -0.822766   0.000000  -0.099490  -0.043957   0.000000   0.035287
        7.6477 9   0.001909   0.001909   0.282232    0.052715   0.000000  -0.713935   0.000000  -0.100599  -0.033836   0.000000   0.034389
        7.9564 9   0.000076   0.000076   0.286015    0.051459   0.000630  -0.667227   0.000000  -0.111714  -0.037515   0.000000   0.034868
        7.5924 8   0.002819   0.002819   0.268827    0.041777   0.000000  -0.640124   0.000000  -0.113622  -0.040702   0.000000   0.036473
        7.7401 9   0.000785   0.000785   0.326932    0.035331   0.000000  -0.674827   0.000000  -0.109554  -0.028202   0.000000   0.034433
        7.6796 9   0.001465   0.001465   0.341500    0.044477   0.000000  -0.655726   0.000000  -0.106435  -0.039460   0.000000   0.036051
        7.4361 9   0.006343   0.006343   0.360574    0.050078   0.000000  -0.644171   0.000000  -0.113992  -0.032696   0.000000   0.037180
        7.7587 9   0.000617   0.000617   0.403203    0.051542   0.000000  -0.718435   0.000000  -0.088641  -0.031119   0.000000   0.034496
        7.9110 8   0.000001   0.000001   0.389275    0.080390   0.000000  -0.668702   0.001154  -0.091681  -0.038072   0.000000   0.033679
        7.7817 7   0.000439   0.000439   0.376785    0.065749   0.000000  -0.673754   0.000000  -0.087513  -0.031213   0.000000   0.033167
        7.9225 8   0.000009   0.000009   0.317235    0.047668   0.000000  -0.637356   0.000000  -0.096644  -0.037523   0.000000   0.034415
        7.5546 8   0.003541   0.003541   0.323349    0.047503   0.000000  -0.661025   0.000000  -0.094198  -0.028228   0.000000   0.036182
        7.7790 9   0.000458   0.000458   0.297389    0.047202   0.000000  -0.654659   0.000000  -0.104714  -0.026429   0.000000   0.033703
        7.7621 9   0.000589   0.000589   0.296364    0.063185   0.000000  -0.650829   0.004451  -0.111748  -0.036884   0.000000   0.035351
        7.8062 8   0.000281   0.000281   0.316237    0.053941   0.000024  -0.651177   0.000000  -0.095922  -0.036385   0.000000   0.033766
        7.5853 9   0.002949   0.002949   0.352021    0.045769   0.000000  -0.620807   0.000000  -0.108185  -0.034768   0.000000   0.035764
        7.6981 9   0.001235   0.001235   0.356448    0.057473   0.000000  -0.633729   0.000000  -0.099052  -0.031944   0.000000   0.034717
        7.5496 7   0.003643   0.003643   0.337707    0.049556   0.000000  -0.639595   0.002689  -0.083284  -0.037394   0.000000   0.038794
        7.8230 8   0.000194   0.000194   0.361626    0.056734   0.000000  -0.680916   0.000000  -0.109253  -0.033450   0.000000   0.034827
        7.5636 8   0.003362   0.003362   0.356682    0.035260   0.000000  -0.702111   0.000000  -0.078291  -0.023438   0.000000   0.035175
        7.5878 9   0.002902   0.002902   0.364520    0.055426   0.000000  -0.707899   0.000000  -0.103203  -0.038645   0.000000   0.036992
        7.5109 9   0.004480   0.004480   0.357650    0.056952   0.000129  -0.698284   0.000000  -0.101194  -0.034516   0.000000   0.036299
        7.2501 9   0.012370   0.012370   0.345598    0.057244   0.000000  -0.726645   0.000000  -0.105399  -0.035975   0.000000   0.036235
        7.7402 9   0.000784   0.000784   0.418187    0.039523   0.000000  -0.785920   0.000000  -0.092742  -0.030540   0.000000   0.033937
        7.6935 9   0.001290   0.001290   0.291525    0.044612   0.000000  -0.695595   0.000000  -0.090639  -0.039462   0.000000   0.032704
        7.5532 9   0.003569   0.003569   0.345997    0.044971   0.000000  -0.698500   0.000000  -0.111176  -0.043071   0.000000   0.031623
        7.4976 8   0.004787   0.004787   0.300529    0.039217   0.000000  -0.706515   0.000000  -0.081343  -0.032908   0.000000   0.034800
        7.6627 9   0.001693   0.001693   0.357095    0.057584   0.000035  -0.706881   0.000000  -0.110781  -0.037921   0.000000   0.034314
        7.3579 9   0.008635   0.008635   0.295033    0.062871   0.000450  -0.696169   0.000000  -0.112842  -0.036938   0.000000   0.037405
        7.2568 9   0.012119   0.012119   0.346577    0.042827   0.000000  -0.719444   0.000000  -0.098775  -0.036072   0.000000   0.035236
        7.6343 9   0.002113   0.002113   0.292424    0.057103   0.003391  -0.726322   0.000000  -0.102371  -0.027772   0.000000   0.034917
        7.5526 9   0.003582   0.003582   0.354586    0.043143   0.000000  -0.767565   0.000000  -0.099939  -0.033316   0.000000   0.035582
        8.1842 8   0.002248   0.002248   0.373580    0.046768   0.000000  -0.793895   0.000000  -0.087438  -0.033667   0.000000   0.031967
        7.5447 8   0.003745   0.003745   0.361968    0.042345   0.000000  -0.734502   0.000000  -0.108116  -0.038487   0.000000   0.035497
        7.8513 9   0.000083   0.000083   0.386134    0.041692   0.000000  -0.755237   0.000000  -0.107880  -0.037434   0.000000   0.034496
        7.4582 7   0.005760   0.005760   0.368388    0.060772   0.000000  -0.795461   0.000000  -0.082309  -0.036744   0.000000   0.036202
        7.2831 9   0.011157   0.011157   0.384232    0.059332   0.000000  -0.838087   0.000000  -0.099881  -0.036358   0.000000   0.036103
        7.7696 8   0.000529   0.000529   0.350126    0.038683   0.000000  -0.828114   0.000000  -0.082285  -0.037114   0.000000   0.037121
        7.7150 8   0.001041   0.001041   0.296860    0.076712   0.000000  -0.860466   0.000000  -0.091178  -0.027294   0.000000   0.038094
        7.2793 8   0.011292   0.011292   0.302572    0.059367   0.000000  -0.865948   0.000000  -0.092389  -0.032210   0.000000   0.036226
        7.5923 8   0.002820   0.002820   0.323158    0.055871   0.000000  -0.842500   0.000000  -0.110026  -0.034325   0.000000   0.033493
        7.3832 8   0.007854   0.007854   0.324571    0.052305   0.000000  -0.870336   0.000000  -0.090656  -0.037851   0.000000   0.038089
        7.8814 8   0.000016   0.000016   0.316636    0.069491   0.000000  -0.819729   0.000000  -0.098282  -0.039417   0.000000   0.031720
        7.6082 9   0.002540   0.002540   0.305614    0.042894   0.000000  -0.836118   0.000000  -0.094914  -0.030143   0.000000   0.035000
        8.0446 8   0.000562   0.000562   0.347107    0.048775   0.000000  -0.856167   0.000000  -0.098993  -0.031067   0.000000   0.034259
        7.3333 9   0.009428   0.009428   0.339134    0.040978   0.000000  -0.811892   0.000000  -0.111721  -0.035158   0.000000   0.031456
        7.6125 9   0.002468   0.002468   0.313323    0.057415   0.000000  -0.855988   0.000000  -0.086226  -0.025546   0.000000   0.032670
        7.5481 8   0.003674   0.003674   0.329926    0.043938   0.000000  -0.845114   0.000000  -0.086557  -0.038094   0.000000   0.031673
        7.5654 8   0.003326   0.003326   0.327223    0.037204   0.000000  -0.841491   0.000000  -0.085340  -0.030466   0.000000   0.035289
        7.7186 9   0.001002   0.001002   0.328236    0.036055   0.000000  -0.811659   0.000000  -0.097936  -0.033228   0.000000   0.032107
        7.7649 9   0.000566   0.000566   0.323985    0.056820   0.000000  -0.854215   0.000000  -0.110078  -0.038445   0.000000   0.036156
        7.5362 9   0.003923   0.003923   0.334579    0.040869   0.000000  -0.860325   0.000000  -0.112728  -0.032465   0.000000   0.033626
        7.7377 8   0.000807   0.000807   0.330003    0.044544   0.000000  -0.825952   0.000000  -0.114174  -0.041918   0.000000   0.036818
        7.8791 9   0.000019   0.000019   0.332783    0.055508   0.000000  -0.836234   0.000000  -0.109951  -0.033783   0.000000   0.032626
        7.4026 8   0.007280   0.007280   0.306301    0.049103   0.000000  -0.806072   0.000000  -0.099642  -0.038986   0.000000   0.034679
        7.3447 9   0.009056   0.009056   0.358450    0.052094   0.000111  -0.798759   0.000000  -0.119108  -0.034640   0.000000   0.035426
        7.5929 9   0.002810   0.002810   0.311164    0.065697   0.000000  -0.764078   0.000000  -0.114050  -0.036181   0.000000   0.035995
        7.5773 9   0.003097   0.003097   0.347658    0.058648   0.000000  -0.773978   0.000000  -0.098621  -0.033242   0.000000   0.035222
        7.7740 9   0.000495   0.000495   0.318978    0.055684   0.000000  -0.719147   0.000000  -0.121658  -0.034713   0.000000   0.032597
        7.4213 9   0.006750   0.006750   0.313052    0.048626   0.000000  -0.700878   0.000000  -0.100106  -0.035015   0.000000   0.035025
        7.6063 9   0.002574   0.002574   0.341030    0.081573   0.000000  -0.800457   0.000000  -0.098773  -0.036185   0.000000   0.032836
        7.8221 9   0.000198   0.000198   0.336033    0.053431   0.000000  -0.773464   0.000000  -0.107685  -0.040687   0.000000   0.032059
        7.5446 9   0.003748   0.003748   0.319982    0.059578   0.000000  -0.846632   0.000000  -0.090978  -0.026803   0.000000   0.035648
        7.4936 9   0.004882   0.004882   0.316420    0.035242   0.000000  -0.797107   0.000000  -0.099169  -0.035056   0.000000   0.031375
        7.7351 9   0.000833   0.000833   0.377721    0.037632   0.000000  -0.845192   0.000000  -0.111798  -0.038509   0.000000   0.032553
        7.3482 8   0.008944   0.008944   0.360736    0.040038   0.000000  -0.846925   0.000000  -0.092848  -0.037863   0.000000   0.037985
        7.5582 8   0.003469   0.003469   0.326487    0.047530   0.000000  -0.827886   0.000000  -0.102680  -0.036037   0.000000   0.034153
        7.4478 9   0.006029   0.006029   0.367004    0.073109   0.000000  -0.812736   0.000000  -0.126938  -0.042753   0.000000   0.035334
        7.1130 9   0.018093   0.018093   0.309671    0.058956   0.000000  -0.794951   0.000000  -0.118322  -0.044228   0.000000   0.037888
        7.4559 8   0.005817   0.005817   0.323939    0.047575   0.000000  -0.826561   0.000000  -0.097575  -0.041411   0.000000   0.035140
        7.8218 8   0.000200   0.000200   0.313011    0.054757   0.000000  -0.812944   0.000000  -0.099931  -0.039810   0.000000   0.032363
        7.8470 8   0.000097   0.000097   0.327230    0.065975   0.000000  -0.816578   0.000000  -0.099926  -0.041667   0.000000   0.031953
        7.7040 9   0.001165   0.001165   0.335940    0.071561   0.000000  -0.815741   0.000303  -0.108901  -0.039730   0.000000   0.032816
        7.5585 9   0.003463   0.003463   0.327854    0.063679   0.000000  -0.842532   0.001954  -0.114707  -0.038344   0.000000   0.031810
        7.5157 8   0.004372   0.004372   0.315187    0.054582   0.000000  -0.831662   0.000000  -0.108194  -0.044535   0.000000   0.032375
        7.5520 8   0.003594   0.003594   0.305433    0.051857   0.000000  -0.808987   0.002424  -0.109353  -0.042838   0.000000   0.036375
        7.5573 9   0.003488   0.003488   0.327330    0.043063   0.000000  -0.872314   0.000000  -0.113303  -0.039122   0.000000   0.033825
        7.4352 8   0.006366   0.006366   0.283730    0.060361   0.000000  -0.834122   0.000000  -0.113038  -0.045438   0.000000   0.032440
        7.5917 9   0.002832   0.002832   0.343416    0.050815   0.000000  -0.835784   0.000000  -0.109403  -0.041086   0.000000   0.034395
        7.9068 8   0.000000   0.000000   0.307205    0.037847   0.000000  -0.734877   0.000000  -0.091671  -0.032862   0.000000   0.032572
        7.7473 7   0.000717   0.000717   0.284901    0.045715   0.000000  -0.724994   0.000000  -0.098451  -0.034320   0.000000   0.036544
        7.7987 9   0.000326   0.000326   0.312110    0.055242   0.000000  -0.731732   0.000000  -0.098467  -0.035578   0.000000   0.034505
        7.5947 9   0.002777   0.002777   0.328407    0.059684   0.000000  -0.789830   0.000000  -0.106081  -0.034952   0.000000   0.034777
        7.6392 9   0.002038   0.002038   0.349418    0.032698   0.000000  -0.757188   0.000000  -0.121231  -0.035567   0.000000   0.033893
        7.6190 9   0.002359   0.002359   0.276548    0.055262   0.000000  -0.762802   0.000428  -0.104291  -0.035218   0.000000   0.035041
        7.6054 7   0.002589   0.002589   0.300659    0.062534   0.000000  -0.745940   0.000000  -0.077747  -0.028404   0.000000   0.036125
        7.7723 9   0.000508   0.000508   0.413041    0.059219   0.000000  -0.796248   0.000000  -0.120213  -0.038414   0.000000   0.033269
        7.6880 8   0.001358   0.001358   0.342733    0.050185   0.000000  -0.755740   0.000000  -0.080946  -0.030110   0.000000   0.033278
        7.2761 7   0.011410   0.011410   0.336627    0.041712   0.000000  -0.751090   0.000000  -0.080479  -0.033089   0.000000   0.034433
        7.6149 8   0.002427   0.002427   0.335461    0.075511   0.000000  -0.829907   0.000000  -0.100425  -0.035637   0.000000   0.033901
        7.8771 7   0.000023   0.000023   0.292727    0.064719   0.000000  -0.785098   0.000000  -0.083532  -0.032590   0.000000   0.036088
        7.6960 8   0.001260   0.001260   0.305712    0.057238   0.000000  -0.793477   0.000000  -0.080146  -0.031566   0.000000   0.032617
        7.7347 8   0.000836   0.000836   0.345003    0.059318   0.000000  -0.835520   0.000000  -0.095037  -0.030168   0.000000   0.036020
        7.7439 8   0.000749   0.000749   0.332163    0.042678   0.000000  -0.836531   0.003654  -0.088030  -0.032458   0.000000   0.035758
        7.7550 8   0.000649   0.000649   0.311054    0.056705   0.000000  -0.807319   0.000000  -0.074969  -0.026178   0.000000   0.039197
        7.7431 7   0.000756   0.000756   0.345401    0.053891   0.000000  -0.833892   0.000000  -0.090298  -0.031412   0.000000   0.036138
        7.5375 8   0.003895   0.003895   0.326454    0.060224   0.000000  -0.856596   0.000000  -0.089310  -0.034856   0.000000   0.034443
        7.5821 8   0.003008   0.003008   0.278689    0.042007   0.000000  -0.823686   0.000051  -0.100038  -0.037401   0.000000   0.037036
        7.5893 8   0.002874   0.002874   0.329198    0.059865   0.000000  -0.850144   0.000000  -0.096832  -0.033769   0.000000   0.030982
        7.6427 8   0.001984   0.001984   0.299985    0.044419   0.000000  -0.783928   0.000000  -0.104414  -0.037544   0.000000   0.036745
        7.5486 7   0.003664   0.003664   0.327138    0.052763   0.000000  -0.818159   0.000000  -0.095868  -0.036261   0.000000   0.033576
        7.7797 8   0.000453   0.000453   0.347618    0.041587   0.000000  -0.794557   0.000000  -0.105028  -0.034037   0.000000   0.033298
        7.8096 7   0.000263   0.000263   0.353793    0.056758   0.000000  -0.769017   0.000000  -0.093837  -0.033871   0.000000   0.034106
        7.7284 8   0.000900   0.000900   0.339889    0.068420   0.000000  -0.787713   0.000000  -0.093596  -0.030788   0.000000   0.032883
        7.8162 8   0.000227   0.000227   0.315697    0.049569   0.000000  -0.834440   0.000000  -0.095439  -0.031886   0.000000   0.034042
        7.4424 8   0.006173   0.006173   0.366259    0.064613   0.000000  -0.844043   0.000000  -0.092059  -0.032371   0.000000   0.031775
        7.6077 6   0.002550   0.002550   0.388558    0.053299   0.000000  -0.829707   0.000000  -0.080579  -0.033565   0.000000   0.036346
        7.4453 8   0.006095   0.006095   0.319747    0.058429   0.000000  -0.801364   0.000000  -0.094367  -0.030191   0.000000   0.032874
        7.1813 7   0.015108   0.015108   0.333194    0.042508   0.000000  -0.847098   0.000000  -0.081359  -0.031746   0.000000   0.037560
        7.6804 7   0.001455   0.001455   0.293232    0.041731   0.002222  -0.830537   0.000000  -0.085638  -0.034463   0.000000   0.032082
        7.5426 7   0.003789   0.003789   0.339371    0.043282   0.000000  -0.836769   0.000000  -0.084329  -0.029004   0.000000   0.036132
        7.6847 8   0.001400   0.001400   0.343469    0.047944   0.000000  -0.857311   0.000000  -0.093201  -0.035054   0.000000   0.036601
        7.5339 7   0.003972   0.003972   0.316265    0.052549   0.000000  -0.851305   0.000000  -0.071011  -0.025136   0.000000   0.035798
        7.6522 7   0.001844   0.001844   0.344198    0.040229   0.000000  -0.825595   0.000000  -0.086463  -0.035777   0.000000   0.032407
        7.6085 7   0.002535   0.002535   0.314869    0.046170   0.000000  -0.833781   0.000120  -0.078426  -0.031335   0.000000   0.035472
        7.7681 7   0.000541   0.000541   0.323506    0.054021   0.000000  -0.796030   0.000000  -0.086781  -0.033164   0.000000   0.034205
        7.5586 7   0.003461   0.003461   0.343201    0.036267   0.000000  -0.816540   0.000000  -0.081970  -0.028963   0.000000   0.034401
        7.8703 7   0.000035   0.000035   0.306458    0.054341   0.000000  -0.764161   0.000000  -0.081924  -0.036247   0.000000   0.034241
        7.6498 7   0.001878   0.001878   0.273926    0.067928   0.000000  -0.736838   0.000000  -0.077217  -0.029730   0.000000   0.032756
        8.0438 7   0.000555   0.000555   0.291209    0.047662   0.000000  -0.795460   0.000000  -0.081939  -0.030448   0.000000   0.032289
        7.3529 7   0.008794   0.008794   0.290849    0.038262   0.000000  -0.727695   0.000000  -0.100141  -0.024677   0.000000   0.036445
        7.4817 7   0.005169   0.005169   0.296129    0.049009   0.005313  -0.737061   0.000000  -0.094653  -0.034148   0.000000   0.036824
        7.6190 7   0.002359   0.002359   0.315376    0.039098   0.000000  -0.790213   0.000000  -0.076324  -0.023701   0.000000   0.038021
        7.5265 8   0.004133   0.004133   0.364007    0.039338   0.000000  -0.779286   0.000000  -0.091030  -0.034063   0.000000   0.033283
        7.6310 8   0.002165   0.002165   0.331387    0.054367   0.000000  -0.748196   0.000000  -0.096203  -0.034920   0.000000   0.030040
        7.7141 8   0.001051   0.001051   0.303477    0.048529   0.000000  -0.757386   0.000000  -0.088448  -0.027535   0.000000   0.034953
        7.3770 7   0.008042   0.008042   0.343884    0.051973   0.000000  -0.774557   0.000000  -0.094199  -0.043854   0.000000   0.032317
        7.7230 8   0.000955   0.000955   0.349735    0.037113   0.000000  -0.800989   0.000000  -0.103626  -0.036360   0.000000   0.034905
        7.7869 8   0.000402   0.000402   0.305511    0.059675   0.000000  -0.799189   0.000000  -0.095365  -0.039451   0.000000   0.032783
        7.6557 8   0.001793   0.001793   0.305321    0.043632   0.000000  -0.798038   0.000000  -0.097254  -0.034252   0.000000   0.032138
        7.6793 8   0.001469   0.001469   0.325610    0.049240   0.000000  -0.826322   0.000000  -0.085189  -0.029872   0.000000   0.034207
        7.7649 8   0.000566   0.000566   0.293095    0.056670   0.000000  -0.837945   0.000000  -0.092488  -0.031222   0.000000   0.030913
        7.5474 8   0.003689   0.003689   0.337670    0.051930   0.000000  -0.826007   0.000000  -0.092956  -0.033683   0.000000   0.033403
        7.4446 8   0.006113   0.006113   0.319126    0.053616   0.000000  -0.847808   0.000000  -0.098367  -0.035493   0.000000   0.035414
        7.4402 8   0.006232   0.006232   0.430222    0.039463   0.000000  -0.870723   0.000000  -0.088082  -0.036391   0.000000   0.035716
        7.6346 7   0.002109   0.002109   0.360008    0.054531   0.000000  -0.777799   0.000000  -0.082572  -0.031511   0.000000   0.035069
        7.8889 8   0.000007   0.000007   0.333423    0.055457   0.000077  -0.741860   0.000000  -0.096722  -0.033511   0.000000   0.032605
        7.6633 8   0.001685   0.001685   0.371654    0.054799   0.000000  -0.833241   0.000000  -0.074578  -0.031533   0.000000   0.034476
        8.0666 8   0.000753   0.000753   0.381779    0.056108   0.000017  -0.782164   0.000000  -0.101323  -0.032269   0.000000   0.033630
        7.7445 8   0.000743   0.000743   0.376053    0.040349   0.000000  -0.766973   0.000000  -0.094892  -0.039392   0.000000   0.035159
        7.2488 7   0.012421   0.012421   0.325386    0.039087   0.000000  -0.770881   0.000000  -0.078052  -0.028862   0.000000   0.036691
        7.9011 7   0.000000   0.000000   0.331698    0.037114   0.000000  -0.788787   0.000000  -0.091513  -0.038059   0.000000   0.032988
        7.7197 8   0.000990   0.000990   0.281001    0.047984   0.000000  -0.760514   0.000000  -0.086353  -0.034552   0.000000   0.032710
        7.6881 8   0.001357   0.001357   0.313930    0.077021   0.000000  -0.761814   0.000000  -0.094150  -0.030279   0.000000   0.035020
        7.6224 8   0.002304   0.002304   0.330117    0.052297   0.000000  -0.708110   0.000000  -0.097244  -0.031037   0.000000   0.030725
        7.8974 8   0.000002   0.000002   0.301738    0.047175   0.000159  -0.757340   0.000000  -0.084932  -0.028852   0.000000   0.036452
        7.8412 7   0.000117   0.000117   0.304527    0.071337   0.003774  -0.741460   0.000000  -0.074443  -0.021798   0.000000   0.035569
        7.8483 7   0.000093   0.000093   0.298181    0.065423   0.000000  -0.768875   0.000000  -0.080605  -0.032135   0.000000   0.036071
        7.5406 8   0.003831   0.003831   0.384090    0.041014   0.000000  -0.805441   0.000000  -0.105929  -0.035755   0.000000   0.035711
        7.5125 7   0.004443   0.004443   0.368759    0.041258   0.000000  -0.832084   0.000000  -0.094163  -0.036804   0.000000   0.035279
        7.3469 9   0.008983   0.008983   0.314781    0.046967   0.000000  -0.777312   0.000000  -0.103380  -0.032993   0.000000   0.033162
        7.7411 9   0.000774   0.000774   0.258803    0.066243   0.000000  -0.738996   0.000000  -0.094744  -0.034761   0.000000   0.033472
        7.6648 8   0.001664   0.001664   0.326433    0.045726   0.000021  -0.725559   0.000000  -0.096057  -0.038617   0.000000   0.033694
        7.4018 9   0.007304   0.007304   0.327483    0.045744   0.000000  -0.674822   0.000000  -0.119355  -0.040766   0.000000   0.034447
        7.6755 8   0.001520   0.001520   0.315078    0.036123   0.000000  -0.682830   0.000000  -0.086712  -0.038761   0.000000   0.035958
        7.8006 8   0.000314   0.000314   0.398217    0.053649   0.000000  -0.749492   0.000000  -0.095915  -0.035254   0.000000   0.033223
        7.8868 8   0.000010   0.000010   0.341081    0.084866   0.000000  -0.728137   0.000000  -0.112525  -0.039615   0.000000   0.034037
        7.6415 9   0.002003   0.002003   0.317088    0.065032   0.000000  -0.715219   0.000000  -0.094522  -0.027788   0.000000   0.037289
        7.5686 8   0.003265   0.003265   0.330554    0.060580   0.000000  -0.692628   0.000000  -0.099310  -0.026918   0.000000   0.033220
        7.6583 9   0.001755   0.001755   0.368439    0.035508   0.000000  -0.718460   0.000000  -0.112923  -0.033248   0.000000   0.034837
        7.5097 9   0.004508   0.004508   0.338787    0.037334   0.000000  -0.715853   0.000000  -0.105975  -0.029931   0.000000   0.033161
        7.5452 8   0.003734   0.003734   0.354883    0.050883   0.000000  -0.787487   0.000000  -0.102316  -0.036005   0.000000   0.034516
        7.4671 8   0.005532   0.005532   0.334500    0.055267   0.000000  -0.801028   0.000000  -0.081388  -0.036453   0.000000   0.034956
        7.5217 9   0.004239   0.004239   0.322579    0.070834   0.000000  -0.765977   0.000000  -0.116380  -0.040269   0.000000   0.033077
        7.6667 8   0.001638   0.001638   0.315693    0.050496   0.000000  -0.810998   0.001495  -0.083139  -0.027805   0.000000   0.036769
        7.6817 9   0.001438   0.001438   0.333291    0.045600   0.000000  -0.808111   0.000000  -0.101924  -0.033774   0.000000   0.036889
        7.6672 8   0.001631   0.001631   0.304658    0.062169   0.000000  -0.760079   0.000000  -0.096791  -0.034263   0.000000   0.033104
        7.7540 7   0.000658   0.000658   0.302379    0.050901   0.000000  -0.787503   0.000000  -0.081991  -0.037799   0.000000   0.038101
        7.5928 8   0.002811   0.002811   0.319206    0.050700   0.000000  -0.840125   0.000000  -0.094529  -0.030464   0.000000   0.036445
        7.6340 9   0.002119   0.002119   0.311345    0.040156   0.000000  -0.841473   0.000000  -0.105487  -0.032003   0.000000   0.035444
        7.7199 8   0.000988   0.000988   0.320090    0.048836   0.000000  -0.885549   0.000000  -0.089585  -0.026943   0.000000   0.036799
        7.8176 8   0.000220   0.000220   0.337460    0.048900   0.000000  -0.847570   0.000000  -0.077344  -0.028464   0.000000   0.031460
        7.5719 9   0.003200   0.003200   0.314874    0.041127   0.000000  -0.755170   0.000000  -0.088053  -0.030876   0.000000   0.032924
        7.3672 9   0.008342   0.008342   0.342181    0.047177   0.000000  -0.735082   0.000000  -0.096198  -0.032998   0.000000   0.036186
        7.5356 9   0.003936   0.003936   0.329008    0.055685   0.000000  -0.747739   0.000000  -0.096000  -0.032881   0.000000   0.032562
        7.8118 9   0.000251   0.000251   0.296834    0.049011   0.000000  -0.756657   0.000000  -0.102308  -0.037125   0.000000   0.032154
        7.5732 9   0.003175   0.003175   0.365991    0.057640   0.000007  -0.819538   0.000000  -0.108573  -0.030578   0.000000   0.032727
        7.5347 8   0.003955   0.003955   0.356172    0.041843   0.000000  -0.815488   0.000000  -0.098832  -0.044606   0.000000   0.033842
        7.6224 8   0.002303   0.002303   0.324667    0.047628   0.000000  -0.807031   0.000000  -0.095864  -0.032172   0.000000   0.036262
        7.7480 8   0.000711   0.000711   0.301458    0.057232   0.000002  -0.766452   0.000000  -0.108114  -0.028871   0.000000   0.034671
        7.3469 9   0.008984   0.008984   0.309427    0.059475   0.000000  -0.736304   0.000000  -0.120101  -0.039840   0.000000   0.033155
        7.5883 8   0.002894   0.002894   0.329821    0.049355   0.001074  -0.713575   0.000000  -0.114689  -0.042062   0.000000   0.034166
        7.7681 9   0.000541   0.000541   0.332368    0.061166   0.000000  -0.727830   0.000000  -0.100608  -0.033207   0.000000   0.035359
        7.8550 9   0.000072   0.000072   0.327381    0.068103   0.001343  -0.726585   0.000000  -0.106345  -0.030927   0.000000   0.032923
        7.8288 9   0.000167   0.000167   0.389600    0.038294   0.000000  -0.744770   0.000000  -0.110125  -0.034985   0.000000   0.032591
        7.8467 8   0.000098   0.000098   0.340261    0.034125   0.000000  -0.752302   0.000000  -0.105637  -0.033538   0.000000   0.034210
        7.9177 6   0.000005   0.000005   0.282234    0.037908   0.000000  -0.724779   0.000000  -0.069884  -0.026847   0.000000   0.031814
        7.7984 8   0.000328   0.000328   0.358853    0.055009   0.000000  -0.736885   0.000000  -0.090755  -0.034104   0.000000   0.033362
        7.7393 6   0.000792   0.000792   0.363542    0.038149   0.000571  -0.805943   0.000000  -0.070223  -0.022303   0.000000   0.033595
        7.7857 8   0.000411   0.000411   0.328227    0.043732   0.000000  -0.788927   0.000000  -0.080690  -0.027541   0.000000   0.032467
        7.6221 9   0.002308   0.002308   0.385599    0.046823   0.000000  -0.832508   0.000000  -0.124019  -0.029615   0.000000   0.037641
        7.5369 8   0.003908   0.003908   0.311003    0.060451   0.000000  -0.792522   0.000000  -0.095744  -0.030205   0.000000   0.034778
        7.3455 8   0.009029   0.009029   0.331637    0.043677   0.000000  -0.812718   0.000000  -0.106285  -0.039666   0.000000   0.035649
        7.4659 8   0.005562   0.005562   0.381033    0.047237   0.000000  -0.872309   0.000000  -0.118779  -0.039665   0.000000   0.033786
        7.5993 9   0.002696   0.002696   0.310030    0.064546   0.000000  -0.832941   0.000000  -0.105373  -0.034487   0.000000   0.034724
        7.6161 8   0.002407   0.002407   0.346846    0.056613   0.000000  -0.843513   0.000000  -0.105600  -0.030794   0.000000   0.033122
        7.6776 8   0.001492   0.001492   0.344722    0.045264   0.000000  -0.816656   0.000000  -0.098892  -0.035436   0.000000   0.031311
        7.3722 8   0.008190   0.008190   0.296308    0.059671   0.000000  -0.801958   0.000000  -0.109042  -0.033416   0.000000   0.034995
        7.6999 9   0.001214   0.001214   0.369240    0.044018   0.000000  -0.817351   0.000000  -0.102646  -0.037105   0.000000   0.033831
        7.5328 8   0.003997   0.003997   0.293559    0.045947   0.000000  -0.787632   0.000048  -0.091480  -0.036620   0.000000   0.032699
        7.6465 8   0.001928   0.001928   0.307223    0.059184   0.000000  -0.804534   0.000000  -0.104813  -0.039076   0.000000   0.035216
        7.4135 9   0.006969   0.006969   0.308290    0.046315   0.000000  -0.782930   0.000000  -0.105380  -0.040206   0.000000   0.036986
        7.7757 9   0.000482   0.000482   0.281498    0.046295   0.000000  -0.772377   0.000000  -0.099929  -0.036233   0.000000   0.033107
        7.4141 9   0.006952   0.006952   0.331324    0.050052   0.000000  -0.803338   0.000000  -0.112092  -0.041017   0.000000   0.032953
        7.2799 9   0.011271   0.011271   0.338926    0.060886   0.000000  -0.834324   0.000000  -0.102973  -0.039776   0.000000   0.036573
        7.7564 8   0.000637   0.000637   0.333656    0.046896   0.000000  -0.798449   0.000000  -0.117282  -0.045912   0.000000   0.030243
        7.3834 8   0.007847   0.007847   0.352482    0.038600   0.000000  -0.827137   0.000000  -0.090430  -0.034330   0.000000   0.032423
        7.7867 8   0.000404   0.000404   0.324163    0.046642   0.000000  -0.761788   0.000000  -0.118681  -0.039880   0.000000   0.032054
        7.8410 8   0.000118   0.000118   0.355370    0.045916   0.000000  -0.788922   0.000000  -0.091906  -0.039163   0.000000   0.034068
        7.3710 8   0.008227   0.008227   0.343397    0.033899   0.000191  -0.762013   0.000000  -0.090020  -0.034454   0.000000   0.036459
        7.4496 8   0.005983   0.005983   0.321300    0.053028   0.000000  -0.744584   0.000001  -0.081739  -0.026491   0.000000   0.037721
        7.5077 8   0.004553   0.004553   0.353679    0.048209   0.000000  -0.782995   0.000000  -0.103850  -0.034436   0.000000   0.034268
        7.8197 8   0.000210   0.000210   0.348881    0.073920   0.000000  -0.785233   0.000000  -0.110666  -0.037026   0.000000   0.031024
        7.3007 9   0.010534   0.010534   0.337640    0.054769   0.000000  -0.745044   0.000000  -0.103471  -0.030859   0.000000   0.035754
        7.3473 8   0.008972   0.008972   0.312133    0.032183   0.000000  -0.746506   0.000000  -0.099343  -0.033695   0.000000   0.032012
        7.5509 8   0.003617   0.003617   0.336489    0.053537   0.000000  -0.807284   0.000000  -0.088606  -0.030569   0.000000   0.035295
        7.6191 9   0.002358   0.002358   0.341337    0.052412   0.000000  -0.783321   0.000000  -0.112684  -0.030539   0.000000   0.032960
        7.5475 8   0.003686   0.003686   0.335790    0.053789   0.000000  -0.786880   0.000000  -0.097480  -0.037794   0.000000   0.032718
        7.5858 8   0.002940   0.002940   0.309786    0.048054   0.003047  -0.780723   0.000000  -0.093161  -0.036497   0.000000   0.032777
        7.9873 8   0.000196   0.000196   0.312112    0.050726   0.000000  -0.744076   0.000000  -0.100187  -0.043580   0.000000   0.033541
        7.6344 9   0.002111   0.002111   0.287494    0.040223   0.000000  -0.735986   0.000000  -0.100393  -0.029867   0.000000   0.036542
        7.8796 8   0.000019   0.000019   0.356100    0.050413   0.000000  -0.766106   0.000000  -0.094689  -0.034619   0.000000   0.035839
        7.4402 9   0.006232   0.006232   0.290549    0.068432   0.000238  -0.762290   0.000000  -0.111491  -0.039869   0.000000   0.032487
        7.7089 9   0.001110   0.001110   0.286465    0.045891   0.000000  -0.795955   0.000000  -0.101477  -0.033809   0.000000   0.033311
        7.4230 9   0.006702   0.006702   0.309507    0.051654   0.003989  -0.830260   0.000000  -0.111348  -0.036500   0.000000   0.032234
        7.7875 8   0.000398   0.000398   0.292669    0.054124   0.000000  -0.778342   0.000565  -0.094330  -0.035418   0.000000   0.032593
        7.4312 8   0.006475   0.006475   0.319739    0.051425   0.000000  -0.842695   0.000000  -0.098261  -0.029042   0.000000   0.036715
        7.6316 9   0.002157   0.002157   0.319705    0.034916   0.000000  -0.794850   0.000000  -0.101276  -0.030495   0.000000   0.037194
        7.7362 9   0.000822   0.000822   0.337338    0.055290   0.000000  -0.800741   0.000000  -0.096538  -0.034095   0.000000   0.034271
        7.9037 9   0.000000   0.000000   0.334479    0.057249   0.000000  -0.820139   0.000000  -0.092521  -0.028403   0.000000   0.033880
        7.6870 8   0.001371   0.001371   0.373202    0.057731   0.001524  -0.807920   0.000000  -0.097643  -0.036148   0.000000   0.035949
        7.5914 7   0.002836   0.002836   0.270878    0.046625   0.000000  -0.723517   0.000000  -0.083756  -0.032149   0.000000   0.033685
        7.4547 8   0.005848   0.005848   0.288598    0.057501   0.000000  -0.764416   0.000000  -0.106156  -0.044360   0.000000   0.037254
        7.4543 8   0.005859   0.005859   0.334842    0.049720   0.000000  -0.799250   0.000000  -0.110618  -0.037259   0.000000   0.034037
        7.2953 8   0.010723   0.010723   0.312590    0.061624   0.001408  -0.800846   0.000000  -0.103123  -0.036521   0.000000   0.035746
        7.6151 8   0.002424   0.002424   0.296577    0.057337   0.000000  -0.791991   0.000000  -0.095591  -0.033071   0.000000   0.034059
        7.4640 8   0.005611   0.005611   0.323952    0.038674   0.000000  -0.752797   0.000000  -0.087919  -0.028094   0.000000   0.036119
        7.7955 9   0.000346   0.000346   0.372586    0.044677   0.000000  -0.780123   0.000000  -0.110624  -0.036404   0.000000   0.035763
        7.6886 9   0.001351   0.001351   0.282630    0.046227   0.000000  -0.749124   0.000000  -0.108449  -0.029709   0.000000   0.032590
        7.7222 9   0.000964   0.000964   0.351258    0.054397   0.000000  -0.779598   0.000000  -0.114667  -0.038118   0.000000   0.031021
        7.4367 6   0.006327   0.006327   0.340949    0.035939   0.000000  -0.757458   0.000000  -0.077477  -0.033753   0.000000   0.037219
        7.5273 7   0.004114   0.004114   0.351782    0.050204   0.000000  -0.775194   0.000000  -0.072545  -0.036145   0.000000   0.031303
        7.4569 8   0.005792   0.005792   0.418520    0.052668   0.000000  -0.838093   0.000000  -0.115218  -0.040216   0.000000   0.035253
        7.6212 8   0.002324   0.002324   0.319914    0.050217   0.000000  -0.779171   0.000000  -0.099347  -0.033944   0.000000   0.032058
        7.3884 9   0.007697   0.007697   0.369420    0.047633   0.000000  -0.796834   0.000000  -0.101749  -0.038180   0.000000   0.037102
        7.6053 8   0.002591   0.002591   0.342264    0.049028   0.000000  -0.780373   0.000000  -0.099548  -0.035358   0.000000   0.036310
        7.5802 8   0.003042   0.003042   0.322831    0.056246   0.000000  -0.756429   0.000000  -0.118918  -0.042908   0.000000   0.035962
        7.4719 8   0.005410   0.005410   0.309351    0.047894   0.000000  -0.753035   0.000000  -0.096721  -0.042385   0.000000   0.035181
        7.5976 9   0.002726   0.002726   0.317910    0.053259   0.000000  -0.752634   0.000000  -0.101140  -0.037590   0.000000   0.034362
        7.5653 9   0.003329   0.003329   0.309897    0.052402   0.000000  -0.766554   0.000000  -0.109217  -0.038350   0.000000   0.034931
        7.3696 9   0.008269   0.008269   0.336132    0.063032   0.000000  -0.831628   0.000000  -0.095711  -0.023232   0.000000   0.035878
        7.6057 9   0.002584   0.002584   0.363874    0.047190   0.000000  -0.815353   0.000000  -0.106464  -0.035754   0.000000   0.033732
        7.4746 9   0.005343   0.005343   0.320220    0.036213   0.000000  -0.760705   0.004662  -0.102495  -0.035173   0.000000   0.033849
        8.0336 7   0.000477   0.000477   0.293701    0.044045   0.000000  -0.747798   0.000000  -0.080406  -0.028565   0.000000   0.033901
        7.7509 8   0.000685   0.000685   0.321175    0.057600   0.000000  -0.768058   0.000000  -0.110897  -0.041733   0.000000   0.033495
        7.2436 8   0.012619   0.012619   0.371567    0.034237   0.000000  -0.853916   0.000000  -0.078940  -0.037143   0.000000   0.035189
        7.3228 9   0.009779   0.009779   0.324645    0.050904   0.000000  -0.810216   0.000000  -0.084969  -0.031060   0.000000   0.034896
        7.6952 9   0.001270   0.001270   0.300807    0.045230   0.000000  -0.777324   0.000000  -0.092292  -0.034957   0.000000   0.032178
        7.5793 9   0.003059   0.003059   0.310085    0.047160   0.000000  -0.795013   0.000000  -0.109166  -0.031418   0.000000   0.035197
        7.6256 9   0.002251   0.002251   0.329290    0.043068   0.000000  -0.833535   0.000000  -0.110675  -0.036309   0.000000   0.033302
        7.5428 8   0.003784   0.003784   0.332212    0.047751   0.000000  -0.801921   0.000000  -0.091356  -0.036006   0.000000   0.035412
        7.4061 8   0.007179   0.007179   0.290629    0.042116   0.000000  -0.775254   0.000000  -0.089282  -0.029910   0.000000   0.037337
        7.0821 9   0.019535   0.019535   0.333949    0.044095   0.000000  -0.796302   0.000000  -0.111164  -0.036689   0.000000   0.033270
        7.3997 8   0.007365   0.007365   0.305059    0.049528   0.000000  -0.768501   0.000000  -0.104963  -0.031690   0.000000   0.034836
        7.7126 8   0.001068   0.001068   0.310344    0.034745   0.000000  -0.751341   0.000000  -0.102818  -0.042808   0.000000   0.031654
        7.5997 9   0.002689   0.002689   0.319511    0.047308   0.000000  -0.758865   0.000000  -0.111689  -0.035824   0.000000   0.037551
        7.5623 8   0.003387   0.003387   0.296652    0.052334   0.000000  -0.788230   0.000000  -0.114622  -0.043048   0.000000   0.036992
        7.7926 9   0.000364   0.000364   0.295459    0.050057   0.000000  -0.741268   0.000000  -0.121312  -0.036992   0.000000   0.034465
        7.5449 8   0.003742   0.003742   0.321230    0.048385   0.000000  -0.739786   0.000000  -0.103421  -0.038626   0.000000   0.035751
        7.2449 9   0.012568   0.012568   0.383422    0.056924   0.000000  -0.788349   0.000000  -0.100477  -0.033406   0.000000   0.035952
        7.6080 9   0.002545   0.002545   0.330800    0.058094   0.000000  -0.744133   0.000000  -0.096652  -0.040692   0.000000   0.033611
        7.7836 8   0.000425   0.000425   0.310749    0.064974   0.000000  -0.696480   0.000000  -0.094062  -0.035982   0.000000   0.032472
        7.5832 9   0.002987   0.002987   0.380592    0.054312   0.000000  -0.764383   0.000000  -0.077992  -0.030478   0.000000   0.034373
        7.3977 8   0.007424   0.007424   0.378441    0.035833   0.000000  -0.761320   0.000007  -0.099623  -0.039960   0.000000   0.037217
        7.6188 8   0.002363   0.002363   0.322318    0.072679   0.000000  -0.754974   0.000000  -0.102367  -0.037793   0.000000   0.035411
        7.3471 9   0.008978   0.008978   0.363914    0.059074   0.000000  -0.742405   0.000398  -0.105872  -0.043694   0.000000   0.036049
        7.3881 8   0.007707   0.007707   0.360795    0.053712   0.000000  -0.742547   0.000000  -0.095467  -0.035518   0.000000   0.037444
        7.4736 9   0.005369   0.005369   0.348886    0.042998   0.000000  -0.755054   0.000000  -0.104427  -0.040973   0.000000   0.036375
        7.7357 8   0.000827   0.000827   0.353651    0.052049   0.000000  -0.728039   0.000000  -0.104572  -0.043065   0.000000   0.034463
        7.4947 9   0.004857   0.004857   0.331566    0.050486   0.000000  -0.721257   0.000000  -0.109468  -0.033966   0.000000   0.033487
        7.4449 9   0.006106   0.006106   0.342634    0.052634   0.000000  -0.739805   0.000000  -0.100280  -0.027305   0.000000   0.035024
        7.2799 8   0.011270   0.011270   0.319285    0.044563   0.000000  -0.742434   0.000000  -0.091508  -0.034026   0.000000   0.033070
        7.5468 8   0.003701   0.003701   0.309198    0.047409   0.000319  -0.754975   0.000000  -0.100590  -0.032319   0.000000   0.036108
        7.3544 8   0.008746   0.008746   0.277111    0.057473   0.000000  -0.821553   0.000000  -0.105349  -0.039625   0.000000   0.032980
        7.2442 9   0.012596   0.012596   0.303669    0.036932   0.000000  -0.856275   0.000000  -0.101198  -0.046452   0.000000   0.036801
        7.5725 9   0.003189   0.003189   0.319274    0.041620   0.000000  -0.875821   0.000000  -0.116571  -0.040654   0.000000   0.032956
        7.6539 8   0.001819   0.001819   0.294006    0.050902   0.000000  -0.830555   0.000000  -0.102601  -0.041163   0.000000   0.037695
        7.5982 9   0.002715   0.002715   0.315973    0.043848   0.000000  -0.827753   0.000000  -0.125887  -0.038942   0.000000   0.032201
        7.3330 8   0.009438   0.009438   0.333633    0.044410   0.000000  -0.874760   0.000000  -0.113084  -0.037711   0.000000   0.034622
        7.5894 8   0.002874   0.002874   0.292100    0.049677   0.000000  -0.864410   0.000000  -0.094406  -0.033014   0.000000   0.031724
        7.6896 8   0.001339   0.001339   0.286469    0.038481   0.000000  -0.837141   0.000000  -0.105799  -0.039573   0.000000   0.031888
        7.4462 8   0.006072   0.006072   0.321607    0.047483   0.000000  -0.864122   0.000000  -0.108262  -0.042172   0.000000   0.036292
        7.3536 8   0.008771   0.008771   0.303783    0.039085   0.000000  -0.846514   0.000000  -0.115421  -0.045155   0.000000   0.032954
        7.4877 9   0.005023   0.005023   0.338238    0.055443   0.000000  -0.901396   0.000000  -0.123869  -0.040567   0.000000   0.034515
        7.5852 8   0.002951   0.002951   0.308624    0.048721   0.001636  -0.906336   0.000000  -0.100338  -0.037655   0.000000   0.036038
        7.4307 9   0.006490   0.006490   0.345469    0.039516   0.000000  -0.860412   0.000000  -0.110190  -0.034554   0.000000   0.037250
        7.5040 8   0.004637   0.004637   0.338133    0.049250   0.000000  -0.873708   0.000000  -0.090725  -0.033147   0.000000   0.032140
        7.3655 8   0.008397   0.008397   0.329683    0.068902   0.000000  -0.850317   0.000000  -0.091551  -0.033387   0.000000   0.032494
        7.7062 9   0.001140   0.001140   0.314458    0.057929   0.000000  -0.816979   0.000000  -0.097795  -0.038341   0.000000   0.033935
        7.7111 9   0.001085   0.001085   0.323873    0.057672   0.000000  -0.820884   0.000000  -0.113680  -0.037201   0.000000   0.032324
        7.5891 8   0.002879   0.002879   0.318150    0.059169   0.000000  -0.797396   0.000000  -0.100658  -0.035495   0.000000   0.031917
        7.5614 9   0.003405   0.003405   0.347253    0.052500   0.000000  -0.781128   0.000000  -0.104485  -0.038303   0.000000   0.033918
        7.6511 9   0.001859   0.001859   0.348692    0.040178   0.000000  -0.814131   0.000000  -0.100917  -0.036889   0.000000   0.035865
        7.4109 9   0.007042   0.007042   0.332812    0.042124   0.000000  -0.784145   0.000000  -0.101002  -0.040698   0.000000   0.033294
        7.5921 8   0.002824   0.002824   0.325979    0.042881   0.000000  -0.795284   0.000000  -0.106029  -0.042712   0.000000   0.032292
        7.6237 7   0.002283   0.002283   0.356685    0.057152   0.000000  -0.827667   0.000000  -0.094885  -0.034167   0.000000   0.035190
        7.7843 7   0.000421   0.000421   0.318390    0.060829   0.000000  -0.836203   0.000000  -0.081037  -0.029826   0.000000   0.033892
        7.1880 9   0.014829   0.014829   0.363733    0.039666   0.000000  -0.825321   0.000000  -0.094973  -0.035878   0.000000   0.035173
        7.6387 7   0.002046   0.002046   0.313497    0.056120   0.000000  -0.778271   0.000000  -0.076520  -0.029000   0.000000   0.036150
        7.2659 9   0.011783   0.011783   0.351389    0.057704   0.000000  -0.777123   0.000000  -0.115866  -0.041012   0.000000   0.031392
        7.6065 7   0.002570   0.002570   0.272550    0.045928   0.000000  -0.809823   0.000000  -0.077119  -0.030494   0.000000   0.034780
        7.9146 9   0.000003   0.000003   0.298976    0.052917   0.000000  -0.773261   0.000000  -0.104644  -0.034054   0.000000   0.031273
        7.5439 9   0.003760   0.003760   0.280204    0.042531   0.000000  -0.779686   0.000000  -0.090838  -0.041776   0.000000   0.031521
        7.6319 9   0.002151   0.002151   0.340998    0.034691   0.000000  -0.779583   0.000000  -0.106879  -0.034231   0.000000   0.034176
        7.7032 8   0.001175   0.001175   0.306458    0.050289   0.000000  -0.821924   0.000000  -0.102984  -0.038722   0.000000   0.037284
        7.6459 9   0.001936   0.001936   0.296290    0.049918   0.000000  -0.785990   0.000000  -0.086007  -0.034477   0.000000   0.033676
        8.1394 8   0.001585   0.001585   0.348207    0.049700   0.000000  -0.754240   0.000000  -0.107089  -0.040041   0.000000   0.032449
        7.6750 9   0.001526   0.001526   0.330159    0.064986   0.000000  -0.731847   0.000242  -0.093719  -0.030389   0.000000   0.033799
        7.5996 9   0.002691   0.002691   0.326364    0.052739   0.000000  -0.662409   0.000000  -0.119214  -0.039887   0.000000   0.034101
        7.6297 7   0.002186   0.002186   0.327253    0.041615   0.000000  -0.692859   0.000000  -0.071413  -0.029228   0.000000   0.034851
        7.8322 8   0.000153   0.000153   0.342620    0.072942   0.000000  -0.676836   0.000000  -0.115894  -0.039853   0.000000   0.031138
        7.9161 8   0.000004   0.000004   0.329909    0.045680   0.000000  -0.669388   0.000000  -0.096526  -0.036599   0.000000   0.032283
        7.8717 8   0.000032   0.000032   0.381629    0.057540   0.000000  -0.732502   0.000000  -0.104223  -0.033849   0.000000   0.031622
        7.7685 8   0.000538   0.000538   0.352669    0.052309   0.000000  -0.710325   0.000000  -0.088288  -0.026736   0.000000   0.036783
        7.6967 8   0.001251   0.001251   0.324556    0.031133   0.000000  -0.703743   0.000000  -0.098313  -0.036790   0.000000   0.032752
        7.8358 8   0.000138   0.000138   0.298342    0.039898   0.000021  -0.706678   0.000000  -0.081933  -0.031113   0.000000   0.038096
        7.6161 8   0.002407   0.002407   0.307801    0.042136   0.000000  -0.703726   0.000000  -0.101570  -0.035564   0.000000   0.033664
        7.4206 7   0.006769   0.006769   0.318542    0.055733   0.000000  -0.723760   0.000000  -0.093220  -0.032954   0.000000   0.031746
        7.7157 8   0.001033   0.001033   0.340459    0.055017   0.000000  -0.744712   0.000000  -0.102721  -0.041874   0.000000   0.032328
        7.8730 8   0.000030   0.000030   0.334403    0.045108   0.000000  -0.686032   0.000000  -0.095992  -0.036714   0.000000   0.034241
        7.4661 8   0.005556   0.005556   0.323100    0.037517   0.000222  -0.663227   0.000000  -0.104360  -0.033720   0.000000   0.032751
        7.5869 8   0.002919   0.002919   0.313776    0.068447   0.000000  -0.689176   0.000000  -0.114998  -0.036296   0.000000   0.034102
        7.5118 8   0.004459   0.004459   0.336754    0.051491   0.000000  -0.674267   0.000000  -0.096679  -0.028306   0.000000   0.035324
        7.5601 8   0.003432   0.003432   0.323273    0.050174   0.000000  -0.605731   0.000000  -0.100953  -0.030665   0.000000   0.034471
        7.8777 7   0.000022   0.000022   0.332714    0.049931   0.001919  -0.617952   0.000000  -0.088957  -0.027481   0.000000   0.035421
        7.6184 8   0.002370   0.002370   0.319011    0.058793   0.000000  -0.585140   0.000000  -0.100521  -0.034105   0.000000   0.036792
        7.6021 8   0.002647   0.002647   0.362044    0.053045   0.000000  -0.669332   0.000000  -0.086774  -0.028409   0.000000   0.035475
        7.2750 8   0.011450   0.011450   0.382889    0.047473   0.000000  -0.662040   0.000000  -0.109054  -0.038865   0.000000   0.037677
        7.3582 8   0.008624   0.008624   0.331432    0.045274   0.000000  -0.653058   0.000000  -0.092491  -0.033484   0.000000   0.035155
        7.6781 8   0.001486   0.001486   0.315709    0.055962   0.000000  -0.628463   0.000000  -0.088995  -0.022951   0.000000   0.036680
        7.4956 8   0.004834   0.004834   0.356618    0.059866   0.000000  -0.631851   0.000000  -0.088685  -0.021002   0.000000   0.035997
        7.6083 8   0.002540   0.002540   0.335769    0.065181   0.000000  -0.544962   0.000000  -0.094957  -0.027249   0.000000   0.033549
        7.9205 7   0.000007   0.000007   0.332227    0.043814   0.000000  -0.583298   0.000000  -0.070579  -0.024193   0.000000   0.033186
        7.6648 7   0.001664   0.001664   0.345616    0.048510   0.000000  -0.555443   0.000000  -0.071947  -0.027568   0.000000   0.038707
        7.8733 6   0.000029   0.000029   0.312881    0.045407   0.000000  -0.579642   0.000000  -0.066684  -0.022017   0.000000   0.034782
        7.7816 6   0.000439   0.000439   0.364786    0.042427   0.000164  -0.608598   0.000000  -0.067286  -0.020874   0.000000   0.032528
        7.6625 6   0.001697   0.001697   0.296878    0.052049   0.000000  -0.621136   0.000000  -0.071795  -0.027331   0.000000   0.041989
        7.8557 6   0.000070   0.000070   0.312046    0.054979   0.000000  -0.620075   0.000000  -0.070799  -0.023294   0.000000   0.030727
        7.6012 6   0.002663   0.002663   0.355751    0.060422   0.000000  -0.678424   0.000000  -0.072134  -0.021259   0.000000   0.035817
        7.6037 6   0.002619   0.002619   0.337580    0.060958   0.000000  -0.688398   0.000000  -0.057256  -0.025936   0.000000   0.035321
        8.1647 6   0.001946   0.001946   0.321588    0.043429   0.000000  -0.690080   0.000000  -0.061024  -0.021543   0.000000   0.035635
        7.4611 6   0.005684   0.005684   0.337204    0.041248   0.000000  -0.686346   0.000000  -0.071321  -0.031282   0.000000   0.035679
        7.7354 6   0.000830   0.000830   0.340800    0.066812   0.000000  -0.719734   0.000000  -0.073358  -0.027579   0.000000   0.030943
        8.1568 6   0.001829   0.001829   0.305891    0.038840   0.000000  -0.704145   0.000000  -0.073228  -0.025256   0.000000   0.031270
        7.7942 6   0.000354   0.000354   0.358080    0.029443   0.000260  -0.723957   0.000000  -0.078213  -0.027864   0.000000   0.035238
        7.7181 5   0.001008   0.001008   0.321430    0.052804   0.000000  -0.761471   0.000000  -0.063763  -0.028022   0.000000   0.037529
        7.9240 3   0.000010   0.000010   0.298282    0.045572   0.000000  -0.767974   0.000000  -0.031012  -0.015737   0.000000   0.035015
        7.5167 5   0.004349   0.004349   0.337449    0.047284   0.000000  -0.761833   0.000000  -0.046480  -0.019352   0.000000   0.035809
        7.6109 4   0.002495   0.002495   0.301566    0.052366   0.000000  -0.733507   0.000000  -0.049462  -0.019069   0.000000   0.037094
        7.4653 5   0.005577   0.005577   0.315765    0.045122   0.000000  -0.736026   0.000000  -0.059858  -0.023064   0.000000   0.033880
        7.8113 5   0.000253   0.000253   0.324852    0.056959   0.000000  -0.718815   0.000000  -0.042478  -0.016932   0.000000   0.032460
        7.7488 4   0.000704   0.000704   0.349663    0.041495   0.000000  -0.745370   0.000000  -0.038942  -0.024956   0.000000   0.033326
        7.8083 5   0.000270   0.000270   0.345976    0.054364   0.000000  -0.771536   0.000000  -0.040819  -0.020999   0.000000   0.034002
        7.7928 4   0.000363   0.000363   0.316951    0.053166   0.000000  -0.791346   0.000000  -0.052441  -0.025020   0.000000   0.034834
        8.0918 6   0.001006   0.001006   0.377680    0.063736   0.000000  -0.805319   0.000000  -0.055130  -0.028050   0.000000   0.031035
        7.6420 6   0.001995   0.001995   0.359058    0.057470   0.000008  -0.832236   0.000000  -0.058629  -0.026160   0.000000   0.036538
        7.8136 7   0.000241   0.000241   0.325362    0.054984   0.000000  -0.752333   0.000000  -0.083824  -0.032124   0.000000   0.035057
        7.7172 6   0.001018   0.001018   0.342832    0.043183   0.000000  -0.708063   0.000000  -0.067906  -0.030089   0.000000   0.034947
        7.8172 7   0.000222   0.000222   0.382851    0.031698   0.000000  -0.672094   0.000000  -0.080861  -0.028094   0.000000   0.033684
        7.9415 7   0.000038   0.000038   0.336307    0.059076   0.000000  -0.642482   0.000000  -0.072493  -0.031570   0.000000   0.033171
        7.7658 7   0.000559   0.000559   0.377234    0.050065   0.000000  -0.632817   0.000000  -0.081678  -0.030828   0.000000   0.037604
        7.4281 6   0.006561   0.006561   0.400646    0.061655   0.000000  -0.701321   0.000000  -0.068044  -0.024938   0.000000   0.031359
        7.4584 6   0.005754   0.005754   0.320960    0.045589   0.000000  -0.646929   0.000000  -0.062477  -0.027416   0.000000   0.035155
        8.0691 6   0.000777   0.000777   0.299917    0.035665   0.000000  -0.637913   0.000000  -0.053420  -0.017922   0.000000   0.034946
        8.2026 6   0.002554   0.002554   0.343696    0.052369   0.001667  -0.699682   0.000000  -0.057281  -0.021123   0.000000   0.032224
        7.8286 6   0.000168   0.000168   0.355297    0.053031   0.000000  -0.676355   0.000000  -0.064205  -0.024626   0.000000   0.036848
        7.8523 5   0.000080   0.000080   0.307612    0.057529   0.000000  -0.661188   0.000000  -0.057468  -0.023022   0.000000   0.035130
        7.6635 6   0.001683   0.001683   0.335971    0.070185   0.000000  -0.652693   0.000000  -0.053480  -0.022268   0.000000   0.038354
        7.6317 4   0.002155   0.002155   0.310252    0.055526   0.000000  -0.637102   0.000000  -0.037738  -0.021707   0.000000   0.034007
        7.7015 6   0.001195   0.001195   0.304348    0.058253   0.000000  -0.667202   0.000000  -0.065854  -0.023692   0.000000   0.032124
        7.8853 6   0.000011   0.000011   0.386501    0.062247   0.000000  -0.711021   0.000000  -0.067922  -0.027824   0.000000   0.036175
        8.1939 6   0.002407   0.002407   0.326197    0.052928   0.000000  -0.669055   0.000000  -0.061109  -0.021576   0.000000   0.030853
        7.8658 6   0.000044   0.000044   0.339263    0.049058   0.000000  -0.687429   0.000000  -0.059332  -0.020601   0.000000   0.036745
        8.1401 4   0.001594   0.001594   0.306867    0.050044   0.000000  -0.762147   0.000000  -0.035954  -0.023602   0.000000   0.035348
        7.9373 6   0.000030   0.000030   0.331269    0.071419   0.000000  -0.781969   0.000000  -0.049755  -0.023469   0.000000   0.031475
        7.8111 5   0.000254   0.000254   0.370055    0.063918   0.000000  -0.821152   0.000000  -0.059117  -0.023172   0.000000   0.035940
        7.8411 6   0.000118   0.000118   0.366314    0.044731   0.000000  -0.830923   0.000000  -0.056739  -0.026418   0.000000   0.033356
        8.0623 5   0.000713   0.000713   0.362045    0.038069   0.000000  -0.829830   0.000000  -0.050160  -0.019119   0.000000   0.034142
        7.3757 6   0.008082   0.008082   0.307272    0.039570   0.000000  -0.836076   0.000000  -0.064073  -0.025822   0.000000   0.036331
        7.8338 6   0.000146   0.000146   0.303973    0.045199   0.000000  -0.852745   0.000000  -0.066186  -0.026918   0.000000   0.031628
        7.8913 5   0.000005   0.000005   0.295379    0.047413   0.000000  -0.835783   0.000000  -0.051588  -0.024782   0.000000   0.032421
        8.2609 5   0.003653   0.003653   0.298638    0.059799   0.000000  -0.858414   0.000630  -0.061403  -0.025808   0.000000   0.034253
        7.9907 5   0.000212   0.000212   0.317093    0.043195   0.000926  -0.852345   0.000000  -0.060864  -0.025942   0.000000   0.032611
        7.4557 6   0.005824   0.005824   0.310075    0.047596   0.000000  -0.852786   0.000000  -0.051391  -0.017398   0.000000   0.034780
        7.7528 6   0.000668   0.000668   0.371658    0.046490   0.000000  -0.890399   0.000000  -0.049908  -0.013348   0.000000   0.034471
        7.6073 6   0.002557   0.002557   0.340419    0.052634   0.000000  -0.859513   0.000000  -0.065514  -0.026437   0.000000   0.035208
        7.8433 6   0.000110   0.000110   0.300525    0.041824   0.000000  -0.825112   0.000000  -0.067046  -0.025405   0.000000   0.033080
        7.7449 6   0.000740   0.000740   0.283938    0.046908   0.000000  -0.867409   0.000000  -0.045903  -0.016242   0.000000   0.033371
        7.7681 5   0.000541   0.000541   0.266938    0.050647   0.000000  -0.844293   0.000000  -0.045460  -0.018869   0.000000   0.029904
        7.9281 4   0.000015   0.000015   0.317531    0.040203   0.000000  -0.834980   0.000000  -0.038339  -0.025868   0.000000   0.033792
        8.0055 4   0.000291   0.000291   0.320530    0.028793   0.000000  -0.849524   0.000000  -0.048927  -0.028425   0.000000   0.030905
        7.9122 5   0.000001   0.000001   0.328147    0.052436   0.000000  -0.829193   0.000000  -0.065432  -0.019524   0.000000   0.029751
        7.6739 5   0.001540   0.001540   0.352295    0.045564   0.000000  -0.786986   0.000000  -0.058082  -0.020801   0.000000   0.032382
        7.9982 5   0.000250   0.000250   0.313104    0.051582   0.000000  -0.770168   0.000000  -0.060455  -0.025324   0.000000   0.033091
        8.2322 5   0.003089   0.003089   0.354535    0.040767   0.000612  -0.796238   0.000000  -0.053096  -0.014679   0.000000   0.033032
        7.8541 5   0.000075   0.000075   0.344649    0.053557   0.000000  -0.748159   0.004917  -0.052103  -0.015869   0.000000   0.036152
        7.8961 3   0.000002   0.000002   0.306444    0.060169   0.000000  -0.753046   0.000000  -0.038066  -0.024599   0.000000   0.032556
        7.7482 5   0.000709   0.000709   0.363535    0.056179   0.000000  -0.777635   0.000000  -0.051023  -0.021317   0.000000   0.037412
        7.6522 4   0.001844   0.001844   0.327248    0.062469   0.000000  -0.779505   0.000000  -0.052638  -0.018814   0.000000   0.035900
        7.8045 5   0.000292   0.000292   0.312649    0.040281   0.000000  -0.759350   0.000000  -0.044875  -0.012798   0.000000   0.032158
        8.0116 4   0.000328   0.000328   0.285475    0.050408   0.000000  -0.733689   0.000000  -0.045915  -0.020041   0.000000   0.035039
        7.8321 5   0.000153   0.000153   0.356672    0.041442   0.000000  -0.771390   0.004067  -0.047802  -0.018306   0.000000   0.031615
        7.7800 4   0.000451   0.000451   0.318022    0.028643   0.000017  -0.732552   0.000000  -0.044657  -0.014562   0.000000   0.032815
        7.8278 4   0.000172   0.000172   0.339145    0.047066   0.000000  -0.744750   0.000000  -0.040124  -0.019440   0.000000   0.034311
        8.1148 4   0.001270   0.001270   0.344558    0.043931   0.000007  -0.758999   0.000000  -0.029987  -0.007021   0.000000   0.033975
        7.7366 5   0.000818   0.000818   0.292696    0.052672   0.000000  -0.727806   0.000000  -0.057702  -0.025705  -0.012648   0.038215
        8.1006 4   0.001104   0.001104   0.332155    0.048878   0.000000  -0.778098   0.000000  -0.037292  -0.022110   0.000000   0.035395
        7.7017 5   0.001192   0.001192   0.298371    0.048587   0.000000  -0.771183   0.000000  -0.049184  -0.016926   0.000000   0.034783
        7.7404 3   0.000782   0.000782   0.295218    0.070967   0.000000  -0.807245   0.000000  -0.036340  -0.017424   0.000000   0.032078
        7.4092 3   0.007092   0.007092   0.305989    0.063406   0.000000  -0.862736   0.001157  -0.034468  -0.018117   0.000000   0.034783
        7.4292 5   0.006530   0.006530   0.350044    0.035474   0.000000  -0.822555   0.000000  -0.061212  -0.021479  -0.010156   0.032405
        8.0831 4   0.000915   0.000915   0.300080    0.060066   0.000000  -0.855587   0.000000  -0.047986  -0.021343   0.000000   0.032611
        8.2017 4   0.002540   0.002540   0.356874    0.045391   0.000000  -0.858232   0.000000  -0.048358  -0.024399   0.000000   0.032236
        8.0951 4   0.001043   0.001043   0.313596    0.046266   0.000000  -0.841238   0.000000  -0.048094  -0.023835   0.000000   0.029867
        7.8826 5   0.000015   0.000015   0.322506    0.044639   0.000000  -0.867332   0.000000  -0.049108  -0.020851   0.000000   0.032778
        8.0834 5   0.000918   0.000918   0.352284    0.073835   0.000000  -0.886083   0.000000  -0.068218  -0.023321   0.000000   0.038233
        7.8203 4   0.000207   0.000207   0.322964    0.050647   0.000000  -0.829476   0.000000  -0.030381  -0.013736   0.000000   0.030653
        7.9975 4   0.000247   0.000247   0.324205    0.031850   0.000000  -0.824439   0.000000  -0.035595  -0.016561   0.000000   0.032798
        7.6671 4   0.001633   0.001633   0.324717    0.041217   0.000000  -0.813303   0.000000  -0.043286  -0.024154   0.000000   0.030999
        7.5726 5   0.003187   0.003187   0.367834    0.064616   0.000000  -0.844707   0.000000  -0.061261  -0.016937   0.000000   0.031557
        7.9319 4   0.000021   0.000021   0.312806    0.066437   0.000000  -0.812517   0.000000  -0.037245  -0.013810   0.000000   0.028183
        7.9775 5   0.000152   0.000152   0.320272    0.047122   0.002439  -0.862145   0.000000  -0.051396  -0.021541   0.000000   0.030402
        7.9076 5   0.000000   0.000000   0.310900    0.046870   0.000000  -0.813357   0.000000  -0.044913  -0.016817   0.000000   0.031034
        8.1392 4   0.001582   0.001582   0.312986    0.038869   0.000000  -0.830055   0.000000  -0.047594  -0.013712   0.000000   0.035283
        7.8157 5   0.000230   0.000230   0.288442    0.039896   0.000370  -0.768966   0.000000  -0.052372  -0.023590   0.000000   0.030720
        7.6530 3   0.001832   0.001832   0.334034    0.054924   0.000000  -0.799295   0.000008  -0.030684  -0.016564   0.000000   0.030704
        7.8378 4   0.000130   0.000130   0.340612    0.042179   0.000000  -0.761041   0.000000  -0.045876  -0.015201   0.000000   0.033948
        8.2457 4   0.003348   0.003348   0.321076    0.043356   0.000000  -0.729652   0.000000  -0.052305  -0.016553   0.000000   0.032911
        7.6842 3   0.001406   0.001406   0.320642    0.044255   0.000000  -0.746635   0.005319  -0.041385  -0.014139   0.000000   0.032174
        7.8502 3   0.000087   0.000087   0.304065    0.058184   0.000739  -0.764992   0.000000  -0.042717  -0.014933   0.000000   0.031741
        8.2445 3   0.003325   0.003325   0.350114    0.044033   0.000000  -0.807412   0.000000  -0.040204  -0.014166   0.000000   0.036160
        7.9357 3   0.000027   0.000027   0.310288    0.040091   0.000000  -0.789945   0.000000  -0.028454  -0.014743   0.000000   0.031740
        7.8198 4   0.000210   0.000210   0.337628    0.036680   0.000000  -0.831395   0.000000  -0.038963  -0.017200   0.000000   0.026729
        7.8343 3   0.000144   0.000144   0.296273    0.066822   0.000000  -0.802969   0.000258  -0.037454  -0.014903   0.000000   0.035813
        7.8683 4   0.000039   0.000039   0.331130    0.040517   0.000000  -0.798441   0.000000  -0.039518  -0.014434   0.000000   0.031762
        7.6563 2   0.001784   0.001784   0.300780    0.029041   0.000000  -0.783008   0.000000  -0.017502  -0.008094   0.000000   0.029509
        7.4313 3   0.006474   0.006474   0.345176    0.046228   0.000000  -0.835796   0.000400  -0.039740  -0.013516   0.000000   0.033878
        8.2294 0   0.003036   0.003036   0.339510    0.049561   0.000000  -0.875365   0.000000   0.000000   0.000000   0.000000   0.026351
        7.9975 0   0.000247   0.000247   0.296771    0.044990   0.000000  -0.809734   0.000000   0.000000   0.000000   0.000000   0.025306
        7.8984 0   0.000001   0.000001   0.321772    0.059303   0.000000  -0.819821   0.000000   0.000000   0.000000   0.000000   0.027878
        8.0851 0   0.000935   0.000935   0.345644    0.059165   0.000000  -0.827777   0.000000   0.000000   0.000000   0.000000   0.029585
        7.8873 0   0.000009   0.000009   0.367387    0.031256   0.000000  -0.806020   0.000000   0.000000   0.000000   0.000000   0.031543
        8.1017 0   0.001116   0.001116   0.348557    0.064113   0.000000  -0.813638   0.000000   0.000000   0.000000   0.000000   0.032571
        7.8529 0   0.000078   0.000078   0.296488    0.060096   0.000000  -0.771924   0.000000   0.000000  -0.000006   0.000000   0.026911
        7.9209 0   0.000007   0.000007   0.374957    0.048814   0.000000  -0.755066   0.000000   0.000000   0.000000   0.000000   0.026406
        7.9103 0   0.000001   0.000001   0.342887    0.062653   0.000002  -0.764774   0.000000   0.000000   0.000000   0.000000   0.028569
        7.8976 0   0.000002   0.000002   0.274566    0.064408   0.000000  -0.666688   0.000000   0.000000   0.000000   0.000000   0.028115
        7.9974 0   0.000247   0.000247   0.314950    0.051065   0.000000  -0.710974   0.000000   0.000000   0.000000   0.000000   0.029988
        7.7260 0   0.000924   0.000924   0.361115    0.046477   0.000000  -0.690726   0.000000   0.000000  -0.000000   0.000000   0.026701
        7.8606 0   0.000057   0.000057   0.378694    0.042301   0.000000  -0.704787   0.000000   0.000000   0.000000   0.000000   0.029495
        8.0202 0   0.000383   0.000383   0.304467    0.062648   0.000000  -0.676399   0.000000   0.000000   0.000000   0.000000   0.026295
        8.1911 0   0.002362   0.002362   0.372521    0.038399   0.000000  -0.744854   0.000000   0.000000   0.000000   0.000000   0.026835
        7.8567 0   0.000067   0.000067   0.342801    0.054779   0.000000  -0.733666   0.000000   0.000000   0.000000   0.000000   0.029639
        7.7288 0   0.000896   0.000896   0.355184    0.036560   0.000000  -0.746242   0.007556   0.000000   0.000000   0.000000   0.032782
        8.0774 0   0.000858   0.000858   0.338903    0.047015   0.000000  -0.753264   0.000000   0.000000   0.000000   0.000000   0.031408
        7.9913 0   0.000215   0.000215   0.323360    0.054701   0.000000  -0.802790   0.000000   0.000000  -0.000414   0.000000   0.027828
        7.8923 0   0.000005   0.000005   0.325146    0.061906   0.000000  -0.768596   0.000000   0.000000   0.000000   0.000000   0.031814
        8.1129 0   0.001247   0.001247   0.360746    0.039549   0.000032  -0.736087   0.000000   0.000000  -0.000041   0.000000   0.028736
        8.0308 0   0.000457   0.000457   0.347697    0.051179   0.001382  -0.740146   0.000000   0.000000  -0.000000   0.000000   0.029814
        7.8711 0   0.000033   0.000033   0.317384    0.053661   0.000000  -0.687327   0.000000   0.000000   0.000000   0.000000   0.027580
        8.2517 0   0.003467   0.003467   0.351101    0.044010   0.000000  -0.700020   0.000000   0.000000   0.000000  -0.005746   0.025422
        8.0049 0   0.000288   0.000288   0.331627    0.059203   0.000309  -0.656965   0.000000   0.000000   0.000000   0.000000   0.024320
        7.6090 0   0.002527   0.002527   0.346139    0.054468   0.000000  -0.702275   0.000000   0.000000  -0.000000   0.000000   0.032973
        7.7920 0   0.000368   0.000368   0.316342    0.041523   0.000000  -0.628610   0.000000   0.000000  -0.000000   0.000000   0.034583
        8.3205 0   0.004981   0.004981   0.321333    0.062229   0.000000  -0.624267   0.000000   0.000000  -0.000003   0.000000   0.032343
        8.2535 0   0.003504   0.003504   0.346293    0.051080   0.000000  -0.582484   0.000000   0.000000   0.000000   0.000000   0.028027
        7.7843 0   0.000420   0.000420   0.359868    0.032465   0.000000  -0.598849   0.000000   0.000000   0.000000   0.000000   0.037862
        7.9888 0   0.000203   0.000203   0.382487    0.033166   0.000000  -0.576696   0.000000   0.000000   0.000000   0.000000   0.034675
        8.1935 0   0.002401   0.002401   0.332530    0.048842   0.000000  -0.563391   0.000000   0.000000  -0.000072   0.000000   0.023298
        7.7489 0   0.000703   0.000703   0.373369    0.043154   0.000537  -0.608604   0.000000   0.000000   0.000000   0.000000   0.028495
        7.6386 0   0.002047   0.002047   0.355105    0.037327   0.000000  -0.598928   0.000000   0.000000   0.000000   0.000000   0.029262
        8.2839 0   0.004142   0.004142   0.326288    0.025213   0.000000  -0.592617   0.000000   0.000000   0.000000   0.000000   0.027111
        8.0333 0   0.000475   0.000475   0.371199    0.032195   0.000000  -0.631025   0.000000   0.000000   0.000000   0.000000   0.028846
        8.0482 0   0.000592   0.000592   0.320264    0.060154   0.000000  -0.590813   0.000000   0.000000   0.000000   0.000000   0.029438
        7.7020 0   0.001189   0.001189   0.326822    0.058646   0.000000  -0.580777   0.000000   0.000000   0.000000   0.000000   0.027169
        7.9669 0   0.000111   0.000111   0.355274    0.049231   0.000000  -0.677329   0.000000   0.000000   0.000000   0.000000   0.029297
        8.0783 0   0.000866   0.000866   0.305434    0.050873   0.000002  -0.674237   0.000000   0.000000   0.000000   0.000000   0.034966
        7.8864 0   0.000010   0.000010   0.356056    0.056312   0.000000  -0.675973   0.000000   0.000000   0.000000   0.000000   0.033820
        8.0369 0   0.000502   0.000502   0.383960    0.061086   0.000000  -0.707006   0.000000   0.000000   0.000000   0.000000   0.032173
        7.9037 0   0.000000   0.000000   0.356388    0.046052   0.000000  -0.683050   0.000000   0.000000   0.000000   0.000000   0.025071
        7.8952 0   0.000003   0.000003   0.375871    0.051408   0.000000  -0.706624   0.000000   0.000000   0.000000   0.000000   0.030247
        8.0355 0   0.000491   0.000491   0.324406    0.053836   0.001051  -0.704777   0.000000   0.000000   0.000000   0.000000   0.028320
        7.8809 0   0.000017   0.000017   0.303132    0.057740   0.000000  -0.684092   0.000000   0.000000   0.000000   0.000000   0.026890
        7.9773 0   0.000151   0.000151   0.358161    0.045643   0.000000  -0.678402   0.000000   0.000000   0.000000   0.000000   0.028293
        8.0057 0   0.000293   0.000293   0.374713    0.045890   0.000000  -0.736614   0.000000   0.000000   0.000000   0.000000   0.032193
        8.0188 0   0.000374   0.000374   0.327402    0.066001   0.000000  -0.746703   0.000000   0.000000   0.000000   0.000000   0.029825
        7.7903 0   0.000380   0.000380   0.356665    0.044079   0.000000  -0.751069   0.000000   0.000000   0.000000   0.000000   0.025124
        8.1375 0   0.001559   0.001559   0.345381    0.056244   0.000000  -0.737413   0.000000   0.000000   0.000000   0.000000   0.026717
        8.1908 0   0.002357   0.002357   0.293376    0.063332   0.000000  -0.784873   0.000000   0.000000   0.000000   0.000000   0.028286
        7.7145 0   0.001047   0.001047   0.363700    0.048413   0.000000  -0.827370   0.000000   0.000000   0.000000   0.000000   0.028761
        7.9119 0   0.000001   0.000001   0.329572    0.086022   0.000000  -0.829643   0.000000   0.000000  -0.000003   0.000000   0.031464
        8.0361 0   0.000495   0.000495   0.310040    0.047289   0.000000  -0.776459   0.000000   0.000000   0.000000   0.000000   0.031024
        7.9083 0   0.000000   0.000000   0.321151    0.033358   0.000000  -0.763356   0.000000   0.000000   0.000000   0.000000   0.026623
        8.0169 0   0.000361   0.000361   0.342045    0.051501   0.000000  -0.782115   0.000000   0.000000   0.000000   0.000000   0.031128
        7.9549 0   0.000072   0.000072   0.314336    0.040792   0.000000  -0.721769   0.000000   0.000000   0.000000   0.000000   0.030626
        8.0350 0   0.000488   0.000488   0.286183    0.070952   0.000000  -0.780633   0.000000   0.000000   0.000000   0.000000   0.033646
        8.2003 0   0.002516   0.002516   0.301992    0.048726   0.000000  -0.721113   0.000000   0.000000  -0.000070   0.000000   0.029269
        8.0341 0   0.000481   0.000481   0.354470    0.058356   0.000000  -0.755581   0.000000   0.000000   0.000000  -0.000001   0.024790
        7.8252 0   0.000184   0.000184   0.321393    0.052864   0.000000  -0.708397   0.000000   0.000000   0.000000   0.000000   0.031421
        7.7223 0   0.000963   0.000963   0.337924    0.044081   0.000000  -0.726723   0.000000   0.000000   0.000000   0.000000   0.031418
        8.1634 0   0.001927   0.001927   0.285690    0.042407   0.000000  -0.687776   0.000000   0.000000   0.000000   0.000000   0.032621
        7.5688 0   0.003261   0.003261   0.336667    0.052194   0.000000  -0.754319   0.000000   0.000000   0.000000   0.000000   0.029218
        7.5600 0   0.003433   0.003433   0.338855    0.044287   0.000000  -0.745588   0.000000   0.000000   0.000000   0.000000   0.026233
        7.9867 0   0.000193   0.000193   0.303339    0.043166   0.000000  -0.693698   0.000000   0.000000   0.000000   0.000000   0.026156
        7.9191 0   0.000006   0.000006   0.295829    0.041711   0.000000  -0.650944   0.000000   0.000000   0.000000   0.000000   0.028686
        7.9499 0   0.000058   0.000058   0.295368    0.040915   0.000000  -0.606316   0.000000   0.000000   0.000000   0.000000   0.025908
        7.6694 0   0.001602   0.001602   0.325900    0.041903   0.000684  -0.677416   0.000000   0.000000   0.000000   0.000000   0.031037
        7.9718 0   0.000129   0.000129   0.330950    0.053799   0.000000  -0.638811   0.000000   0.000000   0.000000   0.000000   0.022243
        7.9746 0   0.000140   0.000140   0.378429    0.044211   0.000000  -0.695955   0.000000   0.000000   0.000000   0.000000   0.038789
        8.1304 0   0.001465   0.001465   0.328798    0.062455   0.000144  -0.683968   0.000000   0.000000   0.000000   0.000000   0.031744
        7.9685 0   0.000116   0.000116   0.325772    0.048535   0.000105  -0.654227   0.000000   0.000000   0.000000   0.000000   0.036389
        7.9049 0   0.000000   0.000000   0.341672    0.042517   0.000007  -0.660881   0.000000   0.000000   0.000000   0.000000   0.026257
        7.8036 0   0.000297   0.000297   0.297948    0.047056   0.000000  -0.640705   0.000000   0.000000   0.000000   0.000000   0.030968
        7.7125 0   0.001069   0.001069   0.358101    0.049412   0.000000  -0.672402   0.000000   0.000000   0.000000   0.000000   0.030218
        8.0297 0   0.000449   0.000449   0.328363    0.052587   0.000000  -0.683210   0.000000   0.000000   0.000000   0.000000   0.036556
        7.7381 0   0.000803   0.000803   0.285602    0.047363   0.000000  -0.658882   0.000000   0.000000   0.000000   0.000000   0.024785
        7.8587 0   0.000062   0.000062   0.365676    0.069642   0.000000  -0.714748   0.000000   0.000000   0.000000   0.000000   0.028218
        7.9637 0   0.000100   0.000100   0.363030    0.051358   0.000000  -0.698570   0.000000   0.000000   0.000000   0.000000   0.024161
        7.6028 0   0.002634   0.002634   0.327182    0.057380   0.000014  -0.655636   0.000000   0.000000  -0.000012   0.000000   0.034849
        7.9769 0   0.000149   0.000149   0.347634    0.046484   0.000000  -0.657009   0.000000   0.000000   0.000000   0.000000   0.029403
        8.2617 0   0.003669   0.003669   0.390925    0.055404   0.000000  -0.733588   0.000000   0.000000   0.000000   0.000000   0.028957
        8.1299 0   0.001459   0.001459   0.327354    0.053038   0.000421  -0.685051   0.000000   0.000000   0.000000   0.000000   0.029494
        8.0820 0   0.000903   0.000903   0.325112    0.049766   0.000000  -0.682958   0.000049   0.000000   0.000000   0.000000   0.029481
        7.5732 0   0.003175   0.003175   0.316168    0.053061   0.000000  -0.716060   0.000000   0.000000   0.000000   0.000000   0.029004
        7.8872 0   0.000009   0.000009   0.338700    0.053914   0.000000  -0.686137   0.000000   0.000000   0.000000   0.000000   0.027403
        7.7237 0   0.000948   0.000948   0.364987    0.054722   0.000000  -0.652985   0.000000   0.000000  -0.000000   0.000000   0.028477
        7.8090 0   0.000266   0.000266   0.373397    0.034637   0.000000  -0.682430   0.000000   0.000000   0.000000   0.000000   0.035880
        7.9289 0   0.000017   0.000017   0.386038    0.046441   0.000000  -0.704701   0.000000   0.000000   0.000000   0.000000   0.028050
        8.0001 0   0.000261   0.000261   0.341370    0.041035   0.000000  -0.700681   0.000000   0.000000   0.000000   0.000000   0.033413
        7.9779 0   0.000153   0.000153   0.345732    0.062014   0.000000  -0.717390   0.000000   0.000000   0.000000   0.000000   0.029472
        8.0947 0   0.001038   0.001038   0.290169    0.059661   0.000000  -0.709539   0.000000   0.000000   0.000000   0.000000   0.028965
        8.1107 0   0.001221   0.001221   0.322917    0.039325   0.000000  -0.670632   0.000000   0.000000   0.000000   0.000000   0.033634
        8.2260 0   0.002973   0.002973   0.381272    0.063566   0.000000  -0.750768   0.000000   0.000000   0.000000   0.000000   0.027543
        7.7397 0   0.000788   0.000788   0.282404    0.049752   0.000000  -0.720086   0.000000   0.000000   0.000000   0.000000   0.032714
        7.8289 0   0.000167   0.000167   0.366813    0.065897   0.000000  -0.780252   0.000380   0.000000   0.000000   0.000000   0.034360
        7.9307 0   0.000019   0.000019   0.356483    0.054954   0.000000  -0.728682   0.000000   0.000000   0.000000   0.000000   0.027347
        7.8386 0   0.000127   0.000127   0.378981    0.050969   0.000000  -0.782148   0.000000   0.000000   0.000000   0.000000   0.029471
        7.9417 0   0.000039   0.000039   0.333261    0.055687   0.000000  -0.749002   0.000000   0.000000   0.000000   0.000000   0.028762
        8.1212 0   0.001348   0.001348   0.305962    0.041276   0.000000  -0.765525   0.000000   0.000000  -0.000021   0.000000   0.029783
        7.9572 0   0.000079   0.000079   0.341411    0.043916   0.000000  -0.778475   0.000000   0.000000   0.000000   0.000000   0.030936
        7.9221 0   0.000008   0.000008   0.315631    0.053842   0.000007  -0.761603   0.000000   0.000000   0.000000   0.000000   0.030400
        7.7478 0   0.000712   0.000712   0.308449    0.040085   0.000000  -0.732555   0.000000   0.000000   0.000000   0.000000   0.031031
        7.8533 0   0.000077   0.000077   0.319275    0.040353   0.000000  -0.702423   0.000000   0.000000   0.000000   0.000000   0.026702
        7.9242 0   0.000011   0.000011   0.329080    0.097365   0.000000  -0.745494   0.000000   0.000000   0.000000   0.000000   0.024967
        7.9954 0   0.000236   0.000236   0.331420    0.054497   0.000000  -0.729517   0.000000   0.000000  -0.003747   0.000000   0.033310
        7.7027 0   0.001181   0.001181   0.330591    0.045105   0.000000  -0.756394   0.000000   0.000000   0.000000   0.000000   0.031833
        7.9241 0   0.000011   0.000011   0.286450    0.058232   0.000000  -0.767480   0.000000   0.000000   0.000000   0.000000   0.029436
        8.0327 0   0.000470   0.000470   0.305318    0.043947   0.000000  -0.761135   0.000000   0.000000   0.000000   0.000000   0.029444
        7.6650 0   0.001662   0.001662   0.354159    0.039318   0.000000  -0.797503   0.000000   0.000000   0.000000   0.000000   0.024480
        8.0039 0   0.000282   0.000282   0.359721    0.049729   0.000000  -0.778483   0.000000   0.000000   0.000000   0.000000   0.026305
        7.8452 0   0.000103   0.000103   0.325260    0.047110   0.000000  -0.751056   0.000000   0.000000   0.000000   0.000000   0.027326
        7.8809 0   0.000017   0.000017   0.297146    0.046034   0.000000  -0.670551   0.000000   0.000000   0.000000   0.000000   0.025295
        7.9891 0   0.000204   0.000204   0.280840    0.050952   0.001525  -0.675281   0.001575   0.000000  -0.000000   0.000000   0.030598
        7.8618 0   0.000054   0.000054   0.316275    0.050728   0.000000  -0.683430   0.000000   0.000000   0.000000   0.000000   0.030936
        7.8434 0   0.000109   0.000109   0.300269    0.052008   0.000000  -0.638241   0.000000   0.000000   0.000000   0.000000   0.032947
        7.6484 0   0.001900   0.001900   0.293882    0.038714   0.000000  -0.621622   0.000269   0.000000   0.000000   0.000000   0.031127
        7.8724 0   0.000031   0.000031   0.305101    0.047263   0.000000  -0.643066   0.000000   0.000000   0.000000   0.000000   0.029924
        7.7352 0   0.000831   0.000831   0.336688    0.041297   0.000782  -0.595886   0.000000   0.000000   0.000000   0.000000   0.030516
        8.1296 0   0.001455   0.001455   0.356135    0.067584   0.000000  -0.624043   0.000000   0.000000   0.000000   0.000000   0.029557
        7.9339 0   0.000024   0.000024   0.390795    0.043019   0.000000  -0.688146   0.000000   0.000000  -0.000054   0.000000   0.029746
        7.7067 0   0.001134   0.001134   0.348774    0.046620   0.000000  -0.632622   0.000000   0.000000  -0.000004   0.000000   0.034125
        8.0354 0   0.000491   0.000491   0.361015    0.072729   0.000000  -0.658172   0.000000   0.000000   0.000000   0.000000   0.028822
        7.9668 0   0.000110   0.000110   0.372205    0.045502   0.000000  -0.649430   0.000000   0.000000   0.000000   0.000000   0.037158
        8.0901 0   0.000988   0.000988   0.351617    0.034099   0.006701  -0.643485   0.000000   0.000000   0.000000   0.000000   0.028304
        8.0829 0   0.000913   0.000913   0.364394    0.073868   0.000000  -0.706081   0.000000   0.000000   0.000000   0.000000   0.025525
        8.0057 0   0.000293   0.000293   0.374572    0.060410   0.000000  -0.651655   0.000000   0.000000  -0.000191   0.000000   0.029640
        7.8969 0   0.000002   0.000002   0.344207    0.040735   0.001704  -0.599995   0.000000   0.000000   0.000000   0.000000   0.033664
        8.3149 0   0.004846   0.004846   0.389618    0.046982   0.000402  -0.640284   0.000000   0.000000   0.000000   0.000000   0.028053
        7.6802 0   0.001458   0.001458   0.373406    0.044903   0.000000  -0.711586   0.000000   0.000000   0.000000   0.000000   0.031486
        7.7944 0   0.000353   0.000353   0.305086    0.065755   0.000000  -0.662221   0.000000   0.000000   0.000000   0.000000   0.027371
        7.6018 0   0.002651   0.002651   0.312015    0.047507   0.000000  -0.696969   0.000000   0.000000   0.000000   0.000000   0.029264
        7.9954 0   0.000236   0.000236   0.324816    0.051512   0.000804  -0.732168   0.000000   0.000000   0.000000   0.000000   0.026853
        8.2021 0   0.002546   0.002546   0.351215    0.049134   0.000000  -0.698405   0.000000   0.000000   0.000000   0.000000   0.026075
        7.5787 0   0.003072   0.003072   0.354189    0.043107   0.000000  -0.637438   0.000000   0.000000   0.000000   0.000000   0.030301
        8.0401 0   0.000527   0.000527   0.343143    0.060162   0.000000  -0.633080   0.000000   0.000000   0.000000   0.000000   0.029219
        8.0784 0   0.000868   0.000868   0.294043    0.048803   0.000000  -0.594708   0.000000   0.000000   0.000000   0.000000   0.028590
        7.3347 0   0.009381   0.009381   0.354927    0.039061   0.000000  -0.601195   0.000000   0.000000   0.000000   0.000000   0.031420
        7.8905 0   0.000006   0.000006   0.352436    0.039523   0.000000  -0.623268   0.000000   0.000000  -0.000713   0.000000   0.028392
        8.2867 0   0.004202   0.004202   0.312087    0.066225   0.000000  -0.593629   0.000000   0.000000   0.000000   0.000000   0.027229
        8.0764 0   0.000848   0.000848   0.393030    0.040856   0.000000  -0.650602   0.000000   0.000000  -0.001200   0.000000   0.035127
        7.4286 0   0.006546   0.006546   0.392631    0.053182   0.000000  -0.678591   0.000000   0.000000   0.000000   0.000000   0.028908
        7.9501 0   0.000059   0.000059   0.360212    0.053097   0.000000  -0.649655   0.000000   0.000000   0.000000   0.000000   0.033558
        7.8860 0   0.000010   0.000010   0.366141    0.058694   0.000427  -0.650657   0.000000   0.000000   0.000000   0.000000   0.029843
        7.9717 0   0.000128   0.000128   0.299016    0.044654   0.000000  -0.614997   0.001001   0.000000   0.000000   0.000000   0.028859
        7.8825 0   0.000015   0.000015   0.308989    0.054531   0.000000  -0.656435   0.000000   0.000000   0.000000   0.000000   0.033582
        8.0945 0   0.001036   0.001036   0.319814    0.051511   0.000000  -0.671340   0.000000   0.000000   0.000000   0.000000   0.029735
        7.7017 0   0.001192   0.001192   0.341502    0.055420   0.000000  -0.688366   0.000298   0.000000   0.000000   0.000000   0.030008
        7.7610 0   0.000598   0.000598   0.340921    0.050842   0.000000  -0.665768   0.000000   0.000000   0.000000   0.000000   0.034292
        8.0380 0   0.000511   0.000511   0.318634    0.051423   0.000000  -0.647624   0.000000   0.000000   0.000000   0.000000   0.036218
        7.6769 0   0.001501   0.001501   0.389142    0.033535   0.000000  -0.737906   0.000000   0.000000   0.000000   0.000000   0.027722
        7.7662 0   0.000556   0.000556   0.306967    0.080914   0.000000  -0.658188   0.000000   0.000000   0.000000   0.000000   0.030149
        8.1048 0   0.001151   0.001151   0.380464    0.050018   0.000000  -0.707409   0.000000   0.000000   0.000000   0.000000   0.027980
        8.1102 0   0.001214   0.001214   0.330445    0.052196   0.000000  -0.712887   0.000026   0.000000   0.000000   0.000000   0.031755
        7.9686 0   0.000117   0.000117   0.364947    0.042684   0.000000  -0.663888   0.000630  -0.000671  -0.000108   0.000000   0.028950
        7.7235 0   0.000950   0.000950   0.352799    0.049560   0.000000  -0.661013   0.000000   0.000000   0.000000   0.000000   0.033571
        8.1704 0   0.002032   0.002032   0.329017    0.052159   0.000000  -0.623805   0.000000   0.000000   0.000000   0.000000   0.024255
        7.8261 0   0.000179   0.000179   0.291565    0.043271   0.000000  -0.625564   0.000000   0.000000   0.000000   0.000000   0.034956
        7.8082 0   0.000270   0.000270   0.362394    0.039568   0.000000  -0.624670   0.000000   0.000000   0.000000   0.000000   0.028463
        7.9289 0   0.000017   0.000017   0.329575    0.054562   0.000192  -0.663283   0.000000  -0.004786  -0.000564   0.000000   0.026733
        8.3299 0   0.005208   0.005208   0.304849    0.037039   0.000000  -0.616629   0.000000   0.000000   0.000000   0.000000   0.029237
        7.8538 0   0.000076   0.000076   0.352928    0.043554   0.000000  -0.653344   0.000000   0.000000   0.000000   0.000000   0.028518
        7.6744 0   0.001534   0.001534   0.295423    0.040510   0.000000  -0.622685   0.000000   0.000000   0.000000  -0.000641   0.030611
        8.0406 0   0.000530   0.000530   0.345306    0.022815   0.000000  -0.634122   0.000000   0.000000   0.000000   0.000000   0.026508
        7.8187 0   0.000215   0.000215   0.306106    0.072427   0.000000  -0.672023   0.000000   0.000000  -0.000001   0.000000   0.034307
        7.6190 0   0.002360   0.002360   0.313110    0.051131   0.002514  -0.621606   0.000000   0.000000   0.000000   0.000000   0.028641
        8.0096 0   0.000316   0.000316   0.376318    0.045299   0.000144  -0.652896   0.000000   0.000000   0.000000   0.000000   0.027100
        8.1860 0   0.002277   0.002277   0.311405    0.035906   0.000000  -0.608122   0.000000  -0.002964  -0.000000   0.000000   0.029041
        8.2163 0   0.002795   0.002795   0.281391    0.058718   0.000000  -0.573811   0.000000   0.000000   0.000000   0.000000   0.032910
        8.0917 0   0.001005   0.001005   0.319754    0.061412   0.002025  -0.596930   0.000000   0.000000  -0.000008   0.000000   0.037968
        7.9981 0   0.000250   0.000250   0.350300    0.044323   0.000000  -0.581127   0.000000   0.000000   0.000000   0.000000   0.035902
        7.5616 0   0.003402   0.003402   0.350119    0.039009   0.000000  -0.631075   0.000000   0.000000   0.000000   0.000000   0.028709
        7.5973 0   0.002732   0.002732   0.343314    0.040817   0.000000  -0.625162   0.000000   0.000000  -0.000000   0.000000   0.036880
        7.9257 0   0.000012   0.000012   0.344621    0.050019   0.000000  -0.655864   0.000000   0.000000   0.000000   0.000000   0.034089
        7.8454 0   0.000102   0.000102   0.332303    0.036056   0.000000  -0.694390   0.000334   0.000000   0.000000   0.000000   0.032304
        7.9072 0   0.000000   0.000000   0.363144    0.065309   0.002456  -0.696782   0.000000   0.000000  -0.000000   0.000000   0.030332
        7.9048 0   0.000000   0.000000   0.329499    0.051103   0.000000  -0.702638   0.000000   0.000000   0.000000   0.000000   0.029100
        7.3512 0   0.008848   0.008848   0.321594    0.046106   0.000000  -0.707321   0.000000   0.000000   0.000000   0.000000   0.027836
        7.9113 0   0.000001   0.000001   0.312209    0.055947   0.000000  -0.724547   0.000133   0.000000   0.000000   0.000000   0.036622
        8.0520 0   0.000623   0.000623   0.341108    0.034910   0.000000  -0.764930   0.000000   0.000000   0.000000   0.000000   0.028815
        7.7598 0   0.000608   0.000608   0.378436    0.039782   0.000000  -0.777040   0.000000   0.000000   0.000000   0.000000   0.027895
        7.9052 0   0.000000   0.000000   0.299424    0.047863   0.000428  -0.708353   0.000000   0.000000   0.000000   0.000000   0.030492
        8.0179 0   0.000367   0.000367   0.305647    0.055199   0.000000  -0.747126   0.000006   0.000000   0.000000   0.000000   0.028613
        7.9131 0   0.000002   0.000002   0.367955    0.033215   0.000000  -0.786819   0.000000   0.000000   0.000000   0.000000   0.028706
        7.7837 0   0.000424   0.000424   0.322516    0.049402   0.000000  -0.776513   0.000000   0.000000   0.000000   0.000000   0.026749
        7.9393 0   0.000034   0.000034   0.335973    0.058771   0.000000  -0.798688   0.000000   0.000000   0.000000   0.000000   0.029471
        7.8090 0   0.000266   0.000266   0.351867    0.049627   0.000000  -0.784163   0.000000  -0.008720  -0.005647   0.000000   0.029651
        8.0869 0   0.000954   0.000954   0.379211    0.060179   0.000000  -0.829696   0.000000   0.000000   0.000000   0.000000   0.026579
        7.8135 0   0.000241   0.000241   0.322558    0.041783   0.000000  -0.755069   0.000000   0.000000   0.000000   0.000000   0.028085
        7.7386 0   0.000799   0.000799   0.315442    0.037904   0.000000  -0.765341   0.000000   0.000000   0.000000   0.000000   0.029027
        8.0188 0   0.000374   0.000374   0.286113    0.052585   0.000000  -0.758571   0.000379   0.000000   0.000000   0.000000   0.027640
        7.8984 0   0.000001   0.000001   0.333043    0.040075   0.000000  -0.763696   0.000000   0.000000  -0.000220   0.000000   0.028862
        7.8403 0   0.000121   0.000121   0.281228    0.049373   0.000000  -0.691166   0.002540   0.000000   0.000000   0.000000   0.028638
        8.0532 0   0.000634   0.000634   0.281572    0.038667   0.000000  -0.741670   0.000000   0.000000   0.000000   0.000000   0.031362
        7.8227 0   0.000195   0.000195   0.284945    0.045205   0.000943  -0.749315   0.000000   0.000000   0.000000   0.000000   0.028778
        7.6708 0   0.001582   0.001582   0.312939    0.045755   0.000000  -0.744973   0.000000   0.000000   0.000000   0.000000   0.031262
        7.6705 0   0.001586   0.001586   0.340342    0.062396   0.000000  -0.738696   0.000000   0.000000   0.000000   0.000000   0.031914
        8.0872 0   0.000958   0.000958   0.273695    0.057198   0.000000  -0.648226   0.000000   0.000000   0.000000  -0.004905   0.029519
        8.5692 0   0.012724   0.012724   0.350095    0.056390   0.000000  -0.652711   0.000000   0.000000   0.000000   0.000000   0.027590
        8.1394 0   0.001585   0.001585   0.354459    0.067223   0.000000  -0.736596   0.000020   0.000000   0.000000   0.000000   0.032812
        7.7124 0   0.001070   0.001070   0.352167    0.044335   0.000000  -0.709660   0.000000   0.000000  -0.000021   0.000000   0.029057
        7.9897 0   0.000207   0.000207   0.278234    0.077229   0.000000  -0.675863   0.000000   0.000000   0.000000   0.000000   0.034051
        7.9156 0   0.000003   0.000003   0.280616    0.055658   0.000000  -0.649242   0.000000   0.000000   0.000000   0.000000   0.030439
        8.0784 0   0.000867   0.000867   0.288342    0.043149   0.000000  -0.630383   0.000000   0.000000   0.000000   0.000000   0.031019
        8.0786 0   0.000869   0.000869   0.333647    0.048360   0.000005  -0.700202   0.000000   0.000000   0.000000   0.000000   0.030691
        7.6063 0   0.002574   0.002574   0.274418    0.055934   0.000239  -0.729561   0.000000   0.000000   0.000000   0.000000   0.030229
        7.8906 0   0.000006   0.000006   0.331161    0.045511   0.000000  -0.738981   0.000000   0.000000   0.000000   0.000000   0.034978
        7.9033 0   0.000000   0.000000   0.352938    0.040904   0.000000  -0.736154   0.000000   0.000000   0.000000   0.000000   0.027950
        8.0877 0   0.000962   0.000962   0.341771    0.058755   0.000233  -0.724413   0.000000   0.000000   0.000000   0.000000   0.029700
        8.2418 0   0.003273   0.003273   0.410216    0.044327   0.000000  -0.755704   0.000000   0.000000   0.000000   0.000000   0.029519
        8.0224 0   0.000397   0.000397   0.271980    0.059300   0.000000  -0.664713   0.000000   0.000000   0.000000   0.000000   0.028000
        7.7683 0   0.000539   0.000539   0.370113    0.051309   0.000000  -0.722276   0.000000   0.000000   0.000000   0.000000   0.030815
        7.9916 0   0.000216   0.000216   0.313842    0.050764   0.000000  -0.673877   0.000000   0.000000   0.000000   0.000000   0.030831
        7.9030 0   0.000000   0.000000   0.352126    0.038726   0.001019  -0.711549   0.000000   0.000000   0.000000   0.000000   0.028498
        8.0473 0   0.000584   0.000584   0.298118    0.049905   0.000000  -0.682490   0.000000   0.000000  -0.000006   0.000000   0.030592
        7.9177 0   0.000005   0.000005   0.335667    0.049718   0.000000  -0.689278   0.000000   0.000000   0.000000   0.000000   0.025462
        8.0571 0   0.000668   0.000668   0.314344    0.055145   0.000000  -0.668313   0.000000   0.000000   0.000000   0.000000   0.030030
        7.9360 0   0.000028   0.000028   0.351481    0.051385   0.000000  -0.739602   0.000000   0.000000   0.000000   0.000000   0.027491
        8.0748 0   0.000832   0.000832   0.356177    0.049037   0.000000  -0.754130   0.000000   0.000000   0.000000   0.000000   0.026261
        7.6623 0   0.001700   0.001700   0.350654    0.042711   0.004339  -0.754165   0.000000   0.000000   0.000000  -0.004636   0.027206
        8.0814 0   0.000898   0.000898   0.312317    0.036074   0.000000  -0.688509   0.000000   0.000000   0.000000   0.000000   0.032027
        7.8924 0   0.000005   0.000005   0.351870    0.046217   0.000000  -0.740991   0.000000   0.000000   0.000000   0.000000   0.027425
        7.8939 0   0.000004   0.000004   0.330986    0.052341   0.000000  -0.748133   0.000000   0.000000   0.000000   0.000000   0.031578
        7.8177 0   0.000220   0.000220   0.340959    0.051871   0.000000  -0.777696   0.000000   0.000000   0.000000   0.000000   0.027766
        7.6686 0   0.001612   0.001612   0.358662    0.057013   0.000000  -0.770131   0.000000   0.000000   0.000000   0.000000   0.025034
        8.1862 0   0.002281   0.002281   0.328707    0.058317   0.000000  -0.717189   0.000000   0.000000   0.000000   0.000000   0.028970
        8.0540 0   0.000640   0.000640   0.313428    0.044361   0.000000  -0.693742   0.000000   0.000000   0.000000   0.000000   0.028288
        7.6107 0   0.002499   0.002499   0.302299    0.067202   0.000000  -0.708740   0.000001   0.000000  -0.000000   0.000000   0.030745
        7.5757 0   0.003127   0.003127   0.338479    0.053077   0.000000  -0.721378   0.000000   0.000000   0.000000   0.000000   0.024358
        8.1624 0   0.001911   0.001911   0.421586    0.039543   0.000000  -0.698390   0.000000   0.000000   0.000000   0.000000   0.028054
        8.0658 0   0.000746   0.000746   0.371774    0.034438   0.002294  -0.642713   0.000000   0.000000  -0.002367   0.000000   0.028778
