t = 100000000
b = 105 105 105
E = -0.342398726144362 -0.676755840599744 0.334357114455383
-132.753599818287 151.901276383132 45.4558641071011 -0.275692550154322 0.70189307983293 0.656764586646314 0.410147527458327 -0.532030959235627 0.740757763465977 0.140540268126367 -0.0221573480350648 0.176987452415085 -0.0108657257675894 -0.120279176637109 0.371378211862373
-132.380424436494 151.840218779433 45.8499101063812 -0.813482594956247 0.158100912689612 0.559687563834857 0.440486059761027 -0.460893255207477 0.77042159786765 0.578388816893232 0.616404473232804 0.416758873705483 0.580037635008123 0.0422162333719217 0.0451246011147043
-132.257478872308 151.992304459217 46.3417752041323 -0.858174146849946 -0.437338501750517 0.268834835101011 0.395964776591227 -0.230614890851918 0.888835568492794 -0.275927913281054 0.727865551376963 -0.698611429154569 -0.388810818300229 -0.164464644944908 0.00758477002639845
-131.342120209039 152.549024819106 46.166172486354 0.757679095835465 0.431327613684159 -0.489774312725895 0.0895687381779047 0.674638580723167 0.732693815000935 -0.252520911994888 -0.352567473119063 -0.182008444028435 -0.0452250544803662 -0.228031815264581 0.252117942331935
-131.395020119606 152.761840510834 46.7487589874406 0.692195173224562 0.235096535929919 -0.682345558319736 0.360806176475085 0.706100492077105 0.609295493260228 -0.0284418321930155 -0.308248831398113 0.079801648944187 0.212991552564271 -0.0208798700059036 0.0540685138535621
-132.26679401253 152.354085173757 47.3393613004031 0.452002011903459 -0.845597883737222 -0.284004225765897 0.875215976922278 0.481912698928645 -0.0419183056505303 -0.196742905235795 0.547750602610432 0.162682364485014 0.207746201237271 0.731142816415534 0.451499000771172
-132.394914951459 152.554697614252 48.268023613727 0.663936118678362 0.433428480616891 0.609367362519266 -0.644472109416924 0.74495903983323 0.172312881564502 -0.145217118967984 0.543454896604987 -0.0256776097401591 0.163384430082518 0.242619336722907 0.429135547332138
-132.576100841018 152.843278595011 48.6624352074637 0.664329058720436 0.700621593832395 -0.260377195614197 -0.56343564026584 0.698315917835966 0.441469317364729 0.300046469449518 -0.161884236370122 0.634174126745754 -0.166344455708973 -0.357690545850265 -0.132621856729206
-132.555033355879 153.094069931072 49.1315830872648 0.0768238240002276 0.667005991286503 -0.741081039869599 -0.462758943179521 0.682224112552608 0.56606043913953 -0.05013714616061 -0.135976677405715 -0.365403502777504 0.418650230258493 -0.679885466769658 0.894564633911435
-132.423355469784 153.575159406059 49.3317253218595 -0.581624224639016 0.258011204644199 -0.771455429426233 -0.287220428627538 0.822145667406211 0.491508826925163 0.0526929017726624 -0.0705371156414088 -0.142232578950319 0.161956145704957 0.251349271721543 -0.218035142271677
-132.501846990846 154.065614890376 49.1888458256722 -0.991661546400291 -0.128763456547777 0.0052296890405708 -0.109598359907108 0.864020432651421 0.491382632441997 -0.228505365694738 0.415912319436297 0.196615104824979 0.218333763246276 0.209326180295445 -0.0656641562671324
-132.796978700646 154.500955503493 49.1065875781346 -0.461297464454717 -0.470280981241719 0.752356596283746 0.0779929525421637 0.823192841393144 0.56237944951169 -0.472473987484684 0.152185892163956 0.0129413965500903 0.416770826769555 -0.627445041555472 -0.0586348958956013
-133.152333759961 154.857966577632 49.2322051244984 0.356885138909679 -0.386774218643072 0.850316824142011 -0.0657352320956121 0.897604365712259 0.435873011227335 0.529502247611789 -0.0684783995229928 0.51005973195026 -0.107608968258414 0.168020211180672 -0.20605801714314
-133.442618725987 155.093877674987 49.7139278099498 0.918410235742738 0.113103194392181 0.379117800030969 -0.155940821766503 0.984175062517395 0.0841540636359531 -0.296052383177199 0.336328166830317 0.605641614087921 -0.177672218989361 -0.0512724425541086 0.181464999951502
-133.423264120986 155.537510975116 50.0587758953005 0.788616118808568 0.207414714848375 -0.578846916914214 -0.229838443040846 0.972585827888398 0.0353708565345432 0.197015399096799 -0.350979093956449 0.0260922162605001 -0.294761852641276 -0.114595639290662 -0.177462813826619
-133.339032522617 155.969568706074 50.3108095594617 0.10823294461899 0.227644400791895 -0.967710523083476 -0.272154403475161 0.94302624770593 0.191398737735453 0.638550869210635 -0.221817140121599 -0.49630373257356 0.204081495780401 0.0881636847916286 -0.118291764010003
-134.18970571099 155.915861380392 51.0530698523139 -0.681735037511692 -0.583231181186419 0.4416771761373 -0.67180767567695 0.260022765703765 -0.693586770502121 0.402976727253889 1.10596598103209 0.423452883176391 0.187588602927789 0.0181803033285588 -0.364377660269909
-133.405045913738 157.245679273546 50.7553681649616 0.734719744782 0.656951720642226 0.169119287406829 0.604390740490661 -0.747137347188332 0.27658202625166 -0.137961772255298 -0.34207881589085 0.360108256488211 -0.264198989012896 0.632693027015436 0.182066581931054
-133.220023566939 157.792964056462 51.6691320777348 0.254134989169059 -0.296667135571434 0.920545500207335 0.698994457193006 -0.601483321477817 -0.386813343614906 -0.181351522934896 0.451652398977219 0.490285483540158 0.0139575526960107 0.30432058711748 0.652186425591048
-132.753875748309 157.616127478581 51.7426498038789 -0.531749163508898 -0.777787801948311 0.335095452442064 0.665316041673611 -0.628467207517149 -0.402968402938164 0.223776377132529 -0.169825612890082 0.329400485146641 0.630411046320911 -0.0234863806135238 -0.597260626832502
-132.357678530426 157.379278659298 51.8595790010936 -0.694986631012894 -0.699693313448796 -0.165598459622808 0.705942000921484 -0.707730799707236 0.0276225719506986 -0.345413077537257 -0.324383364003435 -0.189292376855823 -0.235896372798071 -0.246306301969941 0.210283180049283
-132.168893121584 156.920372882477 51.9847247792042 -0.645453979883763 -0.315247609949909 -0.695706909749266 0.501192609867874 -0.862137716944522 -0.0743271473781938 0.0116348938369131 -0.0456855627246073 -0.552324421822897 0.135688980256584 -0.0650722977008465 0.207597393561864
-132.102625344958 156.391755942051 52.0824312556755 -0.295267666032164 0.0747265244217478 -0.952487769971287 0.418805241574302 -0.885928121990941 -0.199332717575338 -0.0917861287004685 0.0505088813307455 -0.329351168948355 0.128771070801753 -0.425592473246697 -0.663695393983691
-131.250479979707 156.140429505305 52.7675443585636 -0.640325002226039 -0.669608318999673 -0.376309168968636 -0.144405091044241 0.586129029333158 -0.797245213628329 -0.095706908829268 -0.5196344573608 -0.398514126157234 0.173589559534251 -0.400121682551454 0.0833834945463362
-131.293203038179 155.891054202535 53.6059707504078 0.930857761790918 -0.0239781260543377 0.364594126097917 -0.321288080193602 -0.528917290343768 0.785506505066671 0.352602608002435 0.013833662739893 0.339531166505663 0.0688288562176946 0.168064086056028 -0.161492450418256
-131.775344983933 157.162162663348 53.9456714927312 -0.20423405057297 0.86632678982103 -0.45581393772627 -0.460116061001436 -0.495942269939886 -0.736433619068604 0.117401233217885 -0.345418876770755 0.394879304785159 0.380586576005559 0.31904629022829 0.184172630907495
-175.04309137342 144.046139922119 62.7277991222508 0.813315002205308 -0.510800674470098 -0.278570239164998 0.527118313201055 0.849582571537147 -0.0188610187183642 -0.416705768439255 -0.0269215582435285 -0.174165014479146 -0.498387175114008 0.13178059394156 0.287643909024347
-174.65323750539 144.324273874397 62.9099768592589 0.482165320440554 -0.349422931321907 -0.803380494431238 0.644675872043631 0.762453719428824 0.0552932702397912 -0.235739232468525 -0.0215671390148932 -0.363121178013597 -0.149699582415187 0.05181497976646 -0.194889059751605
-174.240677313657 144.502577881124 63.0322731676707 -0.0414381406362324 0.232427502891887 -0.97173058838509 0.580313995392139 0.797303601332356 0.165959736246274 -0.198206841028167 -0.103172338965103 -0.328231562769796 -0.421936942393584 0.77799455753183 0.30181579375021
-173.819460426597 144.756620341846 62.9013990229377 -0.733529909207537 0.570199599750291 -0.36987334148754 0.562196499424273 0.814853459756992 0.141240699366409 0.108403111784819 -0.342831304816239 -0.259373696559275 -0.0874365988590342 -0.130849833868734 -0.00901624027454312
-173.29289263062 143.826803287488 63.3977852322132 0.294955336102405 -0.785831125038325 -0.543572251523104 0.310445563071843 -0.459205147885609 0.832318559521718 -0.751790750462765 -0.271886566258056 0.110426188603902 0.139190052168697 0.0423298474419116 -0.378388646628447
-172.839753012702 144.277724605051 64.4275627250444 -0.574048580858063 -0.490294748029052 0.655804305314528 0.777185693212967 -0.0741092410773264 0.624892165619301 -0.514384915268151 0.373122875420789 -0.0793332218261146 0.0424361089488254 0.0202570819262051 -0.212090658302537
-172.443138080376 143.25808488413 64.5388066293797 -0.0747426567067931 -0.733096703312447 0.676004999138855 -0.970536303249363 0.209199964398707 0.119560273373569 -0.0614270028327957 -0.383988595836101 0.0366627029596338 -0.669309878701621 -0.693987533790438 -0.21654896714612
-171.927264713242 143.185201375285 64.769276990956 0.673178119168618 0.405818176333332 -0.618177019654751 0.736021711787944 -0.286946789250075 0.613134226670341 0.333514504053931 0.018995926335458 -0.41673398040868 0.276449675082289 -0.23175111204628 -0.0777638187933539
-172.857890799565 142.57368053282 65.4425532213981 -0.10369164977473 -0.899444713690625 0.424555354201996 -0.865813280248464 0.291708513784319 0.406538444346211 -0.294283489603106 0.0526616304891575 -0.0812587808226363 -0.135528336353824 -0.505642228667643 -0.108139459517636
-173.348868255581 142.438515142647 65.3664891722376 0.169706669869505 -0.533671255462297 0.82848937065856 -0.894023782030124 0.270335836204449 0.35726742480869 -0.629747991874759 -0.0135043211865614 -0.334305728144383 0.0860433383807697 -0.00982071255324403 -0.110626444988342
-173.937197780372 142.521388214676 65.3742876123774 0.279655042461857 -0.49154244604549 0.824729701757434 -0.959955640894677 -0.128229631100572 0.249082976580928 0.204922619359121 -0.207583342693328 -0.0550676615652438 0.0554271124316657 0.305730010663504 0.291756036413232
-174.339725088024 142.190579586642 65.6129342675627 0.261043746559013 0.448743638109653 0.854684333329027 -0.932302522131581 -0.112406653311654 0.343768456260052 -0.121015814138803 0.131576452330889 -0.0441970875545638 0.115436603514873 0.288352779760833 0.0862841456911989
-174.648218026188 141.950207317156 65.8664890151772 -0.118012893682756 0.967875324612782 0.222014217860903 -0.964251894607794 -0.165112681559056 0.207258500754475 -0.483375971863906 0.0343557669316502 0.164249871491179 0.382708009086877 -0.153780647282278 0.617840859135018
-174.782575486691 141.757296304953 66.1623676529231 -0.467574764370973 0.61830604022017 -0.631721046308327 -0.883608459535435 -0.346897292265164 0.314481094593309 0.105428219261618 -0.110931768890751 -0.714107419383787 -0.305103539051551 0.232228097498903 -0.265160486655567
-175.368671953361 141.826317493181 66.2903522499226 0.0300692808971426 0.0108827855817858 -0.999488570883151 -0.86134454465241 -0.507047796302704 -0.0314341798641006 -0.256819078198364 0.260828383923456 -0.197176267574277 -0.204866165333402 -0.657791177877028 -0.0348180530482024
-175.857776547765 141.811244702308 66.1738838960737 0.305840839282011 -0.587868743170403 -0.748913694511882 -0.949802259663977 -0.242800931532112 -0.19729007877706 0.000207513403640555 -0.196112379275792 0.176947843356407 -0.261937986323137 -0.213695688314367 -0.101310782315744
-176.209711118703 141.80162433452 65.8279952730266 0.285652880964914 -0.944556385576587 0.161912525961383 -0.917198124949215 -0.318429793039901 -0.239478739126907 0.639994925949397 0.379773181801202 -0.127921532865393 0.437793805742647 -0.0358732495125068 -0.454101773053959
-176.468893057819 141.490039216385 65.5943817041213 0.0432211767126749 -0.398833057183405 0.916004433604605 -0.926346647154913 -0.359394159193436 -0.112772902970296 -0.868505625843448 0.284869676500061 -0.0187820233153818 -0.485815966071628 0.106606904241997 -0.232757709309978
-176.939129899543 141.172333326241 65.6131516111901 0.340885221679452 -0.0567956336246886 0.938387724579618 -0.860195133995958 -0.421562739552539 0.286965482369654 -0.138918065866743 -0.894660896130165 -0.329506399276161 -0.022210247320763 -0.230083074287992 0.69700060593103
-177.118174572764 140.714289641354 65.7691099886656 -0.247640744718452 0.748434733584302 0.61523939334176 -0.746050255179075 -0.552451895425195 0.371760568092039 -0.10903486430247 0.486578999851219 0.499763620728162 0.217600771049427 -0.107163700564715 -0.0205303836166158
-177.363318015474 140.511854173121 66.1975078281383 -0.474067510740281 0.863766965682475 -0.170782388598611 -0.865456853430566 -0.421437501294563 0.270877956561741 0.497690308375619 -0.191696812351924 0.333450611673121 -0.180005934436457 -0.111040505200618 -0.261266803634517
-177.67071077414 140.42864347586 66.5154990518199 -0.25961559280478 0.277859398282531 -0.924875071974069 -0.779570131170639 -0.625552542555117 0.030893803427093 0.175717078159503 -0.00616848716513649 0.0928137540750447 -0.11129390288458 0.335817918875111 -0.117997075380387
-178.182655940551 140.538280888851 66.5476115738283 0.205574345412113 -0.510973184782705 -0.834652977553267 -0.778280886058083 -0.602420594002233 0.177110954820944 -0.197014422684171 -0.3795729419228 -0.167946410109813 -0.391784034519301 0.515214535390428 -0.549987476863634
-177.799598896237 140.769578666994 67.5854553529563 0.583152776545586 -0.029099452363403 -0.811841155079503 -0.443242106933847 0.826096709625606 -0.347995202536208 0.325474050097631 -0.0159590279714787 0.212152242765098 0.139115577231658 0.0161528832465544 0.629769002988564
-177.697379103092 141.271981887795 67.5430334177936 -0.0117753793058516 -0.326326244499846 -0.945183856502613 -0.382653573682404 0.874768463918353 -0.297248006016485 -0.466587948650705 0.329145083264035 0.325538979587166 -0.327994863960228 -0.632820426213077 0.405674068387089
-177.655662501439 141.599590468819 67.2911347376891 -0.85490833188141 -0.329558742390752 -0.400652941327733 -0.332716828881763 0.940855437731641 -0.0639574629788476 0.0649602225287318 -0.383510787974701 -0.0970607453435213 0.186811931407513 0.233633417722102 -0.348256806444067
