t = 100000000
b = 105 105 105
E = -0.393751688362419 -0.732835525415122 0.339083837052703
-236.562055104959 519.99044241361 109.366753042704 0.36065423857554 0.930506051824095 0.0639297091833851 0.829898887717685 -0.35143073869907 0.433317749536492 -0.0417788465508494 -0.387132903454289 0.246777996795033 -0.472775251209555 -0.371992015918325 0.628104002014792
-236.720956534972 519.530099671634 110.303202522458 -0.296999778013548 0.949361848970907 0.10248517735965 -0.17145905213123 -0.158605272725056 0.972340558088587 -0.283506604956425 -0.192464123242361 -0.173783923393118 0.476169282631274 -0.49977515945798 0.526772924048977
-236.72572761588 519.602308661651 110.785932542717 -0.856770003849208 0.350724829357606 -0.3780704360001 -0.445199401312983 -0.133020734045755 0.885495893488132 -0.618472464818069 0.124329943394902 -0.346942331851148 -0.0750001372348768 -0.454695885426361 -0.00236083239892068
-237.389005944788 518.317396552484 111.315107422592 0.00116947446538539 -0.937465806254966 0.348075414864423 0.433582326922126 0.314131135000243 0.844587470783827 -0.0454469045481394 0.235525120898326 0.337686277183792 0.138020398319592 0.364172976751477 -0.0573432081402999
-237.39389097808 518.31568721674 111.849243024156 0.677568920285645 -0.729764206071809 -0.0913485730562906 0.463157371254405 0.326913758278171 0.823779487545219 0.310051855386439 -0.268656102498836 -0.17673640985163 -0.0813596544848184 -0.278745575372752 -0.109023069753824
-237.174429621404 518.204693828679 112.275294271929 0.791752615677203 0.126853659436988 -0.597524848567256 0.468057479249836 0.502545200657459 0.726890994176726 0.447798325189673 0.0645463892930391 0.721598349267389 0.0610395594880805 -0.0725288970577642 -0.0131833650857548
-236.819092226011 518.133205377009 112.551781369844 0.337202303579441 0.791710347010586 -0.509400954943507 0.543123361120108 0.278369298383074 0.79216636404448 -0.715262571228708 0.0659749718144677 -0.190964965967075 -0.143750338261038 0.0484510045504996 -0.353291980772811
-237.646460953778 517.111748731223 112.973738392876 0.763148536899236 -0.538018132712027 -0.357967595602937 0.0733409946933101 -0.478250336293965 0.875155822886208 0.21404001622228 -0.0239461178423407 0.566788757697522 0.31396821844252 -0.451817723609413 0.361513793105907
-237.681578245091 516.743107359231 113.358252079481 0.988235568327876 0.118439176196546 -0.0967606481564173 0.142983742865954 -0.490955024880504 0.859371172904032 0.100041842095019 0.0374994037940552 -0.647417012092145 -0.38541248063042 0.205656749869381 0.0807433880177955
-237.594155577209 516.403289276818 113.689308654795 0.695904419856969 0.679787160570654 0.231530677763216 0.123469294693225 -0.4308631437869 0.893930805260207 -0.378852276865817 -0.249891176533118 0.420228881176216 0.22583053839336 0.280147637169847 -0.485301543211895
-238.654984987973 516.066120928961 114.435646333527 0.425516194388548 -0.249588872820746 0.869851345275978 -0.875687990885801 0.128896531519635 0.465356021536681 0.336967884091504 -0.276160396218804 -0.551186810122051 0.231383520112644 -0.0587814915054557 0.57630041743722
-238.939540305247 515.838123938862 114.665302622731 0.365507306756273 0.586850425317535 0.722503278201863 -0.87750746133256 -0.0416482921561253 0.477751059723814 -0.102092165375919 -0.0443488078719601 0.447763575283739 -0.58715126420739 0.659183108520566 0.161761004722983
-239.202852656522 515.73986156047 115.042993634696 0.173215725446372 0.952752113917169 0.249518981009127 -0.789654244938534 -0.0170591845988426 0.61331489275266 0.127321908653377 -0.490086364919819 0.220215375505606 -0.132645229154149 -0.438994894980311 0.27135561388694
-239.317318747083 515.752174069772 115.526203637687 -0.39486046832791 0.86063094525042 -0.321558061054119 -0.77997598509358 -0.129060446391346 0.612356810900369 -0.139251483713952 -0.591862749210125 0.146867890277811 0.123768172248064 -0.326887614569653 0.0440842910005315
-239.186688246578 515.322513625697 116.240347811039 0.523761318297122 -0.475549989255663 0.706771737673105 0.243153889580138 -0.711700831468967 -0.659058504586962 -0.35644537543676 -0.0136132681335552 -0.146915836673777 0.0223168309565731 -0.220035525532703 -0.20221781960873
-240.120465111783 515.299583319698 116.824592205923 -0.869081995864078 -0.0344314377413707 -0.493468297421235 0.373828153046107 -0.699027209064367 -0.609601076915701 -0.403658707331803 0.23442067395399 0.707563029401656 -0.0334878264243783 0.568304175663481 0.567809559206342
-239.100415401321 516.185359661711 117.372007672472 0.62604956074434 0.599279072615152 0.498925385822836 -0.768189257061135 0.583900470858816 0.262574761674063 0.591812729787599 0.33119498163732 0.415753279069227 -0.51531938173081 0.128114319421505 0.195651680736593
-239.346377276382 516.451525730203 117.743286399754 0.671861885613068 0.643459095697241 -0.366826933067825 -0.65097410825592 0.749238080880312 0.121963144176408 -0.347172610938027 0.0616009395677629 -0.333964587845791 -0.425689595636318 0.487897875846551 -0.00978570841767795
-239.451206309967 516.860004722485 118.008908051976 0.15166788557391 0.298409096693463 -0.942310385964364 -0.727290665136654 0.679288805535456 0.0980561424889524 -0.291411366122073 0.0928061568885668 -0.227678908693219 0.888905530316033 -0.577898582916122 -0.427755496011769
-239.541102060472 517.397905311321 117.911311222079 -0.383697038899658 -0.234868972856917 -0.893091903405856 -0.617370687710946 0.78446138529691 0.0589386879074758 -0.312144931367022 -0.261421486556913 -0.00942982649751486 -0.0852068594973173 0.210933001957061 -0.165936922281475
-240.605603765137 517.458201384056 118.721809558622 0.167606729290805 0.965599022339521 0.19881275702226 -0.102812728606384 0.217686122707738 -0.970588633159532 -0.256630970625165 0.31113248237521 -0.110425963441303 -0.00765984621211817 0.00296577377679848 0.451033241792548
-240.980117240068 517.428018017397 119.24552507814 0.352524675048151 -0.289488838840514 0.88990031220827 0.853232178625183 0.489996552353444 -0.178600750391027 0.472641757807131 -0.213542750900034 0.128502176712028 0.326271424327419 0.733048598580186 -0.22360818987127
-240.646706687853 517.750547438739 119.539523507954 0.512739268188899 -0.851532499509393 0.109502717482983 0.839385822777296 0.470409040506863 -0.272299054588177 -0.220988776449499 -0.045845048886206 -0.087533812381564 -0.0565026379412945 0.1588903614567 0.22832551704918
-240.212703879134 517.885090937357 119.622316251609 0.27498942381473 -0.710567544805461 -0.647668573468631 0.851337554749545 0.492989774416338 -0.17940303842004 0.103240802756795 -0.101868656610623 0.395736284679919 -0.29583965581994 0.362729266004079 0.541131201005343
-239.825818364975 517.81249412479 119.723086812091 -0.0345062070304287 0.116470246307276 -0.992594581590122 0.809033337514691 0.586353490970354 0.0406772960741276 0.280808079269334 0.179655214556759 -0.000394533401046931 -0.00808181517730736 0.342436914584196 -0.814543780224706
-239.354105395304 518.077866809608 119.943400527115 -0.536871794991259 0.540061491642547 -0.648152961103708 0.779586418105475 0.611256238535993 -0.136421506937449 0.1200748205614 0.0286864561193582 -0.284812868772437 -0.256660020349248 0.251598602296641 -0.522343011036087
-223.941583790087 530.738709490614 89.6143536982876 0.248876201801906 -0.863547212249759 0.438573652185589 -0.842947954016602 -0.416123754456911 -0.340998193244093 0.67634543630229 0.422664072146663 0.166136156209025 0.561108917037519 0.126405290374028 -0.199893019480378
-224.174953031686 530.448910615104 89.2657185352731 -0.0851687920068527 -0.448202439549194 0.889865635953127 -0.814711478985196 -0.482809464852073 -0.32115452146592 -0.483136638426051 0.198422151184155 0.145660320037506 0.0504862969571757 -0.593265829474337 -0.189236752290492
-224.538849082737 530.219131066566 88.8794340528399 -0.436390548135348 0.155773632536828 0.88617033628037 -0.85817659098604 -0.368007108191825 -0.357915781999027 0.111746184476612 0.376461368250871 -0.302587038358475 0.0448314020265402 0.608637827821809 -0.310298897088346
-224.458942618449 529.904215066592 87.5483332901522 -0.943351633469781 0.0378487641296372 -0.329628831692019 0.30978632200757 0.456272711981973 -0.834174829995305 0.608954667669344 0.00785288365646073 0.448537207588393 0.314708930942719 0.0878009850729717 -0.01987607448761
-224.488406664751 530.00072635277 87.0450276214602 -0.58023895852703 0.680317004025666 0.447762799972877 0.329912005794197 0.698982959466045 -0.634492624707485 -0.251935438307352 -0.837268178339447 -0.167435201200703 -0.152413123800012 0.0163231834313424 0.217894551179674
-224.689011757309 530.253653698619 86.6659395599259 0.235892377523741 0.738549832957545 0.631584460278095 0.285074550779745 0.568740169010498 -0.7715355601984 0.231647406622082 -0.159255182507073 0.306446930750538 0.215020256629343 0.00710776585987309 -0.233620462115392
-224.521472138817 530.742263034684 86.4282077500377 0.567548844458094 0.0232424425727915 0.823011602602386 0.707978429961081 0.496505657143644 -0.502243641209391 -0.0068209642575884 0.469714602405913 -0.269613309117831 -0.0812584707839103 -0.0137699765525664 -0.280516842981151
-224.322703157762 531.192588289335 86.4382572445038 0.804895298442108 -0.53876425739566 0.248750142709752 0.591759100795414 0.697413664298062 -0.404271378502234 0.000656538918263494 -0.423837158705651 0.742427475856765 0.506350939805038 0.00998937811730206 0.149032043784417
-225.267526915692 532.035088831447 85.8899544318737 0.44608262815285 0.888626302461827 0.106553195313109 -0.405293374005571 0.306718010749183 -0.861197621262335 -0.496507762522896 0.211771754691401 -0.0747367790866161 -0.0858649862103239 -0.365793947731644 0.490431767401932
-225.492603159504 532.360372096479 85.6978633917966 0.87147060198873 0.256878878767865 -0.4177944847792 -0.456376249974319 0.112769501868576 -0.882611895403518 0.624786827933917 -0.37551542585585 0.494105033043353 -0.0513710287448235 0.241130503021158 -0.262255466031115
-225.651802959321 532.749430580439 85.346696346524 0.710457604383119 -0.453094714562425 -0.538474857359885 -0.511940440317732 0.192265229708434 -0.837228204860101 0.308060475794905 -0.00891688222618668 -0.16530240455 -0.144653693185633 0.176432637699504 -0.426138852027661
-226.155046693445 533.191894827688 85.5401259507 -0.667474890668999 -0.465676061600762 0.581053419213002 -0.132796337205444 0.842255998583151 0.522465277003954 0.454558593225217 0.236424152540151 0.228390208521645 -0.477823436254314 -0.0440010555757338 0.158453065659351
-226.428679622862 533.536063872713 85.7186176386743 0.207638248191951 -0.607451964798592 0.76673885277263 0.197231275960707 0.793721797531154 0.575417702115128 -0.208896053008036 0.214705405693561 -0.399913312464034 -0.407283817378916 0.24920259918414 0.134079417824094
-226.445024061676 534.214491462571 86.2318058365451 -0.983668265841485 -0.00609336930206892 0.179887780647012 0.17030131223357 -0.35500450679108 0.919222096779591 -0.575135099208313 -0.0653804301811104 0.682151656105053 0.185744364238908 0.0461280893626014 0.0229656629976589
-226.553175807004 534.191406716766 86.7292325938285 -0.695463585002935 -0.642911995240473 -0.320927668345762 0.0118092334980228 -0.456791304489091 0.889495500913625 -0.170604022391501 -0.21003379214472 -0.0266956273685773 0.244611654532536 0.373886830467375 -0.273122148875343
-226.157352623488 533.178196674581 87.2772978978421 0.846009893389559 -0.53065793995583 -0.0516663434867448 0.373201285639561 0.520188411442771 0.768195819435529 0.233664713823641 0.250905122755169 -0.155702452913638 -0.0996605197561375 -0.352411714943229 0.032897268444072
-225.978073697933 533.184727546546 87.6820391918906 0.648296765145576 0.348632738981286 -0.676879987599294 0.394431928038549 0.606636164167207 0.690228960902762 0.0206001277693444 0.247869235513442 0.0214346071334249 0.682778661817343 -0.00954074605788897 -0.00233065254861621
-225.548557387765 533.286051906764 87.9373856186545 0.139575081894113 0.613141170819483 -0.777545304893427 0.687620612000737 0.505015360562315 0.521667882419766 -0.197995081611738 -0.160187351216657 0.193744527211614 0.130893092229984 -0.0877894431551392 0.20572910889479
-225.121078349642 533.421512203818 87.9036781024544 -0.291070125953677 0.933555570742287 -0.20917021325457 0.816862638592368 0.356323343360878 0.453617795778125 0.109796684781044 -0.0968105781634381 -0.546772499259488 -0.611221337149884 -0.337124498051224 -0.0836407956304705
-225.70529541903 533.419100590229 89.1222495248963 -0.837128074274371 0.454035557761108 -0.305070974611955 -0.521662828763165 -0.494859109034504 0.694969319676039 0.480166611196571 -0.645765749692236 -0.203549402245665 0.135898557346986 -0.123565267022224 -0.00875189509282111
-225.833478279182 533.534625151336 89.5467707433613 -0.901615888969103 -0.340250967143061 -0.267054429130974 -0.165457901577829 -0.299148263846396 0.939752094461236 -0.558550123740051 -0.131907777523182 -0.692656221291767 -0.578682388925858 -0.0738636206634436 -0.0236474173338934
-226.166788567636 533.628733005265 89.8881500103172 -0.104729538028193 -0.97738545871737 -0.183710067639852 -0.0734424153736281 -0.17662050506474 0.981535230552257 -0.783194036486673 -0.21412534873569 -0.186724282390634 0.0936321677296439 0.0919848050908235 -0.0461774679766429
-226.52707805149 533.520844042742 90.2088157217605 0.643229896413754 -0.763344638858179 -0.0596679368442394 -0.102869838911484 -0.163378728382133 0.981185602908882 -0.00994134998293887 -0.14633229213656 -0.0793013206037888 -0.349528081538681 -0.260897714163435 -0.271988284587173
-226.665935831842 533.118117063961 90.5238713133048 0.984409947000686 0.095814057674357 0.147501602014056 -0.13141977541308 -0.156691229368064 0.978865006662229 0.747396929319321 0.350657222797471 0.0835291516109358 -0.581068906692855 0.0497509322854513 0.268697448851948
-226.589418724625 532.805597149425 90.9172662808534 0.492813884686363 0.865045625552207 0.0939709570767441 0.0307630619993172 -0.125249573602633 0.991648212991593 -0.665923368232922 -0.240222886502296 -0.211695601064393 -0.438151437088628 0.114172495583362 0.186010029180389
-226.336562665153 532.753520706119 91.374713773973 -0.334264352345205 0.935291654047464 -0.116176007073073 -0.0778054844307876 0.0954611829890506 0.992387761479287 -0.332266872645676 0.0459456477391883 0.119844622651909 -0.631082602023448 0.0342468075928955 0.167890713902942
