0.999999238518982 
0.9999939662262407 
0.9999955253809859 
0.9999986379921975 
0.9999904063006467 
0.9999984720133542 
0.999996293889508 
0.9999933033206145 
0.9999964706174642 
0.9999828319850852 
0.9999895596920645 
0.999993285499561 
0.9999874779352489 
0.9999979442007306 
0.9999974807544685 
0.9999957146405095 
0.5453572337175914 
0.19230761263320179 
0.23076871342976146 
0.19230733279049042 
0.19230156037879767 
0.23076809187792524 
0.2307689260209133 
0.23076877001567203 
0.23076520515322524 
0.2307689380608635 
0.2307648564077104 
0.23068995978722778 
0.11538459561465936 
0.11538444937434776 
0.1153844224385867 
0.11538450564877947 
2.3532584560854233e-155 
3.1078856845742004e-234 
6.738300874389002e-301 
1.64018333562007e-299 
0.0 
0.0 
6.455280788387945e-308 
7.714644403070846e-280 
0.0 
0.0 
0.0 
0.0 
0.0 
0.0 
3.970070593549733e-309 
0.0 
0.0 
8.91253237905441e-299 
0.0 
0.0 
0.0 
0.0 
0.0 
0.0 
0.0 
0.0 
0.0 
0.0 
0.0 
0.0 
0.0 
0.0 
0.0 
0.0 
0.0 
0.0 
0.0 
0.0 
0.0 
0.0 
0.0 
0.0 
0.0 
0.0 
0.0 
0.0 
0.0 
0.0 
0.0 
0.0 
0.0 
0.0 
0.0 
0.0 
0.0 
0.0 
0.0 
0.0 
0.0 
0.0 
0.0 
0.0 
0.0 
0.0 
0.0 
0.0 
0.0 
0.0 
0.0 
