t = 7000000
b = 105 105 105
E = -0.281554736430439 -0.619954725061411 0.338399988630972
28.166424103989 10.7574236033812 68.0980804517377 0.835814974251439 0.405906891313863 0.369665963271158 0.409699876591825 -0.0129349139598011 -0.912128663688161 -0.188807465977446 0.0514897765661698 0.247640338948708 -0.297692527934766 -0.0746278937185538 -0.0359808959731578
28.3314629267994 9.60140419180878 68.4278973859279 0.365172889687025 -0.591391202035475 0.71896119978252 0.929470003899372 0.188235078521985 -0.317258675319167 -0.596805756899363 -0.365117787799491 -0.229170268162066 -0.320289492488576 -0.56496085357102 0.195432710675707
28.8251322212698 9.6796992861502 68.4472229660115 0.0777074722055273 -0.947482512785624 0.310223204691939 0.968980590705038 -0.00144513234658586 -0.247132608997197 -0.217005986085249 -0.00883676558917861 0.474741178933099 -0.212300349456436 -0.42749471547763 0.360637503323754
29.3293679881306 9.53841229314993 68.5865299068004 -0.284910203811866 -0.788219729528215 -0.545468453484083 0.953737851035699 -0.176131169007996 -0.243643023305568 -0.12201326032426 0.609723136014394 0.0309702892480623 0.0420756890003042 -0.181910178953596 -0.257739246181292
30.4292376558417 10.4257322289621 68.2300087924328 0.255771638888317 0.55161265815196 0.793917088937405 0.127570664807846 -0.833310353952266 0.537884355114172 0.120044613685426 -0.0349591528208918 0.551745590295243 -0.100653291425546 0.597906992257588 -0.780457140330762
29.8529478582864 11.1346546796793 67.5714814842645 0.0846180407466797 0.994880230448716 0.0552549929178177 -0.269461345418155 0.0762357806328525 -0.95998890049657 0.156174926101437 0.629949925488611 -0.661073236910757 0.217828924392619 -0.639523637284104 0.349131059458572
30.6470997102854 10.0898593586062 67.0989387715508 0.597842953733194 -0.541543223789983 -0.59102854367522 -0.193383595650254 0.618088652863412 -0.761950918455104 0.237303016344473 -0.8694429358681 -0.290890584938508 0.164624360161689 -0.520399273469569 -0.112807317050056
30.0941688768667 9.20577109140949 66.1652822555336 -0.866190750482519 -0.380019158248056 -0.324498109614248 -0.247299969140261 0.890262132679993 -0.382460534407238 0.438035098991458 0.159297105637597 -0.484914216429099 -0.53633254782761 0.047040660568616 0.140833203927314
29.9827821875771 9.49577694418777 65.7418368311635 -0.826840606619384 -0.211258879403559 0.521252623128574 -0.336462162154283 0.928445222048437 -0.1574251666494 -0.0825879812965528 0.464891301684316 0.473786895833869 -0.14232588697739 -0.0879086494452011 -0.0974410687949004
29.6446729562824 9.73286708448537 65.4289495821573 -0.235674330356694 0.0969248407354949 0.966986652058461 -0.345271595701416 0.921748925630412 -0.176540203072585 -0.483828441787259 -0.314579055371137 0.0866493264923532 -0.112114165146775 -0.0587929892227504 -0.0070129948123015
29.5712493855043 9.067140197726 64.644519620395 0.569484361720404 -0.712754576650224 -0.409473412103584 -0.71447001194764 -0.675526779621055 0.18219816695572 0.0822780734731718 0.015119639110892 -0.121470492367157 0.0745807813942332 -0.525140229492299 -0.44913544985259
29.3405515661644 8.69220869324287 64.5018771818312 0.653624957536189 -0.628774985075365 0.421208301235291 -0.722643603675229 -0.68387456941211 0.10050768815858 -0.641509559474644 0.0240034711676067 0.808472702976423 0.111768303566521 -0.440315697466466 0.324216905104262
29.2368008966528 8.46234352093271 64.2861887710221 -0.0163300153454037 -0.285810581938292 0.958146983427348 -0.769076219839053 -0.608779352789131 -0.194703537965499 0.260373473641693 -0.664140884655128 0.104163092017218 -0.179910090056184 9.94333453167436e-05 -0.333836352364096
29.0364732824751 7.93052886996125 64.2044525058446 -0.0616555121996197 0.160064619968883 0.985179128509042 -0.662111607917758 -0.745162425185544 0.0796315185866429 -0.795160294394332 -0.439503330809961 -0.33322786728229 -0.403882002983949 -0.0273371511625745 -0.363722733696923
27.9372171091175 8.1848294790509 63.4832823896322 -0.647214546198245 0.274463766556383 -0.711184204012807 -0.645414048349402 0.299157391465977 0.702812607545086 0.433160232756979 -0.424689262640732 0.468481603926694 -0.177357805108683 -0.0151113192477202 -0.355651138781408
27.7026400373538 8.50162362599655 63.6913686426088 -0.716297681070544 -0.546499796061421 -0.433884322138573 -0.671478553885113 0.370682471397943 0.641647143740685 -0.0271398630892808 0.0880572673066721 0.708159721362616 0.116946451216829 -0.0767050237512093 -0.0762295277904356
27.3200632885846 8.82097920513097 63.7744507701265 -0.283673883377318 -0.956476941305942 0.0684177509124242 -0.626864016353224 0.238962449580935 0.741578352361997 -0.291010756395997 0.0759597746740682 0.493080061637806 0.261242747147086 0.337972537048924 -0.288852992714853
26.8304092871425 8.77051663157608 63.9070376721227 0.43746155077604 -0.680775388274596 0.587513627341393 -0.529491476617996 0.333066526628891 0.780195786343337 -0.670321024675657 -0.00786571020582884 0.0267523679729416 0.423912083400279 -0.250646210078847 -0.122056845265327
26.4172918517205 8.6688361490095 64.2828607141026 0.74693925947795 -0.0901343982633391 0.658754531597657 -0.642897605975216 0.154818032171471 0.750142683191554 0.125749896953017 -0.305917590382921 0.181052090796657 -0.299145551160725 -0.594484953358184 -0.286247393483967
26.3069774850016 8.45166380906508 64.8684739264335 0.781305075911243 0.581234055596143 0.227440873570515 -0.41015736871041 0.203456813874978 0.889031078073551 0.457376681188832 0.0697954438864624 -0.138991133415795 0.377683256005615 0.41714474418697 0.197592402906789
25.2851558251977 7.64501186461363 64.8766655987459 -0.929605448437345 0.318847353482822 -0.184851495565283 -0.00595718586353162 -0.514489349599242 -0.857476076100864 0.107095995048128 -0.111808099304863 0.287333403839502 0.19249002792929 0.154941373660651 -0.262821874024075
26.3725079965442 7.63723326078418 64.0826103034531 -0.50643518200622 0.103075181852209 -0.856095154356483 -0.535704148262699 0.740370472322187 0.406045107404788 -0.820195052643836 0.130513495124355 -0.139074420886424 -0.00884450255693641 -0.0702854942126232 0.393887293326139
26.1977298932976 7.06373894689616 64.3490266500315 -0.638084752855003 -0.417675065146481 0.6468349002094 0.725490428648927 -0.607524399743996 0.323384819765099 0.33192584831435 -0.0805972427197952 0.0100425980048664 -0.141683722641767 0.0126956031879063 0.0767629705076456
27.1486312409524 6.4793325534436 64.4041084491765 -0.45697489923435 -0.404656401599565 0.792102984537845 0.30886855715089 -0.907300836609473 -0.28531632671712 -0.750037717586591 -0.272684618916177 0.278016942753507 1.0824849362944 -0.314877860186385 -0.252082227489029
27.407877514094 6.0681051717305 64.449417934871 -0.976981472680599 -0.200217983572744 -0.0736203850379964 0.211816193806045 -0.951437899190533 -0.223382685151808 0.151897385329733 0.0565044094483435 -0.047924795957892 0.237864195281974 0.0248929785702895 -0.326279878574085
27.945289959564 5.45812208450657 63.3163799572096 0.307911266085526 -0.700728970078023 0.643560069232968 -0.948954147573783 -0.274814178916467 0.154800493760361 0.0720490590698426 -0.307024894880942 -0.262911202726311 -0.111010786604014 -0.0129322010090341 0.27346260167562
40.5335812957759 -29.6798341420967 43.2607160451714 0.930201531174054 0.361624867987796 0.0628694381580242 -0.279929960510505 0.588145882482459 0.75876454722608 -0.196363843796933 -0.243465415583957 -0.661573489530256 0.507987359624315 0.18956483764968 0.294788402892506
39.1556942524482 -29.9061528730187 42.5575430287665 -0.590716447014525 -0.513633801862081 0.622281605715189 -0.789885767166265 0.525557781663266 -0.316021348900617 -0.451899195997852 0.175899453029461 -0.0279673419056582 -0.782822223268888 -0.304842081467273 0.0788376794454391
39.3809783680212 -29.0115929028111 43.2469639835608 0.642460264954977 -0.49936159354319 0.581276876236872 0.165741288527854 0.831124186871563 0.530812972028971 -0.436067977261008 -0.44886004197405 -0.231904882239018 0.229950854081929 -0.0255220369405308 0.273354944469123
39.2608266755168 -28.8508389217856 43.6857314899719 0.995454842270064 0.0430728231334856 -0.0849375588796752 0.013058020216635 0.821720053307197 0.569741732806181 0.489709247318573 0.190223438805006 -0.858765811139222 0.118018064483391 0.0798443149956098 0.039585877960489
39.4017461266112 -28.6817581546865 44.0914856971638 0.47984839131629 0.561947269598176 -0.673766122287585 -0.105326811809403 0.799297648250485 0.591632937061132 -0.2229199624339 -0.230740286369796 0.401482033457982 0.43400651348281 -0.163192238253135 0.105359371168226
39.490304908059 -28.2780048351912 44.3615220074012 -0.264056356389684 0.289138464103805 -0.920148460426713 -0.373234581021532 0.849052692369757 0.373905700824373 -0.0537721111822584 0.272568533853146 -0.253460129479858 -0.242641879211623 0.111330413051004 -0.0324457269145453
38.8030975301101 -28.5858630999525 45.3382655110811 0.870543173786058 -0.424535604559732 0.2488455405178 -0.0278767793528842 0.462331369143886 0.886268915328696 -0.00169208068850454 0.142553797729021 -0.10990016182006 -0.0526562577937985 0.100194503298842 0.152494439656923
38.7877297766388 -28.6737311923184 45.7195372847883 0.739435453800121 0.603243929525592 -0.298884544856237 -0.22137663588343 0.637141018651214 0.738270754830004 -0.159112928922119 -0.5102129836327 -0.469793527397746 -0.22352746353119 0.37758315142227 0.65708913827151
38.7959896938813 -28.4282135630897 46.169706758192 -0.138760168453561 0.780831368099541 -0.609137086576279 -0.21639896565913 0.576316504861834 0.78805505764852 0.130026660118916 0.386346119294053 -0.00901591914964338 -0.43279431319344 -0.0528800803162002 0.802127864972682
38.6334958528921 -29.8134857965029 46.1064954806878 0.586541806824765 0.04996726382611 -0.80837613855979 0.779142712918527 -0.307337512371663 0.546333493752208 0.352272092885111 0.230404941469665 -0.10769455661243 -0.0650116895032646 -0.47924387637565 -0.242234624573743
38.8880570814741 -30.1845141254283 46.1221112412318 0.655189583923743 0.735523597456699 -0.17242867134612 0.647820189919974 -0.429581222280656 0.629117616186191 0.345247548774204 0.052860891275491 0.312151109099919 0.00174992500973136 -0.516717297119652 -0.944844258163541
39.33262818078 -30.488594533686 46.1897235382704 0.207610277144668 0.889787690245678 0.406418305580914 0.713712735881369 -0.421907553735299 0.559113715394035 -0.73270411240651 -0.375596788975027 0.357807468770373 -0.21449171388126 -0.382568324912639 -0.495916958336066
39.8049641137251 -30.5434714488483 46.2769995563044 -0.391184982708176 0.473201937426167 0.789337846374831 0.728440714503675 -0.364970552017247 0.579802226292317 -0.141546782958895 0.526302798751222 0.0994502860452604 0.00867019186354961 0.0518862998067385 -0.0757597532840926
40.2409742936092 -30.4619082909337 46.5536304427779 -0.743081927642706 -0.100336233897109 0.661635767607395 0.633310156062052 -0.424875671886238 0.646837622334496 0.11856588575618 -0.0409147097891101 -0.02947430132358 0.346161948489641 0.0725775117760882 0.139994850927255
40.6749805329514 -30.5176260826398 46.9907513694296 -0.75797339853557 -0.298581172319259 0.579935867703674 0.626533411933549 -0.0859097919477713 0.774645332638204 0.36358976739023 -0.459902922652606 0.151650798313156 0.0604192921315004 -0.0828592748912811 -0.33320207856507
40.76890432383 -30.3405048792845 47.4398456248498 -0.465139212059961 -0.853527698652007 0.234810521565233 0.523589251455877 -0.0513800539503865 0.850420123125122 -0.155471740997305 0.357341760832684 -0.224849086224262 -0.110037842377746 0.135643548976808 0.296624141843364
40.7612142080141 -30.3219702471355 47.9208710185198 0.219100082221669 -0.972586041655282 -0.0779201228639043 0.250904305227678 -0.0210127210235024 0.967783806009056 0.329736283311335 0.714242815270938 -0.633280455565334 0.0397172545492984 -0.157340275893514 0.705364277767562
41.0724548390248 -30.5364892469316 48.9300544148578 0.217913364159332 -0.972349847459754 0.0839615380163261 0.879494064359743 0.232938817677475 0.415005660171903 -0.267974902859986 0.122568038618779 -0.102300104194694 -0.0748507192266009 -0.240003523767777 0.141463863816361
41.2854595101138 -30.5493515906607 49.4435902693539 0.610765506270081 -0.471834272444342 -0.635875707742671 0.775709143466266 0.195417569935425 0.600072744009349 0.0893141204792487 -0.0614130499419344 -0.375767494513734 0.0868238128355268 0.363485382814496 0.244426697767818
41.7390365211167 -30.7693376937259 49.649594873693 0.508938574525575 0.529739748708364 -0.678496371396564 0.714079084578248 0.180347260886905 0.676436195408635 0.154348448549173 0.423575125807252 -0.172535713574045 0.149052267736326 0.0226937246065476 -0.0675039713016095
41.1008953699587 -31.6227426046484 50.5280135542112 0.111655496328979 -0.993746916782132 -0.000339890396785299 0.979375494772622 0.109982779843188 0.169491676423387 0.476497000365161 0.327098361187535 -0.283463654651464 0.349053652892795 0.52157812997496 0.111188042204557
41.3943657664844 -31.6857956583103 50.8533870892177 0.244858463245047 -0.549752298327404 -0.798634298951182 0.965916081121238 0.209652178331121 0.151829141973117 0.282021463305152 -0.152986259484158 -0.00813765221355571 0.571823498292986 -0.0263282983806265 0.247348052913896
41.8420457335859 -31.7454799502792 51.0219414493549 -0.047471664988184 0.0894812291623996 -0.994856547774839 0.994673357381123 0.0954648302455053 -0.0388764492011564 -0.0779743258655142 -0.14299407685853 -0.367729525379909 0.0826238040803409 0.17055683580193 0.507242973521371
42.16314941261 -30.4021258233133 51.8217197938567 -0.288152341357598 0.957062726815236 0.031609573094002 -0.843429797432875 -0.269293444761616 0.464873334803199 -0.470195654559051 -0.0116532787773089 0.0163066806027643 0.268868076671903 0.0589700208391833 -0.219452484302916
41.8943133650824 -30.3380974117627 52.2215978266561 -0.451321425521637 0.428208325240101 -0.782909063084781 -0.892112246998454 -0.237243772180136 0.384514149696783 -0.244855702320534 0.47290870675873 0.0519911245450225 0.294525375883094 -0.0314139453933376 -0.333242138174702
41.4312629791004 -30.1334403468335 52.3567632742788 -0.242660658268742 -0.230519816657287 -0.942325007127004 -0.959370705827047 -0.0871189631876043 0.26836194785083 0.249061444228016 0.188002823005274 -0.0906597063045305 -0.106354986565216 0.279028561463324 -0.261370761909322
