        0.1434 26   0.002227   0.002227   0.379985    0.011449   0.000000  -1.051915   0.000000  -0.455232  -0.172689   0.000000   0.061308
        0.2078 26   0.009083   0.009083   0.302854    0.031541   0.000000  -1.126207   0.000000  -0.324425  -0.098631   0.000000   0.060159
        0.1920 25   0.024663   0.024663   0.341069    0.034700   0.000000  -1.120168   0.000000  -0.315828  -0.117421   0.000000   0.057006
        0.2533 26   0.042309   0.042309   0.301872    0.048747   0.000000  -1.141463   0.000000  -0.334616  -0.104929   0.000000   0.056577
        0.2230 25   0.072841   0.072841   0.294912    0.039945   0.000000  -1.122870   0.000000  -0.312659  -0.123491   0.000000   0.056046
        0.2788 25   0.102059   0.102059   0.277610    0.027283   0.000000  -1.116164   0.000000  -0.316770  -0.108682   0.000000   0.057031
        0.2815 26   0.142926   0.142926   0.295988    0.053346   0.000000  -1.073496   0.000000  -0.340359  -0.118997   0.000000   0.057951
        0.2598 25   0.194300   0.194300   0.329529    0.049088   0.000000  -1.132446   0.000000  -0.322478  -0.117925   0.000000   0.059797
        0.3372 26   0.236869   0.236869   0.278057    0.052606   0.000000  -1.107910   0.000000  -0.291778  -0.100432   0.000000   0.056379
        0.3321 25   0.298779   0.298779   0.272213    0.039979   0.000000  -1.081453   0.000000  -0.323559  -0.105771   0.000000   0.056361
        0.3476 26   0.363651   0.363651   0.384422    0.056313   0.000000  -1.129546   0.000000  -0.331016  -0.106105   0.000000   0.057109
        0.3175 26   0.445146   0.445146   0.298284    0.034344   0.000000  -1.076711   0.000000  -0.310353  -0.105043   0.000000   0.056654
        0.3408 26   0.521699   0.521699   0.311076    0.039364   0.000000  -1.084831   0.000000  -0.313034  -0.111240   0.000000   0.055594
        0.3814 25   0.599776   0.599776   0.302792    0.055626   0.000000  -1.072331   0.000000  -0.311100  -0.110642   0.000000   0.056781
        0.4521 25   0.674842   0.674842   0.303214    0.051204   0.000000  -1.057119   0.000000  -0.323192  -0.107337   0.000000   0.058399
        0.4478 26   0.776653   0.776653   0.326764    0.057186   0.000000  -1.080105   0.000000  -0.312231  -0.096392   0.000000   0.059508
        0.4729 26   0.876206   0.876206   0.332932    0.047145   0.000000  -1.077415   0.000000  -0.275300  -0.085355   0.000000   0.058166
        0.5391 25   0.967994   0.967994   0.347343    0.042237   0.000000  -1.044104   0.000000  -0.281909  -0.096100   0.000000   0.058603
        0.5009 26   1.101251   1.101251   0.336809    0.057127   0.000000  -1.076883   0.000000  -0.286803  -0.086238   0.000000   0.053838
        2.1434 17   0.688073   0.688073   0.537899    0.061709   0.000000  -0.782765   0.000000  -0.210042  -0.063343   0.000000   0.057519
        7.2475 3   0.000470   0.000470   0.458974    0.041763   0.000000  -0.383448   0.000000  -0.027592  -0.009966   0.000000   0.038534
        7.5619 3   0.000746   0.000746   0.377572    0.053228   0.000532  -0.360434   0.000000  -0.039272  -0.009394   0.000000   0.031291
        8.0853 3   0.000006   0.000006   0.338328    0.052591   0.000000  -0.356484   0.000000  -0.039734  -0.007782   0.000000   0.034752
        8.2449 3   0.000865   0.000865   0.306958    0.057162   0.000000  -0.383239   0.000000  -0.043088  -0.011654   0.000000   0.031505
        8.5695 3   0.001112   0.001112   0.330300    0.058120   0.000562  -0.397464   0.000000  -0.050403  -0.008632   0.000000   0.031558
        8.8621 3   0.001822   0.001822   0.323489    0.054454   0.000000  -0.362686   0.000000  -0.047816  -0.010021   0.000000   0.025822
        9.4334 3   0.000022   0.000022   0.376976    0.056691   0.000000  -0.395240   0.000000  -0.030186  -0.009639   0.000000   0.031528
        9.6280 4   0.000944   0.000944   0.376973    0.047328   0.000000  -0.401771   0.000000  -0.048785  -0.018758   0.000000   0.030171
        9.6723 4   0.006763   0.006763   0.396541    0.042272   0.000000  -0.446393   0.000000  -0.054536  -0.010058   0.000000   0.030090
        9.9812 4   0.007890   0.007890   0.390208    0.068850   0.000000  -0.504729   0.000000  -0.055798  -0.014750   0.000000   0.028581
       10.4624 4   0.004377   0.004377   0.370635    0.061136   0.000000  -0.467114   0.000000  -0.051717  -0.015696   0.000000   0.031008
       10.6158 1   0.009832   0.009832   0.347939    0.067606   0.000301  -0.428159   0.000000  -0.021793  -0.009325   0.000000   0.027554
       11.2015 3   0.003450   0.003450   0.398051    0.055213   0.000000  -0.417740   0.000000  -0.051405  -0.014672   0.000000   0.025706
       11.3749 3   0.007804   0.007804   0.321250    0.058683   0.001539  -0.403936   0.000000  -0.047722  -0.011761   0.000000   0.026420
       11.8019 2   0.005604   0.005604   0.366138    0.051387   0.001014  -0.427466   0.000185  -0.029608  -0.008575   0.000000   0.028847
       12.4486 2   0.000580   0.000580   0.350136    0.055135   0.000000  -0.430927   0.000000  -0.032798  -0.013074   0.000000   0.023248
       12.3388 2   0.010356   0.010356   0.358187    0.073138   0.000000  -0.486647   0.000000  -0.022413  -0.008077   0.000000   0.026782
       12.9780 0   0.002732   0.002732   0.355731    0.056199   0.000000  -0.475785   0.000327   0.000000   0.000000   0.000000   0.025802
       14.2273 0   0.010174   0.010174   0.311252    0.051974   0.000000  -0.454280   0.000000   0.000000   0.000000   0.000000   0.025024
       13.8389 0   0.000583   0.000583   0.329691    0.050627   0.000000  -0.399581   0.000053   0.000000  -0.002260   0.000000   0.026577
       14.1647 0   0.000776   0.000776   0.301868    0.040400   0.000000  -0.385814   0.000000   0.000000   0.000000   0.000000   0.031170
       14.7300 0   0.000083   0.000083   0.325243    0.034426   0.000000  -0.477463   0.000000   0.000000   0.000000   0.000000   0.033591
       15.0945 0   0.000143   0.000143   0.334579    0.056962   0.002899  -0.532338   0.000000   0.000000   0.000000   0.000000   0.034570
       15.3000 0   0.000149   0.000149   0.319917    0.073572   0.000000  -0.483845   0.000000   0.000000   0.000000   0.000000   0.028492
       15.9277 0   0.001250   0.001250   0.370302    0.053748   0.000000  -0.530225   0.003166   0.000000   0.000000   0.000000   0.028083
       16.1412 0   0.000158   0.000158   0.347666    0.047039   0.000000  -0.518646   0.000000   0.000000   0.000000   0.000000   0.029401
       16.7931 0   0.004125   0.004125   0.352349    0.055065   0.000000  -0.553766   0.000000   0.000000   0.000000   0.000000   0.034043
       16.5535 0   0.001261   0.001261   0.382833    0.043636   0.000000  -0.574359   0.000000   0.000000   0.000000   0.000000   0.026398
       16.9343 0   0.000893   0.000893   0.335459    0.041421   0.000000  -0.510571   0.000000   0.000000   0.000000   0.000000   0.032877
       17.3930 0   0.000122   0.000122   0.330297    0.056322   0.000000  -0.582793   0.000848   0.000000   0.000000   0.000000   0.031006
       17.5030 0   0.002642   0.002642   0.326911    0.054953   0.000000  -0.618339   0.000000   0.000000   0.000000   0.000000   0.027078
       17.8828 0   0.002111   0.002111   0.331467    0.046112   0.000000  -0.608320   0.000000   0.000000   0.000000   0.000000   0.028394
       18.7396 0   0.001642   0.001642   0.351486    0.050166   0.000000  -0.660120   0.000192   0.000000  -0.001518   0.000000   0.030553
       18.7965 0   0.000079   0.000079   0.304482    0.050091   0.000000  -0.630898   0.000000  -0.000000  -0.001873   0.000000   0.032495
       19.1672 0   0.000025   0.000025   0.317959    0.057381   0.000000  -0.647904   0.000000   0.000000   0.000000   0.000000   0.026136
       19.3507 0   0.001079   0.001079   0.337897    0.040342   0.000000  -0.662715   0.000000   0.000000   0.000000   0.000000   0.029802
       20.0036 0   0.000361   0.000361   0.321483    0.042769   0.000000  -0.646833   0.000000   0.000000   0.000000   0.000000   0.027625
       20.1541 0   0.000210   0.000210   0.351623    0.048802   0.000000  -0.709118   0.000000   0.000000   0.000000   0.000000   0.026873
       20.7994 0   0.001300   0.001300   0.309869    0.039822   0.000000  -0.667503   0.000000   0.000000   0.000000   0.000000   0.035012
       20.9627 0   0.000022   0.000022   0.309797    0.037259   0.000000  -0.643592   0.000000   0.000000   0.000000   0.000000   0.027498
       21.2767 0   0.000001   0.000001   0.290465    0.059012   0.000000  -0.642764   0.000000   0.000000   0.000000   0.000000   0.034224
       21.6432 0   0.000005   0.000005   0.343856    0.053359   0.000000  -0.732703   0.000000   0.000000   0.000000   0.000000   0.028624
       21.9261 0   0.000077   0.000077   0.312293    0.057081   0.000000  -0.684556   0.000000   0.000000   0.000000   0.000000   0.029353
       22.2427 0   0.000198   0.000198   0.349117    0.053642   0.001515  -0.727633   0.000000   0.000000   0.000000   0.000000   0.028358
       22.6975 0   0.000017   0.000017   0.343367    0.040388   0.000000  -0.664270   0.000000   0.000000   0.000000   0.000000   0.027356
       23.0837 0   0.000113   0.000113   0.310660    0.061834   0.000000  -0.690651   0.000000   0.000000   0.000000   0.000000   0.030249
       23.3021 0   0.000128   0.000128   0.315696    0.045576   0.002114  -0.737364   0.000000   0.000000   0.000000   0.000000   0.028082
       23.5127 0   0.001196   0.001196   0.345573    0.044637   0.000000  -0.725642   0.000000   0.000000   0.000000   0.000000   0.027297
       23.9553 0   0.000341   0.000341   0.376087    0.053650   0.000000  -0.704137   0.000000   0.000000   0.000000   0.000000   0.028430
       24.2269 0   0.000985   0.000985   0.323365    0.048158   0.000000  -0.724362   0.000000   0.000000   0.000000   0.000000   0.030243
       24.9726 0   0.001311   0.001311   0.320342    0.037123   0.000000  -0.775288   0.000382   0.000000   0.000000   0.000000   0.032657
       25.4253 0   0.002921   0.002921   0.366893    0.050801   0.000000  -0.775534   0.000000   0.000000   0.000000   0.000000   0.026799
       25.3575 0   0.000273   0.000273   0.332539    0.063994   0.000000  -0.782316   0.000000   0.000000   0.000000   0.000000   0.032375
       25.9442 0   0.000579   0.000579   0.349415    0.057218   0.000000  -0.782264   0.000000   0.000000  -0.000000   0.000000   0.024882
       26.1055 0   0.000058   0.000058   0.334231    0.053349   0.000000  -0.800345   0.000000   0.000000   0.000000   0.000000   0.023684
       26.5439 0   0.000061   0.000061   0.296131    0.041297   0.000000  -0.791803   0.000000   0.000000   0.000000   0.000000   0.029567
       27.1700 0   0.003036   0.003036   0.316504    0.039338   0.000000  -0.813120   0.000000   0.000000   0.000000   0.000000   0.030194
       27.2413 0   0.000067   0.000067   0.326471    0.048098   0.000000  -0.817819   0.000000  -0.000002   0.000000   0.000000   0.024674
       27.7393 0   0.001135   0.001135   0.331521    0.047665   0.000000  -0.844523   0.000000   0.000000   0.000000   0.000000   0.024710
       27.8773 0   0.000004   0.000004   0.361648    0.058255   0.000604  -0.897153   0.000000   0.000000   0.000000   0.000000   0.027872
       28.2324 0   0.000000   0.000000   0.321557    0.031962   0.000000  -0.830374   0.000000   0.000000   0.000000   0.000000   0.029597
       28.7160 0   0.000503   0.000503   0.304584    0.054052   0.000060  -0.824946   0.000000   0.000000   0.000000   0.000000   0.030208
       29.1110 0   0.000928   0.000928   0.318266    0.039863   0.000000  -0.813280   0.000000   0.000000  -0.001622   0.000000   0.028180
       29.3578 0   0.000177   0.000177   0.331697    0.049702   0.000000  -0.864975   0.000000   0.000000  -0.000000   0.000000   0.031834
       29.4387 0   0.001023   0.001023   0.265976    0.046716   0.000000  -0.846388   0.000000   0.000000   0.000000   0.000000   0.027245
       29.8581 0   0.000392   0.000392   0.264277    0.059183   0.000000  -0.836580   0.000000   0.000000   0.000000   0.000000   0.025483
       30.1550 0   0.000809   0.000809   0.299745    0.047853   0.000000  -0.836111   0.000000   0.000000   0.000000   0.000000   0.031674
       30.5888 0   0.000190   0.000190   0.315067    0.042944   0.000000  -0.829117   0.001582   0.000000   0.000000   0.000000   0.031667
       30.7843 0   0.001572   0.001572   0.301422    0.048629   0.000000  -0.791115   0.000000   0.000000   0.000000   0.000000   0.031690
       31.1646 0   0.001164   0.001164   0.321390    0.045713   0.000000  -0.821916   0.000000   0.000000  -0.001738   0.000000   0.030426
       31.7187 0   0.000001   0.000001   0.257823    0.035692   0.000000  -0.774077   0.000000   0.000000  -0.000352   0.000000   0.028022
       32.1530 0   0.000245   0.000245   0.328187    0.056044   0.000000  -0.799529   0.000000  -0.000007   0.000000   0.000000   0.027307
       32.4746 0   0.000126   0.000126   0.311642    0.059509   0.000000  -0.755578   0.000000   0.000000   0.000000  -0.007404   0.029447
       32.6402 0   0.000388   0.000388   0.351461    0.057515   0.000000  -0.799739   0.000000   0.000000   0.000000   0.000000   0.027397
       33.2414 0   0.000546   0.000546   0.310613    0.035101   0.000000  -0.777204   0.000000   0.000000   0.000000   0.000000   0.026521
       33.6753 0   0.001444   0.001444   0.353027    0.043230   0.000733  -0.798807   0.000000   0.000000   0.000000   0.000000   0.036009
       33.6986 0   0.000292   0.000292   0.358857    0.059224   0.000000  -0.778320   0.000000   0.000000   0.000000   0.000000   0.029473
       34.1883 0   0.000049   0.000049   0.336193    0.064132   0.000000  -0.779945   0.000000   0.000000   0.000000   0.000000   0.031760
       34.3091 0   0.000993   0.000993   0.321396    0.043485   0.000000  -0.743807   0.000000   0.000000   0.000000   0.000000   0.029935
       34.8558 0   0.000005   0.000005   0.343641    0.066331   0.000000  -0.746450   0.000000   0.000000   0.000000   0.000000   0.029245
       35.7354 0   0.008580   0.008580   0.365617    0.056423   0.000000  -0.783095   0.000000   0.000000   0.000000   0.000000   0.024197
