0.999999238518982 
0.9999984852294029 
0.9999978949296284 
0.999998425826189 
0.9999980192151909 
0.9999967471629401 
0.9999972564095102 
0.9999957125366943 
0.9999944958879475 
0.961537737287165 
0.9615334442037613 
0.9615031589706285 
0.9615366034089645 
0.9615263931121507 
0.9615371135542147 
0.9615368436014647 
0.9615350201212446 
0.9615367248750346 
0.9615351312679133 
0.8351857006060315 
0.576755187149535 
0.538399184501078 
0.538433387910964 
0.49999950235617346 
0.4999992877359262 
0.49999963652465296 
0.4615246484497403 
0.46153436784250756 
0.42307543056359453 
0.34615357023594595 
0.3461522983390767 
0.34615342534155463 
0.34615314489408316 
0.34616498466732926 
0.3461530942614702 
0.34297376893509396 
0.3077123159677483 
0.34607281625347236 
0.34571051232495414 
0.30667829542270203 
0.26923043734633634 
0.26923048803545757 
0.2307673507333541 
0.23078254107518606 
0.23076899939473886 
0.23076907053723789 
0.26775984502109385 
0.2692298719016143 
0.230768790887282 
0.2307687731006265 
0.23076869896329716 
0.23076863072810574 
0.23076911900629046 
0.2307689997659366 
0.2307557576877391 
0.19230681195155208 
0.19230765621992554 
0.19230764069921097 
0.19230151716613397 
0.15384552765342793 
0.1538147685337409 
7.39980608792709e-223 
0.0 
1.8476104007523922e-304 
6.449991322321715e-300 
0.0 
0.0 
0.0 
0.0 
4.6845420007141835e-298 
0.0 
0.0 
5.639457306784692e-291 
0.0 
7.073709965337612e-303 
0.0 
0.0 
0.0 
0.0 
0.0 
0.0 
0.0 
0.0 
0.0 
0.0 
0.0 
0.0 
0.0 
0.0 
0.0 
0.0 
0.0 
0.0 
0.0 
0.0 
0.0 
0.0 
0.0 
0.0 
0.0 
0.0 
