       42.9568 0   0.000551   0.000551   0.354850    0.062146   0.000000  -0.575689   0.000000   0.000000  -0.000000   0.000000   0.031577
       43.2317 0   0.000539   0.000539   0.390160    0.057326   0.000000  -0.615967   0.000000   0.000000   0.000000   0.000000   0.025896
       43.0159 0   0.000181   0.000181   0.346013    0.042961   0.000000  -0.624100   0.000000   0.000000   0.000000   0.000000   0.025213
       43.4282 0   0.003203   0.003203   0.342474    0.048565   0.000000  -0.628610   0.000000   0.000000   0.000000   0.000000   0.027628
       43.2296 0   0.000523   0.000523   0.363087    0.044284   0.000000  -0.638264   0.000000   0.000000   0.000000   0.000000   0.027794
       42.9945 0   0.000292   0.000292   0.347389    0.056826   0.000000  -0.626067   0.000000   0.000000  -0.000097   0.000000   0.029006
       43.0956 0   0.000000   0.000000   0.322987    0.049284   0.000000  -0.563648   0.000000   0.000000   0.000000   0.000000   0.028193
       43.2553 0   0.000741   0.000741   0.341030    0.058340   0.000000  -0.595027   0.000000   0.000000   0.000000   0.000000   0.028273
       43.0138 0   0.000190   0.000190   0.387009    0.057291   0.000000  -0.601924   0.000000   0.000000   0.000000   0.000000   0.028090
       43.2964 0   0.001170   0.001170   0.367702    0.043169   0.000000  -0.564890   0.000000   0.000000  -0.000038   0.000000   0.030737
       43.0403 0   0.000086   0.000086   0.370052    0.050086   0.000000  -0.678622   0.000191   0.000000   0.000000   0.000000   0.032601
       43.4837 0   0.004359   0.004359   0.339995    0.036999   0.000000  -0.632197   0.000000   0.000000   0.000000   0.000000   0.029962
       43.0737 0   0.000013   0.000013   0.322995    0.034984   0.000000  -0.581120   0.000000   0.000000   0.000000   0.000000   0.026201
       42.8189 0   0.002199   0.002199   0.293620    0.032335   0.000000  -0.567352   0.000000   0.000000   0.000000   0.000000   0.028834
       43.2631 0   0.000815   0.000815   0.328015    0.049862   0.000000  -0.644526   0.000000   0.000000   0.000000   0.000000   0.032540
       43.0138 0   0.000190   0.000190   0.384721    0.051100   0.000000  -0.634533   0.000000   0.000000  -0.000021   0.000000   0.031017
       43.2696 0   0.000880   0.000880   0.355949    0.060436   0.000000  -0.603752   0.000000   0.000000  -0.000309  -0.002035   0.031154
       42.9640 0   0.000495   0.000495   0.307045    0.057854   0.000000  -0.566988   0.000000   0.000000   0.000000  -0.006163   0.024912
       42.9899 0   0.000319   0.000319   0.328098    0.041655   0.000000  -0.590943   0.000000   0.000000  -0.000613   0.000000   0.025426
       43.2072 0   0.000363   0.000363   0.329679    0.056377   0.000000  -0.603109   0.000000   0.000000   0.000000   0.000000   0.031730
       43.3160 0   0.001408   0.001408   0.331673    0.056555   0.000000  -0.589345   0.000000   0.000000   0.000000   0.000000   0.027943
       43.0759 0   0.000010   0.000010   0.368635    0.069647   0.000000  -0.631281   0.000000   0.000000   0.000000   0.000000   0.028641
       43.4554 0   0.003747   0.003747   0.355997    0.052369   0.000000  -0.599546   0.000000   0.000000   0.000000   0.000000   0.022959
       42.9787 0   0.000390   0.000390   0.287568    0.027082   0.000000  -0.607809   0.000000   0.000000   0.000000   0.000000   0.039525
       42.8166 0   0.002236   0.002236   0.328414    0.035914   0.000000  -0.618205   0.000000   0.000000   0.000000   0.000000   0.029779
       43.1672 0   0.000150   0.000150   0.322663    0.048584   0.000000  -0.640308   0.000000   0.000000   0.000000   0.000000   0.028465
       43.4526 0   0.003690   0.003690   0.324218    0.055213   0.000000  -0.651070   0.000000   0.000000   0.000000   0.000000   0.029455
       43.0645 0   0.000027   0.000027   0.350884    0.074967   0.000000  -0.658295   0.000000   0.000000   0.000000   0.000000   0.026796
       42.8699 0   0.001462   0.001462   0.333805    0.062908   0.000000  -0.599879   0.000000   0.000000   0.000000   0.000000   0.027094
       43.1623 0   0.000131   0.000131   0.383461    0.053944   0.000000  -0.632120   0.000000   0.000000   0.000000   0.000000   0.024791
       43.0245 0   0.000143   0.000143   0.374851    0.048942   0.002991  -0.609899   0.000000   0.000000  -0.000001   0.000000   0.030315
       43.2025 0   0.000333   0.000333   0.385224    0.054811   0.000000  -0.607261   0.000000   0.000000   0.000000   0.000000   0.026516
       43.2919 0   0.001119   0.001119   0.385372    0.048450   0.000326  -0.589765   0.002131   0.000000   0.000000   0.000000   0.027849
       42.8963 0   0.001139   0.001139   0.379714    0.038401   0.000000  -0.580328   0.000000   0.000000  -0.000005   0.000000   0.027150
       43.2792 0   0.000979   0.000979   0.334111    0.062814   0.000000  -0.615589   0.000000   0.000000   0.000000   0.000000   0.032349
       43.2456 0   0.000655   0.000655   0.337270    0.042931   0.000000  -0.610209   0.000000   0.000000  -0.000007   0.000000   0.035136
       43.0425 0   0.000080   0.000080   0.319427    0.076734   0.000000  -0.621965   0.000304   0.000000   0.000000  -0.012671   0.031904
       42.7623 0   0.003194   0.003194   0.329168    0.058876   0.003968  -0.631456   0.000000   0.000000   0.000000   0.000000   0.030432
       43.3322 0   0.001623   0.001623   0.352586    0.054159   0.000000  -0.645043   0.000000   0.000000   0.000000   0.000000   0.026918
       43.3690 0   0.002166   0.002166   0.314549    0.065381   0.000001  -0.621483   0.000000   0.000000   0.000000   0.000000   0.031513
       43.2170 0   0.000429   0.000429   0.327935    0.053696   0.000000  -0.592572   0.000000   0.000000   0.000000   0.000000   0.028380
       43.5284 0   0.005418   0.005418   0.359409    0.059960   0.000000  -0.609385   0.000000   0.000000   0.000000   0.000000   0.026898
       43.3690 0   0.002165   0.002165   0.369677    0.049917   0.000000  -0.626589   0.000000   0.000000  -0.000069   0.000000   0.027912
       42.6892 0   0.004751   0.004751   0.395718    0.069503   0.000000  -0.672283   0.000000   0.000000   0.000000   0.000000   0.030726
       43.0315 0   0.000116   0.000116   0.326770    0.053107   0.000000  -0.571767   0.000000   0.000000   0.000000   0.000000   0.031559
       43.1445 0   0.000071   0.000071   0.358485    0.065062   0.001368  -0.585605   0.000000   0.000000   0.000000   0.000000   0.029932
       42.9594 0   0.000530   0.000530   0.343236    0.054792   0.000000  -0.618881   0.000000   0.000000   0.000000   0.000000   0.036292
       42.9687 0   0.000460   0.000460   0.334676    0.053847   0.000000  -0.612831   0.000000   0.000000   0.000000   0.000000   0.028300
       43.0976 0   0.000000   0.000000   0.345459    0.038007   0.000000  -0.652002   0.000000   0.000000   0.000000   0.000000   0.029636
       42.9429 0   0.000667   0.000667   0.365129    0.048017   0.000000  -0.717113   0.002980   0.000000   0.000000   0.000000   0.022844
       42.8798 0   0.001336   0.001336   0.306995    0.067065   0.000000  -0.647613   0.000527   0.000000  -0.000202   0.000000   0.032726
       43.4414 0   0.003461   0.003461   0.324012    0.055552   0.000000  -0.639961   0.000000   0.000000   0.000000   0.000000   0.031471
       43.3644 0   0.002093   0.002093   0.372300    0.045419   0.000000  -0.641892   0.000000   0.000000   0.000000   0.000000   0.028943
       42.8692 0   0.001471   0.001471   0.351817    0.055384   0.000542  -0.674872   0.000000   0.000000  -0.000013   0.000000   0.031166
       43.1933 0   0.000279   0.000279   0.347515    0.060746   0.000000  -0.671189   0.000000   0.000000   0.000000   0.000000   0.031872
       43.2754 0   0.000939   0.000939   0.297775    0.058706   0.000000  -0.632242   0.000000   0.000000   0.000000   0.000000   0.029089
       42.9744 0   0.000420   0.000420   0.309631    0.055043   0.000000  -0.613704   0.000000   0.000000   0.000000   0.000000   0.026744
       43.4850 0   0.004388   0.004388   0.362720    0.041585   0.000000  -0.633261   0.000000   0.000000   0.000000   0.000000   0.029236
       43.2843 0   0.001033   0.001033   0.341817    0.045817   0.000021  -0.637396   0.000000   0.000000  -0.000000   0.000000   0.031325
       42.6981 0   0.004544   0.004544   0.329414    0.035178   0.000000  -0.604752   0.000000   0.000000   0.000000   0.000000   0.030389
       43.0700 0   0.000018   0.000018   0.332166    0.059345   0.000000  -0.587598   0.000079   0.000000   0.000000   0.000000   0.029913
       42.9953 0   0.000287   0.000287   0.341387    0.065630   0.000000  -0.604539   0.000000   0.000000   0.000000   0.000000   0.027383
       43.1854 0   0.000236   0.000236   0.274487    0.062175   0.000000  -0.605409   0.000000   0.000000   0.000000   0.000000   0.033955
       43.2377 0   0.000587   0.000587   0.303815    0.045416   0.000000  -0.593944   0.000000   0.000000   0.000000   0.000000   0.028762
       43.1794 0   0.000205   0.000205   0.298011    0.066191   0.000000  -0.599172   0.001335   0.000000   0.000000   0.000000   0.030496
       43.2262 0   0.000497   0.000497   0.301285    0.061891   0.000000  -0.632905   0.000000   0.000000   0.000000   0.000000   0.033349
       42.9445 0   0.000653   0.000653   0.338110    0.062707   0.000000  -0.690364   0.000000   0.000000   0.000000   0.000000   0.030920
       43.2343 0   0.000560   0.000560   0.352791    0.044342   0.000000  -0.646057   0.000000   0.000000   0.000000   0.000000   0.030578
       43.0044 0   0.000237   0.000237   0.291400    0.053979   0.000000  -0.622898   0.000000   0.000000   0.000000   0.000000   0.029673
       42.9861 0   0.000342   0.000342   0.298584    0.046297   0.000000  -0.670330   0.000000   0.000000   0.000000   0.000000   0.030996
       43.0617 0   0.000032   0.000032   0.328115    0.043507   0.000000  -0.633481   0.000000   0.000000   0.000000   0.000000   0.024885
       43.1624 0   0.000131   0.000131   0.334183    0.058419   0.000000  -0.642668   0.000000   0.000000   0.000000   0.000000   0.026653
       43.3655 0   0.002110   0.002110   0.310727    0.063996   0.000000  -0.580331   0.000000   0.000000   0.000000   0.000000   0.027226
       43.0899 0   0.000001   0.000001   0.358459    0.040645   0.000000  -0.607313   0.000000   0.000000   0.000000   0.000000   0.038004
       42.8628 0   0.001556   0.001556   0.362464    0.048341   0.000000  -0.619857   0.000000   0.000000   0.000000   0.000000   0.032584
       43.1500 0   0.000087   0.000087   0.365980    0.049086   0.000000  -0.639509   0.000000   0.000000   0.000000   0.000000   0.029177
       43.2257 0   0.000493   0.000493   0.342808    0.068460   0.000000  -0.633841   0.000000   0.000000   0.000000   0.000000   0.028221
       42.8781 0   0.001358   0.001358   0.330412    0.040496   0.000000  -0.616977   0.000937   0.000000   0.000000  -0.014034   0.029251
       42.8072 0   0.002390   0.002390   0.336071    0.032127   0.000000  -0.624624   0.000000   0.000000   0.000000   0.000000   0.029301
       43.2485 0   0.000680   0.000680   0.348402    0.055267   0.000000  -0.653422   0.000000   0.000000   0.000000   0.000000   0.033032
       43.1828 0   0.000222   0.000222   0.334954    0.045151   0.000000  -0.686199   0.000000   0.000000  -0.000000   0.000000   0.030119
       43.1181 0   0.000015   0.000015   0.334925    0.047097   0.000000  -0.662416   0.000000   0.000000   0.000000  -0.008067   0.028399
       43.2722 0   0.000905   0.000905   0.296063    0.057943   0.000000  -0.678110   0.000812   0.000000   0.000000   0.000000   0.029644
       43.2510 0   0.000702   0.000702   0.322361    0.045688   0.000957  -0.715796   0.000000   0.000000  -0.000024   0.000000   0.028761
       42.9191 0   0.000892   0.000892   0.391418    0.044954   0.000000  -0.771877   0.000000   0.000000   0.000000   0.000000   0.029366
       43.1731 0   0.000176   0.000176   0.292897    0.044331   0.000000  -0.704320   0.000000  -0.019259  -0.003109   0.000000   0.029480
       42.8845 0   0.001278   0.001278   0.334509    0.042737   0.000000  -0.741223   0.000000  -0.017074  -0.003260   0.000000   0.030746
       43.0710 0   0.000017   0.000017   0.360140    0.050792   0.000000  -0.809508   0.000000   0.000000   0.000000   0.000000   0.027492
       43.2006 0   0.000322   0.000322   0.321138    0.059692   0.000000  -0.739805   0.000000   0.000000   0.000000   0.000000   0.031289
       43.4002 0   0.002687   0.002687   0.303753    0.046047   0.000000  -0.767168   0.000000   0.000000   0.000000   0.000000   0.029923
       43.1047 0   0.000003   0.000003   0.282290    0.049000   0.000000  -0.726199   0.000000   0.000000  -0.000002   0.000000   0.028046
       43.2312 0   0.000535   0.000535   0.270318    0.046464   0.000000  -0.692789   0.000000   0.000000   0.000000   0.000000   0.031568
       43.0286 0   0.000127   0.000127   0.286272    0.035356   0.000000  -0.643019   0.000000   0.000000   0.000000   0.000000   0.026756
       43.3276 0   0.001561   0.001561   0.369538    0.055663   0.000000  -0.723021   0.000000   0.000000   0.000000   0.000000   0.027958
       43.1628 0   0.000133   0.000133   0.307506    0.053477   0.001978  -0.667705   0.000000   0.000000   0.000000   0.000000   0.033797
       42.9352 0   0.000736   0.000736   0.306200    0.047520   0.000000  -0.703041   0.000000   0.000000   0.000000   0.000000   0.025684
       43.0223 0   0.000152   0.000152   0.355268    0.044752   0.000411  -0.731744   0.000000   0.000000   0.000000   0.000000   0.029328
       43.0866 0   0.000002   0.000002   0.284193    0.048519   0.003089  -0.666791   0.000000   0.000000   0.000000   0.000000   0.024357
       43.0982 0   0.000000   0.000000   0.317173    0.074097   0.000000  -0.712267   0.000000   0.000000   0.000000   0.000000   0.029269
       43.1821 0   0.000219   0.000219   0.329654    0.072855   0.000000  -0.698297   0.000000   0.000000   0.000000   0.000000   0.027088
       43.3973 0   0.002636   0.002636   0.307679    0.056366   0.000000  -0.654846   0.000000   0.000000   0.000000   0.000000   0.024297
       43.1139 0   0.000010   0.000010   0.360059    0.047907   0.000003  -0.670963   0.000000   0.000000   0.000000   0.000000   0.031054
       43.2278 0   0.000509   0.000509   0.354465    0.062830   0.000000  -0.691775   0.000000   0.000000   0.000000   0.000000   0.028030
       43.2757 0   0.000942   0.000942   0.316831    0.052757   0.000000  -0.611701   0.000000   0.000000   0.000000   0.000000   0.028114
       43.0778 0   0.000008   0.000008   0.344657    0.047335   0.002602  -0.654314   0.000000   0.000000  -0.000000   0.000000   0.034495
       42.6744 0   0.005104   0.005104   0.344498    0.042601   0.000287  -0.666907   0.000000   0.000000   0.000000   0.000000   0.027500
       43.2466 0   0.000663   0.000663   0.385520    0.041447   0.000000  -0.665719   0.000000   0.000000  -0.000038   0.000000   0.025741
       43.6466 0   0.008778   0.008778   0.393888    0.082169   0.000000  -0.656899   0.000000   0.000000   0.000000   0.000000   0.027237
       43.0611 0   0.000033   0.000033   0.295076    0.052823   0.000000  -0.591208   0.000000   0.000000   0.000000   0.000000   0.031967
       42.9182 0   0.000902   0.000902   0.313795    0.046003   0.000000  -0.604615   0.000000   0.000000   0.000000   0.000000   0.027992
       43.1369 0   0.000051   0.000051   0.330813    0.047796   0.000000  -0.574442   0.000000   0.000000   0.000000   0.000000   0.025781
       42.8688 0   0.001477   0.001477   0.350921    0.055826   0.000000  -0.618422   0.000000   0.000000  -0.000000   0.000000   0.029106
       43.1871 0   0.000245   0.000245   0.368882    0.059078   0.000000  -0.631677   0.000000   0.000000   0.000000   0.000000   0.038727
       43.1534 0   0.000099   0.000099   0.350680    0.071514   0.000000  -0.654806   0.000000   0.000000   0.000000   0.000000   0.027746
       43.0680 0   0.000021   0.000021   0.411224    0.030317   0.000000  -0.725461   0.000000   0.000000  -0.000007   0.000000   0.028203
       43.3855 0   0.002434   0.002434   0.370042    0.042567   0.000000  -0.709120   0.000000   0.000000   0.000000   0.000000   0.031298
       43.2015 0   0.000327   0.000327   0.329840    0.050555   0.000000  -0.642485   0.000000   0.000000  -0.000373   0.000000   0.028126
       43.0642 0   0.000027   0.000027   0.345816    0.043419   0.000000  -0.651241   0.000000   0.000000   0.000000   0.000000   0.030176
       43.6494 0   0.008866   0.008866   0.320583    0.048184   0.000000  -0.572589   0.000000   0.000000   0.000000   0.000000   0.027407
       42.9180 0   0.000904   0.000904   0.364749    0.070372   0.000000  -0.649997   0.000000   0.000000   0.000000   0.000000   0.029287
       43.2426 0   0.000628   0.000628   0.348384    0.058981   0.000000  -0.642318   0.000000   0.000000   0.000000   0.000000   0.028040
       43.0259 0   0.000138   0.000138   0.338755    0.064101   0.000000  -0.626106   0.000000   0.000000  -0.000579   0.000000   0.031723
       43.0877 0   0.000002   0.000002   0.324313    0.042189   0.000000  -0.613603   0.000000  -0.000044  -0.001584   0.000000   0.029439
       43.0810 0   0.000006   0.000006   0.297541    0.039791   0.000000  -0.640417   0.000000   0.000000   0.000000   0.000000   0.035138
       43.1180 0   0.000015   0.000015   0.316025    0.043860   0.000000  -0.638108   0.000765   0.000000   0.000000   0.000000   0.027711
       42.9372 0   0.000718   0.000718   0.322985    0.038927   0.000000  -0.636701   0.000000   0.000000   0.000000   0.000000   0.030006
       42.7696 0   0.003053   0.003053   0.345372    0.054285   0.000000  -0.680522   0.004931   0.000000   0.000000   0.000000   0.030347
       43.1000 0   0.000001   0.000001   0.367035    0.043746   0.000000  -0.672257   0.000000   0.000000  -0.000000   0.000000   0.026469
       43.0694 0   0.000019   0.000019   0.352942    0.031128   0.000000  -0.650502   0.000000   0.000000  -0.000000   0.000000   0.025436
       43.0961 0   0.000000   0.000000   0.322625    0.056100   0.000000  -0.566886   0.000000   0.000000   0.000000   0.000000   0.029255
       43.3546 0   0.001944   0.001944   0.328057    0.051652   0.000000  -0.606248   0.000000   0.000000  -0.000029   0.000000   0.031765
       43.0776 0   0.000009   0.000009   0.378055    0.045653   0.000393  -0.581098   0.000000   0.000000   0.000000   0.000000   0.028551
       43.1030 0   0.000002   0.000002   0.342929    0.038718   0.000000  -0.564312   0.000002   0.000000  -0.000010   0.000000   0.029149
       42.9907 0   0.000314   0.000314   0.368981    0.063896   0.000000  -0.598258   0.000000   0.000000   0.000000   0.000000   0.028847
       42.6690 0   0.005234   0.005234   0.361925    0.048358   0.000000  -0.563588   0.000000   0.000000   0.000000   0.000000   0.029491
       43.2706 0   0.000890   0.000890   0.371857    0.066183   0.000000  -0.562950   0.000000   0.000000  -0.001374   0.000000   0.027775
       43.2461 0   0.000659   0.000659   0.325066    0.065966   0.000000  -0.493806   0.000000  -0.022921  -0.008016   0.000000   0.032287
       43.1916 0   0.000269   0.000269   0.333704    0.058454   0.000000  -0.481929   0.000000  -0.024133  -0.013389   0.000000   0.028881
       42.6567 0   0.005541   0.005541   0.394684    0.053841   0.000000  -0.575793   0.000000  -0.025233  -0.007908   0.000000   0.031777
       43.4159 0   0.002970   0.002970   0.364227    0.073796   0.000000  -0.575928   0.000000  -0.014109  -0.006528   0.000000   0.036637
       43.2546 0   0.000734   0.000734   0.390374    0.055862   0.000000  -0.563174   0.001205  -0.026084  -0.004826   0.000000   0.035612
       42.6813 0   0.004938   0.004938   0.326700    0.050858   0.000000  -0.537257   0.000000   0.000000   0.000000   0.000000   0.028450
       43.0183 0   0.000170   0.000170   0.344509    0.061099   0.000000  -0.529024   0.000000   0.000000   0.000000   0.000000   0.027511
       43.3370 0   0.001689   0.001689   0.326898    0.064282   0.000000  -0.521520   0.000000   0.000000  -0.000049   0.000000   0.027534
       43.4325 0   0.003285   0.003285   0.334163    0.054535   0.000000  -0.562853   0.000000   0.000000   0.000000   0.000000   0.029344
       42.7809 0   0.002847   0.002847   0.306918    0.040824   0.000000  -0.542167   0.000000   0.000000   0.000000   0.000000   0.030107
       42.9390 0   0.000702   0.000702   0.288559    0.043104   0.000000  -0.513914   0.000166   0.000000   0.000000   0.000000   0.030670
       43.3671 0   0.002136   0.002136   0.316352    0.062174   0.000000  -0.561011   0.000000   0.000000   0.000000   0.000000   0.028438
       42.8717 0   0.001438   0.001438   0.331944    0.035976   0.000000  -0.523390   0.000000   0.000000   0.000000   0.000000   0.033161
       42.8164 0   0.002239   0.002239   0.352688    0.057222   0.000000  -0.548064   0.000000   0.000000   0.000000   0.000000   0.037760
       42.9578 0   0.000543   0.000543   0.326698    0.049553   0.000000  -0.560777   0.000000   0.000000   0.000000   0.000000   0.031809
       42.9411 0   0.000684   0.000684   0.277052    0.046720   0.010640  -0.530471   0.000000   0.000000  -0.000002   0.000000   0.026623
       43.0144 0   0.000188   0.000188   0.337993    0.053925   0.000000  -0.588022   0.000000  -0.013029  -0.002442   0.000000   0.031078
       42.9381 0   0.000710   0.000710   0.334614    0.039293   0.000000  -0.554746   0.000000   0.000000   0.000000   0.000000   0.030188
       43.0533 0   0.000050   0.000050   0.315512    0.055663   0.000000  -0.566239   0.000000   0.000000   0.000000   0.000000   0.031411
       43.0212 0   0.000157   0.000157   0.361990    0.052830   0.000000  -0.577675   0.000000  -0.000325   0.000000   0.000000   0.030989
       42.8268 0   0.002075   0.002075   0.295353    0.056491   0.000964  -0.621016   0.000000   0.000000   0.000000   0.000000   0.027038
       43.1576 0   0.000113   0.000113   0.338869    0.046357   0.000034  -0.667609   0.000000   0.000000  -0.000005   0.000000   0.031146
       43.2606 0   0.000791   0.000791   0.337936    0.054648   0.000000  -0.669678   0.000000   0.000000   0.000000   0.000000   0.025426
       43.0058 0   0.000229   0.000229   0.315701    0.051134   0.000000  -0.664863   0.000000   0.000000   0.000000   0.000000   0.023977
       43.4666 0   0.003983   0.003983   0.368172    0.048484   0.000000  -0.694661   0.000000   0.000000   0.000000   0.000000   0.032797
       43.0420 0   0.000081   0.000081   0.309820    0.033302   0.000000  -0.658340   0.000000   0.000000   0.000000   0.000000   0.027603
       42.9659 0   0.000481   0.000481   0.339008    0.044630   0.000000  -0.807458   0.000000   0.000000  -0.000000   0.000000   0.030930
       43.0826 0   0.000004   0.000004   0.288789    0.057092   0.000000  -0.806574   0.002316   0.000000   0.000000   0.000000   0.033663
       43.2891 0   0.001087   0.001087   0.292745    0.043335   0.000000  -0.781472   0.000000   0.000000   0.000000   0.000000   0.027996
       43.1440 0   0.000069   0.000069   0.315137    0.050890   0.000000  -0.868207   0.000000   0.000000   0.000000   0.000000   0.024492
       42.9484 0   0.000620   0.000620   0.303941    0.044290   0.000000  -0.823960   0.000000   0.000000   0.000000   0.000000   0.027765
       43.4920 0   0.004547   0.004547   0.304758    0.045837   0.000000  -0.779734   0.000000   0.000000   0.000000   0.000000   0.031841
       42.9159 0   0.000925   0.000925   0.296700    0.030580   0.000000  -0.762273   0.000000   0.000000   0.000000   0.000000   0.030512
       43.3005 0   0.001218   0.001218   0.272219    0.044496   0.000000  -0.781940   0.000000   0.000000   0.000000   0.000000   0.031306
       42.9535 0   0.000578   0.000578   0.326627    0.043575   0.000000  -0.811772   0.000000   0.000000   0.000000   0.000000   0.030365
       43.1213 0   0.000020   0.000020   0.384001    0.052185   0.000000  -0.819565   0.000000   0.000000  -0.000000   0.000000   0.024333
       43.0106 0   0.000205   0.000205   0.307263    0.061995   0.000000  -0.774043   0.000000   0.000000  -0.000000   0.000000   0.028797
       43.1025 0   0.000002   0.000002   0.306887    0.057917   0.000000  -0.694409   0.000000   0.000000   0.000000   0.000000   0.031921
       42.9914 0   0.000310   0.000310   0.344726    0.051518   0.000000  -0.694605   0.000000   0.000000   0.000000   0.000000   0.026470
       42.7069 0   0.004346   0.004346   0.359200    0.039623   0.000000  -0.701221   0.000000   0.000000   0.000000   0.000000   0.032868
       43.0800 0   0.000007   0.000007   0.321792    0.059890   0.000000  -0.717045   0.000000   0.000000  -0.000000   0.000000   0.029388
       43.2195 0   0.000447   0.000447   0.345702    0.047496   0.000000  -0.677069   0.001740   0.000000   0.000000   0.000000   0.026707
       43.0271 0   0.000133   0.000133   0.319680    0.052145   0.000000  -0.645108   0.000000   0.000000   0.000000  -0.012041   0.024873
       43.1368 0   0.000050   0.000050   0.313109    0.048608   0.000000  -0.658421   0.000000   0.000000   0.000000   0.000000   0.028677
       42.9039 0   0.001053   0.001053   0.297421    0.031800   0.000000  -0.631179   0.000000   0.000000   0.000000   0.000000   0.026012
       43.2116 0   0.000392   0.000392   0.337240    0.041345   0.000000  -0.682127   0.000000   0.000000   0.000000   0.000000   0.035232
       43.3040 0   0.001260   0.001260   0.343704    0.073820   0.000000  -0.674881   0.000000   0.000000   0.000000   0.000000   0.032059
       42.8043 0   0.002437   0.002437   0.336034    0.050418   0.000000  -0.666653   0.000000   0.000000  -0.000000   0.000000   0.026530
       43.0418 0   0.000082   0.000082   0.322256    0.034826   0.000000  -0.681700   0.000000   0.000000   0.000000   0.000000   0.025847
       43.2833 0   0.001022   0.001022   0.300166    0.068808   0.001006  -0.682003   0.003948   0.000000  -0.000001   0.000000   0.034225
       43.3748 0   0.002258   0.002258   0.348909    0.068672   0.000000  -0.689280   0.000000   0.000000   0.000000   0.000000   0.032362
       42.8576 0   0.001626   0.001626   0.324209    0.054374   0.000000  -0.668879   0.000000   0.000000   0.000000   0.000000   0.032090
       43.0394 0   0.000089   0.000089   0.315769    0.045191   0.000000  -0.668637   0.000000   0.000000   0.000000   0.000000   0.033215
       43.3320 0   0.001620   0.001620   0.360240    0.046181   0.000000  -0.703286   0.000000   0.000000   0.000000   0.000000   0.030358
       43.2490 0   0.000684   0.000684   0.331230    0.045950   0.000000  -0.650111   0.000000   0.000000   0.000000   0.000000   0.027483
       43.1308 0   0.000037   0.000037   0.324940    0.061353   0.000000  -0.626454   0.000000   0.000000   0.000000   0.000000   0.029203
       42.8909 0   0.001201   0.001201   0.333691    0.042061   0.000000  -0.647147   0.000000   0.000000   0.000000   0.000000   0.027254
       42.9521 0   0.000589   0.000589   0.325621    0.051384   0.000000  -0.631393   0.000000   0.000000   0.000000   0.000000   0.025536
       42.9203 0   0.000881   0.000881   0.333776    0.059446   0.000000  -0.636881   0.000000   0.000000   0.000000   0.000000   0.029928
       43.2788 0   0.000974   0.000974   0.355484    0.039146   0.000000  -0.667347   0.000000   0.000000   0.000000   0.000000   0.030710
       43.1449 0   0.000072   0.000072   0.368630    0.054845   0.007852  -0.688087   0.000000   0.000000  -0.000000   0.000000   0.026957
       43.0383 0   0.000093   0.000093   0.351845    0.053501   0.000000  -0.643694   0.000000   0.000000   0.000000   0.000000   0.025664
       43.2886 0   0.001082   0.001082   0.384545    0.045053   0.000000  -0.736931   0.000000   0.000000   0.000000   0.000000   0.028781
       43.1710 0   0.000167   0.000167   0.358221    0.067022   0.000000  -0.691888   0.000000   0.000000  -0.000137   0.000000   0.032432
       42.8337 0   0.001969   0.001969   0.328857    0.045006   0.000000  -0.636026   0.000000   0.000000   0.000000   0.000000   0.037035
       43.1705 0   0.000165   0.000165   0.385446    0.043728   0.000000  -0.669040   0.000000   0.000000  -0.000000   0.000000   0.027557
       43.2161 0   0.000423   0.000423   0.373612    0.048424   0.000000  -0.708445   0.000000   0.000000   0.000000   0.000000   0.025516
       43.1125 0   0.000009   0.000009   0.349072    0.036772   0.000000  -0.653441   0.000000   0.000000   0.000000   0.000000   0.030824
       43.0480 0   0.000064   0.000064   0.338260    0.059331   0.000000  -0.659232   0.000000   0.000000   0.000000   0.000000   0.023690
       42.9366 0   0.000723   0.000723   0.362025    0.047506   0.000000  -0.659862   0.000000   0.000000  -0.001394   0.000000   0.032102
       43.2483 0   0.000678   0.000678   0.356012    0.041778   0.000000  -0.628641   0.001103   0.000000   0.000000   0.000000   0.026681
       43.0188 0   0.000167   0.000167   0.363262    0.033093   0.000000  -0.646337   0.000000   0.000000  -0.000000   0.000000   0.026660
       42.7994 0   0.002521   0.002521   0.315286    0.062643   0.000000  -0.651933   0.000781   0.000000   0.000000   0.000000   0.033100
       43.5239 0   0.005307   0.005307   0.336192    0.056839   0.000000  -0.646292   0.000000   0.000000   0.000000   0.000000   0.026944
       42.6838 0   0.004877   0.004877   0.369154    0.051779   0.000000  -0.651778   0.000000   0.000000   0.000000   0.000000   0.026002
       43.1188 0   0.000016   0.000016   0.340390    0.045100   0.000000  -0.627632   0.000000   0.000000   0.000000   0.000000   0.028176
       43.0266 0   0.000135   0.000135   0.304925    0.070325   0.000000  -0.635231   0.000000   0.000000   0.000000   0.000000   0.027318
       43.1085 0   0.000005   0.000005   0.306139    0.051144   0.000000  -0.637070   0.000000   0.000000   0.000000   0.000000   0.027778
       43.2019 0   0.000329   0.000329   0.356509    0.048024   0.000000  -0.654179   0.000000   0.000000   0.000000   0.000000   0.025684
       43.2196 0   0.000448   0.000448   0.329240    0.074976   0.000000  -0.663784   0.000810   0.000000   0.000000   0.000000   0.028912
       43.1345 0   0.000045   0.000045   0.339685    0.053442   0.000000  -0.647627   0.000000   0.000000  -0.003129   0.000000   0.032280
       43.0656 0   0.000025   0.000025   0.329807    0.077029   0.000000  -0.707343   0.000000   0.000000   0.000000   0.000000   0.031381
       42.6506 0   0.005698   0.005698   0.307857    0.044220   0.000000  -0.627625   0.000000   0.000000   0.000000   0.000000   0.036408
       43.3046 0   0.001267   0.001267   0.348752    0.046442   0.000000  -0.672885   0.000022  -0.000004  -0.000174   0.000000   0.027857
       43.3919 0   0.002543   0.002543   0.349029    0.054859   0.000000  -0.652071   0.000000   0.000000   0.000000   0.000000   0.031104
       42.9475 0   0.000628   0.000628   0.339763    0.039201   0.000000  -0.656064   0.000000   0.000000   0.000000   0.000000   0.029030
       43.1671 0   0.000150   0.000150   0.363187    0.042376   0.000000  -0.705547   0.000000   0.000000   0.000000   0.000000   0.025118
       43.3355 0   0.001669   0.001669   0.353672    0.043729   0.000000  -0.694299   0.000000   0.000000   0.000000   0.000000   0.028734
       42.8541 0   0.001674   0.001674   0.324485    0.047263   0.000000  -0.660739   0.000000   0.000000   0.000000   0.000000   0.033649
       43.4221 0   0.003087   0.003087   0.430149    0.064837   0.002441  -0.757319   0.000000   0.000000   0.000000  -0.015326   0.032557
       42.7220 0   0.004013   0.004013   0.368352    0.063248   0.000000  -0.735142   0.000000   0.000000  -0.000000   0.000000   0.027274
       42.8844 0   0.001279   0.001279   0.320179    0.045275   0.000000  -0.701198   0.000128   0.000000   0.000000   0.000000   0.027718
       43.2716 0   0.000899   0.000899   0.290530    0.042608   0.000000  -0.696282   0.000000   0.000000   0.000000   0.000000   0.026971
       43.1635 0   0.000135   0.000135   0.322208    0.048337   0.000000  -0.707494   0.000000   0.000000  -0.000015   0.000000   0.028895
       42.8032 0   0.002456   0.002456   0.318816    0.061652   0.000000  -0.701323   0.000000   0.000000  -0.000176   0.000000   0.026216
       43.0445 0   0.000074   0.000074   0.354717    0.055352   0.000000  -0.742689   0.000472   0.000000   0.000000   0.000000   0.032681
       43.1388 0   0.000055   0.000055   0.312668    0.055615   0.000000  -0.697683   0.000000   0.000000   0.000000   0.000000   0.032145
       43.0016 0   0.000252   0.000252   0.349622    0.052018   0.000000  -0.670838   0.000000   0.000000  -0.000000   0.000000   0.028286
       43.4178 0   0.003007   0.003007   0.309360    0.041810   0.000000  -0.619236   0.000000   0.000000   0.000000   0.000000   0.030709
       42.8518 0   0.001706   0.001706   0.320827    0.064234   0.000000  -0.646840   0.000000  -0.013748  -0.005410   0.000000   0.031579
       43.1557 0   0.000106   0.000106   0.325202    0.040450   0.000000  -0.721415   0.000000   0.000000   0.000000   0.000000   0.029042
       43.2464 0   0.000661   0.000661   0.291806    0.043138   0.000000  -0.659624   0.000000   0.000000  -0.000000   0.000000   0.034380
       43.0429 0   0.000078   0.000078   0.292536    0.056398   0.000000  -0.711050   0.000000   0.000000   0.000000   0.000000   0.026519
       43.0574 0   0.000041   0.000041   0.380302    0.034357   0.000000  -0.739840   0.000000   0.000000   0.000000   0.000000   0.031782
       43.1188 0   0.000016   0.000016   0.315409    0.057863   0.000000  -0.689502   0.000000   0.000000   0.000000   0.000000   0.036723
       43.2097 0   0.000380   0.000380   0.308703    0.050246   0.000000  -0.662709   0.000000   0.000000   0.000000   0.000000   0.023440
       43.1343 0   0.000045   0.000045   0.340086    0.071203   0.000000  -0.710503   0.000000   0.000000  -0.000771  -0.009946   0.033524
       43.1918 0   0.000270   0.000270   0.311162    0.064999   0.001299  -0.726393   0.000000   0.000000   0.000000   0.000000   0.029762
       43.1408 0   0.000060   0.000060   0.305916    0.039530   0.000000  -0.716604   0.000000   0.000000   0.000000   0.000000   0.027688
       43.1504 0   0.000089   0.000089   0.311378    0.058685   0.000000  -0.737099   0.000000   0.000000   0.000000   0.000000   0.028545
       43.0402 0   0.000087   0.000087   0.315190    0.053410   0.000000  -0.705336   0.000000   0.000000   0.000000   0.000000   0.035062
       42.9266 0   0.000818   0.000818   0.316259    0.063549   0.000000  -0.682079   0.000000   0.000000   0.000000   0.000000   0.024774
       43.1042 0   0.000002   0.000002   0.375004    0.052124   0.001030  -0.723143   0.000000   0.000000   0.000000   0.000000   0.024705
       43.1315 0   0.000038   0.000038   0.355004    0.060640   0.000000  -0.676460   0.000000   0.000000   0.000000   0.000000   0.025390
       42.9256 0   0.000827   0.000827   0.309740    0.056174   0.000000  -0.646655   0.000000   0.000000   0.000000   0.000000   0.027257
       43.0777 0   0.000009   0.000009   0.292081    0.068240   0.000000  -0.676951   0.000000   0.000000   0.000000   0.000000   0.030285
       43.0389 0   0.000091   0.000091   0.298891    0.078270   0.000000  -0.693189   0.000000   0.000000   0.000000   0.000000   0.027614
       43.3125 0   0.001365   0.001365   0.348512    0.042238   0.000000  -0.665291   0.000000   0.000000   0.000000   0.000000   0.026134
       43.2000 0   0.000318   0.000318   0.341007    0.067417   0.000000  -0.676876   0.000000   0.000000  -0.000000   0.000000   0.028977
       43.0546 0   0.000047   0.000047   0.379390    0.038949   0.000005  -0.666070   0.000000   0.000000   0.000000   0.000000   0.026319
       43.0728 0   0.000014   0.000014   0.309275    0.059090   0.000000  -0.646137   0.000084   0.000000   0.000000   0.000000   0.033622
       43.1055 0   0.000003   0.000003   0.287927    0.050616   0.000000  -0.682888   0.000000   0.000000   0.000000   0.000000   0.032525
       43.3912 0   0.002531   0.002531   0.341742    0.046741   0.000000  -0.704435   0.009895   0.000000   0.000000   0.000000   0.032620
       43.3155 0   0.001402   0.001402   0.321945    0.064105   0.000000  -0.653740   0.000000   0.000000  -0.000265   0.000000   0.032467
       43.1287 0   0.000033   0.000033   0.341676    0.039663   0.000000  -0.630813   0.000000   0.000000  -0.000065   0.000000   0.028738
       43.0016 0   0.000251   0.000251   0.314217    0.044778   0.000000  -0.651436   0.000000  -0.005684  -0.005121   0.000000   0.033322
       43.2699 0   0.000882   0.000882   0.336878    0.047685   0.000000  -0.678381   0.000000   0.000000   0.000000   0.000000   0.027582
       43.0404 0   0.000086   0.000086   0.331130    0.073699   0.000000  -0.688084   0.000000   0.000000   0.000000   0.000000   0.029561
       43.0950 0   0.000000   0.000000   0.352214    0.045783   0.000000  -0.728295   0.000000   0.000000   0.000000   0.000000   0.026501
       42.9710 0   0.000443   0.000443   0.360796    0.049167   0.000000  -0.715936   0.000000   0.000000   0.000000   0.000000   0.031538
       42.9720 0   0.000437   0.000437   0.339929    0.055340   0.000034  -0.665116   0.000000   0.000000   0.000000   0.000000   0.027353
       42.9152 0   0.000932   0.000932   0.364907    0.049129   0.000000  -0.674370   0.000000   0.000000  -0.000016   0.000000   0.029759
       43.2726 0   0.000910   0.000910   0.328472    0.039042   0.000000  -0.569627   0.000000   0.000000   0.000000   0.000000   0.029957
       43.0302 0   0.000121   0.000121   0.358262    0.065241   0.000000  -0.622399   0.000000   0.000000  -0.000000   0.000000   0.028692
       43.0459 0   0.000070   0.000070   0.338745    0.081513   0.000000  -0.652159   0.000000   0.000000   0.000000   0.000000   0.028004
       42.9571 0   0.000549   0.000549   0.320233    0.068324   0.000000  -0.634299   0.000000   0.000000   0.000000   0.000000   0.026066
       42.9851 0   0.000349   0.000349   0.320706    0.042187   0.000000  -0.641907   0.000000   0.000000   0.000000   0.000000   0.031944
       42.8968 0   0.001133   0.001133   0.360485    0.038085   0.000000  -0.696587   0.000000   0.000000   0.000000   0.000000   0.030238
       43.0128 0   0.000195   0.000195   0.288345    0.046873   0.000000  -0.654664   0.000000   0.000000  -0.000001   0.000000   0.030532
       43.0269 0   0.000134   0.000134   0.323645    0.048752   0.000000  -0.606128   0.000000   0.000000   0.000000   0.000000   0.029393
       42.9668 0   0.000474   0.000474   0.335735    0.035451   0.000000  -0.629288   0.000000   0.000000  -0.000312   0.000000   0.030324
       42.8035 0   0.002451   0.002451   0.336097    0.041422   0.000000  -0.663382   0.000000   0.000000   0.000000   0.000000   0.027068
       43.5007 0   0.004749   0.004749   0.280577    0.055206   0.000000  -0.682034   0.000576   0.000000   0.000000   0.000000   0.028076
       42.9492 0   0.000613   0.000613   0.307551    0.052522   0.000000  -0.726306   0.000000   0.000000   0.000000   0.000000   0.027060
       43.1605 0   0.000124   0.000124   0.319364    0.041247   0.000000  -0.717956   0.000000   0.000000   0.000000   0.000000   0.023516
       43.2246 0   0.000485   0.000485   0.342839    0.050668   0.000000  -0.738875   0.000000   0.000000   0.000000   0.000000   0.030438
       42.9187 0   0.000896   0.000896   0.326971    0.055615   0.000000  -0.711030   0.000000   0.000000  -0.000710   0.000000   0.027839
       42.6011 0   0.007037   0.007037   0.333765    0.061892   0.000000  -0.679195   0.000000   0.000000   0.000000   0.000000   0.031000
       43.1185 0   0.000016   0.000016   0.321050    0.058386   0.002161  -0.665038   0.000000   0.000000   0.000000   0.000000   0.028767
       43.0218 0   0.000155   0.000155   0.330067    0.027023   0.000000  -0.651943   0.000000   0.000000   0.000000   0.000000   0.039499
       43.0817 0   0.000005   0.000005   0.338280    0.067806   0.000000  -0.744452   0.000000   0.000000   0.000000   0.000000   0.032034
       43.4533 0   0.003704   0.003704   0.319733    0.060228   0.000000  -0.703046   0.000004   0.000000   0.000000   0.000000   0.030143
       42.7238 0   0.003974   0.003974   0.322408    0.055274   0.000000  -0.694661   0.000000   0.000000   0.000000   0.000000   0.026788
       42.9556 0   0.000561   0.000561   0.368371    0.033626   0.000000  -0.733470   0.000000   0.000000   0.000000   0.000000   0.030559
       43.0916 0   0.000000   0.000000   0.354166    0.038531   0.002052  -0.719781   0.000000   0.000000   0.000000   0.000000   0.031141
       43.2817 0   0.001006   0.001006   0.343897    0.051225   0.000105  -0.660274   0.000000   0.000000  -0.000017   0.000000   0.035944
       42.5566 0   0.008361   0.008361   0.316013    0.046557   0.000000  -0.696577   0.000000   0.000000   0.000000   0.000000   0.027189
       43.0479 0   0.000064   0.000064   0.341838    0.040631   0.000000  -0.665550   0.000000   0.000000   0.000000   0.000000   0.029001
       43.4417 0   0.003467   0.003467   0.331895    0.067187   0.000000  -0.656617   0.000000   0.000000  -0.000087   0.000000   0.028843
       43.0080 0   0.000218   0.000218   0.316300    0.041830   0.000000  -0.628326   0.000000   0.000000   0.000000   0.000000   0.035392
       42.9596 0   0.000529   0.000529   0.357588    0.042626   0.000000  -0.655577   0.000000   0.000000   0.000000   0.000000   0.033114
       43.2167 0   0.000427   0.000427   0.383143    0.062327   0.000015  -0.666406   0.000000   0.000000   0.000000   0.000000   0.033547
       43.2002 0   0.000319   0.000319   0.299462    0.042796   0.000000  -0.588259   0.000000   0.000000   0.000000   0.000000   0.027440
       43.0759 0   0.000011   0.000011   0.363674    0.053220   0.000000  -0.609370   0.000000   0.000000   0.000000   0.000000   0.026728
       43.2700 0   0.000884   0.000884   0.288937    0.032003   0.000000  -0.541347   0.000000   0.000000  -0.000414   0.000000   0.031501
       43.0287 0   0.000127   0.000127   0.389318    0.051020   0.000000  -0.642114   0.000000   0.000000  -0.000037   0.000000   0.030308
       43.2604 0   0.000789   0.000789   0.345209    0.041026   0.000000  -0.641377   0.000000   0.000000   0.000000   0.000000   0.029942
       43.5212 0   0.005241   0.005241   0.374537    0.052721   0.000000  -0.638125   0.000000   0.000000  -0.000035   0.000000   0.031695
       43.1302 0   0.000036   0.000036   0.317339    0.056830   0.000000  -0.606347   0.000000   0.000000   0.000000   0.000000   0.028904
       42.9491 0   0.000614   0.000614   0.328498    0.051670   0.000000  -0.653775   0.000000   0.000000   0.000000   0.000000   0.029210
       43.0710 0   0.000017   0.000017   0.388394    0.057010   0.000051  -0.687664   0.000000   0.000000   0.000000   0.000000   0.028263
       42.9672 0   0.000471   0.000471   0.314447    0.046051   0.000000  -0.590652   0.000000   0.000000   0.000000   0.000000   0.031384
       43.1951 0   0.000289   0.000289   0.345397    0.074252   0.000158  -0.657556   0.001087   0.000000   0.000000   0.000000   0.030102
       43.0938 0   0.000000   0.000000   0.363254    0.047798   0.000000  -0.705268   0.000000   0.000000   0.000000   0.000000   0.027752
       42.8968 0   0.001133   0.001133   0.311250    0.065974   0.000000  -0.653499   0.000000   0.000000   0.000000   0.000000   0.029422
       43.0550 0   0.000046   0.000046   0.312994    0.051674   0.000000  -0.659966   0.000000   0.000000   0.000000   0.000000   0.029434
       42.9340 0   0.000748   0.000748   0.338273    0.048359   0.000000  -0.609746   0.000000   0.000000   0.000000   0.000000   0.031711
       42.7977 0   0.002550   0.002550   0.363644    0.046962   0.000000  -0.651392   0.000000   0.000000   0.000000   0.000000   0.026486
       43.0722 0   0.000015   0.000015   0.453854    0.039158   0.002704  -0.734703   0.000000   0.000000   0.000000   0.000000   0.026071
       43.1527 0   0.000096   0.000096   0.346712    0.073592   0.000000  -0.715509   0.000000   0.000000   0.000000   0.000000   0.029754
       43.2941 0   0.001144   0.001144   0.313404    0.054970   0.000000  -0.656149   0.000000   0.000000   0.000000   0.000000   0.031019
       43.0766 0   0.000010   0.000010   0.318850    0.040445   0.000000  -0.611302   0.000000   0.000000   0.000000   0.000000   0.032242
       42.8757 0   0.001387   0.001387   0.353644    0.050040   0.000000  -0.676941   0.000000   0.000000   0.000000   0.000000   0.025467
       43.3110 0   0.001346   0.001346   0.339220    0.062932   0.000000  -0.691625   0.000000  -0.000000   0.000000   0.000000   0.027552
       43.0420 0   0.000081   0.000081   0.307535    0.043442   0.000000  -0.674652   0.000000   0.000000   0.000000   0.000000   0.025096
       43.1408 0   0.000061   0.000061   0.339132    0.061930   0.000000  -0.734180   0.000000   0.000000   0.000000   0.000000   0.034151
       43.2795 0   0.000982   0.000982   0.348883    0.059974   0.002850  -0.722598   0.000000  -0.015165  -0.003437   0.000000   0.030252
       43.0685 0   0.000020   0.000020   0.311998    0.050635   0.000000  -0.681661   0.000000  -0.019395  -0.005956   0.000000   0.026162
       43.0337 0   0.000108   0.000108   0.299141    0.056553   0.000000  -0.709510   0.000000  -0.012843  -0.004214   0.000000   0.032583
       43.0024 0   0.000247   0.000247   0.325377    0.045296   0.000000  -0.691622   0.000000  -0.002121  -0.002707   0.000000   0.025925
       43.0625 0   0.000030   0.000030   0.346416    0.049338   0.000000  -0.702037   0.000000  -0.001549  -0.003457   0.000000   0.031289
       42.9418 0   0.000677   0.000677   0.335614    0.043663   0.000000  -0.666745   0.000000   0.000000   0.000000   0.000000   0.026886
       42.8306 0   0.002017   0.002017   0.318491    0.062157   0.000000  -0.661725   0.000000   0.000000   0.000000   0.000000   0.029769
       43.3361 0   0.001676   0.001676   0.370842    0.042281   0.000000  -0.716350   0.000000   0.000000   0.000000   0.000000   0.030977
       43.1430 0   0.000067   0.000067   0.332856    0.046110   0.000000  -0.715040   0.000000   0.000000   0.000000  -0.002170   0.027286
       42.6009 0   0.007041   0.007041   0.307636    0.038820   0.000000  -0.695301   0.000000   0.000000   0.000000   0.000000   0.024285
       43.4099 0   0.002861   0.002861   0.330010    0.059117   0.000202  -0.727385   0.000000   0.000000  -0.000000   0.000000   0.030932
       43.1913 0   0.000267   0.000267   0.360224    0.046636   0.000000  -0.706713   0.000000   0.000000   0.000000   0.000000   0.026222
       43.1965 0   0.000297   0.000297   0.348714    0.048466   0.000000  -0.705405   0.000000   0.000000   0.000000   0.000000   0.026069
       43.0190 0   0.000167   0.000167   0.316772    0.051324   0.000000  -0.670024   0.000000   0.000000   0.000000   0.000000   0.036965
       43.1322 0   0.000040   0.000040   0.331189    0.072858   0.000000  -0.711824   0.000000   0.000000   0.000000   0.000000   0.029261
       43.0163 0   0.000179   0.000179   0.344982    0.035983   0.000000  -0.681130   0.000000   0.000000   0.000000   0.000000   0.036952
       42.8084 0   0.002369   0.002369   0.342660    0.056274   0.000461  -0.667936   0.000000  -0.000000   0.000000  -0.000004   0.033091
       43.1364 0   0.000049   0.000049   0.300969    0.046924   0.000000  -0.636711   0.000000   0.000000  -0.000003   0.000000   0.028364
       42.8884 0   0.001231   0.001231   0.322195    0.034814   0.000000  -0.693899   0.000000   0.000000   0.000000   0.000000   0.031323
       43.2383 0   0.000592   0.000592   0.340897    0.026605   0.000000  -0.705827   0.000000   0.000000  -0.000032   0.000000   0.026833
       43.2634 0   0.000818   0.000818   0.331041    0.062649   0.000000  -0.748244   0.000000   0.000000  -0.000000   0.000000   0.031688
       42.8438 0   0.001820   0.001820   0.354695    0.044247   0.000000  -0.736983   0.000000   0.000000   0.000000   0.000000   0.025418
       43.0341 0   0.000107   0.000107   0.365584    0.025833   0.000000  -0.681057   0.000036   0.000000  -0.000209   0.000000   0.030632
       43.4101 0   0.002864   0.002864   0.293416    0.048486   0.000000  -0.677188   0.000000   0.000000   0.000000   0.000000   0.034754
       42.7675 0   0.003095   0.003095   0.337182    0.058400   0.000000  -0.688271   0.000000   0.000000   0.000000   0.000000   0.026125
       43.3069 0   0.001296   0.001296   0.323165    0.044707   0.000000  -0.638231   0.000000   0.000000  -0.000042   0.000000   0.028407
       43.3156 0   0.001403   0.001403   0.348139    0.056899   0.000000  -0.641399   0.000000   0.000000   0.000000   0.000000   0.026733
       43.0276 0   0.000131   0.000131   0.335128    0.041847   0.000000  -0.624205   0.000000   0.000000   0.000000   0.000000   0.027431
       42.7521 0   0.003393   0.003393   0.339661    0.061669   0.000000  -0.592055   0.000000   0.000000   0.000000   0.000000   0.030818
       43.1450 0   0.000072   0.000072   0.381570    0.038406   0.000000  -0.613961   0.000000   0.000000   0.000000   0.000000   0.025453
       43.0813 0   0.000005   0.000005   0.345562    0.046212   0.000000  -0.597656   0.000000   0.000000   0.000000   0.000000   0.031155
       42.8252 0   0.002100   0.002100   0.330866    0.043147   0.000000  -0.558401   0.000000   0.000000   0.000000   0.000000   0.026502
       43.3486 0   0.001855   0.001855   0.352688    0.044635   0.000000  -0.579514   0.000000   0.000000   0.000000   0.000000   0.028693
       43.4163 0   0.002979   0.002979   0.336487    0.062010   0.000000  -0.560109   0.000000   0.000000   0.000000   0.000000   0.025229
       43.3456 0   0.001812   0.001812   0.391403    0.055278   0.000000  -0.602319   0.000000   0.000000   0.000000   0.000000   0.026464
       42.8061 0   0.002408   0.002408   0.345347    0.054174   0.000000  -0.552264   0.000000   0.000000   0.000000   0.000000   0.027227
       43.0534 0   0.000050   0.000050   0.323560    0.059766   0.000000  -0.561054   0.000000   0.000000   0.000000   0.000000   0.026840
       43.1870 0   0.000244   0.000244   0.360551    0.059598   0.001976  -0.628533   0.000000   0.000000   0.000000   0.000000   0.031852
       43.2283 0   0.000512   0.000512   0.297023    0.033207   0.000000  -0.576841   0.000000   0.000000  -0.000000   0.000000   0.024451
       43.1234 0   0.000023   0.000023   0.262098    0.053407   0.000000  -0.590072   0.000101   0.000000   0.000000   0.000000   0.029453
       43.2339 0   0.000556   0.000556   0.368225    0.044159   0.000000  -0.672995   0.000000   0.000000   0.000000   0.000000   0.031591
       43.1260 0   0.000028   0.000028   0.353429    0.048070   0.000000  -0.653450   0.000000   0.000000   0.000000   0.000000   0.032993
       42.9629 0   0.000503   0.000503   0.376461    0.036886   0.000000  -0.686284   0.000000   0.000000  -0.000584   0.000000   0.029050
       43.1431 0   0.000067   0.000067   0.327780    0.048334   0.000000  -0.665253   0.000326   0.000000   0.000000   0.000000   0.032523
       42.9476 0   0.000627   0.000627   0.287448    0.042010   0.000000  -0.668356   0.000000   0.000000   0.000000   0.000000   0.025875
       43.1119 0   0.000008   0.000008   0.352696    0.050325   0.000000  -0.726339   0.000000   0.000000   0.000000   0.000000   0.031714
       43.4373 0   0.003379   0.003379   0.345948    0.046576   0.000000  -0.708917   0.000000   0.000000   0.000000   0.000000   0.031389
       42.7955 0   0.002588   0.002588   0.338222    0.040005   0.000000  -0.694813   0.000000   0.000000   0.000000   0.000000   0.026976
       42.8592 0   0.001604   0.001604   0.356352    0.057400   0.000000  -0.725931   0.000000   0.000000   0.000000   0.000000   0.027505
       43.3169 0   0.001421   0.001421   0.343571    0.061871   0.000000  -0.721736   0.000000   0.000000   0.000000   0.000000   0.032414
       42.9133 0   0.000953   0.000953   0.356296    0.035477   0.000000  -0.687076   0.000000   0.000000   0.000000   0.000000   0.026118
       42.9379 0   0.000712   0.000712   0.301315    0.052357   0.000000  -0.735890   0.000000   0.000000   0.000000   0.000000   0.028064
       43.0251 0   0.000141   0.000141   0.273664    0.061118   0.000000  -0.771592   0.000000   0.000000   0.000000   0.000000   0.031025
       43.2437 0   0.000638   0.000638   0.330181    0.032371   0.000000  -0.753863   0.000000   0.000000   0.000000   0.000000   0.024415
       43.1006 0   0.000001   0.000001   0.315103    0.059480   0.000000  -0.724907   0.000000   0.000000   0.000000   0.000000   0.027418
       43.3578 0   0.001992   0.001992   0.320263    0.040909   0.000000  -0.713932   0.000000   0.000000  -0.000219   0.000000   0.029465
       42.9308 0   0.000777   0.000777   0.350580    0.059185   0.000000  -0.720580   0.000000   0.000000   0.000000   0.000000   0.026796
       42.6612 0   0.005429   0.005429   0.287089    0.053335   0.000000  -0.598740   0.000000   0.000000   0.000000   0.000000   0.026396
       43.1842 0   0.000230   0.000230   0.309516    0.042331   0.000767  -0.578875   0.000000   0.000000   0.000000   0.000000   0.029941
       43.3787 0   0.002321   0.002321   0.332399    0.070437   0.000481  -0.612030   0.000000   0.000000   0.000000   0.000000   0.025576
       42.9224 0   0.000860   0.000860   0.347123    0.057001   0.000000  -0.652492   0.000000   0.000000  -0.002330   0.000000   0.032384
       43.2982 0   0.001191   0.001191   0.324312    0.026734   0.000000  -0.612912   0.000000   0.000000   0.000000   0.000000   0.029700
       42.9933 0   0.000298   0.000298   0.357799    0.032452   0.000000  -0.591115   0.000000   0.000000   0.000000   0.000000   0.024225
       42.8082 0   0.002372   0.002372   0.363272    0.049373   0.000000  -0.600441   0.000000   0.000000   0.000000   0.000000   0.028703
       43.1992 0   0.000313   0.000313   0.344990    0.045260   0.000000  -0.609344   0.000005   0.000000  -0.000000   0.000000   0.025350
       43.1759 0   0.000189   0.000189   0.286189    0.066796   0.000000  -0.595842   0.000000   0.000000   0.000000   0.000000   0.029026
       43.0926 0   0.000000   0.000000   0.311666    0.049123   0.000000  -0.592217   0.000000   0.000000   0.000000   0.000000   0.035211
       43.2214 0   0.000461   0.000461   0.313389    0.083818   0.000000  -0.561356   0.000000   0.000000  -0.000000   0.000000   0.026580
       43.3212 0   0.001476   0.001476   0.382254    0.040120   0.000000  -0.605406   0.000000   0.000000  -0.000007   0.000000   0.029846
       42.9297 0   0.000788   0.000788   0.313665    0.073184   0.000492  -0.653376   0.000000   0.000000   0.000000   0.000000   0.028929
       43.1643 0   0.000138   0.000138   0.315531    0.045447   0.000004  -0.627631   0.000000   0.000000  -0.000363   0.000000   0.030952
       43.1222 0   0.000021   0.000021   0.318049    0.065612   0.000000  -0.702209   0.000228   0.000000   0.000000   0.000000   0.029827
       43.1724 0   0.000173   0.000173   0.315404    0.024709   0.000000  -0.677925   0.000000   0.000000   0.000000   0.000000   0.028842
       43.1115 0   0.000008   0.000008   0.335259    0.055850   0.000000  -0.727591   0.000000   0.000000   0.000000   0.000000   0.030422
       42.8879 0   0.001237   0.001237   0.340724    0.072347   0.000000  -0.758214   0.000000   0.000000   0.000000   0.000000   0.029375
       43.0163 0   0.000179   0.000179   0.365355    0.044989   0.000114  -0.741560   0.000000   0.000000   0.000000   0.000000   0.026645
       43.0773 0   0.000009   0.000009   0.283425    0.050432   0.000000  -0.719417   0.000000   0.000000   0.000000   0.000000   0.027727
       42.9438 0   0.000659   0.000659   0.321739    0.040201   0.000000  -0.749686   0.000062   0.000000   0.000000   0.000000   0.034544
       43.1741 0   0.000180   0.000180   0.317585    0.066142   0.000500  -0.772888   0.000000   0.000000  -0.000002   0.000000   0.031437
       42.9981 0   0.000271   0.000271   0.334059    0.065484   0.000000  -0.721506   0.000000  -0.003328  -0.000627   0.000000   0.028958
       43.3372 0   0.001693   0.001693   0.365845    0.057559   0.000000  -0.743966   0.000000   0.000000   0.000000   0.000000   0.023909
       42.8889 0   0.001225   0.001225   0.338324    0.046013   0.000000  -0.692256   0.000000   0.000000   0.000000   0.000000   0.029623
       43.1398 0   0.000058   0.000058   0.328258    0.060572   0.000000  -0.683015   0.000000   0.000000   0.000000   0.000000   0.031426
       42.9539 0   0.000575   0.000575   0.376654    0.064193   0.000000  -0.722826   0.000006   0.000000   0.000000   0.000000   0.033977
       43.3364 0   0.001682   0.001682   0.347138    0.053492   0.001044  -0.686640   0.000000   0.000000   0.000000   0.000000   0.023294
       42.9407 0   0.000686   0.000686   0.307230    0.049673   0.000000  -0.662798   0.000000   0.000000   0.000000   0.000000   0.028193
       42.9873 0   0.000335   0.000335   0.345148    0.035236   0.000000  -0.702206   0.000000   0.000000   0.000000   0.000000   0.027913
       43.1629 0   0.000133   0.000133   0.361220    0.044537   0.000000  -0.722044   0.000000   0.000000   0.000000   0.000000   0.028949
       43.0395 0   0.000089   0.000089   0.349473    0.054893   0.000000  -0.720621   0.000000   0.000000   0.000000   0.000000   0.033005
       43.2793 0   0.000980   0.000980   0.312958    0.040631   0.000000  -0.685730   0.000000   0.000000   0.000000   0.000000   0.031405
       42.9344 0   0.000744   0.000744   0.277134    0.064585   0.000000  -0.709046   0.000000   0.000000   0.000000   0.000000   0.027785
       42.8893 0   0.001221   0.001221   0.328603    0.045868   0.000000  -0.747751   0.000000   0.000000   0.000000   0.000000   0.030584
       43.3561 0   0.001967   0.001967   0.360420    0.056627   0.000000  -0.785498   0.000000   0.000000   0.000000   0.000000   0.035155
       43.2966 0   0.001173   0.001173   0.340774    0.046515   0.000000  -0.720751   0.000000   0.000000   0.000000   0.000000   0.033655
       42.6701 0   0.005208   0.005208   0.350613    0.034543   0.000000  -0.717795   0.000000   0.000000  -0.000000   0.000000   0.027078
       43.2227 0   0.000471   0.000471   0.330090    0.063121   0.000000  -0.750430   0.000000   0.000000  -0.000337   0.000000   0.028367
       43.1208 0   0.000019   0.000019   0.309345    0.054418   0.005146  -0.718302   0.000165   0.000000   0.000000   0.000000   0.029945
       43.1120 0   0.000008   0.000008   0.296073    0.033921   0.000000  -0.699626   0.000000   0.000000   0.000000   0.000000   0.030898
       43.3365 0   0.001683   0.001683   0.320320    0.056950   0.000000  -0.691678   0.000000   0.000000   0.000000   0.000000   0.025232
       42.9174 0   0.000910   0.000910   0.317954    0.052589   0.000000  -0.684074   0.000000   0.000000   0.000000   0.000000   0.026353
       42.9125 0   0.000961   0.000961   0.364000    0.053145   0.000000  -0.683226   0.000032   0.000000   0.000000   0.000000   0.028910
       43.0986 0   0.000000   0.000000   0.318065    0.056802   0.000000  -0.686601   0.000000   0.000000  -0.000000   0.000000   0.029318
       43.0305 0   0.000120   0.000120   0.321134    0.050772   0.000000  -0.677982   0.000000   0.000000   0.000000   0.000000   0.027724
       42.9203 0   0.000881   0.000881   0.339061    0.037175   0.000000  -0.654979   0.000000   0.000000   0.000000   0.000000   0.026679
       43.4520 0   0.003677   0.003677   0.363859    0.045408   0.000000  -0.664156   0.000408   0.000000   0.000000   0.000000   0.033369
       43.1400 0   0.000058   0.000058   0.325880    0.036441   0.000029  -0.635473   0.000000   0.000000   0.000000   0.000000   0.026429
       43.1791 0   0.000204   0.000204   0.292102    0.040036   0.000013  -0.639571   0.000000   0.000000   0.000000   0.000000   0.025616
       43.3578 0   0.001992   0.001992   0.294979    0.060554   0.000000  -0.640531   0.000000   0.000000   0.000000   0.000000   0.027311
       43.0580 0   0.000039   0.000039   0.316404    0.045242   0.000000  -0.653162   0.001923   0.000000   0.000000   0.000000   0.029599
       43.1043 0   0.000003   0.000003   0.351698    0.038451   0.000000  -0.701520   0.000040   0.000000   0.000000   0.000000   0.032469
       43.3740 0   0.002245   0.002245   0.348666    0.041149   0.000488  -0.702597   0.000000   0.000000   0.000000   0.000000   0.029098
       43.0519 0   0.000053   0.000053   0.347201    0.054033   0.000000  -0.653050   0.000000   0.000000   0.000000   0.000000   0.031497
       42.9034 0   0.001059   0.001059   0.347462    0.062017   0.000000  -0.657469   0.000000   0.000000   0.000000   0.000000   0.035827
       43.0825 0   0.000004   0.000004   0.325521    0.059191   0.000000  -0.638851   0.000000   0.000000   0.000000   0.000000   0.025647
       43.1072 0   0.000004   0.000004   0.353560    0.053854   0.000000  -0.648764   0.000000   0.000000   0.000000   0.000000   0.025340
       43.1686 0   0.000156   0.000156   0.347073    0.043136   0.000000  -0.649311   0.000000   0.000000   0.000000   0.000000   0.030270
       42.7609 0   0.003221   0.003221   0.291913    0.059453   0.000000  -0.615525   0.001338   0.000000  -0.000000   0.000000   0.036447
       43.2503 0   0.000696   0.000696   0.346990    0.039013   0.000000  -0.617111   0.001393   0.000000   0.000000   0.000000   0.033833
       43.5163 0   0.005120   0.005120   0.308655    0.057042   0.000000  -0.644257   0.000000   0.000000   0.000000   0.000000   0.027056
       42.9654 0   0.000485   0.000485   0.332034    0.041096   0.000000  -0.666396   0.000000   0.000000   0.000000   0.000000   0.030445
       42.9473 0   0.000629   0.000629   0.316925    0.054086   0.000000  -0.652475   0.000000   0.000000   0.000000   0.000000   0.028094
       43.2006 0   0.000322   0.000322   0.276414    0.053849   0.000000  -0.611049   0.000000   0.000000  -0.000448   0.000000   0.031354
       43.4750 0   0.004166   0.004166   0.321038    0.050326   0.000000  -0.627095   0.000000   0.000000   0.000000   0.000000   0.031197
       42.8539 0   0.001677   0.001677   0.331528    0.047314   0.000000  -0.609766   0.000090   0.000000   0.000000   0.000000   0.033182
       43.3706 0   0.002192   0.002192   0.331098    0.047229   0.000000  -0.592780   0.000000   0.000000   0.000000  -0.000295   0.027673
       43.3546 0   0.001944   0.001944   0.333214    0.035308   0.000000  -0.558423   0.000000   0.000000   0.000000   0.000000   0.031447
       43.1884 0   0.000252   0.000252   0.313594    0.042445   0.000034  -0.584002   0.000000   0.000000   0.000000   0.000000   0.031069
       43.2326 0   0.000546   0.000546   0.318006    0.049618   0.000000  -0.556561   0.000000   0.000000   0.000000   0.000000   0.030794
       42.9836 0   0.000358   0.000358   0.356558    0.063809   0.000000  -0.599076   0.000000   0.000000   0.000000   0.000000   0.031908
       43.1275 0   0.000031   0.000031   0.335596    0.042289   0.000000  -0.587749   0.003089   0.000000   0.000000   0.000000   0.036322
       43.0552 0   0.000046   0.000046   0.322380    0.048102   0.000000  -0.595098   0.001005   0.000000  -0.000224   0.000000   0.032493
       42.7981 0   0.002543   0.002543   0.327418    0.066634   0.000000  -0.632520   0.000000   0.000000  -0.000164   0.000000   0.030707
       42.8490 0   0.001746   0.001746   0.290364    0.060905   0.000008  -0.627528   0.000624   0.000000   0.000000   0.000000   0.031003
       43.0171 0   0.000175   0.000175   0.313046    0.031798   0.000000  -0.597439   0.000000   0.000000  -0.000039   0.000000   0.032321
       43.0676 0   0.000022   0.000022   0.306195    0.052888   0.000000  -0.601542   0.000000   0.000000  -0.000055  -0.005977   0.034870
       42.6208 0   0.006487   0.006487   0.332037    0.039401   0.000000  -0.563663   0.000000   0.000000  -0.000000   0.000000   0.029107
       43.0192 0   0.000166   0.000166   0.328314    0.058781   0.000000  -0.571780   0.000362   0.000000   0.000000   0.000000   0.039815
       43.0940 0   0.000000   0.000000   0.349697    0.066442   0.000048  -0.580880   0.000000   0.000000   0.000000   0.000000   0.023139
       43.0535 0   0.000050   0.000050   0.318236    0.060595   0.000000  -0.547790   0.000000   0.000000   0.000000   0.000000   0.029297
       43.4021 0   0.002720   0.002720   0.343284    0.062644   0.000004  -0.589969   0.000000   0.000000  -0.000000   0.000000   0.035266
       43.2128 0   0.000401   0.000401   0.317447    0.066407   0.000536  -0.571180   0.000000   0.000000   0.000000  -0.011956   0.028807
       43.0749 0   0.000012   0.000012   0.284405    0.029129   0.000000  -0.472660   0.000000   0.000000   0.000000   0.000000   0.025471
       43.4163 0   0.002978   0.002978   0.336671    0.054555   0.000000  -0.507281   0.000000   0.000000   0.000000   0.000000   0.030790
       43.1889 0   0.000254   0.000254   0.366532    0.050658   0.004090  -0.574421   0.000000   0.000000   0.000000   0.000000   0.026453
       43.0011 0   0.000254   0.000254   0.352559    0.051781   0.000000  -0.577206   0.000000   0.000000   0.000000   0.000000   0.028048
       43.0761 0   0.000010   0.000010   0.342006    0.037956   0.000826  -0.566540   0.000000   0.000000   0.000000   0.000000   0.025025
       43.1676 0   0.000152   0.000152   0.344903    0.041591   0.000000  -0.551348   0.000000   0.000000   0.000000   0.000000   0.031782
       43.0454 0   0.000071   0.000071   0.332130    0.035929   0.000000  -0.538772   0.000000   0.000000   0.000000   0.000000   0.028089
       43.2521 0   0.000712   0.000712   0.366018    0.045202   0.000800  -0.586581   0.000000   0.000000   0.000000   0.000000   0.028669
       42.9631 0   0.000502   0.000502   0.350384    0.049737   0.000000  -0.661687   0.000000   0.000000   0.000000   0.000000   0.027406
       43.2728 0   0.000912   0.000912   0.304646    0.070064   0.000000  -0.598230   0.000000   0.000000   0.000000   0.000000   0.027107
       43.6205 0   0.007965   0.007965   0.332242    0.048239   0.000000  -0.534287   0.000000   0.000000   0.000000   0.000000   0.027697
       43.2016 0   0.000328   0.000328   0.327842    0.036890   0.000000  -0.536573   0.000000   0.000000   0.000000   0.000000   0.028379
       42.7248 0   0.003954   0.003954   0.304793    0.053311   0.000000  -0.536467   0.000000   0.000000   0.000000   0.000000   0.029720
       43.2965 0   0.001172   0.001172   0.325027    0.044541   0.000000  -0.530469   0.000000   0.000000   0.000000   0.000000   0.028962
       43.2004 0   0.000320   0.000320   0.298080    0.050156   0.000000  -0.529327   0.000597   0.000000   0.000000   0.000000   0.027188
       43.1773 0   0.000195   0.000195   0.288959    0.073314   0.000000  -0.530098   0.000000   0.000000   0.000000   0.000000   0.029348
       42.7958 0   0.002582   0.002582   0.305058    0.036556   0.000000  -0.542900   0.000000   0.000000   0.000000   0.000000   0.029665
       42.9623 0   0.000508   0.000508   0.321324    0.077821   0.000000  -0.569653   0.000000  -0.000000   0.000000   0.000000   0.029690
       43.0605 0   0.000034   0.000034   0.323648    0.057458   0.000000  -0.599302   0.000000   0.000000   0.000000   0.000000   0.028732
       43.0991 0   0.000000   0.000000   0.361060    0.065968   0.000000  -0.660374   0.000000   0.000000   0.000000   0.000000   0.023053
       43.1281 0   0.000032   0.000032   0.372793    0.063958   0.000000  -0.631441   0.000000   0.000000   0.000000  -0.002556   0.029242
       42.9918 0   0.000307   0.000307   0.326644    0.054235   0.000000  -0.561832   0.000000   0.000000   0.000000   0.000000   0.025370
       43.1683 0   0.000155   0.000155   0.337868    0.043257   0.000000  -0.570347   0.000000   0.000000   0.000000   0.000000   0.029650
       43.1095 0   0.000006   0.000006   0.357609    0.064357   0.000000  -0.626920   0.000000   0.000000   0.000000   0.000000   0.026002
       42.7660 0   0.003123   0.003123   0.322498    0.054297   0.000617  -0.573035   0.000000   0.000000   0.000000   0.000000   0.030048
       43.5469 0   0.005891   0.005891   0.343051    0.044236   0.000000  -0.584555   0.000000   0.000000   0.000000  -0.013817   0.031530
       43.0313 0   0.000117   0.000117   0.273992    0.047375   0.000000  -0.503684   0.000000   0.000000   0.000000   0.000000   0.027429
       42.8767 0   0.001375   0.001375   0.323615    0.054628   0.000000  -0.603435   0.000000   0.000000   0.000000   0.000000   0.030532
       42.9968 0   0.000278   0.000278   0.319544    0.035787   0.000000  -0.577566   0.000000   0.000000   0.000000   0.000000   0.028873
       43.0346 0   0.000105   0.000105   0.393681    0.063747   0.000000  -0.647742   0.000000   0.000000   0.000000   0.000000   0.027467
       43.3169 0   0.001420   0.001420   0.325664    0.038552   0.000000  -0.563840   0.000000   0.000000  -0.000595   0.000000   0.030447
       43.1288 0   0.000033   0.000033   0.346887    0.056731   0.000000  -0.555027   0.000000   0.000000   0.000000   0.000000   0.029184
       43.1632 0   0.000134   0.000134   0.378522    0.053576   0.000450  -0.564807   0.000000   0.000000   0.000000   0.000000   0.028341
       42.9443 0   0.000655   0.000655   0.338107    0.080094   0.000748  -0.570249   0.000000   0.000000  -0.000000   0.000000   0.026588
       43.1342 0   0.000044   0.000044   0.445414    0.038424   0.000249  -0.647534   0.000000   0.000000  -0.000000   0.000000   0.023063
       42.9596 0   0.000529   0.000529   0.361826    0.056235   0.000000  -0.591494   0.000000   0.000000   0.000000   0.000000   0.029726
       43.1023 0   0.000002   0.000002   0.354795    0.045868   0.000000  -0.616069   0.000000   0.000000   0.000000   0.000000   0.033527
       43.0227 0   0.000151   0.000151   0.300169    0.046860   0.000000  -0.609315   0.000000   0.000000   0.000000   0.000000   0.029637
       43.2081 0   0.000369   0.000369   0.299507    0.042430   0.000000  -0.632586   0.000000   0.000000   0.000000   0.000000   0.028171
       43.3186 0   0.001443   0.001443   0.332905    0.042319   0.000000  -0.719117   0.000000   0.000000   0.000000   0.000000   0.028769
       43.0810 0   0.000006   0.000006   0.326932    0.055890   0.004984  -0.753383   0.000000   0.000000  -0.001438   0.000000   0.030970
       43.3333 0   0.001639   0.001639   0.346514    0.045627   0.000000  -0.795790   0.000000   0.000000   0.000000   0.000000   0.027126
       43.0645 0   0.000027   0.000027   0.304729    0.042102   0.000000  -0.772430   0.000000   0.000000   0.000000   0.000000   0.028284
       43.0046 0   0.000236   0.000236   0.311252    0.043582   0.000000  -0.717974   0.000000   0.000000   0.000000   0.000000   0.021677
       43.1703 0   0.000164   0.000164   0.385968    0.054625   0.000000  -0.767091   0.000000   0.000000  -0.000000   0.000000   0.029169
       43.1303 0   0.000036   0.000036   0.338592    0.063593   0.000000  -0.722420   0.000000   0.000000   0.000000   0.000000   0.025826
       42.9870 0   0.000336   0.000336   0.386708    0.045609   0.000000  -0.733007   0.000000   0.000000   0.000000   0.000000   0.030658
       43.1219 0   0.000021   0.000021   0.356147    0.040586   0.000000  -0.754720   0.000000   0.000000   0.000000   0.000000   0.026666
       43.3108 0   0.001344   0.001344   0.317304    0.050589   0.000000  -0.723641   0.000000   0.000000  -0.000692   0.000000   0.030215
       42.8854 0   0.001267   0.001267   0.322871    0.047364   0.000000  -0.710364   0.000000   0.000000  -0.000000   0.000000   0.030690
       43.1178 0   0.000015   0.000015   0.332708    0.042531   0.000000  -0.726323   0.000000   0.000000   0.000000   0.000000   0.025696
       43.0923 0   0.000000   0.000000   0.341046    0.054078   0.000000  -0.672718   0.000000   0.000000   0.000000   0.000000   0.028193
       42.9668 0   0.000474   0.000474   0.320923    0.063241   0.000000  -0.630907   0.000000   0.000000   0.000000   0.000000   0.028294
       42.7594 0   0.003249   0.003249   0.339133    0.044758   0.000001  -0.638790   0.000000   0.000000   0.000000   0.000000   0.031960
       43.1319 0   0.000039   0.000039   0.301364    0.059120   0.000000  -0.634039   0.000039   0.000000  -0.001865   0.000000   0.028985
       43.2635 0   0.000819   0.000819   0.313630    0.043911   0.000000  -0.676718   0.000550   0.000000   0.000000   0.000000   0.039138
       42.9860 0   0.000343   0.000343   0.274760    0.049294   0.000000  -0.653169   0.000000   0.000000   0.000000   0.000000   0.031987
       43.0970 0   0.000000   0.000000   0.373138    0.049075   0.000000  -0.653143   0.000000   0.000000  -0.002005   0.000000   0.026756
       42.9923 0   0.000304   0.000304   0.398413    0.046876   0.000000  -0.638962   0.000000   0.000000   0.000000   0.000000   0.024675
       42.6906 0   0.004717   0.004717   0.394675    0.053732   0.000000  -0.630073   0.000000   0.000000   0.000000   0.000000   0.031009
       43.4174 0   0.002999   0.002999   0.343683    0.046757   0.000000  -0.612456   0.000000   0.000000   0.000000   0.000000   0.026142
       43.0859 0   0.000002   0.000002   0.315930    0.048485   0.000716  -0.614116   0.000000   0.000000   0.000000   0.000000   0.035106
       43.0347 0   0.000105   0.000105   0.298773    0.053156   0.000000  -0.579392   0.000000   0.000000  -0.000012   0.000000   0.027438
       43.3938 0   0.002575   0.002575   0.338230    0.035980   0.000084  -0.534594   0.000000   0.000000   0.000000   0.000000   0.025526
       43.3703 0   0.002186   0.002186   0.303733    0.049589   0.000000  -0.491711   0.000178   0.000000   0.000000   0.000000   0.032520
       42.9043 0   0.001049   0.001049   0.293692    0.054945   0.000000  -0.461117   0.000000   0.000000   0.000000   0.000000   0.026439
       42.9643 0   0.000493   0.000493   0.273747    0.058690   0.000000  -0.465590   0.000000   0.000000   0.000000   0.000000   0.033962
       43.1184 0   0.000016   0.000016   0.294707    0.047566   0.000001  -0.488512   0.000000   0.000000  -0.000000   0.000000   0.029002
       43.1853 0   0.000235   0.000235   0.352905    0.054214   0.000000  -0.518265   0.000000   0.000000   0.000000   0.000000   0.030187
       43.0816 0   0.000005   0.000005   0.370120    0.048210   0.000000  -0.532141   0.001931   0.000000   0.000000   0.000000   0.030491
       42.7502 0   0.003430   0.003430   0.301034    0.042465   0.000000  -0.484277   0.000000   0.000000  -0.000013   0.000000   0.027246
       43.4200 0   0.003047   0.003047   0.306210    0.054848   0.000000  -0.490380   0.000000   0.000000   0.000000   0.000000   0.025985
       43.2016 0   0.000328   0.000328   0.358724    0.046717   0.000000  -0.567339   0.001726   0.000000   0.000000   0.000000   0.024156
       42.8063 0   0.002405   0.002405   0.347356    0.062897   0.000000  -0.579871   0.000000   0.000000   0.000000   0.000000   0.032048
       43.4032 0   0.002740   0.002740   0.340228    0.059156   0.000000  -0.575407   0.000000   0.000000  -0.000145   0.000000   0.026346
       43.1308 0   0.000037   0.000037   0.330803    0.054679   0.000000  -0.547898   0.000000   0.000000   0.000000   0.000000   0.028908
       43.1528 0   0.000096   0.000096   0.310195    0.074333   0.000000  -0.524980   0.000000   0.000000   0.000000   0.000000   0.029895
       43.0532 0   0.000050   0.000050   0.354458    0.044136   0.000000  -0.550890   0.000000   0.000000   0.000000   0.000000   0.027263
       42.9379 0   0.000712   0.000712   0.330629    0.037430   0.000000  -0.551668   0.000000   0.000000   0.000000   0.000000   0.026283
       42.9713 0   0.000442   0.000442   0.329576    0.054745   0.000000  -0.544466   0.000000   0.000000   0.000000   0.000000   0.028593
       42.9228 0   0.000855   0.000855   0.366047    0.047770   0.000000  -0.517967   0.000000   0.000000   0.000000   0.000000   0.028868
       43.0986 0   0.000000   0.000000   0.377794    0.044664   0.000000  -0.580088   0.000000   0.000000   0.000000   0.000000   0.032247
       43.3515 0   0.001898   0.001898   0.352488    0.030881   0.000060  -0.550752   0.001744   0.000000   0.000000   0.000000   0.028977
       42.9154 0   0.000931   0.000931   0.354373    0.053545   0.000000  -0.568576   0.000000   0.000000   0.000000   0.000000   0.025129
       43.1304 0   0.000036   0.000036   0.337072    0.059205   0.000000  -0.536352   0.000000   0.000000   0.000000   0.000000   0.035676
       43.5101 0   0.004970   0.004970   0.350203    0.046382   0.000000  -0.549370   0.000000   0.000000   0.000000   0.000000   0.032497
       42.8439 0   0.001819   0.001819   0.353686    0.039010   0.000000  -0.556375   0.000000   0.000000  -0.001428   0.000000   0.023642
       43.1682 0   0.000155   0.000155   0.322898    0.067050   0.001547  -0.568037   0.000000   0.000000  -0.000082   0.000000   0.028513
       42.7935 0   0.002622   0.002622   0.347037    0.055549   0.000000  -0.602073   0.000000   0.000000  -0.000001   0.000000   0.033541
       42.9371 0   0.000719   0.000719   0.346201    0.039165   0.000000  -0.591827   0.000000   0.000000   0.000000   0.000000   0.027096
       43.0353 0   0.000103   0.000103   0.313719    0.055315   0.000000  -0.633777   0.000000   0.000000   0.000000   0.000000   0.032139
       42.9959 0   0.000283   0.000283   0.333596    0.055189   0.007426  -0.628833   0.000000   0.000000   0.000000   0.000000   0.028652
       42.9468 0   0.000634   0.000634   0.305620    0.062276   0.000000  -0.613282   0.000000   0.000000   0.000000   0.000000   0.025456
       42.9362 0   0.000727   0.000727   0.313671    0.045347   0.000000  -0.645482   0.000000   0.000000   0.000000   0.000000   0.026375
       43.0328 0   0.000112   0.000112   0.329821    0.063499   0.000000  -0.614334   0.000000   0.000000   0.000000  -0.012210   0.029908
       43.0733 0   0.000014   0.000014   0.376130    0.054432   0.000000  -0.645138   0.000000   0.000000   0.000000   0.000000   0.027214
       42.5634 0   0.008151   0.008151   0.362100    0.040219   0.000000  -0.682402   0.000000   0.000000   0.000000   0.000000   0.027367
       43.1472 0   0.000079   0.000079   0.393582    0.044592   0.000000  -0.712611   0.000000  -0.000000   0.000000   0.000000   0.031124
       43.1626 0   0.000132   0.000132   0.352801    0.058507   0.000000  -0.714073   0.000000   0.000000   0.000000   0.000000   0.033676
       42.8482 0   0.001757   0.001757   0.311234    0.042372   0.001391  -0.666683   0.000000   0.000000  -0.000242  -0.011905   0.027174
       43.0108 0   0.000205   0.000205   0.349784    0.043238   0.000000  -0.612721   0.000000   0.000000   0.000000   0.000000   0.031430
       43.0982 0   0.000000   0.000000   0.309769    0.061500   0.000000  -0.591361   0.000000   0.000000   0.000000   0.000000   0.030246
       43.0678 0   0.000021   0.000021   0.352786    0.045501   0.000000  -0.619566   0.000000   0.000000   0.000000   0.000000   0.026073
       42.8306 0   0.002016   0.002016   0.348063    0.036945   0.000000  -0.617657   0.000000   0.000000   0.000000   0.000000   0.032342
       43.3878 0   0.002473   0.002473   0.312865    0.035049   0.000000  -0.588876   0.000472  -0.000000   0.000000   0.000000   0.029612
       43.2748 0   0.000933   0.000933   0.309527    0.050786   0.000000  -0.555617   0.000000   0.000000   0.000000   0.000000   0.028749
       43.0837 0   0.000004   0.000004   0.363124    0.055058   0.000837  -0.616159   0.000000   0.000000   0.000000   0.000000   0.028062
       42.9539 0   0.000574   0.000574   0.332747    0.058666   0.000000  -0.592478   0.000000   0.000000   0.000000   0.000000   0.029049
       42.8270 0   0.002071   0.002071   0.288157    0.065770   0.000000  -0.530653   0.000900   0.000000   0.000000  -0.005207   0.028943
       43.2839 0   0.001029   0.001029   0.376601    0.046252   0.001123  -0.628677   0.000000   0.000000   0.000000   0.000000   0.032414
       43.2159 0   0.000422   0.000422   0.361418    0.037424   0.000000  -0.601764   0.000000   0.000000  -0.001370   0.000000   0.030213
       42.8337 0   0.001969   0.001969   0.270632    0.040242   0.000000  -0.585290   0.000000   0.000000   0.000000   0.000000   0.029821
       42.8772 0   0.001369   0.001369   0.267523    0.058400   0.000000  -0.561060   0.000000   0.000000   0.000000   0.000000   0.027746
       42.6628 0   0.005388   0.005388   0.295116    0.035318   0.000000  -0.573134   0.000000   0.000000   0.000000  -0.000014   0.029976
       43.1651 0   0.000142   0.000142   0.344250    0.039887   0.000000  -0.651741   0.000000   0.000000   0.000000   0.000000   0.034599
       43.2439 0   0.000639   0.000639   0.365720    0.037941   0.000000  -0.644277   0.000000   0.000000   0.000000   0.000000   0.028193
       43.1000 0   0.000001   0.000001   0.321373    0.049972   0.000000  -0.581031   0.000000   0.000000   0.000000   0.000000   0.028796
       42.8367 0   0.001924   0.001924   0.342331    0.050860   0.000000  -0.593962   0.000000   0.000000   0.000000   0.000000   0.025954
       43.2497 0   0.000690   0.000690   0.329472    0.054332   0.001607  -0.582118   0.000000   0.000000   0.000000   0.000000   0.028481
       43.0762 0   0.000010   0.000010   0.330021    0.041546   0.000000  -0.566190   0.000000   0.000000   0.000000   0.000000   0.033567
       43.1798 0   0.000207   0.000207   0.361828    0.038533   0.000000  -0.540276   0.000000   0.000000   0.000000   0.000000   0.025945
       43.2121 0   0.000396   0.000396   0.348644    0.050517   0.003747  -0.570116   0.000000   0.000000  -0.000448   0.000000   0.033630
       42.7790 0   0.002881   0.002881   0.323398    0.043237   0.000000  -0.573862   0.000000   0.000000   0.000000   0.000000   0.033772
       43.3004 0   0.001217   0.001217   0.340215    0.056423   0.000000  -0.652144   0.000000   0.000000   0.000000   0.000000   0.027703
       43.3814 0   0.002366   0.002366   0.337768    0.058480   0.000000  -0.696864   0.000000   0.000000  -0.001925   0.000000   0.032051
       43.2571 0   0.000758   0.000758   0.345134    0.043931   0.000000  -0.628340   0.000184   0.000000  -0.000000  -0.010021   0.032313
       43.0207 0   0.000159   0.000159   0.383752    0.035783   0.000000  -0.634000   0.000000   0.000000   0.000000   0.000000   0.029909
       42.8674 0   0.001494   0.001494   0.358717    0.039436   0.000000  -0.615359   0.003438   0.000000   0.000000   0.000000   0.034298
       43.3296 0   0.001587   0.001587   0.317305    0.042529   0.000000  -0.583136   0.000000   0.000000   0.000000   0.000000   0.027042
       43.0186 0   0.000168   0.000168   0.328401    0.042738   0.000000  -0.630324   0.000000   0.000000   0.000000   0.000000   0.028288
       43.0590 0   0.000037   0.000037   0.359356    0.063766   0.000000  -0.704910   0.000000   0.000000   0.000000   0.000000   0.031705
       42.9165 0   0.000920   0.000920   0.383970    0.042241   0.000000  -0.726735   0.000000   0.000000   0.000000   0.000000   0.031309
       43.0752 0   0.000011   0.000011   0.343698    0.039614   0.000000  -0.720037   0.000000   0.000000  -0.000001   0.000000   0.027783
       43.2034 0   0.000339   0.000339   0.288492    0.046005   0.000000  -0.663763   0.000000   0.000000   0.000000   0.000000   0.031641
       42.8575 0   0.001627   0.001627   0.298860    0.038009   0.000000  -0.679380   0.000000   0.000000  -0.000237   0.000000   0.033465
       42.9026 0   0.001068   0.001068   0.321023    0.054274   0.005761  -0.713252   0.000000   0.000000   0.000000   0.000000   0.030381
       43.0001 0   0.000260   0.000260   0.377146    0.045080   0.000000  -0.733672   0.000000   0.000000   0.000000   0.000000   0.028261
       43.1554 0   0.000105   0.000105   0.351051    0.071185   0.003592  -0.684984   0.000000   0.000000   0.000000   0.000000   0.031048
       43.3505 0   0.001883   0.001883   0.318455    0.036088   0.000000  -0.648722   0.000000   0.000000   0.000000   0.000000   0.028524
       43.4604 0   0.003852   0.003852   0.350937    0.043567   0.000000  -0.663799   0.000553   0.000000   0.000000   0.000000   0.027445
       42.9539 0   0.000574   0.000574   0.344476    0.038592   0.000000  -0.679530   0.000000   0.000000   0.000000   0.000000   0.032391
       43.1398 0   0.000058   0.000058   0.346576    0.073842   0.000000  -0.707838   0.000000   0.000000   0.000000   0.000000   0.030390
       43.3171 0   0.001422   0.001422   0.315683    0.054538   0.000000  -0.692972   0.000000   0.000000   0.000000   0.000000   0.028305
       42.7607 0   0.003223   0.003223   0.350736    0.040969   0.000000  -0.688922   0.000000   0.000000  -0.000009   0.000000   0.027909
       43.3033 0   0.001252   0.001252   0.300998    0.044058   0.000000  -0.675980   0.000000   0.000000   0.000000   0.000000   0.027753
       42.9694 0   0.000455   0.000455   0.324322    0.035146   0.006712  -0.672784   0.000000   0.000000   0.000000   0.000000   0.030622
       42.6133 0   0.006693   0.006693   0.287631    0.071653   0.000000  -0.685426   0.000000   0.000000   0.000000   0.000000   0.030485
       43.0590 0   0.000037   0.000037   0.309095    0.037430   0.001392  -0.726298   0.000000   0.000000   0.000000   0.000000   0.035347
       43.3046 0   0.001267   0.001267   0.309683    0.033190   0.000000  -0.684092   0.000000   0.000000   0.000000   0.000000   0.027720
       42.9898 0   0.000319   0.000319   0.353498    0.054321   0.000000  -0.705595   0.000000   0.000000   0.000000   0.000000   0.027211
       42.8415 0   0.001854   0.001854   0.338956    0.044516   0.000000  -0.695945   0.000000   0.000000  -0.001370   0.000000   0.030138
       43.2904 0   0.001101   0.001101   0.348406    0.062348   0.003990  -0.671115   0.000000  -0.000241  -0.000018   0.000000   0.030418
       42.8056 0   0.002415   0.002415   0.369122    0.029126   0.000000  -0.638112   0.000000   0.000000  -0.000021   0.000000   0.030177
       43.0484 0   0.000063   0.000063   0.401940    0.051081   0.000000  -0.684616   0.000000   0.000000   0.000000   0.000000   0.032559
       43.2424 0   0.000627   0.000627   0.369193    0.061823   0.000000  -0.630204   0.000000   0.000000  -0.000193   0.000000   0.027136
       43.3294 0   0.001585   0.001585   0.332793    0.069778   0.000000  -0.616198   0.000000   0.000000   0.000000   0.000000   0.030189
       43.0624 0   0.000031   0.000031   0.326657    0.054707   0.000000  -0.554085   0.000000   0.000000   0.000000   0.000000   0.044269
       43.1979 0   0.000305   0.000305   0.350421    0.044945   0.000000  -0.560672   0.000000   0.000000   0.000000  -0.000068   0.033018
       43.2803 0   0.000990   0.000990   0.323677    0.059288   0.000000  -0.580108   0.000000   0.000000   0.000000   0.000000   0.026674
       43.1230 0   0.000023   0.000023   0.325731    0.044651   0.000086  -0.520075   0.000000   0.000000   0.000000   0.000000   0.027072
       43.1187 0   0.000016   0.000016   0.363766    0.060678   0.000000  -0.530888   0.000000  -0.000005  -0.000383   0.000000   0.031502
       43.3387 0   0.001714   0.001714   0.372624    0.068441   0.000000  -0.548362   0.000000   0.000000   0.000000   0.000000   0.031179
       42.7497 0   0.003439   0.003439   0.341292    0.049318   0.004587  -0.530606   0.000000   0.000000   0.000000   0.000000   0.029748
       42.6922 0   0.004679   0.004679   0.323488    0.051784   0.000000  -0.504191   0.000000   0.000000   0.000000   0.000000   0.026444
       43.1235 0   0.000024   0.000024   0.299923    0.054321   0.000000  -0.487739   0.000000   0.000000   0.000000  -0.007761   0.035315
       43.0743 0   0.000012   0.000012   0.300378    0.061027   0.001832  -0.492020   0.000000   0.000000   0.000000   0.000000   0.028716
       43.2391 0   0.000599   0.000599   0.308340    0.050570   0.000000  -0.513628   0.000000   0.000000   0.000000   0.000000   0.029352
       42.9226 0   0.000858   0.000858   0.288486    0.056070   0.000000  -0.486851   0.003351   0.000000   0.000000   0.000000   0.031167
       42.9474 0   0.000628   0.000628   0.331086    0.047726   0.000000  -0.570185   0.000000   0.000000   0.000000   0.000000   0.036657
       43.5337 0   0.005552   0.005552   0.331521    0.048342   0.000000  -0.591971   0.000000   0.000000  -0.000168   0.000000   0.032048
       42.6837 0   0.004880   0.004880   0.339424    0.042074   0.000000  -0.579642   0.000000   0.000000   0.000000   0.000000   0.028026
       42.8695 0   0.001466   0.001466   0.334498    0.056802   0.000000  -0.601667   0.000000   0.000000   0.000000   0.000000   0.029535
       43.2888 0   0.001083   0.001083   0.323269    0.028640   0.006397  -0.632726   0.003820   0.000000   0.000000   0.000000   0.030500
       43.0718 0   0.000016   0.000016   0.327137    0.053877   0.000000  -0.593589   0.000000   0.000000   0.000000   0.000000   0.027145
       43.0949 0   0.000000   0.000000   0.368019    0.046465   0.001252  -0.592512   0.000000   0.000000   0.000000   0.000000   0.026457
       43.2861 0   0.001053   0.001053   0.331287    0.052663   0.000000  -0.578481   0.000000   0.000000   0.000000   0.000000   0.029512
       43.2979 0   0.001188   0.001188   0.359462    0.059298   0.000000  -0.583920   0.000000   0.000000   0.000000   0.000000   0.027625
       42.9798 0   0.000383   0.000383   0.303795    0.058204   0.000000  -0.579894   0.000238   0.000000   0.000000   0.000000   0.029303
       42.8729 0   0.001423   0.001423   0.333691    0.032189   0.001387  -0.566350   0.000445   0.000000  -0.000050   0.000000   0.036084
       43.0391 0   0.000090   0.000090   0.297135    0.058323   0.000000  -0.554187   0.000000   0.000000   0.000000   0.000000   0.028890
       43.1598 0   0.000121   0.000121   0.319415    0.063487   0.000000  -0.613244   0.000000   0.000000   0.000000   0.000000   0.034303
       43.3171 0   0.001423   0.001423   0.337177    0.055749   0.000000  -0.581533   0.000000   0.000000   0.000000  -0.016486   0.029690
       43.2608 0   0.000793   0.000793   0.311487    0.050073   0.000000  -0.558266   0.000000   0.000000  -0.000000  -0.008955   0.031040
       42.6206 0   0.006491   0.006491   0.360230    0.049085   0.000000  -0.635927   0.000000   0.000000   0.000000   0.000000   0.027839
       42.7486 0   0.003461   0.003461   0.293052    0.044042   0.000000  -0.567879   0.000000   0.000000   0.000000   0.000000   0.029704
       43.0691 0   0.000019   0.000019   0.319929    0.046925   0.000652  -0.591915   0.000000   0.000000  -0.000094   0.000000   0.028287
       43.3949 0   0.002594   0.002594   0.298931    0.049235   0.000000  -0.559808   0.000000   0.000000   0.000000   0.000000   0.028084
       42.9147 0   0.000938   0.000938   0.342832    0.071666   0.000000  -0.556447   0.000000   0.000000   0.000000   0.000000   0.029079
       42.9116 0   0.000971   0.000971   0.380782    0.041931   0.000000  -0.540838   0.000000   0.000000   0.000000   0.000000   0.032128
       43.3288 0   0.001577   0.001577   0.324909    0.033582   0.000000  -0.506578   0.000000   0.000000   0.000000   0.000000   0.034199
       42.8822 0   0.001307   0.001307   0.344597    0.058138   0.000594  -0.512458   0.000000   0.000000   0.000000   0.000000   0.030269
       43.2807 0   0.000995   0.000995   0.313979    0.051969   0.000000  -0.485573   0.000000   0.000000   0.000000   0.000000   0.026970
       43.3875 0   0.002469   0.002469   0.309552    0.043918   0.000000  -0.486657   0.000000   0.000000   0.000000  -0.001068   0.032089
       43.2130 0   0.000402   0.000402   0.366034    0.049279   0.000000  -0.532624   0.000287   0.000000   0.000000   0.000000   0.028796
       43.2185 0   0.000440   0.000440   0.385405    0.046994   0.000000  -0.562066   0.000000   0.000000  -0.000000   0.000000   0.031743
       43.1671 0   0.000150   0.000150   0.330904    0.050286   0.000000  -0.581417   0.000836   0.000000   0.000000   0.000000   0.029577
       42.5790 0   0.007681   0.007681   0.362056    0.063865   0.000000  -0.646669   0.000000   0.000000  -0.000020   0.000000   0.025973
       43.3487 0   0.001857   0.001857   0.349072    0.059049   0.000000  -0.637291   0.000000   0.000000   0.000000   0.000000   0.029541
       43.2083 0   0.000371   0.000371   0.327602    0.047868   0.000000  -0.616974   0.000000   0.000000   0.000000   0.000000   0.027671
       43.1772 0   0.000195   0.000195   0.314167    0.038814   0.000000  -0.619682   0.000000   0.000000   0.000000   0.000000   0.029388
       42.9338 0   0.000749   0.000749   0.305468    0.027699   0.000000  -0.589854   0.000000   0.000000   0.000000   0.000000   0.029935
       42.8745 0   0.001403   0.001403   0.362946    0.061155   0.002448  -0.689184   0.000000   0.000000   0.000000   0.000000   0.030776
       43.2106 0   0.000386   0.000386   0.292243    0.060812   0.000000  -0.641455   0.000000   0.000000   0.000000   0.000000   0.032629
       43.1179 0   0.000015   0.000015   0.349789    0.055128   0.000000  -0.623348   0.000000   0.000000   0.000000   0.000000   0.029795
       42.8907 0   0.001204   0.001204   0.412910    0.059510   0.000011  -0.668438   0.000000   0.000000   0.000000   0.000000   0.029978
       43.1493 0   0.000085   0.000085   0.361961    0.044891   0.000000  -0.619931   0.000000  -0.001563  -0.000129   0.000000   0.038355
       43.2132 0   0.000403   0.000403   0.340188    0.051643   0.000000  -0.617059   0.000000   0.000000   0.000000   0.000000   0.030024
       43.0244 0   0.000144   0.000144   0.363361    0.045013   0.000000  -0.607406   0.000000   0.000000   0.000000   0.000000   0.030893
       42.9787 0   0.000390   0.000390   0.344718    0.043502   0.000000  -0.630185   0.000000   0.000000  -0.000000   0.000000   0.028831
       43.2212 0   0.000460   0.000460   0.311697    0.056782   0.000000  -0.566875   0.000000   0.000000   0.000000   0.000000   0.025073
       43.4369 0   0.003373   0.003373   0.310532    0.042277   0.000065  -0.583386   0.000000   0.000000   0.000000  -0.003178   0.032108
       42.8892 0   0.001222   0.001222   0.340435    0.040346   0.000000  -0.579985   0.000000   0.000000   0.000000   0.000000   0.035807
       43.1059 0   0.000003   0.000003   0.360649    0.061433   0.000162  -0.608897   0.000308   0.000000   0.000000   0.000000   0.033978
       43.3280 0   0.001566   0.001566   0.328193    0.041316   0.000000  -0.586866   0.000000   0.000000   0.000000   0.000000   0.024413
       43.1748 0   0.000184   0.000184   0.353651    0.042186   0.000000  -0.634615   0.000000   0.000000  -0.000257   0.000000   0.025873
       43.2225 0   0.000469   0.000469   0.339551    0.050410   0.000000  -0.620714   0.000000   0.000000   0.000000   0.000000   0.027971
       43.1492 0   0.000085   0.000085   0.350580    0.054088   0.000000  -0.650877   0.000000   0.000000   0.000000   0.000000   0.023579
       42.9794 0   0.000385   0.000385   0.367838    0.043369   0.000000  -0.627174   0.000000   0.000000   0.000000   0.000000   0.025886
       42.8135 0   0.002286   0.002286   0.375271    0.046061   0.000000  -0.601742   0.000000   0.000000   0.000000   0.000000   0.029546
       43.1626 0   0.000132   0.000132   0.370726    0.054466   0.000000  -0.535343   0.000000   0.000000  -0.000001  -0.010655   0.029568
       43.1160 0   0.000013   0.000013   0.347354    0.053076   0.000000  -0.517870   0.000000   0.000000   0.000000   0.000000   0.027305
       43.2840 0   0.001030   0.001030   0.345748    0.036366   0.001449  -0.488735   0.000000  -0.000023  -0.000000   0.000000   0.033040
       43.0122 0   0.000198   0.000198   0.379553    0.048590   0.004168  -0.468813   0.000000   0.000000   0.000000   0.000000   0.025784
       42.8522 0   0.001700   0.001700   0.331839    0.067812   0.000000  -0.485666   0.000000   0.000000   0.000000   0.000000   0.028113
       43.1080 0   0.000005   0.000005   0.314791    0.055026   0.000000  -0.475227   0.000000   0.000000   0.000000   0.000000   0.024899
       42.9841 0   0.000355   0.000355   0.323543    0.065160   0.001385  -0.486363   0.000000   0.000000  -0.000000   0.000000   0.032209
       43.1150 0   0.000011   0.000011   0.297411    0.056626   0.000000  -0.518623   0.000000   0.000000  -0.000000   0.000000   0.025281
       43.4626 0   0.003898   0.003898   0.330908    0.038302   0.000000  -0.555048   0.000000   0.000000   0.000000   0.000000   0.033167
       43.0014 0   0.000253   0.000253   0.353988    0.027432   0.000000  -0.550531   0.000000   0.000000   0.000000   0.000000   0.033307
       43.1349 0   0.000046   0.000046   0.333342    0.047845   0.000000  -0.560522   0.000000   0.000000   0.000000   0.000000   0.028512
       43.2082 0   0.000370   0.000370   0.330013    0.055383   0.000000  -0.609529   0.000000   0.000000   0.000000   0.000000   0.031154
       42.9133 0   0.000952   0.000952   0.333048    0.061846   0.000000  -0.638017   0.000000   0.000000   0.000000   0.000000   0.028327
       43.0577 0   0.000040   0.000040   0.350482    0.033604   0.000000  -0.660230   0.000000   0.000000   0.000000   0.000000   0.028147
       43.2883 0   0.001078   0.001078   0.340524    0.053593   0.000000  -0.705507   0.000000   0.000000   0.000000   0.000000   0.029016
       42.7947 0   0.002601   0.002601   0.352613    0.050248   0.000364  -0.696913   0.000000   0.000000   0.000000   0.000000   0.026665
       43.3390 0   0.001718   0.001718   0.372074    0.032179   0.000000  -0.676488   0.000000   0.000000   0.000000   0.000000   0.029496
       43.2606 0   0.000791   0.000791   0.334304    0.042278   0.000000  -0.676649   0.000000   0.000000   0.000000   0.000000   0.032230
       42.9242 0   0.000841   0.000841   0.350395    0.066387   0.000000  -0.700738   0.000000   0.000000  -0.000000   0.000000   0.029974
