t = 7000000
b = 105 105 105
E = -0.253982052654145 -0.604377163520167 0.350395110866022
-8.54823912099041 -71.5341906810106 -10.8518561483248 -0.141430604735797 0.986247236432549 0.0855205979463912 -0.989553780179263 -0.143284034020226 0.0159060280296774 0.095218424610598 0.346727133503994 -0.0750151495494895 -0.213798816378905 0.458705137307119 0.598070568848648
-9.0230297126117 -71.7493021224737 -11.5230322139209 -0.557479624626405 -0.705246079267899 0.43800049749274 -0.780075406699914 0.264459051461421 -0.567048295969925 -0.258118639999783 -0.347732070223633 0.170621677795164 -0.214228491706951 0.274672841545323 0.140352363273475
-9.34524891035566 -71.9491018359903 -11.8642004570282 -0.547082235106827 -0.0446398045455706 0.835887741195176 -0.829357014073939 0.164228283081608 -0.534037465204929 -0.066498038174013 -0.542902311034075 0.0105738405203965 -0.586383757484451 0.577052631337866 0.063508515800954
-8.98031578763881 -72.7516896458266 -12.2573999070786 -0.903823752338049 -0.409924759772342 0.12273677539814 -0.299403406349796 0.400904671424735 -0.865813516119889 0.350318969639765 0.306839944256249 -0.555586099240959 0.284431027652545 -0.304498092129587 0.0258741633414079
-9.21887629683327 -72.8583637488997 -12.7031200273689 -0.838738576487338 0.240043741258032 0.48877050094586 -0.400997663170533 0.334983670078491 -0.852635217963785 0.161318629569888 0.0545462230635525 0.395672633727024 0.184323932969734 0.343597776496393 -0.416177956282466
-9.47141465522876 -72.9737486849872 -13.0744668798198 -0.459651027018487 0.76933951003694 0.443663894921163 -0.335343031308466 0.312229780232002 -0.888851852497958 -0.303449057023063 -0.127107384835265 -0.149636005126987 -0.582086646368808 -0.15537181037603 0.302631091260071
-9.92683022786845 -72.8940650278506 -13.4025504745565 0.278169575317322 0.905177645326156 0.32136446251801 -0.330698518958671 0.404366196997403 -0.852717109177944 0.103390718899709 0.203903223145717 0.099150633293029 -0.0535410253457684 -0.462907685447895 -0.276019197730456
-10.2182757391168 -72.5459985457588 -13.5284293788727 0.808827517598201 0.506380438493964 -0.298959693414325 -0.529429538740935 0.405805465619421 -0.745000864148349 -0.224584595304303 -0.121607604931167 0.71862903328409 -0.0709970068389156 0.360672023236216 0.329986055801999
-10.3850391256806 -72.1324969027156 -13.7694349820583 0.704879486418844 -0.313308588193398 -0.636382462195611 -0.366134377173692 0.607700527185036 -0.704730932420455 -0.111549804322791 0.249470104357727 -0.518823728030691 -0.169133806241708 -0.168152319691152 -0.443289607981622
-10.2985235723822 -71.7401538294398 -14.0602292134258 0.0669458290106597 -0.810964269647909 -0.581253137051522 -0.682916576282321 0.387477066050708 -0.619262846555116 0.0233322836927002 -0.0995578476142069 -0.450341854242519 -0.209647076736045 -0.0289108495877059 0.0205436377045585
-10.0223370495823 -70.8876000017242 -14.5637931286701 0.436169205239029 -0.537570778274406 -0.721646785308805 -0.795130241374811 0.145254039495091 -0.588786177879184 0.503764979780868 0.382278288923657 0.356740310131908 -0.0990419604915283 0.251825923901838 -0.73075950093121
-10.3471072188667 -70.6099654990777 -14.3434388077549 0.925474109157788 0.179482264603679 -0.333592251066231 0.149109629714834 0.636935272160499 0.756359555637334 -0.493301034055945 0.0921458956523465 -0.763230126308193 0.0056600185546059 -0.0705115695456876 0.268447865555238
-10.6691723870517 -70.4882505819909 -13.8454532376377 0.323234460574204 0.84763114594356 0.42076231286029 0.530876225778328 -0.530496204167466 0.660866257473721 0.523115484586238 -0.0265155114523916 0.101190431218804 -0.230883039652503 -0.178036961278378 -0.300585724381417
-11.9514741325141 -70.9591270363294 -13.7549883625496 -0.188834803900054 -0.958840244034809 0.212053774442777 -0.981844836122903 0.188295506981766 -0.0229242192806716 -0.220556601496852 -0.169936687297678 -0.41761183641024 -0.556183002026727 -0.0578079691871459 -0.0585687481354474
-12.6564521096 -69.8817926423909 -13.0656347286263 -0.945360359665093 -0.314586563314164 0.0856100727502272 0.208828161806592 -0.382627316511884 0.899992853024659 -0.457056632618028 0.264862729039037 0.377571084425216 0.279968508653429 -0.200573639602196 0.47312347350855
-12.8071520778076 -69.7640645812112 -12.6438348206761 -0.313256064812329 -0.947129843679973 -0.0693952236775752 0.424332241216635 -0.204968178688651 0.882003511778362 0.22158608799052 0.350347099494159 0.443957534990934 0.0641483998239663 0.181690702936767 0.365967975722942
-12.9013704799289 -69.8988191291275 -12.1239035782525 0.111464059372622 -0.916064780344165 -0.385228609634353 0.0434980831054263 -0.382775316751964 0.922816868967966 0.0530427626837523 0.092679820803908 0.265981860106713 -0.396389880913563 0.171845691500569 0.181545664457483
-13.1903164862813 -70.1164327627484 -11.8473914428589 0.788723423526164 -0.606696116495458 0.0991724932174614 -0.238663212228517 -0.153526247407355 0.958889755126266 0.684501764288089 -0.523500799220025 -0.703418101090782 -0.332652477024876 -0.12504337535136 0.800146638981921
-13.3843818913466 -70.4804567728295 -11.5166361814838 0.97513789432148 -0.0492849532614399 0.216048791805084 -0.221410261479964 -0.17646882376271 0.95908094045839 0.887992795113706 0.200746941914396 0.672622296298418 -0.19935605279914 -0.268303250475277 0.143246014233188
-13.1835569870901 -70.9249336797339 -10.9754248196536 0.688291867347913 -0.724959982951381 -0.0262169498874326 -0.110149664561241 -0.14016240959223 0.983982494932666 -0.0877290050565454 0.119184891870076 -0.180982258200219 -0.0357681383514135 0.099060486438456 0.9795478074258
-13.3668757026378 -69.3158654972298 -10.4927910014156 -0.864829239867646 0.434542436724801 -0.251482119752781 -0.486632486331465 -0.602267486411656 0.632821221245107 0.0415107833000578 0.103555023454572 0.156451804026783 0.327072178472635 -0.611144335852573 -1.22533260591075
-13.5531202620392 -69.3164616493498 -10.0061371429532 -0.661689483425231 -0.335541573163483 -0.670506435616711 -0.211817595650279 -0.774189242103313 0.596459825624474 -0.087984360653274 0.640786287792739 -0.744219206108014 0.657932277873401 0.0420853806353472 0.453904701987587
-13.8540945515212 -69.5230213940804 -9.68407984026524 -0.277637339742806 -0.644670110833305 -0.712262560983569 -0.331372582290004 -0.631643768271514 0.700869718072024 0.0898596194608899 -0.389429871581643 0.176140714597038 0.189163475239112 -0.442608577092581 0.136439993756396
-14.1902744214381 -69.7769947636183 -9.45285298506187 0.680961743315916 -0.580388347783677 -0.446587583679711 -0.223427460017946 -0.745406979688536 0.628051434789875 0.357641525836088 -0.282711551830619 -0.441876305674599 -0.126033767756798 -0.318111044393836 -0.220075598322952
-14.0810965809916 -68.8197926331656 -8.17584838494749 -0.111880862162297 0.511954622902241 0.851695448367956 0.633586657020174 -0.623520733445629 0.45802821202385 0.33513566381056 -0.344209559003816 -0.818020970065541 -0.240155044710426 0.467446389647357 0.324534857869188
-13.6789280579208 -68.7372733084523 -7.9415925932459 -0.644934530857252 -0.294532621603355 0.705202088567243 0.748370580865374 -0.430448852940493 0.504633786718065 -0.361834050011109 -0.0109418642361459 0.360790628010292 0.396575846713088 -0.0461396854993432 0.316905523196396
-56.8904069311554 -71.7352393223441 -19.9887909780135 0.361779075541801 -0.932185548510059 -0.0120831969791076 0.195817163740686 0.0886554200940678 -0.97662472571192 -0.0490163190934909 -0.310682291307537 0.147124053364252 -0.219464053742466 -0.791485580455822 -0.0961095118160789
-56.6324019551866 -71.6748175860556 -20.3640117397515 -0.621574671434674 -0.756889471521467 -0.201899122659398 0.154482054737383 0.134238265471661 -0.978833684978059 0.110138768615993 0.244194763485632 0.186694991697717 -0.0115956076044178 0.517003793545994 -0.274824539236592
-56.096087162571 -71.0382014462082 -21.3552747298822 0.942956823010173 -0.113387624544959 -0.313010665215421 -0.00431164293403932 -0.944292393232991 0.329079452134737 -0.217580342357344 0.206177272556583 0.00884438879417199 -0.302524190890899 -0.103079379400204 -0.428332567005873
-55.7440940819751 -70.8317018706691 -20.1155580735091 0.452594043810135 -0.211240219264254 0.866334924421679 0.355625996563064 0.933689752134949 0.0418759755314506 0.521706100231841 -0.216384783742079 -0.357696140232068 0.332803014264943 0.655127259350485 -0.0271002466699655
-55.4292389341178 -70.3462792065182 -19.9668763206623 0.0607813441068409 -0.407993927424229 0.910959155721758 0.414430744037787 0.840578085503302 0.348820355724586 0.448308958557107 0.269339973092742 0.541464180787908 0.463171422375714 -0.21732472823844 -0.0290451803247531
-55.4361388582467 -69.9149829923517 -19.6658488641436 0.700109266825084 -0.592043376669568 0.399163694049509 0.511067359329474 0.805888819641232 0.298920331535113 -0.0922160508223863 0.102279347182257 0.363077274486296 0.00711218457649617 0.194000747941635 0.0580312488921209
-55.3356606909005 -69.5924148314508 -19.2123889410573 0.905806827827204 -0.269241196799679 -0.327143957009657 0.391951766866428 0.825706325387379 0.405688151990994 -0.481880982753411 -0.671232944643104 0.0764942040369627 -0.0366172140755695 -0.14233291192539 -0.0727694887967819
-55.8251530945546 -68.20646915161 -19.5560995646051 -0.691645617030852 0.705694503606272 0.15369322698859 -0.377054097025156 -0.534312785385183 0.756531595698729 -0.530448014017948 -0.21421703760565 0.143882859802858 0.104004149686895 -0.203255555316165 0.0546179101752029
-55.885997656674 -68.1527706858455 -19.0577766641891 -0.941965593759644 0.0223821078134125 -0.334962477634144 -0.292632932525051 -0.543719326851312 0.786597266973661 0.122207699476934 -0.117204678703272 -0.212512101644224 -0.216194602379109 0.169136143800194 0.193799182433006
-54.5068058397222 -68.7098461007207 -18.7581717528456 0.675743244354914 -0.336329868657836 0.655936953645057 -0.550566223265782 -0.821973692982838 0.145726050666368 0.25969649735022 0.00779326698175383 -0.150637150056606 0.364527471968291 0.232179836442881 -0.263642783562936
-54.4631373445997 -68.1612132650261 -18.0349803215888 0.654793440139696 -0.650087821109263 -0.385527399279946 0.381039176828487 0.724457216944222 -0.574430924080182 0.55432965764767 0.767859362746781 -0.246066907302906 -0.123390204119414 0.203936989747183 0.218969719247324
-53.9536626651804 -67.8706063469219 -18.3424658558178 -0.0519501317146157 -0.827443759196697 -0.559140419913584 0.395536322781157 0.49705956819135 -0.772322991390435 -0.379881445395159 -0.0855578756581185 -0.206735789799243 -0.200386325588221 -0.147283560381909 0.428169204940414
-53.6101072574521 -67.8486517216155 -18.6393511778558 -0.58560927350798 -0.247066262208754 -0.772023342172752 0.627792671520726 0.464252364256899 -0.624776843254347 -0.236902486552009 0.28581993821231 -0.255313288828046 0.157181093157728 -0.422712946141758 0.285968158639505
-53.3060077935003 -67.8186403485591 -19.0761045281605 -0.829113816873717 0.459916972843866 -0.317878367870097 0.538094008290521 0.502136489716549 -0.676988762046412 0.0799378329697919 -0.335089454127516 0.273602253081407 -0.279201780943806 0.193192588043299 -0.0805592878650714
-53.2819863953209 -67.6778496212636 -19.5324078968415 -0.562971484171574 0.788830069573668 0.246597301983681 0.377729948515799 0.510964801458513 -0.772162584993981 -0.422733185008763 -0.348761071617121 0.0716508355479882 0.294936179903874 -0.0102887041440153 0.210915529128441
-52.3831684073101 -68.2722605234191 -20.2272295731325 -0.104226383015545 0.781673189543702 -0.614917787864553 0.991573820882845 0.0338465590028977 -0.125043065316971 -0.484171199226031 0.195850127842044 0.119017356869111 0.250610124821627 0.0721955183735474 -0.53423558593429
-51.9754929640333 -68.2077650127618 -20.6543036830716 0.154248714279869 0.937656125337157 0.31146159435879 0.987032224496311 -0.160414052787877 -0.0058923232524181 0.387033684083741 -0.119405986536782 -0.217212904053911 0.00544616561653608 0.285282330722854 -0.126855623335768
-51.7463435097176 -69.4455094939683 -19.8132414508715 0.31716762704462 -0.941443144305897 0.11440936322856 0.393711570027816 0.0209581669896632 -0.91899507880232 -0.363120140185826 0.215202882742924 0.0337152727063729 -0.22110040901294 -0.279661627750252 0.154210684241766
-51.3480885146073 -69.412537756138 -20.0813198089984 -0.432706723137535 -0.826093776395704 -0.361017955718888 0.224079767140134 0.289330450855484 -0.930632122896126 -0.00277435268753905 0.00192331690914408 -0.250944545580716 0.425246845667719 -0.0770300866134385 0.43238207046819
-51.1971827856705 -69.3042935590203 -20.5143469871193 -0.489184485040884 -0.853439709878835 -0.179831035134026 0.304099608583929 0.0263497521216813 -0.952275757657572 -0.284739780251151 0.192645678292311 -0.1076886194913 0.144247808763896 -0.68741214112644 0.322158114949708
-51.0125546446314 -69.671028447213 -20.859041504497 -0.942587028248231 -0.145260546623829 -0.300714262668696 0.301008871825421 0.0204760778366004 -0.953401483803372 0.325262965808744 -0.141990223799145 -0.067638990300604 -0.131847487064043 0.170506890330789 -0.244753009008596
-51.0206352302848 -69.8983868656858 -21.2234776886948 -0.517559796514088 0.837174447032524 -0.176835523207093 0.404217426884558 0.0570692691324037 -0.912880808388212 0.15738873219639 0.0946739323079564 0.173989736584309 -0.711029722542254 -0.459389884978421 0.433274958048622
-51.1498556201484 -69.85759433409 -21.6981871668228 0.366127421723344 0.879754296061919 0.303287140550228 0.496044632550266 0.0912411948790465 -0.863489876533176 0.226300967025483 -0.102973054933768 -0.236690275505946 -0.0060040715250157 0.0425034829995473 -0.520019632005968
-51.5009007671 -70.721232690042 -21.3664525547551 0.0852373602363063 -0.278174599843976 0.95674107491088 0.941893884428318 0.335632251409573 0.0136712212345138 -0.914135979053079 -0.217974346475382 -0.216920112466917 -0.126709034090788 0.408653130803751 -0.0113414555914611
-52.3432452454008 -71.151514667639 -21.3716480638676 -0.555327531805781 -0.331994630099442 0.762489933051025 -0.825776179214804 0.328740833343212 -0.458282845341672 0.237926811524286 -0.00880045507962515 -0.307121616107715 0.633143805387407 0.206570666064854 0.232633579476447
-52.7539063555064 -71.1979301717638 -21.63065166618 -0.267859226438361 0.364941085665018 0.891666663504635 -0.889128835714674 0.262823164066112 -0.374665047650737 0.154098848930479 0.486008381291346 0.744491673107346 0.27901357855519 0.166548333167469 0.450719935711326
