       17.5767 0   0.000010   0.000010   0.389593    0.049737   0.000000  -0.703795   0.000000   0.000000   0.000000   0.000000   0.025730
       17.5923 0   0.000000   0.000000   0.291120    0.060524   0.000000  -0.625910   0.000000   0.000000  -0.000004   0.000000   0.032619
       17.6039 0   0.000002   0.000002   0.338260    0.064368   0.000000  -0.699641   0.000000   0.000000   0.000000   0.000000   0.034396
       17.4433 0   0.000664   0.000664   0.354531    0.049676   0.000000  -0.707357   0.000000   0.000000   0.000000   0.000000   0.032310
       17.3570 0   0.001634   0.001634   0.323042    0.038590   0.000000  -0.679956   0.000000   0.000000   0.000000   0.000000   0.029310
       17.5960 0   0.000000   0.000000   0.332510    0.046469   0.000000  -0.730044   0.000000   0.000000   0.000000   0.000000   0.030495
       17.8090 0   0.001321   0.001321   0.345426    0.066129   0.000000  -0.679493   0.000000   0.000000   0.000000   0.000000   0.026878
       17.5096 0   0.000211   0.000211   0.378204    0.062903   0.000000  -0.703383   0.000000   0.000000   0.000000   0.000000   0.032203
       17.8283 0   0.001569   0.001569   0.373530    0.049882   0.000000  -0.714940   0.000054   0.000000   0.000000   0.000000   0.032108
       17.8986 0   0.002660   0.002660   0.367027    0.031412   0.000000  -0.699152   0.000000   0.000000   0.000000   0.000000   0.029547
       17.6525 0   0.000096   0.000096   0.356915    0.042181   0.000000  -0.692362   0.000000   0.000000   0.000000   0.000000   0.027015
       17.4379 0   0.000712   0.000712   0.390626    0.040634   0.000000  -0.759959   0.000000   0.000000   0.000000   0.000000   0.034896
       17.7810 0   0.000998   0.000998   0.337344    0.089235   0.000000  -0.789335   0.000000   0.000000   0.000000   0.000000   0.029543
       17.5517 0   0.000054   0.000054   0.351398    0.053580   0.000029  -0.746994   0.000000   0.000000   0.000000   0.000000   0.029527
       17.7968 0   0.001175   0.001175   0.329148    0.049084   0.000000  -0.724570   0.000000   0.000000   0.000000   0.000000   0.026238
       17.3672 0   0.001496   0.001496   0.325683    0.039511   0.000000  -0.744206   0.000000   0.000000   0.000000   0.000000   0.027176
       17.7518 0   0.000710   0.000710   0.358444    0.049318   0.000000  -0.739262   0.000000   0.000000   0.000000   0.000000   0.027768
       17.8849 0   0.002424   0.002424   0.364554    0.054551   0.000000  -0.732641   0.000000   0.000000   0.000000   0.000000   0.032068
       17.5467 0   0.000067   0.000067   0.350508    0.071532   0.000000  -0.704189   0.000000   0.000000   0.000000   0.000000   0.025194
       17.4273 0   0.000812   0.000812   0.355878    0.038670   0.000000  -0.671242   0.000000   0.000000   0.000000   0.000000   0.025560
       17.7737 0   0.000921   0.000921   0.326155    0.043506   0.000000  -0.711657   0.000000   0.000000   0.000000   0.000000   0.030041
       17.3033 0   0.002455   0.002455   0.375580    0.038194   0.000000  -0.753197   0.000020   0.000000   0.000000   0.000000   0.031913
       17.5252 0   0.000140   0.000140   0.378082    0.051662   0.000000  -0.735801   0.000000   0.000000   0.000000   0.000000   0.030149
       17.7383 0   0.000592   0.000592   0.328953    0.039467   0.000000  -0.735658   0.000000   0.000000  -0.000000   0.000000   0.024843
       17.5042 0   0.000238   0.000238   0.291263    0.045769   0.000000  -0.753435   0.000000   0.000000  -0.000000   0.000000   0.032157
       17.7713 0   0.000897   0.000897   0.286511    0.042796   0.000000  -0.741591   0.000000   0.000000   0.000000   0.000000   0.030480
       18.4133 0   0.019316   0.019316   0.318632    0.047285   0.000000  -0.828028   0.000000   0.000000   0.000000   0.000000   0.027189
       17.5579 0   0.000040   0.000040   0.313890    0.056038   0.000000  -0.809694   0.000000   0.000000   0.000000   0.000000   0.026448
       17.7300 0   0.000526   0.000526   0.317379    0.045530   0.000000  -0.840047   0.000000   0.000000  -0.000000   0.000000   0.033974
       17.5630 0   0.000030   0.000030   0.319089    0.053056   0.000000  -0.846921   0.001540   0.000000   0.000000   0.000000   0.025742
       17.5867 0   0.000002   0.000002   0.308757    0.038452   0.000000  -0.826212   0.000000   0.000000   0.000000   0.000000   0.030809
       17.5913 0   0.000000   0.000000   0.302976    0.050946   0.000000  -0.789076   0.000000   0.000000   0.000000   0.000000   0.028581
       17.1578 0   0.005514   0.005514   0.340014    0.045506   0.000000  -0.832874   0.000000   0.000000   0.000000   0.000000   0.030377
       17.4911 0   0.000311   0.000311   0.376902    0.050905   0.000000  -0.765651   0.000000   0.000000   0.000000   0.000000   0.027718
       17.7872 0   0.001065   0.001065   0.376803    0.040965   0.000000  -0.783644   0.000000   0.000000   0.000000   0.000000   0.028375
       17.2656 0   0.003129   0.003129   0.295329    0.039611   0.000000  -0.739139   0.000000   0.000000   0.000000   0.000000   0.025327
       17.3089 0   0.002361   0.002361   0.283208    0.036902   0.000000  -0.726132   0.000000   0.000000   0.000000   0.000000   0.033616
       17.7094 0   0.000378   0.000378   0.290396    0.048086   0.000000  -0.726174   0.000000   0.000000   0.000000   0.000000   0.025839
       17.7543 0   0.000732   0.000732   0.311223    0.054073   0.000000  -0.680670   0.000000   0.000000  -0.000000   0.000000   0.026449
       17.6301 0   0.000035   0.000035   0.295862    0.063235   0.000000  -0.709491   0.000000   0.000000   0.000000   0.000000   0.029222
       17.9164 0   0.002979   0.002979   0.320489    0.052588   0.000000  -0.754317   0.000002   0.000000  -0.000001   0.000000   0.029794
       17.7016 0   0.000328   0.000328   0.329527    0.042435   0.000000  -0.719133   0.000000   0.000000   0.000000   0.000000   0.029577
       17.7371 0   0.000582   0.000582   0.331284    0.054635   0.000000  -0.759005   0.000000  -0.000000  -0.000640   0.000000   0.033327
       17.7613 0   0.000798   0.000798   0.320279    0.050916   0.000000  -0.700491   0.000000  -0.014298  -0.003659   0.000000   0.029667
       17.7291 0   0.000519   0.000519   0.344154    0.039759   0.000000  -0.687388   0.000000   0.000000   0.000000   0.000000   0.027016
       17.2602 0   0.003233   0.003233   0.345773    0.048484   0.003305  -0.734630   0.000000   0.000000   0.000000   0.000000   0.026766
       17.6147 0   0.000011   0.000011   0.320732    0.057909   0.000000  -0.725580   0.000000   0.000000   0.000000   0.000000   0.032117
       17.8114 0   0.001351   0.001351   0.333951    0.047692   0.000000  -0.715545   0.000000   0.000000   0.000000   0.000000   0.029641
       17.6520 0   0.000094   0.000094   0.318382    0.042087   0.000000  -0.672079   0.000000   0.000000  -0.000000   0.000000   0.032095
       17.7394 0   0.000601   0.000601   0.356704    0.057636   0.000656  -0.730908   0.000000   0.000000   0.000000   0.000000   0.029636
       17.7963 0   0.001169   0.001169   0.294509    0.050511   0.000000  -0.645729   0.000000   0.000000   0.000000   0.000000   0.026447
       17.7018 0   0.000329   0.000329   0.346509    0.036569   0.000000  -0.700464   0.000000   0.000000   0.000000   0.000000   0.030114
       17.5856 0   0.000003   0.000003   0.338427    0.052137   0.000000  -0.729007   0.000000   0.000000   0.000000   0.000000   0.035271
       17.4074 0   0.001015   0.001015   0.350872    0.030872   0.000000  -0.677108   0.000000   0.000000   0.000000   0.000000   0.024554
       17.6792 0   0.000205   0.000205   0.316674    0.038674   0.000024  -0.663150   0.000000   0.000000   0.000000   0.000000   0.029533
       17.6498 0   0.000086   0.000086   0.332358    0.055520   0.000000  -0.707341   0.000000   0.000000   0.000000   0.000000   0.026322
       17.8489 0   0.001859   0.001859   0.336745    0.041395   0.000000  -0.683363   0.000000   0.000000  -0.000068   0.000000   0.031743
       17.3910 0   0.001200   0.001200   0.352777    0.036775   0.000000  -0.657981   0.000000   0.000000   0.000000   0.000000   0.027859
       17.4915 0   0.000309   0.000309   0.367796    0.048396   0.000000  -0.757421   0.000000   0.000000   0.000000   0.000000   0.023948
       17.7644 0   0.000827   0.000827   0.343980    0.040762   0.000000  -0.735473   0.000000   0.000000   0.000000   0.000000   0.027744
       17.9864 0   0.004419   0.004419   0.318723    0.038497   0.000000  -0.700616   0.000000   0.000000   0.000000   0.000000   0.032111
       17.7783 0   0.000969   0.000969   0.347742    0.051798   0.000000  -0.718457   0.000000   0.000000   0.000000   0.000000   0.028980
       17.6887 0   0.000254   0.000254   0.313223    0.056975   0.000000  -0.658442   0.000000   0.000000   0.000000   0.000000   0.031651
       17.6044 0   0.000003   0.000003   0.345728    0.046230   0.000000  -0.662213   0.000000   0.000000   0.000000   0.000000   0.028080
       17.5907 0   0.000001   0.000001   0.339875    0.051533   0.000000  -0.673277   0.000000   0.000000  -0.000020  -0.000341   0.031497
       17.8996 0   0.002676   0.002676   0.381406    0.044892   0.000000  -0.742828   0.000000   0.000000  -0.000000   0.000000   0.027744
       17.7920 0   0.001119   0.001119   0.379715    0.066369   0.000000  -0.744343   0.000000   0.000000   0.000000   0.000000   0.029007
       17.5933 0   0.000000   0.000000   0.340971    0.049727   0.000000  -0.719459   0.000000   0.000000   0.000000   0.000000   0.033614
       17.4901 0   0.000317   0.000317   0.350864    0.046454   0.000000  -0.681128   0.000000   0.000000   0.000000   0.000000   0.027553
       17.9739 0   0.004141   0.004141   0.353970    0.049721   0.000000  -0.690399   0.000000   0.000000   0.000000   0.000000   0.029368
       17.5938 0   0.000000   0.000000   0.332183    0.050754   0.000000  -0.672798   0.000000   0.000000   0.000000   0.000000   0.027269
       17.5805 0   0.000006   0.000006   0.401733    0.082601   0.000000  -0.732659   0.000000   0.000000   0.000000   0.000000   0.028002
       17.6173 0   0.000014   0.000014   0.353208    0.059688   0.000000  -0.675703   0.000000   0.000000  -0.000000   0.000000   0.026156
       17.7153 0   0.000418   0.000418   0.326861    0.066695   0.000000  -0.674517   0.000000   0.000000   0.000000   0.000000   0.029197
       17.4411 0   0.000683   0.000683   0.367557    0.060786   0.000000  -0.735918   0.000000   0.000000   0.000000   0.000000   0.028424
       17.5248 0   0.000142   0.000142   0.308776    0.049911   0.000000  -0.615747   0.000000   0.000000   0.000000   0.000000   0.028938
       17.7427 0   0.000629   0.000629   0.331910    0.041828   0.000156  -0.690577   0.000000   0.000000   0.000000   0.000000   0.027247
       17.7931 0   0.001132   0.001132   0.331950    0.041935   0.000000  -0.701287   0.000000   0.000000   0.000000   0.000000   0.026473
       17.6824 0   0.000220   0.000220   0.347624    0.042168   0.000000  -0.755405   0.000000   0.000000   0.000000   0.000000   0.026406
       17.8709 0   0.002195   0.002195   0.341347    0.050459   0.000000  -0.712773   0.000000   0.000000   0.000000   0.000000   0.030517
       17.6326 0   0.000041   0.000041   0.357829    0.054475   0.000000  -0.664033   0.000000   0.000000   0.000000   0.000000   0.031084
       17.5181 0   0.000171   0.000171   0.258746    0.059553   0.001356  -0.632805   0.000000   0.000000   0.000000   0.000000   0.027373
       17.3447 0   0.001807   0.001807   0.327985    0.044668   0.000151  -0.666370   0.000000  -0.012012  -0.003737   0.000000   0.028349
       17.4266 0   0.000818   0.000818   0.375171    0.033523   0.000000  -0.739095   0.000000   0.000000  -0.002075   0.000000   0.034682
       17.5029 0   0.000245   0.000245   0.369224    0.062742   0.000000  -0.761605   0.000000   0.000000   0.000000   0.000000   0.032802
       17.6581 0   0.000115   0.000115   0.362980    0.051061   0.000000  -0.771195   0.000000   0.000000   0.000000   0.000000   0.027457
       17.4404 0   0.000690   0.000690   0.304515    0.039245   0.000000  -0.779114   0.000000   0.000000   0.000000   0.000000   0.027956
       17.6549 0   0.000103   0.000103   0.311269    0.061924   0.000000  -0.792397   0.000000   0.000000   0.000000   0.000000   0.026714
       17.5235 0   0.000147   0.000147   0.310703    0.039143   0.000000  -0.778104   0.000000   0.000000   0.000000   0.000000   0.025453
       17.7519 0   0.000710   0.000710   0.359431    0.042454   0.000000  -0.805106   0.000000   0.000000   0.000000   0.000000   0.027090
       17.3113 0   0.002321   0.002321   0.389920    0.046396   0.000000  -0.842964   0.000000   0.000000   0.000000   0.000000   0.024954
       17.3260 0   0.002087   0.002087   0.339538    0.047152   0.000000  -0.794596   0.000000   0.000000   0.000000   0.000000   0.038801
       17.7672 0   0.000855   0.000855   0.361376    0.058356   0.000000  -0.832255   0.000000   0.000000   0.000000   0.000000   0.032061
       17.6748 0   0.000184   0.000184   0.364707    0.041564   0.000000  -0.790500   0.000000   0.000000   0.000000   0.000000   0.028657
       17.4877 0   0.000332   0.000332   0.353910    0.062858   0.000000  -0.812864   0.000000   0.000000   0.000000   0.000000   0.028458
       17.3732 0   0.001419   0.001419   0.365807    0.042510   0.000000  -0.805089   0.000000   0.000000   0.000000   0.000000   0.030914
       17.7604 0   0.000789   0.000789   0.320886    0.054141   0.000000  -0.805434   0.000000   0.000000  -0.000602   0.000000   0.027868
       17.8518 0   0.001903   0.001903   0.343419    0.036533   0.000000  -0.828468   0.000000   0.000000   0.000000   0.000000   0.025888
       17.5628 0   0.000030   0.000030   0.323633    0.044635   0.000000  -0.812975   0.000000   0.000000   0.000000   0.000000   0.026480
       17.4262 0   0.000822   0.000822   0.325143    0.047828   0.000000  -0.812700   0.000000   0.000000  -0.000066   0.000000   0.027774
       17.7912 0   0.001111   0.001111   0.281560    0.054064   0.000000  -0.754046   0.000000   0.000000   0.000000   0.000000   0.026722
       17.5985 0   0.000000   0.000000   0.279161    0.053203   0.000000  -0.732905   0.000000   0.000000   0.000000   0.000000   0.029735
       17.4056 0   0.001035   0.001035   0.312067    0.053653   0.000000  -0.732138   0.000000   0.000000   0.000000   0.000000   0.030241
       17.8014 0   0.001229   0.001229   0.342930    0.056820   0.000000  -0.741989   0.000000   0.000000   0.000000   0.000000   0.028556
       17.6746 0   0.000183   0.000183   0.323995    0.058256   0.000000  -0.683388   0.000000   0.000000   0.000000   0.000000   0.027980
       17.5264 0   0.000136   0.000136   0.339274    0.057307   0.000000  -0.661810   0.000000   0.000000   0.000000   0.000000   0.030011
       17.5509 0   0.000056   0.000056   0.318573    0.058519   0.000000  -0.609999   0.000000   0.000000   0.000000   0.000000   0.033085
       17.4825 0   0.000365   0.000365   0.340550    0.061260   0.000000  -0.621787   0.000000   0.000000   0.000000   0.000000   0.026227
       17.3735 0   0.001415   0.001415   0.333326    0.053752   0.000060  -0.558491   0.000000   0.000000   0.000000   0.000000   0.026799
       17.5587 0   0.000038   0.000038   0.367370    0.046226   0.000000  -0.576756   0.000000   0.000000   0.000000   0.000000   0.026491
       17.7019 0   0.000330   0.000330   0.346222    0.058534   0.000000  -0.578511   0.000000   0.000000   0.000000   0.000000   0.031173
       17.6646 0   0.000140   0.000140   0.327240    0.055195   0.000073  -0.533043   0.000000   0.000000   0.000000   0.000000   0.026459
       17.7945 0   0.001148   0.001148   0.287722    0.039002   0.000000  -0.508707   0.000000   0.000000   0.000000   0.000000   0.034974
       17.5867 0   0.000002   0.000002   0.336750    0.032005   0.000000  -0.515187   0.000000   0.000000   0.000000   0.000000   0.026071
       17.4786 0   0.000391   0.000391   0.316701    0.033118   0.000000  -0.512905   0.000000   0.000000   0.000000   0.000000   0.029619
       17.8396 0   0.001725   0.001725   0.303877    0.037740   0.000000  -0.560163   0.000000   0.000000   0.000000   0.000000   0.030947
       17.5551 0   0.000046   0.000046   0.367607    0.052397   0.000000  -0.600772   0.000000   0.000000   0.000000   0.000000   0.028390
       17.5650 0   0.000026   0.000026   0.316969    0.066833   0.000000  -0.630817   0.000000   0.000000  -0.000005   0.000000   0.030484
       17.7087 0   0.000373   0.000373   0.366518    0.041813   0.000000  -0.685946   0.000000   0.000000   0.000000   0.000000   0.031566
       17.5714 0   0.000016   0.000016   0.335348    0.046791   0.000000  -0.672465   0.000000   0.000000   0.000000   0.000000   0.029965
       17.2911 0   0.002664   0.002664   0.314965    0.038069   0.000000  -0.691550   0.000000   0.000000   0.000000   0.000000   0.028641
       17.6382 0   0.000054   0.000054   0.305505    0.045930   0.000000  -0.708139   0.000000   0.000000   0.000000   0.000000   0.026411
       17.6604 0   0.000123   0.000123   0.279355    0.050813   0.000000  -0.699273   0.000000   0.000000   0.000000   0.000000   0.025472
       17.5103 0   0.000207   0.000207   0.312236    0.035209   0.000000  -0.672185   0.000000   0.000000   0.000000   0.000000   0.028207
       18.0926 0   0.007142   0.007142   0.300959    0.063073   0.000000  -0.670050   0.000000   0.000000   0.000000   0.000000   0.030622
       17.4652 0   0.000486   0.000486   0.326257    0.035801   0.000000  -0.672648   0.000000   0.000000   0.000000   0.000000   0.026677
       17.3911 0   0.001200   0.001200   0.308054    0.049654   0.000000  -0.699961   0.000000   0.000000   0.000000   0.000000   0.028288
       17.5354 0   0.000102   0.000102   0.340482    0.045460   0.000000  -0.742292   0.000000   0.000000  -0.000000   0.000000   0.025409
       17.7648 0   0.000831   0.000831   0.359914    0.041275   0.000000  -0.791849   0.000000   0.000000   0.000000   0.000000   0.031103
       17.7507 0   0.000700   0.000700   0.317444    0.056874   0.000000  -0.798442   0.000000   0.000000   0.000000   0.000000   0.026756
       17.6427 0   0.000066   0.000066   0.369774    0.047663   0.000000  -0.809607   0.000000   0.000000   0.000000   0.000000   0.029053
       17.4599 0   0.000526   0.000526   0.295606    0.046647   0.000000  -0.755412   0.000000   0.000000  -0.000001   0.000000   0.025191
       17.6057 0   0.000003   0.000003   0.331820    0.055894   0.000000  -0.762592   0.000000   0.000000   0.000000   0.000000   0.028358
       17.4848 0   0.000350   0.000350   0.345236    0.049991   0.000000  -0.718227   0.000000   0.000000   0.000000   0.000000   0.025696
       17.5840 0   0.000004   0.000004   0.326256    0.043282   0.000305  -0.672947   0.000000   0.000000  -0.000019   0.000000   0.034500
       17.7160 0   0.000422   0.000422   0.305839    0.055528   0.000000  -0.649610   0.000000  -0.000141   0.000000   0.000000   0.030761
       17.5457 0   0.000070   0.000070   0.340366    0.040735   0.000000  -0.679867   0.000000   0.000000   0.000000   0.000000   0.028234
       17.4845 0   0.000352   0.000352   0.322565    0.060015   0.000000  -0.674705   0.000229   0.000000   0.000000  -0.007874   0.031785
       17.5041 0   0.000238   0.000238   0.374950    0.061432   0.000000  -0.754155   0.000000   0.000000   0.000000   0.000000   0.029896
       17.9658 0   0.003966   0.003966   0.338975    0.055180   0.000000  -0.746147   0.000000   0.000000   0.000000   0.000000   0.032377
       17.2805 0   0.002853   0.002853   0.335981    0.049733   0.000000  -0.776225   0.000000   0.000000   0.000000   0.000000   0.028990
       17.3051 0   0.002424   0.002424   0.310921    0.065939   0.000000  -0.788125   0.000000   0.000000  -0.000047   0.000000   0.031559
       17.5652 0   0.000026   0.000026   0.302430    0.037679   0.000000  -0.740579   0.000000   0.000000   0.000000   0.000000   0.027954
       17.6003 0   0.000001   0.000001   0.328127    0.063277   0.000000  -0.774463   0.000000   0.000000   0.000000   0.000000   0.032830
       17.4507 0   0.000601   0.000601   0.332160    0.043704   0.000000  -0.711394   0.000000   0.000000   0.000000   0.000000   0.029669
       17.9118 0   0.002894   0.002894   0.322377    0.057116   0.000000  -0.688512   0.000277   0.000000   0.000000   0.000000   0.028066
       17.6721 0   0.000171   0.000171   0.339035    0.048138   0.000000  -0.682179   0.000000   0.000000   0.000000   0.000000   0.030764
       17.3582 0   0.001618   0.001618   0.349110    0.049857   0.000102  -0.704271   0.000000   0.000000  -0.000000   0.000000   0.025301
       17.8393 0   0.001721   0.001721   0.320994    0.057566   0.000000  -0.673460   0.000000   0.000000  -0.000000   0.000000   0.027407
       17.5770 0   0.000009   0.000009   0.330980    0.044757   0.000000  -0.712513   0.000000   0.000000   0.000000   0.000000   0.034682
       17.2635 0   0.003171   0.003171   0.293742    0.048795   0.000000  -0.668655   0.000000   0.000000   0.000000   0.000000   0.029634
       17.5247 0   0.000143   0.000143   0.308722    0.036713   0.000000  -0.730658   0.000000   0.000000   0.000000   0.000000   0.025910
       17.6692 0   0.000159   0.000159   0.303202    0.053574   0.000000  -0.722995   0.000000   0.000000  -0.000000   0.000000   0.027276
       17.8922 0   0.002547   0.002547   0.353923    0.040053   0.000000  -0.742989   0.000000   0.000000   0.000000   0.000000   0.031613
       17.2921 0   0.002647   0.002647   0.310191    0.046731   0.000000  -0.801231   0.000000   0.000000   0.000000   0.000000   0.026854
       17.2150 0   0.004164   0.004164   0.282042    0.057146   0.000000  -0.789349   0.000000   0.000000   0.000000   0.000000   0.027130
       17.8823 0   0.002381   0.002381   0.315873    0.038623   0.000000  -0.788386   0.000000   0.000000   0.000000   0.000000   0.030711
       17.7977 0   0.001186   0.001186   0.319514    0.063647   0.000000  -0.761339   0.000022   0.000000   0.000000  -0.010996   0.029071
       17.3099 0   0.002344   0.002344   0.322472    0.035467   0.000000  -0.736696   0.000000   0.000000   0.000000   0.000000   0.029716
       17.9286 0   0.003210   0.003210   0.390410    0.036913   0.000000  -0.795914   0.000000   0.000000  -0.000000   0.000000   0.025744
       17.9379 0   0.003391   0.003391   0.329543    0.042422   0.000000  -0.720816   0.000000   0.000000   0.000000   0.000000   0.026054
       17.7098 0   0.000380   0.000380   0.294676    0.043169   0.000000  -0.736117   0.000000   0.000000  -0.000144   0.000000   0.026670
       17.0712 0   0.007914   0.007914   0.333321    0.047362   0.000000  -0.755450   0.000000   0.000000   0.000000   0.000000   0.023774
       17.8172 0   0.001424   0.001424   0.325213    0.054200   0.000000  -0.722370   0.000000   0.000000   0.000000   0.000000   0.028285
       17.8673 0   0.002138   0.002138   0.321920    0.039160   0.000000  -0.725924   0.000000   0.000000  -0.000211   0.000000   0.029411
       17.3940 0   0.001165   0.001165   0.356708    0.056514   0.000000  -0.796285   0.000000   0.000000   0.000000   0.000000   0.030033
       17.5236 0   0.000147   0.000147   0.357054    0.044921   0.000000  -0.742900   0.000011   0.000000   0.000000   0.000000   0.028200
       17.6053 0   0.000003   0.000003   0.334170    0.039177   0.000000  -0.711158   0.000000   0.000000   0.000000   0.000000   0.028520
       17.4328 0   0.000759   0.000759   0.303138    0.041632   0.000000  -0.711309   0.000000   0.000000   0.000000   0.000000   0.029447
       17.6617 0   0.000128   0.000128   0.346417    0.046288   0.000000  -0.725293   0.000060   0.000000   0.000000   0.000000   0.028821
       17.8220 0   0.001487   0.001487   0.319656    0.043964   0.000000  -0.738186   0.000000   0.000000   0.000000   0.000000   0.032415
       17.4320 0   0.000766   0.000766   0.337998    0.051002   0.000000  -0.757057   0.000000   0.000000   0.000000   0.000000   0.028595
       17.5372 0   0.000096   0.000096   0.288459    0.055900   0.000000  -0.776867   0.002402   0.000000   0.000000   0.000000   0.033205
       17.4948 0   0.000290   0.000290   0.341208    0.048703   0.000000  -0.786737   0.000000   0.000000   0.000000   0.000000   0.027540
       17.3052 0   0.002422   0.002422   0.352919    0.061059   0.000000  -0.786910   0.000000   0.000000   0.000000   0.000000   0.026430
       17.4924 0   0.000304   0.000304   0.325142    0.055001   0.000000  -0.762137   0.000000   0.000000   0.000000   0.000000   0.026256
       17.7626 0   0.000810   0.000810   0.290693    0.041125   0.000000  -0.722298   0.000000  -0.003263  -0.001878   0.000000   0.028699
       17.9620 0   0.003884   0.003884   0.303145    0.044411   0.000000  -0.724718   0.000000   0.000000   0.000000   0.000000   0.027788
       17.8910 0   0.002528   0.002528   0.336855    0.055542   0.000000  -0.803774   0.000000   0.000000   0.000000   0.000000   0.030143
       17.2048 0   0.004391   0.004391   0.299466    0.053626   0.000000  -0.754407   0.000358   0.000000   0.000000  -0.010755   0.032143
       17.4029 0   0.001064   0.001064   0.327874    0.043308   0.000000  -0.777135   0.000000   0.000000   0.000000   0.000000   0.025768
       17.9252 0   0.003145   0.003145   0.367853    0.043272   0.000309  -0.769491   0.000000   0.000000   0.000000   0.000000   0.025896
       17.7138 0   0.000407   0.000407   0.322332    0.052309   0.000000  -0.736856   0.000000   0.000000  -0.000000   0.000000   0.030657
       17.2603 0   0.003232   0.003232   0.330556    0.041134   0.000000  -0.767686   0.000000   0.000000  -0.000149   0.000000   0.027834
       17.8126 0   0.001366   0.001366   0.313888    0.067163   0.000000  -0.792505   0.000000   0.000000  -0.000893   0.000000   0.023552
       18.0497 0   0.005965   0.005965   0.321458    0.053605   0.000000  -0.729024   0.000000   0.000000   0.000000   0.000000   0.029913
       17.2489 0   0.003455   0.003455   0.340213    0.054441   0.000000  -0.756380   0.000000   0.000000   0.000000   0.000000   0.032515
       17.8317 0   0.001616   0.001616   0.336529    0.063971   0.000000  -0.690516   0.000000   0.000000  -0.000530   0.000000   0.029480
       17.7640 0   0.000824   0.000824   0.385752    0.036530   0.000000  -0.657484   0.000000   0.000000   0.000000   0.000000   0.031262
       17.1565 0   0.005546   0.005546   0.298226    0.046268   0.000000  -0.633001   0.000000   0.000000  -0.000242   0.000000   0.027959
       17.7670 0   0.000853   0.000853   0.281132    0.053779   0.000000  -0.657578   0.000000   0.000000   0.000000   0.000000   0.028400
       17.6082 0   0.000005   0.000005   0.310821    0.048678   0.000000  -0.648768   0.000000   0.000000   0.000000   0.000000   0.032464
       17.4490 0   0.000615   0.000615   0.337540    0.044515   0.000000  -0.652153   0.000000   0.000000  -0.000027   0.000000   0.031646
       17.8187 0   0.001443   0.001443   0.340279    0.029915   0.000000  -0.664972   0.000000   0.000000   0.000000   0.000000   0.029164
       17.8626 0   0.002065   0.002065   0.328346    0.047327   0.000000  -0.655370   0.000000   0.000000   0.000000   0.000000   0.028782
       17.3836 0   0.001290   0.001290   0.345581    0.065265   0.000000  -0.653610   0.000000   0.000000   0.000000   0.000000   0.031688
       17.1290 0   0.006264   0.006264   0.355241    0.034861   0.000333  -0.626646   0.000000   0.000000   0.000000   0.000000   0.030173
       17.5311 0   0.000118   0.000118   0.365414    0.047282   0.000000  -0.691399   0.000000   0.000000   0.000000   0.000000   0.029477
       17.8544 0   0.001941   0.001941   0.308180    0.055940   0.000000  -0.691973   0.000000   0.000000   0.000000   0.000000   0.028696
       17.4157 0   0.000927   0.000927   0.297087    0.043662   0.000000  -0.685371   0.000000   0.000000   0.000000   0.000000   0.032138
       17.5847 0   0.000003   0.000003   0.341035    0.034101   0.000000  -0.750174   0.000000   0.000000   0.000000  -0.000018   0.037071
       17.8031 0   0.001249   0.001249   0.342445    0.034305   0.000000  -0.760319   0.000016   0.000000   0.000000   0.000000   0.026234
       17.3411 0   0.001859   0.001859   0.357555    0.060998   0.000000  -0.738660   0.000000   0.000000   0.000000   0.000000   0.029834
       17.6426 0   0.000065   0.000065   0.330834    0.040271   0.000000  -0.726206   0.000000   0.000000   0.000000   0.000000   0.028931
       18.1597 0   0.009197   0.009197   0.358955    0.060294   0.000000  -0.766392   0.000000   0.000000   0.000000   0.000000   0.030165
       17.7838 0   0.001028   0.001028   0.322737    0.042194   0.000000  -0.740941   0.000000   0.000000   0.000000   0.000000   0.028149
       17.6447 0   0.000071   0.000071   0.346306    0.061880   0.000000  -0.749284   0.000000   0.000000   0.000000   0.000000   0.029374
       17.5976 0   0.000000   0.000000   0.370708    0.069465   0.000000  -0.809826   0.000000   0.000000   0.000000   0.000000   0.029709
       17.5634 0   0.000029   0.000029   0.339843    0.049455   0.000000  -0.797003   0.000000   0.000000   0.000000   0.000000   0.028892
       17.4449 0   0.000650   0.000650   0.327045    0.070292   0.000000  -0.767553   0.002811   0.000000   0.000000   0.000000   0.031411
       17.5271 0   0.000133   0.000133   0.368378    0.040870   0.000000  -0.794573   0.000000   0.000000   0.000000   0.000000   0.030212
       17.5370 0   0.000097   0.000097   0.328454    0.054554   0.000000  -0.755197   0.000000   0.000000   0.000000   0.000000   0.030771
       17.5099 0   0.000209   0.000209   0.334605    0.050811   0.000000  -0.793403   0.000000   0.000000   0.000000   0.000000   0.029259
       17.4709 0   0.000444   0.000444   0.349353    0.052080   0.000000  -0.799915   0.000000   0.000000   0.000000   0.000000   0.031005
       17.6652 0   0.000142   0.000142   0.370459    0.046205   0.000000  -0.799099   0.000000   0.000000   0.000000   0.000000   0.027449
       17.9347 0   0.003328   0.003328   0.364245    0.056356   0.000000  -0.826272   0.000000   0.000000   0.000000  -0.000560   0.028341
       17.3480 0   0.001759   0.001759   0.350744    0.046898   0.000000  -0.899748   0.000891   0.000000   0.000000   0.000000   0.028847
       17.6608 0   0.000125   0.000125   0.301887    0.055851   0.000000  -0.857979   0.000000   0.000000   0.000000   0.000000   0.027374
       17.6732 0   0.000177   0.000177   0.320633    0.044361   0.000000  -0.815734   0.000000   0.000000   0.000000   0.000000   0.032546
       17.7146 0   0.000413   0.000413   0.302633    0.054396   0.000000  -0.833862   0.000000   0.000000   0.000000   0.000000   0.025678
       17.3783 0   0.001354   0.001354   0.299407    0.033705   0.000000  -0.825270   0.004178   0.000000   0.000000   0.000000   0.028750
       17.5934 0   0.000000   0.000000   0.319603    0.054347   0.000131  -0.824696   0.000000   0.000000   0.000000  -0.011050   0.025144
       17.5016 0   0.000252   0.000252   0.315005    0.039286   0.000000  -0.838882   0.000000   0.000000   0.000000   0.000000   0.030189
       17.6314 0   0.000038   0.000038   0.292508    0.061400   0.000000  -0.838416   0.000000   0.000000   0.000000   0.000000   0.030038
       17.4839 0   0.000356   0.000356   0.354900    0.051338   0.000000  -0.834254   0.000000   0.000000  -0.000010   0.000000   0.029364
       17.5356 0   0.000102   0.000102   0.332921    0.051979   0.000000  -0.817945   0.000000   0.000000   0.000000   0.000000   0.026886
       17.5791 0   0.000007   0.000007   0.347745    0.061175   0.000000  -0.800998   0.000000   0.000000  -0.000000   0.000000   0.034760
       17.5153 0   0.000183   0.000183   0.350071    0.049915   0.000000  -0.779425   0.000000   0.000000  -0.000125   0.000000   0.033777
       17.7159 0   0.000421   0.000421   0.298304    0.050388   0.000000  -0.753568   0.000000   0.000000   0.000000   0.000000   0.034065
       17.3905 0   0.001207   0.001207   0.306196    0.046890   0.000000  -0.756184   0.000000   0.000000   0.000000   0.000000   0.029513
       17.4958 0   0.000284   0.000284   0.315763    0.071500   0.000000  -0.773219   0.000000   0.000000   0.000000   0.000000   0.027631
       17.6921 0   0.000272   0.000272   0.331489    0.051823   0.000000  -0.743209   0.000000   0.000000   0.000000   0.000000   0.030859
       17.7166 0   0.000426   0.000426   0.369644    0.036711   0.000000  -0.788556   0.000000   0.000000   0.000000   0.000000   0.028917
       17.3491 0   0.001744   0.001744   0.300184    0.072133   0.000000  -0.755919   0.000000   0.000000   0.000000   0.000000   0.030690
       17.5436 0   0.000076   0.000076   0.257977    0.032447   0.000000  -0.701920   0.000000   0.000000   0.000000   0.000000   0.033841
       17.7095 0   0.000378   0.000378   0.330531    0.054662   0.000891  -0.832900   0.000000   0.000000   0.000000   0.000000   0.027621
       17.6193 0   0.000017   0.000017   0.305471    0.048422   0.000000  -0.840740   0.000000   0.000000   0.000000   0.000000   0.030757
       17.4978 0   0.000273   0.000273   0.284428    0.045601   0.000000  -0.861663   0.000000   0.000000   0.000000   0.000000   0.026118
       17.9517 0   0.003669   0.003669   0.339226    0.058878   0.000280  -0.909876   0.000000   0.000000   0.000000   0.000000   0.027826
       17.4334 0   0.000753   0.000753   0.331928    0.047540   0.000000  -0.837104   0.000000   0.000000   0.000000   0.000000   0.026712
       17.2471 0   0.003491   0.003491   0.354403    0.048640   0.000000  -0.908361   0.000000   0.000000   0.000000   0.000000   0.032404
       17.7093 0   0.000377   0.000377   0.355399    0.063925   0.000000  -0.859018   0.000000   0.000000   0.000000   0.000000   0.029196
       17.7156 0   0.000420   0.000420   0.343694    0.053690   0.000000  -0.845436   0.000580   0.000000  -0.000953   0.000000   0.032327
       17.5153 0   0.000183   0.000183   0.324836    0.052421   0.000000  -0.836625   0.000000   0.000000   0.000000   0.000000   0.027269
       17.7257 0   0.000493   0.000493   0.277843    0.049614   0.000000  -0.836889   0.000000   0.000000   0.000000   0.000000   0.028820
       17.6875 0   0.000247   0.000247   0.316691    0.043597   0.000000  -0.864734   0.000000   0.000000  -0.000041   0.000000   0.029399
       17.6254 0   0.000027   0.000027   0.335587    0.046816   0.000000  -0.845426   0.000000   0.000000   0.000000   0.000000   0.028433
       17.6454 0   0.000073   0.000073   0.318114    0.064647   0.000000  -0.848499   0.000000   0.000000  -0.000001   0.000000   0.027073
       17.2353 0   0.003733   0.003733   0.310459    0.047802   0.000000  -0.840821   0.002093   0.000000   0.000000  -0.000532   0.028222
       17.6587 0   0.000117   0.000117   0.308625    0.064132   0.000000  -0.836077   0.000000   0.000000   0.000000   0.000000   0.030586
       17.4132 0   0.000954   0.000954   0.372056    0.048365   0.000000  -0.818716   0.000000   0.000000   0.000000   0.000000   0.026319
       17.5046 0   0.000236   0.000236   0.356479    0.052934   0.000000  -0.815745   0.000000   0.000000   0.000000   0.000000   0.031077
       17.8908 0   0.002523   0.002523   0.315371    0.034767   0.000000  -0.782293   0.000000   0.000000   0.000000   0.000000   0.028783
       17.4050 0   0.001041   0.001041   0.271176    0.050861   0.000076  -0.723805   0.000000   0.000000   0.000000   0.000000   0.029043
       17.7768 0   0.000954   0.000954   0.333324    0.040209   0.000000  -0.766912   0.000000   0.000000   0.000000   0.000000   0.029092
       17.4386 0   0.000706   0.000706   0.353570    0.040731   0.000000  -0.734592   0.000000   0.000000   0.000000   0.000000   0.024478
       17.7640 0   0.000824   0.000824   0.356704    0.059657   0.000000  -0.727263   0.000000   0.000000   0.000000   0.000000   0.029512
       17.6332 0   0.000042   0.000042   0.320672    0.060413   0.000000  -0.729444   0.000000   0.000000   0.000000   0.000000   0.031329
       17.3551 0   0.001660   0.001660   0.371486    0.032197   0.000000  -0.718047   0.000000   0.000000   0.000000   0.000000   0.031617
       17.7433 0   0.000635   0.000635   0.335836    0.039789   0.000000  -0.705325   0.000000   0.000000  -0.000140   0.000000   0.028255
       17.9234 0   0.003112   0.003112   0.293646    0.053625   0.000000  -0.663311   0.000000   0.000000   0.000000   0.000000   0.028556
       17.4358 0   0.000731   0.000731   0.315084    0.042564   0.000000  -0.702015   0.000000   0.000000  -0.000001   0.000000   0.034781
       17.7479 0   0.000675   0.000675   0.321878    0.066846   0.000000  -0.672377   0.000000   0.000000   0.000000   0.000000   0.029127
       17.6105 0   0.000007   0.000007   0.288966    0.050140   0.000000  -0.633697   0.000000   0.000000   0.000000   0.000000   0.031020
       17.5985 0   0.000000   0.000000   0.354679    0.053432   0.000000  -0.667484   0.000000   0.000000   0.000000   0.000000   0.027710
       17.9200 0   0.003047   0.003047   0.339192    0.063287   0.000000  -0.662023   0.000000   0.000000   0.000000   0.000000   0.029322
       17.6177 0   0.000015   0.000015   0.370865    0.043035   0.000000  -0.687779   0.000000   0.000000   0.000000   0.000000   0.030409
       17.3483 0   0.001755   0.001755   0.341608    0.042003   0.000000  -0.675991   0.000000   0.000000   0.000000   0.000000   0.026767
       17.6789 0   0.000203   0.000203   0.302286    0.040484   0.000000  -0.669737   0.000000   0.000000   0.000000   0.000000   0.031478
       17.8113 0   0.001349   0.001349   0.299243    0.047491   0.000000  -0.653416   0.000000   0.000000   0.000000   0.000000   0.033737
       17.1160 0   0.006620   0.006620   0.316238    0.032214   0.000000  -0.650009   0.000000   0.000000  -0.000697   0.000000   0.028989
       17.8823 0   0.002380   0.002380   0.342991    0.042597   0.000000  -0.688575   0.000000   0.000000   0.000000   0.000000   0.029652
       17.3729 0   0.001423   0.001423   0.377183    0.048008   0.000000  -0.674326   0.000000   0.000000   0.000000   0.000000   0.029688
       17.3685 0   0.001480   0.001480   0.362381    0.042273   0.000000  -0.731265   0.000000   0.000000   0.000000   0.000000   0.029274
       18.0821 0   0.006845   0.006845   0.352376    0.047808   0.000000  -0.760823   0.000000   0.000000   0.000000   0.000000   0.031115
       17.6181 0   0.000015   0.000015   0.316635    0.026045   0.000000  -0.699680   0.000122   0.000000   0.000000   0.000000   0.027893
       17.4708 0   0.000445   0.000445   0.288017    0.068948   0.000000  -0.678418   0.000000   0.000000   0.000000   0.000000   0.029647
       17.9664 0   0.003979   0.003979   0.339680    0.074016   0.000000  -0.713843   0.002925   0.000000   0.000000   0.000000   0.033056
       17.2767 0   0.002923   0.002923   0.385712    0.042418   0.000000  -0.735988   0.000000   0.000000   0.000000   0.000000   0.033050
       17.6497 0   0.000086   0.000086   0.344138    0.051365   0.000000  -0.686576   0.000000   0.000000   0.000000   0.000000   0.024788
       17.6877 0   0.000248   0.000248   0.317358    0.040925   0.000000  -0.651153   0.000000   0.000000   0.000000   0.000000   0.033532
       18.0039 0   0.004822   0.004822   0.417385    0.059361   0.000688  -0.766887   0.000000   0.000000   0.000000   0.000000   0.026737
       17.8222 0   0.001490   0.001490   0.329400    0.058424   0.000000  -0.678100   0.000000   0.000000   0.000000   0.000000   0.035691
       17.3331 0   0.001978   0.001978   0.362610    0.042329   0.000000  -0.654591   0.000000   0.000000   0.000000   0.000000   0.027502
       17.3760 0   0.001383   0.001383   0.366561    0.050594   0.000323  -0.661176   0.000000   0.000000   0.000000   0.000000   0.031416
       17.6633 0   0.000135   0.000135   0.315247    0.047479   0.000000  -0.633176   0.000000   0.000000   0.000000   0.000000   0.030264
       17.5003 0   0.000258   0.000258   0.343673    0.048387   0.000000  -0.647955   0.000000   0.000000   0.000000   0.000000   0.033064
       17.5512 0   0.000055   0.000055   0.290108    0.047821   0.000000  -0.647424   0.000000   0.000000   0.000000   0.000000   0.036392
       17.6796 0   0.000206   0.000206   0.321063    0.058675   0.000000  -0.671050   0.000000   0.000000   0.000000   0.000000   0.028205
       17.6289 0   0.000033   0.000033   0.333899    0.049646   0.000000  -0.659592   0.000000   0.000000   0.000000   0.000000   0.024598
       17.3964 0   0.001138   0.001138   0.330458    0.053545   0.000000  -0.726773   0.000009   0.000000   0.000000   0.000000   0.024066
       17.6824 0   0.000220   0.000220   0.323985    0.058714   0.000000  -0.687523   0.000000   0.000000   0.000000   0.000000   0.030076
       17.6028 0   0.000002   0.000002   0.289266    0.046375   0.000000  -0.676285   0.000000   0.000000   0.000000   0.000000   0.023797
       17.4231 0   0.000853   0.000853   0.313243    0.039231   0.000000  -0.688862   0.000000   0.000000  -0.000001   0.000000   0.035577
       17.6321 0   0.000040   0.000040   0.336171    0.050954   0.000000  -0.651779   0.000000   0.000000  -0.000080   0.000000   0.025182
       17.8719 0   0.002212   0.002212   0.356554    0.065593   0.000003  -0.711383   0.000000   0.000000  -0.000000   0.000000   0.036707
       17.4203 0   0.000880   0.000880   0.334119    0.059389   0.000000  -0.641427   0.000000   0.000000   0.000000   0.000000   0.027905
       17.3398 0   0.001879   0.001879   0.353218    0.053625   0.000000  -0.683747   0.000000   0.000000   0.000000   0.000000   0.030402
       17.6563 0   0.000108   0.000108   0.392823    0.052258   0.000000  -0.704976   0.000000   0.000000   0.000000   0.000000   0.036002
       17.6646 0   0.000140   0.000140   0.361387    0.054057   0.000000  -0.751678   0.000000   0.000000  -0.000021   0.000000   0.032485
       17.4703 0   0.000448   0.000448   0.348014    0.051459   0.000000  -0.740312   0.000000   0.000000   0.000000   0.000000   0.025254
       17.8080 0   0.001309   0.001309   0.316765    0.063005   0.000000  -0.749950   0.000000   0.000000  -0.000002   0.000000   0.028509
       17.7383 0   0.000593   0.000593   0.349802    0.050297   0.000011  -0.820559   0.000000   0.000000   0.000000   0.000000   0.027232
       17.6507 0   0.000089   0.000089   0.303947    0.054253   0.000706  -0.715445   0.000000   0.000000   0.000000   0.000000   0.026693
       17.3142 0   0.002274   0.002274   0.365857    0.055272   0.000000  -0.757178   0.000000   0.000000   0.000000   0.000000   0.030338
       17.7596 0   0.000782   0.000782   0.363714    0.042252   0.000000  -0.701176   0.001781   0.000000   0.000000   0.000000   0.031180
       17.6296 0   0.000035   0.000035   0.353100    0.051115   0.000000  -0.667815   0.001064   0.000000   0.000000   0.000000   0.031714
       17.4240 0   0.000843   0.000843   0.333339    0.042412   0.000000  -0.607671   0.000000   0.000000   0.000000   0.000000   0.034938
       17.4074 0   0.001015   0.001015   0.330599    0.050647   0.000000  -0.582839   0.000015   0.000000   0.000000   0.000000   0.032001
       17.6655 0   0.000143   0.000143   0.316207    0.063501   0.000000  -0.583325   0.000000   0.000000   0.000000  -0.007546   0.025301
       17.6594 0   0.000119   0.000119   0.329833    0.047142   0.000000  -0.612271   0.000000   0.000000   0.000000   0.000000   0.029549
       17.6448 0   0.000072   0.000072   0.395165    0.034200   0.000266  -0.672316   0.000024   0.000000   0.000000   0.000000   0.032175
       17.7942 0   0.001144   0.001144   0.325309    0.056553   0.000000  -0.622223   0.000000   0.000000   0.000000   0.000000   0.025554
       17.3719 0   0.001436   0.001436   0.318708    0.055934   0.000000  -0.666604   0.000000   0.000000  -0.000047   0.000000   0.033101
       17.6801 0   0.000209   0.000209   0.359729    0.048889   0.000000  -0.667711   0.000000   0.000000   0.000000   0.000000   0.027612
       17.7100 0   0.000382   0.000382   0.338227    0.051070   0.000000  -0.592751   0.000032   0.000000   0.000000   0.000000   0.028148
       17.6121 0   0.000008   0.000008   0.340607    0.037673   0.000000  -0.613470   0.000000   0.000000   0.000000   0.000000   0.030630
       17.7019 0   0.000330   0.000330   0.319834    0.040422   0.000000  -0.640133   0.000000   0.000000   0.000000   0.000000   0.029035
       17.4267 0   0.000817   0.000817   0.317234    0.061332   0.000000  -0.713793   0.000000   0.000000   0.000000   0.000000   0.027946
       17.2370 0   0.003696   0.003696   0.289684    0.041793   0.000000  -0.707699   0.000027   0.000000   0.000000   0.000000   0.029595
       17.8495 0   0.001869   0.001869   0.270783    0.056484   0.000000  -0.684050   0.000000   0.000000  -0.000000   0.000000   0.031972
       17.8327 0   0.001629   0.001629   0.363530    0.055995   0.000000  -0.804841   0.000000   0.000000  -0.000000   0.000000   0.029459
       17.4086 0   0.001002   0.001002   0.353633    0.045324   0.000000  -0.672203   0.000000   0.000000  -0.000007   0.000000   0.030348
       17.5556 0   0.000045   0.000045   0.316815    0.050969   0.000000  -0.637821   0.000000   0.000000   0.000000   0.000000   0.033053
       17.8788 0   0.002323   0.002323   0.337416    0.038228   0.000000  -0.713765   0.000000   0.000000  -0.000000   0.000000   0.029426
       17.8751 0   0.002263   0.002263   0.334660    0.054599   0.000000  -0.759147   0.000000   0.000000   0.000000   0.000000   0.025408
       17.6280 0   0.000031   0.000031   0.283787    0.040705   0.000000  -0.745204   0.000000   0.000000   0.000000   0.000000   0.033065
       17.6058 0   0.000003   0.000003   0.284145    0.041343   0.000000  -0.743157   0.000000   0.000000   0.000000   0.000000   0.025917
       17.5759 0   0.000011   0.000011   0.275571    0.054327   0.000000  -0.746905   0.000000   0.000000   0.000000   0.000000   0.031613
       17.6948 0   0.000287   0.000287   0.265292    0.062635   0.000000  -0.758952   0.000000   0.000000   0.000000   0.000000   0.027784
       17.5823 0   0.000005   0.000005   0.304939    0.068359   0.000000  -0.805906   0.000000   0.000000   0.000000   0.000000   0.029237
       17.5437 0   0.000076   0.000076   0.336578    0.046879   0.000000  -0.777837   0.000000   0.000000   0.000000   0.000000   0.027634
       17.5552 0   0.000046   0.000046   0.347055    0.048492   0.000000  -0.775953   0.000000   0.000000   0.000000   0.000000   0.027618
       17.4052 0   0.001039   0.001039   0.320093    0.051163   0.000000  -0.742746   0.000000   0.000000   0.000000   0.000000   0.032305
       17.6375 0   0.000052   0.000052   0.334629    0.077241   0.000000  -0.708391   0.000000   0.000000   0.000000   0.000000   0.025436
       17.5402 0   0.000087   0.000087   0.323958    0.039283   0.000000  -0.651586   0.000000   0.000000   0.000000   0.000000   0.039480
       17.3884 0   0.001232   0.001232   0.375343    0.043806   0.000000  -0.685520   0.000000   0.000000   0.000000   0.000000   0.026753
       17.7992 0   0.001202   0.001202   0.354103    0.044966   0.000000  -0.728262   0.000000   0.000000   0.000000   0.000000   0.025784
       17.8524 0   0.001911   0.001911   0.303626    0.039048   0.000000  -0.719163   0.000000   0.000000   0.000000   0.000000   0.027966
       17.1818 0   0.004925   0.004925   0.333631    0.046385   0.000079  -0.736664   0.000000   0.000000   0.000000   0.000000   0.027594
       17.8327 0   0.001630   0.001630   0.298165    0.048806   0.000000  -0.694982   0.000000   0.000000   0.000000   0.000000   0.032137
       17.3645 0   0.001532   0.001532   0.321885    0.042891   0.000000  -0.698979   0.000000   0.000000   0.000000   0.000000   0.027466
       17.3974 0   0.001127   0.001127   0.334063    0.045707   0.000000  -0.715697   0.000000   0.000000   0.000000   0.000000   0.032448
       17.6855 0   0.000236   0.000236   0.350422    0.035522   0.000000  -0.678689   0.000000   0.000000   0.000000   0.000000   0.025611
       17.7912 0   0.001110   0.001110   0.337301    0.035857   0.000000  -0.703739   0.000000   0.000000   0.000000   0.000000   0.028437
       17.4177 0   0.000907   0.000907   0.306809    0.045045   0.000000  -0.708522   0.000000   0.000000  -0.000001   0.000000   0.028280
       17.4950 0   0.000289   0.000289   0.312013    0.040734   0.000000  -0.715883   0.000000  -0.000099  -0.000000   0.000000   0.034571
       17.5102 0   0.000207   0.000207   0.352865    0.034401   0.000000  -0.728916   0.000000   0.000000   0.000000   0.000000   0.030962
       17.3814 0   0.001316   0.001316   0.336741    0.060654   0.000000  -0.728043   0.000000   0.000000   0.000000   0.000000   0.028137
       17.4448 0   0.000650   0.000650   0.319672    0.057999   0.000000  -0.675291   0.000000   0.000000  -0.000005   0.000000   0.027046
       17.7551 0   0.000740   0.000740   0.308314    0.047299   0.000000  -0.698936   0.000000   0.000000   0.000000   0.000000   0.038442
       17.8842 0   0.002413   0.002413   0.335179    0.048166   0.000000  -0.676509   0.000000   0.000000   0.000000   0.000000   0.023663
       17.6277 0   0.000031   0.000031   0.339160    0.044767   0.000000  -0.686576   0.000000   0.000000   0.000000   0.000000   0.039897
       17.6343 0   0.000045   0.000045   0.339791    0.039211   0.000000  -0.719142   0.000000   0.000000   0.000000   0.000000   0.026953
       17.7362 0   0.000575   0.000575   0.325367    0.046057   0.000000  -0.743860   0.000000   0.000000   0.000000   0.000000   0.029264
       17.6086 0   0.000005   0.000005   0.312936    0.042008   0.000000  -0.709609   0.000000   0.000000   0.000000   0.000000   0.026401
       17.5597 0   0.000036   0.000036   0.307515    0.050291   0.000000  -0.750306   0.000000   0.000000   0.000000   0.000000   0.026426
       17.5864 0   0.000002   0.000002   0.339607    0.053319   0.000000  -0.765064   0.000000   0.000000   0.000000   0.000000   0.031537
       17.6102 0   0.000007   0.000007   0.367907    0.048741   0.000002  -0.745833   0.000000   0.000000  -0.000008   0.000000   0.026052
       17.5180 0   0.000171   0.000171   0.296636    0.047394   0.000000  -0.748257   0.000000   0.000000   0.000000   0.000000   0.026024
       17.4811 0   0.000374   0.000374   0.298702    0.040765   0.003434  -0.786439   0.000000   0.000000   0.000000   0.000000   0.027182
       17.1083 0   0.006834   0.006834   0.297822    0.056319   0.000000  -0.792604   0.000000   0.000000   0.000000   0.000000   0.028689
       17.5589 0   0.000038   0.000038   0.326241    0.040122   0.000000  -0.801141   0.000000   0.000000   0.000000   0.000000   0.023198
       17.9299 0   0.003235   0.003235   0.320746    0.050273   0.000000  -0.841186   0.000000   0.000000   0.000000   0.000000   0.030274
       17.4867 0   0.000339   0.000339   0.304144    0.060280   0.000000  -0.801754   0.000000   0.000000   0.000000   0.000000   0.028268
       17.5992 0   0.000000   0.000000   0.356302    0.050919   0.000000  -0.790076   0.000000   0.000000   0.000000   0.000000   0.025457
       17.5238 0   0.000146   0.000146   0.320358    0.053046   0.000000  -0.777490   0.000000   0.000000  -0.006074   0.000000   0.031166
       17.8976 0   0.002642   0.002642   0.321769    0.043360   0.000000  -0.749861   0.000000  -0.008931  -0.005689   0.000000   0.034290
       17.6750 0   0.000184   0.000184   0.376847    0.051804   0.000000  -0.754729   0.000000   0.000000   0.000000   0.000000   0.026052
       17.7357 0   0.000571   0.000571   0.360444    0.074858   0.000000  -0.730559   0.000000   0.000000   0.000000   0.000000   0.025008
       17.3806 0   0.001326   0.001326   0.350462    0.043004   0.000000  -0.667559   0.000000   0.000000  -0.000000   0.000000   0.027728
       17.5338 0   0.000108   0.000108   0.309915    0.052792   0.000000  -0.671025   0.000000   0.000000   0.000000   0.000000   0.026151
       18.1072 0   0.007567   0.007567   0.309647    0.052458   0.000000  -0.616611   0.000000   0.000000   0.000000   0.000000   0.028110
       17.5859 0   0.000002   0.000002   0.361122    0.038042   0.000000  -0.624786   0.000000   0.000000   0.000000   0.000000   0.023759
       17.3600 0   0.001593   0.001593   0.370970    0.036552   0.000000  -0.632801   0.000000   0.000000   0.000000   0.000000   0.024941
       17.9503 0   0.003641   0.003641   0.385552    0.052252   0.000000  -0.674782   0.003224   0.000000   0.000000   0.000000   0.026228
       17.6205 0   0.000019   0.000019   0.367856    0.048166   0.000000  -0.705340   0.000000   0.000000   0.000000   0.000000   0.024544
       17.5490 0   0.000061   0.000061   0.275874    0.059583   0.000000  -0.635857   0.000000   0.000000   0.000000   0.000000   0.028348
       17.5330 0   0.000111   0.000111   0.323990    0.054241   0.000000  -0.648163   0.000000   0.000000  -0.000000   0.000000   0.027261
       17.9892 0   0.004483   0.004483   0.296996    0.040537   0.000000  -0.674771   0.000000  -0.000000  -0.006276   0.000000   0.036448
       17.6927 0   0.000275   0.000275   0.333340    0.050416   0.000000  -0.689392   0.000000   0.000000   0.000000   0.000000   0.027192
       17.5823 0   0.000005   0.000005   0.299274    0.070632   0.000000  -0.677108   0.000000   0.000000   0.000000   0.000000   0.032895
       17.7427 0   0.000629   0.000629   0.344235    0.061780   0.000000  -0.702916   0.000000   0.000000   0.000000   0.000000   0.030351
       17.8035 0   0.001254   0.001254   0.349395    0.038065   0.000000  -0.669290   0.000000   0.000000   0.000000   0.000000   0.029036
       17.3217 0   0.002154   0.002154   0.361879    0.063862   0.000053  -0.713052   0.000000   0.000000   0.000000   0.000000   0.026101
       17.7834 0   0.001024   0.001024   0.360661    0.043307   0.000000  -0.680240   0.000000   0.000000   0.000000   0.000000   0.033066
       17.4961 0   0.000282   0.000282   0.336364    0.045159   0.000000  -0.733988   0.000000   0.000000   0.000000   0.000000   0.032250
       17.5045 0   0.000236   0.000236   0.338971    0.032940   0.000000  -0.720388   0.000000   0.000000   0.000000   0.000000   0.025005
       17.4681 0   0.000464   0.000464   0.411836    0.048318   0.000000  -0.762944   0.000000   0.000000   0.000000   0.000000   0.030843
       17.6412 0   0.000061   0.000061   0.275176    0.059273   0.000099  -0.676054   0.000254   0.000000   0.000000   0.000000   0.031790
       17.6037 0   0.000002   0.000002   0.339732    0.039960   0.000000  -0.680188   0.000000   0.000000   0.000000   0.000000   0.028108
       17.5384 0   0.000092   0.000092   0.332581    0.057731   0.000000  -0.711235   0.000000   0.000000   0.000000   0.000000   0.027991
       17.9404 0   0.003441   0.003441   0.365663    0.063743   0.000000  -0.780911   0.000000   0.000000   0.000000   0.000000   0.024608
       17.4726 0   0.000432   0.000432   0.339233    0.049359   0.000000  -0.738127   0.000000   0.000000   0.000000   0.000000   0.029222
       17.7124 0   0.000398   0.000398   0.329371    0.040126   0.000260  -0.707873   0.000000   0.000000  -0.000002   0.000000   0.029789
       17.7143 0   0.000410   0.000410   0.317955    0.053491   0.000000  -0.674773   0.000000   0.000000  -0.000016   0.000000   0.025217
       17.3982 0   0.001117   0.001117   0.329530    0.073121   0.000000  -0.775973   0.000000   0.000000  -0.000915   0.000000   0.030396
       17.4377 0   0.000714   0.000714   0.330244    0.046266   0.000000  -0.732652   0.000000   0.000000   0.000000   0.000000   0.026888
       17.9887 0   0.004471   0.004471   0.340666    0.050051   0.004715  -0.698506   0.000000   0.000000   0.000000   0.000000   0.029675
       17.7151 0   0.000416   0.000416   0.369837    0.036229   0.000000  -0.714985   0.000000   0.000000   0.000000   0.000000   0.031149
       17.3405 0   0.001869   0.001869   0.327209    0.059546   0.000658  -0.689938   0.000000   0.000000   0.000000   0.000000   0.030535
       17.8744 0   0.002252   0.002252   0.344051    0.044061   0.000000  -0.682791   0.000000   0.000000   0.000000   0.000000   0.028655
       17.7152 0   0.000417   0.000417   0.296109    0.042382   0.000000  -0.670131   0.000000   0.000000   0.000000   0.000000   0.030039
       17.5113 0   0.000202   0.000202   0.336325    0.049361   0.000000  -0.697752   0.000000   0.000000   0.000000   0.000000   0.026123
       17.5024 0   0.000247   0.000247   0.355989    0.058876   0.006075  -0.728105   0.000000   0.000000   0.000000   0.000000   0.023560
       17.5192 0   0.000166   0.000166   0.366713    0.029648   0.000000  -0.700104   0.000000   0.000000   0.000000   0.000000   0.027362
       17.5403 0   0.000086   0.000086   0.310405    0.056383   0.000000  -0.657419   0.000000   0.000000  -0.000000   0.000000   0.028448
       17.7028 0   0.000335   0.000335   0.334195    0.036262   0.000000  -0.639322   0.000000   0.000000  -0.000004   0.000000   0.032628
       17.6627 0   0.000132   0.000132   0.309300    0.043125   0.000000  -0.617361   0.000000   0.000000   0.000000   0.000000   0.034354
       17.7537 0   0.000726   0.000726   0.330340    0.035489   0.000000  -0.609479   0.000000   0.000000  -0.000000   0.000000   0.028976
       17.3470 0   0.001774   0.001774   0.289239    0.057752   0.000000  -0.568188   0.000000   0.000000   0.000000   0.000000   0.024011
       17.7665 0   0.000848   0.000848   0.297140    0.063433   0.000000  -0.563148   0.000001   0.000000  -0.000009   0.000000   0.033609
       17.9328 0   0.003292   0.003292   0.372062    0.042165   0.000000  -0.558253   0.000000   0.000000   0.000000  -0.000548   0.030373
       17.7797 0   0.000984   0.000984   0.338271    0.068131   0.001159  -0.565613   0.000000   0.000000   0.000000   0.000000   0.032312
       16.9212 0   0.013097   0.013097   0.348888    0.030813   0.000000  -0.520214   0.000000   0.000000   0.000000   0.000000   0.028507
       17.8541 0   0.001936   0.001936   0.343480    0.068120   0.004594  -0.563724   0.000000   0.000000   0.000000   0.000000   0.034090
       17.8169 0   0.001421   0.001421   0.337296    0.043305   0.000000  -0.525524   0.000000   0.000000   0.000000   0.000000   0.025992
       17.5648 0   0.000026   0.000026   0.368857    0.045843   0.000000  -0.539030   0.000000   0.000000   0.000000   0.000000   0.030672
       17.6172 0   0.000014   0.000014   0.279936    0.043450   0.000000  -0.516726   0.000000  -0.000000  -0.002701   0.000000   0.029564
       17.3933 0   0.001174   0.001174   0.308764    0.037537   0.000000  -0.535790   0.000000   0.000000  -0.000016   0.000000   0.031230
       17.6148 0   0.000011   0.000011   0.335559    0.053224   0.000000  -0.583652   0.000000   0.000000   0.000000   0.000000   0.029531
       17.8624 0   0.002063   0.002063   0.350776    0.047317   0.000000  -0.646318   0.000000   0.000000   0.000000   0.000000   0.026056
       17.5296 0   0.000123   0.000123   0.350622    0.040172   0.000000  -0.677446   0.000000   0.000000   0.000000   0.000000   0.024971
       17.4332 0   0.000755   0.000755   0.354770    0.041345   0.000000  -0.691789   0.000000   0.000000   0.000000  -0.010683   0.034302
       17.6575 0   0.000113   0.000113   0.327723    0.058199   0.000000  -0.712659   0.000000   0.000000   0.000000  -0.010703   0.032442
       17.6865 0   0.000241   0.000241   0.327596    0.052118   0.000000  -0.695280   0.000000   0.000000  -0.001960   0.000000   0.027377
       17.3653 0   0.001522   0.001522   0.351231    0.039414   0.000000  -0.730593   0.000000   0.000000   0.000000   0.000000   0.034241
       17.5889 0   0.000001   0.000001   0.328606    0.046757   0.000000  -0.692534   0.000000   0.000000   0.000000   0.000000   0.029035
       17.4161 0   0.000923   0.000923   0.318898    0.049849   0.001150  -0.669929   0.000000   0.000000   0.000000   0.000000   0.026077
       17.5572 0   0.000041   0.000041   0.352612    0.046381   0.000000  -0.665389   0.000000   0.000000  -0.000007   0.000000   0.026551
       17.9939 0   0.004590   0.004590   0.348562    0.056498   0.000000  -0.673012   0.000000   0.000000  -0.000016   0.000000   0.031151
       17.3508 0   0.001720   0.001720   0.372206    0.057922   0.000000  -0.650635   0.000000   0.000000   0.000000   0.000000   0.031507
       17.5593 0   0.000037   0.000037   0.385573    0.055813   0.000000  -0.695505   0.000000   0.000000   0.000000   0.000000   0.027547
       17.7537 0   0.000727   0.000727   0.331534    0.053445   0.000000  -0.665920   0.000000   0.000000   0.000000   0.000000   0.032403
       17.4081 0   0.001008   0.001008   0.367167    0.065489   0.000000  -0.706550   0.000000   0.000000  -0.000000   0.000000   0.024643
       17.8604 0   0.002031   0.002031   0.326054    0.024603   0.000000  -0.681408   0.000000   0.000000  -0.000002   0.000000   0.036038
       17.4505 0   0.000602   0.000602   0.315512    0.054083   0.000000  -0.674367   0.000000   0.000000  -0.000012   0.000000   0.027289
       17.5574 0   0.000041   0.000041   0.348781    0.056834   0.000000  -0.708889   0.000000   0.000000   0.000000   0.000000   0.034530
       17.6420 0   0.000064   0.000064   0.344221    0.049003   0.000000  -0.723800   0.000000   0.000000   0.000000   0.000000   0.030505
       17.5835 0   0.000004   0.000004   0.311290    0.053307   0.000000  -0.684066   0.000000   0.000000   0.000000   0.000000   0.028393
       17.6124 0   0.000009   0.000009   0.375674    0.058834   0.000000  -0.698142   0.000000   0.000000  -0.000122   0.000000   0.031933
       17.5355 0   0.000102   0.000102   0.401723    0.050922   0.000000  -0.726029   0.000000   0.000000   0.000000   0.000000   0.027026
       17.3069 0   0.002395   0.002395   0.385223    0.089126   0.000000  -0.694915   0.000000   0.000000   0.000000   0.000000   0.030515
       17.3917 0   0.001192   0.001192   0.337223    0.055264   0.000000  -0.656293   0.000000   0.000000   0.000000   0.000000   0.027219
       17.4108 0   0.000979   0.000979   0.310335    0.056392   0.000000  -0.628640   0.000190   0.000000   0.000000   0.000000   0.028922
       17.7403 0   0.000609   0.000609   0.360242    0.036340   0.000608  -0.619369   0.000215   0.000000   0.000000   0.000000   0.029855
       17.6286 0   0.000033   0.000033   0.359724    0.055054   0.000000  -0.710143   0.000000   0.000000   0.000000   0.000000   0.030070
       17.6024 0   0.000002   0.000002   0.355695    0.074464   0.000000  -0.678028   0.000000   0.000000   0.000000   0.000000   0.031443
       17.5898 0   0.000001   0.000001   0.344360    0.051394   0.000000  -0.647816   0.000000   0.000000  -0.000006   0.000000   0.033589
       17.6699 0   0.000162   0.000162   0.326890    0.057458   0.000000  -0.678766   0.000000   0.000000   0.000000   0.000000   0.033885
       17.3620 0   0.001566   0.001566   0.336592    0.046793   0.000000  -0.675905   0.000000   0.000000   0.000000   0.000000   0.026523
       17.5797 0   0.000007   0.000007   0.344493    0.037739   0.000004  -0.685908   0.000000   0.000000   0.000000   0.000000   0.024416
       17.4834 0   0.000359   0.000359   0.365886    0.054634   0.000000  -0.659895   0.000000   0.000000   0.000000   0.000000   0.029170
       17.8107 0   0.001342   0.001342   0.297772    0.065544   0.000000  -0.684282   0.000000   0.000000  -0.000000   0.000000   0.024517
       17.4416 0   0.000679   0.000679   0.355811    0.053078   0.000000  -0.696629   0.000000   0.000000   0.000000   0.000000   0.024576
       17.6738 0   0.000179   0.000179   0.319660    0.040779   0.000000  -0.616155   0.000000   0.000000  -0.000852   0.000000   0.024380
       17.7682 0   0.000866   0.000866   0.284384    0.051762   0.000000  -0.629086   0.000000   0.000000   0.000000   0.000000   0.031676
       17.6199 0   0.000018   0.000018   0.308897    0.070135   0.000000  -0.676174   0.000000   0.000000   0.000000   0.000000   0.027048
       17.5113 0   0.000202   0.000202   0.336721    0.041021   0.000197  -0.657634   0.000000   0.000000   0.000000   0.000000   0.028261
       17.7456 0   0.000654   0.000654   0.358250    0.046216   0.000000  -0.630966   0.000000   0.000000   0.000000   0.000000   0.036305
       17.8049 0   0.001271   0.001271   0.371129    0.045445   0.000000  -0.646232   0.000000   0.000000   0.000000   0.000000   0.029674
       17.6504 0   0.000089   0.000089   0.350483    0.048911   0.000000  -0.653139   0.000000   0.000000   0.000000   0.000000   0.032850
       17.2786 0   0.002888   0.002888   0.322307    0.041109   0.000000  -0.691696   0.000000   0.000000   0.000000   0.000000   0.032350
       17.6280 0   0.000031   0.000031   0.327250    0.043954   0.000119  -0.659252   0.000000   0.000000   0.000000   0.000000   0.036087
       17.6663 0   0.000147   0.000147   0.317934    0.055708   0.000000  -0.678976   0.000000   0.000000   0.000000   0.000000   0.028783
       17.5487 0   0.000062   0.000062   0.321457    0.046252   0.000000  -0.680880   0.000000   0.000000  -0.000018   0.000000   0.026723
       17.7603 0   0.000788   0.000788   0.333561    0.035038   0.000000  -0.720241   0.000000   0.000000   0.000000   0.000000   0.026988
       17.5906 0   0.000001   0.000001   0.290481    0.035360   0.000000  -0.660641   0.000000   0.000000  -0.000037   0.000000   0.027930
       17.8053 0   0.001276   0.001276   0.345950    0.040958   0.000000  -0.684410   0.000000   0.000000   0.000000   0.000000   0.028378
       17.1828 0   0.004900   0.004900   0.312958    0.047954   0.000000  -0.631439   0.000000   0.000000   0.000000   0.000000   0.034199
       18.0547 0   0.006096   0.006096   0.332839    0.052668   0.000000  -0.564829   0.000000   0.000000   0.000000   0.000000   0.025004
       17.3620 0   0.001565   0.001565   0.339795    0.062540   0.000000  -0.524917   0.000000   0.000000   0.000000   0.000000   0.029154
       17.0732 0   0.007853   0.007853   0.377362    0.065925   0.003357  -0.532805   0.000000   0.000000   0.000000   0.000000   0.028677
       17.9422 0   0.003478   0.003478   0.299922    0.047893   0.000000  -0.460177   0.000000   0.000000   0.000000   0.000000   0.031103
       17.6015 0   0.000001   0.000001   0.324716    0.031212   0.000000  -0.463795   0.000000   0.000000   0.000000   0.000000   0.025937
       17.6280 0   0.000031   0.000031   0.378804    0.050982   0.000000  -0.468506   0.000000   0.000000  -0.000000   0.000000   0.025139
       17.5911 0   0.000000   0.000000   0.336732    0.068560   0.000019  -0.489706   0.000000   0.000000   0.000000   0.000000   0.030159
       17.6534 0   0.000098   0.000098   0.345189    0.052178   0.000000  -0.517101   0.001441   0.000000   0.000000   0.000000   0.031609
       17.7080 0   0.000368   0.000368   0.347283    0.034960   0.000000  -0.535784   0.000000   0.000000   0.000000   0.000000   0.028261
       17.4520 0   0.000590   0.000590   0.353554    0.045034   0.000000  -0.555695   0.000000   0.000000   0.000000   0.000000   0.026087
       17.5342 0   0.000107   0.000107   0.368158    0.056922   0.000000  -0.538546   0.000000   0.000000   0.000000   0.000000   0.029240
       17.6687 0   0.000157   0.000157   0.323023    0.062850   0.000000  -0.476430   0.000000   0.000000   0.000000   0.000000   0.031409
       17.4640 0   0.000495   0.000495   0.373275    0.058480   0.004095  -0.492681   0.000000   0.000000   0.000000   0.000000   0.028361
       17.5073 0   0.000222   0.000222   0.340314    0.050252   0.000000  -0.495401   0.000000   0.000000   0.000000   0.000000   0.031926
       17.9966 0   0.004653   0.004653   0.347038    0.033842   0.000000  -0.536623   0.000000   0.000000   0.000000   0.000000   0.030780
       17.7319 0   0.000541   0.000541   0.345004    0.046830   0.000000  -0.542881   0.000000   0.000000   0.000000   0.000000   0.029504
       17.5148 0   0.000186   0.000186   0.304882    0.055860   0.000552  -0.523697   0.000000   0.000000   0.000000   0.000000   0.030745
       17.4845 0   0.000352   0.000352   0.318700    0.051516   0.000000  -0.484128   0.000000   0.000000   0.000000   0.000000   0.028688
       17.8544 0   0.001941   0.001941   0.368012    0.051949   0.000000  -0.550529   0.000000   0.000000  -0.000071   0.000000   0.028785
       17.3464 0   0.001782   0.001782   0.349733    0.056195   0.000000  -0.604864   0.000000   0.000000   0.000000   0.000000   0.030318
       17.4122 0   0.000964   0.000964   0.339579    0.044367   0.000000  -0.619375   0.000000   0.000000   0.000000   0.000000   0.035125
       17.7547 0   0.000736   0.000736   0.273056    0.055113   0.000000  -0.616106   0.000000   0.000000   0.000000   0.000000   0.027687
       17.5910 0   0.000000   0.000000   0.306257    0.062415   0.000000  -0.627922   0.001440   0.000000   0.000000  -0.002131   0.031682
       17.7979 0   0.001188   0.001188   0.325940    0.038736   0.001091  -0.583253   0.000000   0.000000   0.000000   0.000000   0.028174
       17.6205 0   0.000019   0.000019   0.406506    0.046508   0.000000  -0.625301   0.000000   0.000000  -0.001732   0.000000   0.029460
       17.6639 0   0.000137   0.000137   0.348099    0.058245   0.000000  -0.639306   0.000000   0.000000  -0.000130   0.000000   0.029459
       17.2101 0   0.004274   0.004274   0.403092    0.051862   0.000000  -0.631952   0.000000   0.000000   0.000000   0.000000   0.029608
       17.6576 0   0.000113   0.000113   0.333185    0.044999   0.000000  -0.574141   0.000000  -0.000394  -0.000000   0.000000   0.028305
       17.7142 0   0.000410   0.000410   0.346954    0.056532   0.000000  -0.647007   0.000000   0.000000   0.000000   0.000000   0.028210
       17.6556 0   0.000106   0.000106   0.333252    0.056764   0.000000  -0.627856   0.000000   0.000000   0.000000   0.000000   0.027608
       17.3736 0   0.001414   0.001414   0.408583    0.059099   0.000000  -0.670368   0.000000   0.000000   0.000000   0.000000   0.026080
       17.5930 0   0.000000   0.000000   0.344943    0.047532   0.000000  -0.651999   0.000000   0.000000   0.000000   0.000000   0.030001
       17.2602 0   0.003234   0.003234   0.345874    0.064144   0.000000  -0.673895   0.000000   0.000000   0.000000   0.000000   0.028845
       17.7354 0   0.000569   0.000569   0.400900    0.061236   0.000000  -0.699343   0.000000   0.000000  -0.001773   0.000000   0.032580
       17.6769 0   0.000193   0.000193   0.295736    0.052402   0.000000  -0.676518   0.000000   0.000000   0.000000   0.000000   0.028433
       17.6949 0   0.000288   0.000288   0.284567    0.056044   0.000000  -0.706773   0.000000   0.000000   0.000000   0.000000   0.030268
       17.2201 0   0.004054   0.004054   0.285626    0.047134   0.000000  -0.674170   0.000000   0.000000   0.000000   0.000000   0.028435
       17.4304 0   0.000781   0.000781   0.355485    0.038895   0.000000  -0.697311   0.000000   0.000000   0.000000   0.000000   0.029512
       17.6006 0   0.000001   0.000001   0.305624    0.069803   0.000000  -0.703157   0.000000   0.000000   0.000000   0.000000   0.028610
       17.7244 0   0.000483   0.000483   0.286469    0.040194   0.000000  -0.652081   0.000000   0.000000   0.000000   0.000000   0.025187
       17.5160 0   0.000180   0.000180   0.340351    0.070501   0.000000  -0.681546   0.000000   0.000000  -0.000000   0.000000   0.026434
       17.9342 0   0.003319   0.003319   0.323292    0.050725   0.002801  -0.674530   0.000000   0.000000   0.000000   0.000000   0.034508
       17.2388 0   0.003659   0.003659   0.347259    0.051669   0.000000  -0.658155   0.000000   0.000000   0.000000   0.000000   0.031850
       17.5407 0   0.000085   0.000085   0.395804    0.048160   0.001296  -0.671668   0.000000   0.000000   0.000000   0.000000   0.027073
       17.6082 0   0.000005   0.000005   0.373084    0.043799   0.000000  -0.700651   0.000000   0.000000   0.000000   0.000000   0.026686
       17.4088 0   0.001000   0.001000   0.342756    0.059947   0.000000  -0.729379   0.000150   0.000000   0.000000   0.000000   0.026272
       17.6690 0   0.000158   0.000158   0.326459    0.041237   0.000000  -0.687319   0.000000   0.000000   0.000000   0.000000   0.030169
       17.4774 0   0.000399   0.000399   0.288116    0.038568   0.000000  -0.662284   0.000000   0.000000   0.000000   0.000000   0.028585
       17.9837 0   0.004359   0.004359   0.355687    0.053315   0.000000  -0.737325   0.000000   0.000000   0.000000   0.000000   0.031481
       17.8673 0   0.002139   0.002139   0.334098    0.042574   0.000000  -0.723465   0.000000   0.000000   0.000000   0.000000   0.030072
       17.3342 0   0.001962   0.001962   0.325091    0.058112   0.000000  -0.726587   0.000000   0.000000   0.000000   0.000000   0.028935
       17.2880 0   0.002719   0.002719   0.343813    0.030749   0.000000  -0.735587   0.000000   0.000000   0.000000   0.000000   0.030432
       17.8051 0   0.001273   0.001273   0.332628    0.052843   0.000000  -0.737326   0.000000   0.000000   0.000000   0.000000   0.031189
       18.0811 0   0.006816   0.006816   0.320233    0.059050   0.000000  -0.696434   0.000000   0.000000   0.000000   0.000000   0.025002
       17.6353 0   0.000047   0.000047   0.333504    0.069813   0.000000  -0.750865   0.000000   0.000000   0.000000   0.000000   0.040010
       17.5431 0   0.000078   0.000078   0.338850    0.056887   0.000000  -0.693937   0.000000   0.000000   0.000000   0.000000   0.025434
       17.9367 0   0.003368   0.003368   0.340898    0.050831   0.000000  -0.701988   0.000000   0.000000   0.000000   0.000000   0.027820
       17.4835 0   0.000359   0.000359   0.346881    0.041976   0.000000  -0.674100   0.000000   0.000000  -0.000000   0.000000   0.029756
       17.4834 0   0.000360   0.000360   0.338583    0.057513   0.000000  -0.716000   0.000000   0.000000   0.000000   0.000000   0.027616
       17.1867 0   0.004809   0.004809   0.368094    0.046229   0.000000  -0.730793   0.000000   0.000000  -0.000046   0.000000   0.032321
       17.6498 0   0.000087   0.000087   0.310015    0.040013   0.000000  -0.687690   0.000000   0.000000   0.000000   0.000000   0.030418
       17.7136 0   0.000405   0.000405   0.317286    0.063971   0.000000  -0.719111   0.000000   0.000000   0.000000   0.000000   0.026533
       17.9097 0   0.002857   0.002857   0.340871    0.056414   0.000000  -0.735584   0.000000   0.000000   0.000000   0.000000   0.026103
       17.6393 0   0.000057   0.000057   0.367179    0.077442   0.002123  -0.798738   0.000000   0.000000  -0.000029   0.000000   0.030091
       17.5329 0   0.000111   0.000111   0.345815    0.061285   0.001003  -0.767820   0.000000   0.000000   0.000000   0.000000   0.026285
       17.3254 0   0.002097   0.002097   0.317096    0.044866   0.000000  -0.779122   0.000000   0.000000   0.000000   0.000000   0.030486
       17.8134 0   0.001376   0.001376   0.334581    0.046939   0.000000  -0.783327   0.000000   0.000000   0.000000   0.000000   0.030788
       17.5314 0   0.000117   0.000117   0.323686    0.033842   0.000000  -0.740664   0.000622   0.000000   0.000000   0.000000   0.027013
       17.5677 0   0.000022   0.000022   0.306554    0.044913   0.000000  -0.749660   0.000000   0.000000   0.000000   0.000000   0.026897
       17.3944 0   0.001161   0.001161   0.327461    0.039265   0.000000  -0.760835   0.000000   0.000000   0.000000   0.000000   0.026625
       17.7402 0   0.000608   0.000608   0.312014    0.054100   0.000000  -0.795596   0.000000   0.000000  -0.000979   0.000000   0.030214
       17.8653 0   0.002108   0.002108   0.343065    0.037799   0.000000  -0.785640   0.000000   0.000000   0.000000   0.000000   0.026643
       17.2816 0   0.002833   0.002833   0.299708    0.050587   0.001739  -0.769031   0.000000   0.000000  -0.000000   0.000000   0.029534
       17.2805 0   0.002854   0.002854   0.280682    0.038780   0.000090  -0.736154   0.000000   0.000000   0.000000   0.000000   0.031442
       18.0407 0   0.005730   0.005730   0.302761    0.044748   0.000000  -0.731633   0.000000   0.000000  -0.000000   0.000000   0.027212
       17.4822 0   0.000367   0.000367   0.343429    0.049729   0.000000  -0.758112   0.000000   0.000000   0.000000   0.000000   0.027752
       17.2836 0   0.002798   0.002798   0.326160    0.040996   0.000000  -0.761364   0.000000   0.000000   0.000000   0.000000   0.035525
       17.9417 0   0.003468   0.003468   0.351272    0.047518   0.003458  -0.802959   0.000000   0.000000   0.000000   0.000000   0.023608
       17.5563 0   0.000043   0.000043   0.353230    0.050270   0.000000  -0.741343   0.000000   0.000000   0.000000   0.000000   0.026075
       17.4290 0   0.000795   0.000795   0.283879    0.037379   0.000000  -0.672119   0.000000   0.000000   0.000000   0.000000   0.030770
       17.4211 0   0.000872   0.000872   0.337251    0.045701   0.000000  -0.717990   0.000000   0.000000   0.000000  -0.011373   0.025332
       17.2605 0   0.003228   0.003228   0.360339    0.047385   0.000000  -0.759094   0.000000   0.000000   0.000000   0.000000   0.034430
       17.5055 0   0.000231   0.000231   0.331173    0.039496   0.000000  -0.721640   0.000000   0.000000   0.000000   0.000000   0.025579
       17.5288 0   0.000126   0.000126   0.358808    0.054322   0.000000  -0.703576   0.000000   0.000000   0.000000   0.000000   0.027100
       17.6263 0   0.000028   0.000028   0.344922    0.057836   0.000591  -0.669156   0.000000   0.000000   0.000000   0.000000   0.025883
       17.6915 0   0.000269   0.000269   0.327756    0.043759   0.000000  -0.662399   0.000000   0.000000  -0.001176   0.000000   0.027929
       17.7728 0   0.000912   0.000912   0.293184    0.038521   0.000000  -0.639264   0.000000   0.000000  -0.000000   0.000000   0.029029
       17.5134 0   0.000192   0.000192   0.348413    0.041034   0.000000  -0.683701   0.000000   0.000000   0.000000   0.000000   0.024105
       17.3878 0   0.001238   0.001238   0.363450    0.049713   0.000000  -0.723952   0.000000   0.000000   0.000000   0.000000   0.027277
       17.5555 0   0.000045   0.000045   0.320434    0.035237   0.000000  -0.663797   0.000000   0.000000   0.000000   0.000000   0.030337
       17.4166 0   0.000918   0.000918   0.340323    0.062655   0.000000  -0.676016   0.000000   0.000000   0.000000   0.000000   0.030543
       17.7849 0   0.001040   0.001040   0.327315    0.053667   0.000000  -0.619985   0.000000   0.000000   0.000000   0.000000   0.028119
       17.4207 0   0.000876   0.000876   0.340144    0.039892   0.000000  -0.679155   0.000000   0.000000   0.000000   0.000000   0.026267
       17.4251 0   0.000833   0.000833   0.373235    0.046818   0.000000  -0.707305   0.000000   0.000000   0.000000   0.000000   0.028812
       17.8139 0   0.001382   0.001382   0.340055    0.051922   0.000000  -0.662836   0.000000   0.000000   0.000000   0.000000   0.024894
       17.5263 0   0.000136   0.000136   0.382857    0.058889   0.000000  -0.755306   0.000000   0.000000   0.000000   0.000000   0.032489
       17.3602 0   0.001591   0.001591   0.352312    0.052547   0.000000  -0.751091   0.000000   0.000000  -0.000001   0.000000   0.027274
       17.5072 0   0.000222   0.000222   0.397783    0.051535   0.000000  -0.755019   0.000000   0.000000   0.000000   0.000000   0.027458
       17.4220 0   0.000863   0.000863   0.320009    0.044874   0.000000  -0.704708   0.000000   0.000000   0.000000   0.000000   0.026887
       17.8474 0   0.001838   0.001838   0.303393    0.038702   0.000000  -0.699771   0.000000   0.000000   0.000000   0.000000   0.029605
       17.4058 0   0.001032   0.001032   0.270354    0.041812   0.000000  -0.705173   0.000000   0.000000   0.000000   0.000000   0.030087
       17.6725 0   0.000173   0.000173   0.304176    0.030251   0.002243  -0.706697   0.000000   0.000000   0.000000   0.000000   0.027785
       17.4861 0   0.000342   0.000342   0.306842    0.061103   0.000000  -0.753166   0.000000   0.000000   0.000000   0.000000   0.026608
       17.5387 0   0.000091   0.000091   0.348846    0.047645   0.000000  -0.793236   0.000000   0.000000   0.000000   0.000000   0.028005
       17.4016 0   0.001079   0.001079   0.337779    0.055221   0.000000  -0.749000   0.000000   0.000000  -0.002131  -0.000001   0.032870
       17.6364 0   0.000049   0.000049   0.314538    0.043845   0.000000  -0.670805   0.000000   0.000000  -0.000014   0.000000   0.026360
       17.6487 0   0.000083   0.000083   0.334157    0.060220   0.000000  -0.684333   0.000000   0.000000   0.000000   0.000000   0.027330
       17.3692 0   0.001471   0.001471   0.316373    0.058029   0.004071  -0.662465   0.000000   0.000000   0.000000   0.000000   0.030312
       17.2434 0   0.003566   0.003566   0.327305    0.037267   0.000000  -0.647374   0.000000   0.000000   0.000000   0.000000   0.028277
       17.7454 0   0.000652   0.000652   0.354761    0.042407   0.000000  -0.670843   0.000000   0.000000   0.000000   0.000000   0.027306
       17.9324 0   0.003285   0.003285   0.333895    0.042101   0.000000  -0.660747   0.000311   0.000000   0.000000   0.000000   0.029801
       17.2339 0   0.003761   0.003761   0.330518    0.053041   0.000000  -0.647468   0.000000   0.000000   0.000000   0.000000   0.033479
       17.7698 0   0.000882   0.000882   0.314242    0.051026   0.000291  -0.617896   0.000000   0.000000  -0.000005   0.000000   0.029442
       17.4440 0   0.000657   0.000657   0.313788    0.050499   0.000000  -0.629582   0.000000   0.000000   0.000000   0.000000   0.030253
       17.7249 0   0.000487   0.000487   0.343032    0.035520   0.000000  -0.658303   0.000000   0.000000   0.000000   0.000000   0.028814
       17.5703 0   0.000018   0.000018   0.307688    0.038360   0.000000  -0.645646   0.000000   0.000000   0.000000   0.000000   0.030258
       17.5987 0   0.000000   0.000000   0.312597    0.041276   0.000000  -0.603751   0.000000   0.000000   0.000000   0.000000   0.033010
       17.6966 0   0.000298   0.000298   0.346290    0.047833   0.000000  -0.633752   0.000000   0.000000   0.000000   0.000000   0.029251
       18.0598 0   0.006231   0.006231   0.354019    0.050289   0.000000  -0.659883   0.000000   0.000000  -0.000134   0.000000   0.026520
       17.6191 0   0.000017   0.000017   0.367513    0.056677   0.000000  -0.663402   0.000000   0.000000   0.000000   0.000000   0.026295
       17.6861 0   0.000239   0.000239   0.343293    0.059525   0.000000  -0.644452   0.000000   0.000000   0.000000   0.000000   0.030829
       17.7313 0   0.000536   0.000536   0.366165    0.079079   0.000000  -0.694497   0.000000   0.000000   0.000000   0.000000   0.030975
       17.4554 0   0.000563   0.000563   0.335799    0.043686   0.000000  -0.598579   0.000000   0.000000   0.000000   0.000000   0.028468
       17.9668 0   0.003989   0.003989   0.358027    0.038940   0.000000  -0.624204   0.000000   0.000000   0.000000   0.000000   0.030539
       17.5312 0   0.000117   0.000117   0.366654    0.068499   0.000000  -0.685931   0.000000   0.000000  -0.000013   0.000000   0.026119
       17.5591 0   0.000037   0.000037   0.342167    0.059654   0.001912  -0.617378   0.000000   0.000000   0.000000   0.000000   0.030365
       17.7847 0   0.001038   0.001038   0.311372    0.049247   0.001557  -0.662574   0.000000   0.000000   0.000000   0.000000   0.027347
       17.5848 0   0.000003   0.000003   0.377729    0.052609   0.000000  -0.706720   0.000000   0.000000   0.000000   0.000000   0.030838
       17.3681 0   0.001486   0.001486   0.335132    0.052031   0.000000  -0.699334   0.000000   0.000000   0.000000   0.000000   0.030547
       17.5152 0   0.000183   0.000183   0.319785    0.039604   0.000000  -0.665475   0.000475   0.000000   0.000000   0.000000   0.027912
       17.8402 0   0.001735   0.001735   0.330708    0.032099   0.000000  -0.653735   0.000000   0.000000   0.000000   0.000000   0.026687
       17.3988 0   0.001111   0.001111   0.330747    0.042193   0.000000  -0.607426   0.000000   0.000000   0.000000   0.000000   0.031665
       17.4874 0   0.000334   0.000334   0.333896    0.043018   0.000000  -0.652117   0.000000   0.000000  -0.000002   0.000000   0.027384
       17.7172 0   0.000431   0.000431   0.313392    0.061787   0.000000  -0.631129   0.000000   0.000000  -0.000001   0.000000   0.036520
       17.3969 0   0.001132   0.001132   0.334056    0.034728   0.000000  -0.626260   0.000000   0.000000   0.000000   0.000000   0.032752
       17.7577 0   0.000764   0.000764   0.332082    0.059321   0.000000  -0.707524   0.000000   0.000000   0.000000   0.000000   0.029226
       17.6922 0   0.000272   0.000272   0.349996    0.056394   0.000145  -0.700276   0.000000   0.000000  -0.003126   0.000000   0.032245
       17.5800 0   0.000006   0.000006   0.305444    0.056809   0.000000  -0.677344   0.000000   0.000000   0.000000   0.000000   0.026721
       17.4254 0   0.000830   0.000830   0.331290    0.042490   0.000000  -0.673193   0.000000   0.000000   0.000000   0.000000   0.028037
       17.8823 0   0.002381   0.002381   0.343695    0.058585   0.000000  -0.652332   0.000000  -0.000053   0.000000   0.000000   0.027982
       17.5040 0   0.000239   0.000239   0.328994    0.037602   0.000000  -0.622367   0.000000   0.000000   0.000000   0.000000   0.030185
       17.6734 0   0.000177   0.000177   0.358155    0.054082   0.000000  -0.657256   0.000000   0.000000   0.000000   0.000000   0.025653
       17.6555 0   0.000106   0.000106   0.311970    0.044441   0.000000  -0.600495   0.000000   0.000000  -0.000007   0.000000   0.027843
       17.6462 0   0.000076   0.000076   0.341683    0.044699   0.000560  -0.659490   0.000000   0.000000  -0.000000   0.000000   0.028488
       17.4325 0   0.000762   0.000762   0.325429    0.053890   0.000000  -0.640690   0.000064   0.000000   0.000000   0.000000   0.029900
       17.6824 0   0.000220   0.000220   0.344205    0.050705   0.000000  -0.617269   0.000000   0.000000   0.000000   0.000000   0.030197
       17.6829 0   0.000223   0.000223   0.327407    0.049011   0.000000  -0.573021   0.000000   0.000000   0.000000   0.000000   0.031722
       17.6223 0   0.000021   0.000021   0.333035    0.050542   0.000795  -0.604539   0.000000   0.000000   0.000000   0.000000   0.029826
       17.7987 0   0.001197   0.001197   0.347139    0.041368   0.000000  -0.609268   0.000000   0.000000   0.000000   0.000000   0.025760
       17.7112 0   0.000389   0.000389   0.355598    0.042908   0.000000  -0.612717   0.000000   0.000000   0.000000   0.000000   0.029934
       17.3746 0   0.001402   0.001402   0.307747    0.060281   0.000000  -0.615275   0.000000   0.000000   0.000000   0.000000   0.023460
       17.8655 0   0.002111   0.002111   0.357827    0.049096   0.002196  -0.669083   0.000000   0.000000   0.000000   0.000000   0.025867
       17.6739 0   0.000180   0.000180   0.293678    0.048124   0.000000  -0.615265   0.000071   0.000000   0.000000   0.000000   0.033401
       17.5430 0   0.000078   0.000078   0.292797    0.039610   0.000000  -0.632753   0.000000   0.000000   0.000000   0.000000   0.024114
       17.3033 0   0.002454   0.002454   0.326378    0.050733   0.000000  -0.709074   0.000000   0.000000   0.000000   0.000000   0.034288
       17.5976 0   0.000000   0.000000   0.322777    0.067247   0.000000  -0.690717   0.000000   0.000000   0.000000   0.000000   0.035959
       17.8849 0   0.002424   0.002424   0.356935    0.054484   0.000000  -0.658911   0.000000   0.000000   0.000000   0.000000   0.032879
       17.1971 0   0.004566   0.004566   0.351897    0.052159   0.000000  -0.636039   0.000000   0.000000   0.000000  -0.008207   0.027109
       17.5724 0   0.000015   0.000015   0.395776    0.041537   0.000000  -0.632861   0.000000   0.000000   0.000000   0.000000   0.030927
       17.5944 0   0.000000   0.000000   0.299492    0.040301   0.000000  -0.602452   0.000000   0.000000   0.000000   0.000000   0.030763
       17.4679 0   0.000466   0.000466   0.329153    0.051867   0.000813  -0.610528   0.001460   0.000000   0.000000   0.000000   0.032526
       17.4896 0   0.000321   0.000321   0.372611    0.055507   0.000000  -0.581038   0.000000   0.000000   0.000000   0.000000   0.028343
       17.6348 0   0.000046   0.000046   0.390035    0.046941   0.000000  -0.640787   0.000698   0.000000   0.000000   0.000000   0.027923
       17.7316 0   0.000538   0.000538   0.348476    0.048358   0.000000  -0.606121   0.000000   0.000000   0.000000   0.000000   0.025772
       17.5702 0   0.000018   0.000018   0.334504    0.054384   0.000000  -0.635818   0.000000   0.000000   0.000000   0.000000   0.029045
       17.8586 0   0.002004   0.002004   0.337345    0.037207   0.000000  -0.634088   0.000000   0.000000   0.000000   0.000000   0.030578
       17.4937 0   0.000296   0.000296   0.317446    0.041137   0.000000  -0.616571   0.000000   0.000000   0.000000   0.000000   0.026854
       17.7384 0   0.000594   0.000594   0.265016    0.057840   0.000000  -0.618171   0.000000   0.000000   0.000000   0.000000   0.032601
       17.9906 0   0.004513   0.004513   0.301407    0.042449   0.000000  -0.638238   0.000000   0.000000   0.000000   0.000000   0.031421
       17.5377 0   0.000095   0.000095   0.331345    0.051645   0.000000  -0.707223   0.000000   0.000000   0.000000   0.000000   0.027032
       17.5171 0   0.000175   0.000175   0.352112    0.044818   0.000000  -0.747212   0.000000   0.000000   0.000000   0.000000   0.026360
       17.5780 0   0.000008   0.000008   0.325617    0.053879   0.000000  -0.755123   0.000000   0.000000   0.000000   0.000000   0.035961
       17.6458 0   0.000075   0.000075   0.357397    0.043100   0.000000  -0.794791   0.000000   0.000000  -0.000013   0.000000   0.028367
       17.8094 0   0.001327   0.001327   0.314808    0.059453   0.000000  -0.752272   0.000000   0.000000  -0.000000   0.000000   0.026818
       17.4145 0   0.000939   0.000939   0.353409    0.064193   0.000000  -0.783162   0.000000   0.000000  -0.000106   0.000000   0.032347
       17.5601 0   0.000035   0.000035   0.356359    0.056745   0.000000  -0.764709   0.000000   0.000000   0.000000   0.000000   0.027584
       17.7704 0   0.000888   0.000888   0.316685    0.052112   0.000000  -0.691730   0.000000   0.000000   0.000000   0.000000   0.031928
       17.6421 0   0.000064   0.000064   0.283115    0.059530   0.000000  -0.657429   0.000000   0.000000   0.000000   0.000000   0.028835
       17.5220 0   0.000154   0.000154   0.308507    0.041158   0.000000  -0.634364   0.000072   0.000000   0.000000   0.000000   0.033788
       17.7418 0   0.000622   0.000622   0.351169    0.063588   0.000000  -0.664623   0.001930   0.000000   0.000000   0.000000   0.030798
       17.6757 0   0.000188   0.000188   0.340790    0.048107   0.000000  -0.600768   0.000000   0.000000   0.000000   0.000000   0.027001
       17.5237 0   0.000147   0.000147   0.337768    0.037603   0.000000  -0.627442   0.000000   0.000000  -0.000998   0.000000   0.031332
       17.7058 0   0.000354   0.000354   0.343296    0.053393   0.000000  -0.572505   0.000000   0.000000  -0.000029   0.000000   0.029735
       17.5745 0   0.000012   0.000012   0.321524    0.053833   0.000000  -0.579614   0.000000   0.000000   0.000000   0.000000   0.031108
       17.3121 0   0.002308   0.002308   0.343864    0.033211   0.000000  -0.602496   0.000000   0.000000   0.000000   0.000000   0.029958
       17.4662 0   0.000478   0.000478   0.296949    0.036456   0.000000  -0.571515   0.000000   0.000000   0.000000   0.000000   0.034647
       17.7874 0   0.001068   0.001068   0.290706    0.061817   0.000000  -0.592211   0.000000   0.000000   0.000000   0.000000   0.027657
       17.9352 0   0.003339   0.003339   0.340829    0.043272   0.000000  -0.617788   0.000000   0.000000   0.000000   0.000000   0.029152
       17.1439 0   0.005871   0.005871   0.388861    0.055162   0.000000  -0.674246   0.000000   0.000000   0.000000   0.000000   0.029193
       17.2723 0   0.003003   0.003003   0.323227    0.072435   0.000001  -0.706628   0.000000   0.000000   0.000000   0.000000   0.026847
       17.9278 0   0.003195   0.003195   0.337990    0.048857   0.001750  -0.718240   0.000000   0.000000  -0.000000   0.000000   0.026980
       17.6183 0   0.000016   0.000016   0.341093    0.049036   0.000000  -0.710714   0.000000   0.000000   0.000000   0.000000   0.028885
       17.2791 0   0.002879   0.002879   0.347491    0.063265   0.000000  -0.765961   0.000000   0.000000   0.000000   0.000000   0.028969
       17.7656 0   0.000840   0.000840   0.304405    0.043473   0.000000  -0.718993   0.000000   0.000000   0.000000   0.000000   0.025235
       18.0279 0   0.005407   0.005407   0.334450    0.062640   0.006644  -0.750841   0.000000   0.000000   0.000000   0.000000   0.025080
       17.6206 0   0.000019   0.000019   0.327183    0.051489   0.003429  -0.715519   0.000000   0.000000   0.000000   0.000000   0.025203
       17.4742 0   0.000421   0.000421   0.333723    0.043764   0.000000  -0.706644   0.000000   0.000000   0.000000   0.000000   0.030483
       17.6275 0   0.000030   0.000030   0.345308    0.036620   0.000000  -0.718697   0.000000   0.000000  -0.000763   0.000000   0.030980
       17.6271 0   0.000030   0.000030   0.360725    0.044058   0.000000  -0.702813   0.000000   0.000000   0.000000   0.000000   0.032763
       17.4739 0   0.000423   0.000423   0.327384    0.035423   0.000000  -0.646767   0.000000   0.000000   0.000000   0.000000   0.027226
       17.3943 0   0.001161   0.001161   0.307641    0.061988   0.000000  -0.681963   0.000891   0.000000   0.000000   0.000000   0.026902
       17.2198 0   0.004060   0.004060   0.327612    0.056746   0.000000  -0.709496   0.000000   0.000000   0.000000   0.000000   0.027489
       17.7634 0   0.000818   0.000818   0.294944    0.043355   0.000000  -0.710000   0.000000   0.000000   0.000000   0.000000   0.030935
       17.6965 0   0.000297   0.000297   0.313746    0.041570   0.000000  -0.711018   0.000000   0.000000   0.000000   0.000000   0.030982
       17.1416 0   0.005930   0.005930   0.342714    0.064335   0.000000  -0.709208   0.000000   0.000000   0.000000   0.000000   0.028634
       17.2627 0   0.003185   0.003185   0.397840    0.038199   0.000000  -0.720012   0.000000   0.000000   0.000000   0.000000   0.030661
       17.5373 0   0.000096   0.000096   0.341828    0.061331   0.000000  -0.704163   0.000000   0.000000   0.000000   0.000000   0.024919
       17.5902 0   0.000001   0.000001   0.362793    0.063833   0.000000  -0.748967   0.000000   0.000000   0.000000   0.000000   0.024329
       17.8037 0   0.001256   0.001256   0.349214    0.041103   0.000000  -0.686529   0.000000   0.000000   0.000000   0.000000   0.032902
       17.4321 0   0.000765   0.000765   0.355464    0.049056   0.000000  -0.628754   0.000000   0.000000   0.000000   0.000000   0.034200
       17.6207 0   0.000019   0.000019   0.357466    0.057324   0.000000  -0.690007   0.000000   0.000000  -0.000000   0.000000   0.026970
       17.6353 0   0.000047   0.000047   0.328253    0.055424   0.000000  -0.657102   0.000000   0.000000  -0.000000   0.000000   0.025913
       17.4467 0   0.000634   0.000634   0.334021    0.060414   0.000000  -0.695243   0.000000   0.000000  -0.002410   0.000000   0.032914
       17.4878 0   0.000332   0.000332   0.299024    0.053607   0.000000  -0.672994   0.000000   0.000000   0.000000   0.000000   0.030995
       17.6409 0   0.000061   0.000061   0.351180    0.034565   0.000000  -0.675489   0.000000   0.000000   0.000000   0.000000   0.029921
       17.7901 0   0.001098   0.001098   0.359306    0.050370   0.000000  -0.688896   0.000000   0.000000   0.000000   0.000000   0.030563
       17.2027 0   0.004440   0.004440   0.342657    0.055727   0.000000  -0.677873   0.000000   0.000000  -0.001186   0.000000   0.031141
       17.7475 0   0.000671   0.000671   0.349670    0.057596   0.000000  -0.696692   0.000000   0.000000  -0.000000   0.000000   0.029045
       17.5818 0   0.000005   0.000005   0.343710    0.062009   0.000000  -0.693215   0.000051   0.000000   0.000000   0.000000   0.028702
       17.3922 0   0.001186   0.001186   0.356387    0.043211   0.000000  -0.698373   0.000000   0.000000   0.000000   0.000000   0.035267
       17.7826 0   0.001015   0.001015   0.325892    0.067161   0.000000  -0.670274   0.000000   0.000000   0.000000   0.000000   0.030138
       17.8145 0   0.001390   0.001390   0.343189    0.040552   0.000000  -0.690827   0.000000   0.000000   0.000000   0.000000   0.029484
       17.6318 0   0.000039   0.000039   0.351725    0.054658   0.000000  -0.694543   0.000000   0.000000   0.000000   0.000000   0.030790
       17.4345 0   0.000743   0.000743   0.324719    0.058965   0.000000  -0.682362   0.000000   0.000000  -0.000001   0.000000   0.028445
       17.6227 0   0.000022   0.000022   0.291520    0.037890   0.000000  -0.643419   0.000000   0.000000   0.000000   0.000000   0.029447
       17.6448 0   0.000072   0.000072   0.366817    0.048485   0.000000  -0.677660   0.000000   0.000000   0.000000   0.000000   0.027166
       17.5650 0   0.000026   0.000026   0.342987    0.062468   0.000000  -0.613412   0.000000   0.000000   0.000000   0.000000   0.026671
       17.6453 0   0.000073   0.000073   0.328673    0.065922   0.000000  -0.611444   0.000000   0.000000   0.000000   0.000000   0.032952
       17.6252 0   0.000026   0.000026   0.345710    0.055262   0.000000  -0.612821   0.000000   0.000000   0.000000   0.000000   0.029118
       17.4858 0   0.000344   0.000344   0.348344    0.038428   0.000000  -0.642776   0.000000   0.000000   0.000000   0.000000   0.030623
       17.7759 0   0.000944   0.000944   0.298743    0.047828   0.000000  -0.603671   0.000000   0.000000   0.000000   0.000000   0.027103
