t = 7000000
b = 105 105 105
E = -0.254482161124547 -0.606406134646891 0.351923973522344
21.9498313205707 -3.5791429013655 -80.8338793116135 -0.927197058706972 0.147375849350887 0.344363141688372 -0.16065982301857 -0.986957217842536 -0.010191732731652 0.228653844848181 -0.0775787557036127 -0.358849032902999 -0.135750533869437 0.306347607979685 -0.0192381111028411
21.4567558372792 -2.97928157250016 -81.9757750273892 -0.329898361978549 0.943736720379709 -0.0229798470591832 0.624819313695406 0.200038603031743 -0.754708806448339 0.141133046364336 0.924307779677318 0.0473389739393176 0.203493780243372 -0.370533566385351 -0.108918223462866
21.6004557339106 -2.79819206059441 -82.4914329205652 -0.275866143110523 0.753922278031055 0.596237427350438 0.635169405630924 0.608558248447968 -0.475622417886732 0.0454379315485325 -0.36058595007343 -0.621340042525956 0.186678623389964 0.574537551183717 0.642362607165907
21.5966408628414 -2.263183378193 -82.6410439651941 0.339518808430647 0.212911028757307 0.91618550117077 0.471531593736839 0.804282541148799 -0.361645613980169 0.0878267765481108 -0.176621765653434 -0.449804295851117 0.266048294098317 -0.134559230675413 -0.310195736877141
21.4754025302724 -1.70383414271152 -83.6434744839218 0.020807881970045 -0.490383074245768 -0.871258556652884 -0.999308916041313 -0.037048750866044 -0.00301336682421223 0.349868716630789 -0.122699761036792 0.284902134608314 0.292267756892475 -0.679342319299088 0.501961430416983
20.7833628113651 -1.34657383043312 -82.6161155905692 -0.789174337268111 -0.589264419797937 0.173122237039721 0.0132092112194911 0.265530282605298 0.964012025733378 -0.201361729968304 -0.231159168014487 0.663617307936422 0.524891076234598 -0.266271660410571 0.254176607131204
20.5460373184121 -1.10938394735271 -82.2429886995298 -0.0217437257638797 -0.977401401346475 0.210270566261998 -0.0206774482229277 0.210714954931944 0.977328834580732 -0.693129255659237 -0.106243028862582 0.372644729089353 -0.0301494945096991 -0.218418221365513 -0.100523637414883
20.2550069940667 -1.21231400699169 -81.7252105157248 0.532779891806845 -0.829674750171088 0.166689519212047 -0.241864526495855 0.039468593946447 0.969506978270079 -0.142626277487464 0.153559319741881 -0.428359665424288 -0.479329712125089 -0.29389192115241 0.539586698498121
20.051323781024 -1.42323450213519 -81.2899041668195 0.973046622598183 -0.217758636703134 0.0759041921864218 -0.0603754370293779 0.0771092288071516 0.995192932770475 0.00256670020408974 -0.395039562774569 0.309779076892898 -0.758900959161619 0.145507387643822 -0.677146020732857
20.5386558340679 -0.089873372296686 -81.0188511481088 0.836353558631292 0.133527122319925 -0.531679633397673 -0.540470918834937 0.36304004511506 -0.759007978572707 -0.40050441349644 -0.144745699242325 0.300986721491926 -0.14285167085917 0.158249268293007 -0.400156177486922
20.4722539365496 0.271621143990593 -81.2906115061241 0.312278471161678 -0.630157239920683 -0.710903656921688 -0.659298954026581 0.395013704321894 -0.639757034050978 -0.55335022315478 -0.00541301173672786 0.201771872109097 -0.116918287499351 -0.0430964951694203 0.534156444146247
19.2708949757662 1.15871166055689 -80.6008946295671 -0.999054837372828 -0.0136199553728291 0.0412786717022692 0.0433236004442757 -0.234768903499249 0.971085283378218 -0.240478628557526 0.791818989647069 -0.147963643058219 -0.347344973851359 -0.398129868415768 -0.401700898029362
18.9514016693395 1.30499380315098 -80.1275701030549 -0.710370415126547 0.484322204721464 0.510691565748743 0.590851359407465 0.0160827521709916 0.806620118871809 -0.313649887187632 -0.126254468782314 -0.39903975883335 -0.481578770033095 0.0809312728765148 0.158481765729049
19.1283061093332 1.61995091997736 -79.8078395884566 -0.785655760257691 -0.296396334269699 0.543041655313141 0.534250022723475 0.117575414698312 0.837109870374425 0.256130122116511 0.699066710325841 0.287873062174039 0.355375441069328 -0.0752199948297136 0.107876041055387
19.0649502182832 1.79331039913075 -79.3563101796561 -0.215907857186043 -0.956871091907991 0.194374665726276 0.432211268637115 0.0848456309869183 0.897772041314419 -0.0755817241971489 -0.185025810018502 -0.0259352659941569 0.328173530296615 0.530361444257006 0.5016365680335
18.9938788500696 1.80535535102277 -78.8551620833607 0.701255373916067 -0.693022368189268 -0.16721512414552 0.471525602836208 0.274957582368733 0.837891361554677 0.0633946580156101 -0.237728791997442 -0.328721840399154 -0.430690808716273 0.326462449735138 -0.351112908001274
19.1978603960069 1.72048107697604 -78.3464791476026 0.837121649616421 -0.29559724411812 -0.460271238524948 0.480347627060509 -0.00533496254402708 0.877061967794661 0.20144068527128 -0.870472498407173 0.0684588999124799 -0.0166999228024171 0.298264705601646 -0.0775731744289193
19.4820268845972 1.45593137130214 -78.0192774273411 0.615218395069259 0.583433750277156 -0.530199382691108 0.647221207186825 0.0102043673483777 0.762233940372015 0.000378854013648637 0.283794044830376 0.372636072946706 0.423249814426142 0.235579661250377 0.555165919341403
19.9469720172668 1.49732820799908 -77.7930849758233 -0.0806868039761122 0.99333773747416 -0.0822786665794123 0.618501594293202 0.114630193188735 0.777377448004476 0.144973394275986 -0.158897122179251 -0.576377947215375 -0.789233063675094 -0.07299460878258 0.236789869888976
20.4432357391361 1.53519586906075 -77.6666140784187 -0.517631053419795 0.691132180139884 0.504375259217745 0.654680840309415 -0.0595978772379854 0.753552314282593 1.12077980371522 0.0973400631356183 0.292044564258807 -0.0204683694290274 -0.363946229798114 0.371447392540928
20.8394698317746 1.78832580874875 -77.3856024015011 -0.773974996973407 -0.00233860954706001 0.633211840512513 0.631555482690234 -0.0752268054322657 0.771672598987631 0.0871971255290883 0.0300094281679754 -0.194337592618268 0.387512335331293 0.556474083263733 0.534841628195079
21.0596766337591 2.01725621632318 -76.9954880310828 -0.617254105452058 -0.679334869513317 0.396864591978244 0.644000649131882 -0.146495098701937 0.750867731344413 -0.284152482316523 0.210943213437008 -0.492408911367554 -0.0507890556046337 -0.226194688966343 -0.196646368399443
21.2312164310409 2.12029849467621 -76.5420836916661 -0.251359365935425 -0.962549143859701 -0.101575660524875 0.412383720887539 -0.201446642296232 0.888458731205064 -0.0532462402971178 0.320641795015995 -0.209821835487456 -0.481896796099718 0.233063751340591 0.367732157911041
21.025655746223 2.08350657959464 -76.0899523363494 0.0649395145713437 -0.986545188618318 -0.150038162682005 0.0193644617880327 -0.149081367443897 0.988635303588064 0.281283234212676 -0.278995545622414 -0.31426973276748 0.271943376260037 -0.252013499852574 0.197417786464436
21.6482077953132 1.74515432590849 -75.7694093467026 0.571147000399619 -0.734328520428398 -0.36681429636823 -0.305286585445185 -0.604846053346651 0.735500749488582 -0.0427879461741497 -0.0612681180228214 -0.197492353967528 -0.0727229461001901 0.650402072689667 0.156762313988666
21.3951860043206 1.30353728562518 -75.6565514180493 0.908748699128709 -0.393374364336807 0.139400184054023 -0.381483252229115 -0.647496610648748 0.659711048465237 -0.351158664114525 0.23452389885766 -0.693142193546417 -0.149513873810762 0.133770174412802 0.00200584117779856
48.1804919864142 18.7388260401156 -72.4835379942028 -0.974951464750433 0.150904076527619 -0.16339400560726 0.205864747675038 0.890347411114785 -0.406080279237999 0.568678665670065 -0.0383028335647532 0.00451432637760047 -0.271845950478392 0.159218514551893 -0.238820945060049
48.2225647876213 18.9107429669437 -72.877306364028 -0.607401584659443 0.558829718963601 0.564599557346889 0.23440384552378 0.805164106728808 -0.54476196493488 -0.219831053117657 0.297451793942664 0.458024010112783 -0.458816560052143 -0.180564197375003 -0.227708381806228
49.2650372929882 18.2150202457832 -73.1101235199041 0.106990781141354 0.172580123286334 -0.979167541229351 0.790115882343461 -0.612575599318239 -0.0216339452814658 0.241884675785426 0.350293093391976 0.037465139099709 -0.15462694388296 0.391951552113448 -0.160452944952682
49.2376171069887 18.0589450078576 -71.6917177486502 0.25197956671547 -0.833476641313669 0.491755006423397 0.239925729497221 0.546092068166289 0.802632604253958 -0.135064432192077 -0.247605157690434 -0.145997700574061 0.0548604957411785 0.15093604492396 0.000426824642851675
49.1338747897449 18.1892028570023 -71.2391006493888 0.767474646425231 -0.585366800604591 0.261396969845624 0.144843931232768 0.555533657316961 0.818781161955628 0.0424622232383253 0.0587501822421967 0.316114432875623 -0.655939747169436 -0.182064030025407 0.372197642499915
49.2141320867993 18.2685063197699 -70.7308335935318 0.945808628712932 -0.0349060181157816 -0.322843007902648 0.253251329679802 0.701573836135222 0.666076509469018 1.01055014794464 0.25052583508621 -0.0626701691186526 0.191250396169123 -0.323844428059847 -0.0999918032661725
49.4030770350552 18.3584052910854 -70.4103795018628 0.216653314609522 0.599799927982233 -0.770260597240623 -0.160373563901275 0.800148233329622 0.577964639663597 -0.0847997877285333 0.279639561858797 -0.814905604586186 -0.629543587071258 -0.0938606378148481 -0.250217269856277
49.6824074764391 18.4466213207838 -69.3648765812753 0.791313090517128 -0.0892042726421114 0.604868738255551 0.349808652958952 0.877438345365197 -0.328231406781558 0.114035067488213 -0.328091895740441 0.275861894424227 0.0711602793316484 0.0404069979555329 -0.550339216297456
49.8083080251668 18.861836716479 -69.2471654792414 0.876865799486993 -0.452547881224909 -0.162193664761286 0.39915188743809 0.873402113069826 -0.2790098916521 -0.152982783573307 0.328838211235323 -0.420718949329045 -0.477435163026478 0.126305575749942 0.717743163507377
49.3296268013413 19.3538298550327 -69.1063359221901 -0.955137525883721 -0.0737469481317151 -0.286833914121485 0.294199488870934 -0.347588921520983 -0.890296918103303 -0.0116605819645736 0.312158256128768 -0.0749575908212396 -0.0545558552491895 -0.575907909788364 -0.031145355585709
49.9236349094802 20.1689466403964 -69.0073456048417 -0.448726426389804 -0.41609079903612 0.790893824237523 0.294863364394084 0.766501406145755 0.57055340741652 -0.0950608199995051 -0.396734512432272 -0.0334498667755974 0.505256779834827 -0.480284343616642 -0.0463685237030084
50.834305882089 20.146727093905 -69.8836132325574 0.823666744399711 -0.42170312454673 0.379130015849177 -0.566992867184094 -0.623749353481295 0.538010996722171 0.403786249106208 0.225414356082583 -0.461194677528452 0.0669650029184874 0.113669878618799 -0.112739142707337
50.3394741478745 21.2207650798224 -69.7227950667709 -0.289367644592924 -0.32622327431779 -0.899913741175256 -0.913380967796779 0.375349703290869 0.157631874651108 -0.385596986485728 -0.367462007885013 0.113624067832717 0.546746820346313 0.193410774632392 0.0350664482030188
50.6255762168806 21.7091982888856 -68.511402698066 0.0530933521634627 0.724966069371879 0.686735243172833 -0.998589349207225 0.0381055583742057 0.0369767233602195 0.327456956863706 0.47003015488646 -0.218659719215043 0.158867966324999 -0.00319089101125938 0.499452295418732
50.1870834620895 21.6216021769037 -68.2928482813511 0.0510210744070308 0.998695886968175 -0.00183720425536913 -0.998307258357286 0.0509496209821761 -0.0280491360519037 -0.208382576250011 0.0129674095178907 -0.55277100323922 -0.566331682254732 0.269686394114769 0.0486005395541107
49.758503287343 21.8566802451871 -68.1142678759423 0.127040430236441 0.637647411370368 -0.759780565596278 -0.99048667750063 0.122393026767044 -0.062897445827623 -0.387260790542842 0.148705640858823 0.185790139266141 -0.0159622782233977 0.00246270667205399 0.245302499259768
49.3239938800325 22.0554794791748 -68.0131768409095 -0.0694854463016124 -0.103512113092335 -0.992198072561821 -0.97849168775365 0.200722921555867 0.0475849320565611 0.00691876637416023 -0.177848854037701 0.508483585252717 -0.212800010156977 0.140990984366444 0.0516272153235464
48.7400979939916 22.2008254973872 -68.151139547738 0.000883792199018872 -0.815149758682874 -0.57924959199867 -0.999921823666511 -0.00794511476533577 0.00965513891337379 0.356193807254032 0.24887651703269 0.21005361356014 -0.44075199692142 -0.0947600285502615 -0.313012239855863
48.3418293901727 23.2327163801187 -67.3853953634236 0.536650238820067 0.114287807824626 0.836029196952671 0.731510435661852 0.430843153597427 -0.528456866277826 0.241995824521503 0.46097024828036 -0.400693343515576 0.121687932040942 -0.00586744995113167 -0.0738934980441757
48.6546906661087 23.6090037721758 -67.4552033023909 0.580845709362903 -0.684296286950087 0.440859221952954 0.802328997500579 0.389841018664653 -0.451986902394814 -0.577423725007202 0.29316164876493 -0.183383549411403 -0.155070688435291 0.443324080501352 0.368502874088359
49.1203934929677 23.7209255294618 -67.3777665068995 0.311651719569671 -0.829774599536712 -0.462976586506219 0.896753005671182 0.417951910016296 -0.145431247443262 0.087496708296255 -0.677959064106596 0.0527239851257875 0.123888830481621 -0.438860346219373 0.114835436375055
48.1229971338546 24.3222982691181 -67.8713577279253 -0.22302140496968 -0.77157638821876 -0.595761135077076 -0.971212639843851 0.228353877319997 0.0678270957688368 0.460978558823596 0.0638601329457186 -0.511704009822108 -0.276639138166023 -0.0376874097173958 -0.0755745282480536
48.5873736131663 24.5210342308279 -66.5377736691196 0.551471152290576 0.381039995808231 0.742083613743092 -0.176826876859583 -0.815970417822992 0.550385803648772 -0.0370695333495307 0.229777011548022 0.685890033600679 -0.134070338396703 -0.363369248739142 0.426406551576109
47.6656751025222 24.099397942623 -66.8294440019406 0.735557572556183 -0.514484862092073 -0.440749797655491 -0.581113558177686 -0.81357354619082 -0.0201275294196606 0.267503959630087 -0.373997224705749 0.134288569338299 0.240613132833608 -0.780377636111532 -0.0797982962007818
47.3845884525976 23.7391318978505 -67.0439395274903 0.771298244657187 -0.537635982372066 0.34065608500001 -0.466468527091387 -0.841633525353652 -0.272139894602145 0.0577518888251243 0.164092204402527 0.409459299485974 -0.141415060542128 0.255579714851288 0.176761140887103
47.3706197468198 23.0992620918885 -67.0799692558145 0.992228543100469 -0.0475419211602687 0.114988190650675 -0.0320855781958501 -0.990634993830372 -0.132713317610072 0.0691957287854708 -0.412706603936518 0.134475381810859 -0.263498942637307 -0.211505646702819 -0.234536929719015
