0.999999238518982 
0.9999976364016241 
0.9999987056323731 
0.9999941451008735 
0.999819996416429 
0.9999989561085543 
0.9999954431543995 
0.9999870022787969 
0.9999984720479291 
0.9999910896817817 
0.576922190325752 
0.4615358254224455 
0.3846144332919695 
0.38461412719856836 
0.38452260701237384 
0.34594659169710085 
0.30769170023701076 
0.26616903953704524 
0.18209199999799103 
0.15384598601087165 
0.11538354615524225 
0.07692259888477786 
0.07692306137053023 
0.07692292004036207 
0.07692302324184239 
0.07692292398185005 
1.5951138084895463e-189 
1.0937409589266009e-159 
1.7194953334193807e-225 
1.69886691279351e-240 
0.0 
0.0 
5.627853063962724e-306 
0.0 
0.0 
4.736165984439211e-292 
3.1481787023244673e-258 
0.0 
0.0 
0.0 
0.0 
0.0 
0.0 
0.0 
0.0 
0.0 
0.0 
0.0 
0.0 
0.0 
0.0 
0.0 
0.0 
0.0 
0.0 
0.0 
0.0 
0.0 
0.0 
0.0 
0.0 
0.0 
0.0 
0.0 
0.0 
0.0 
0.0 
0.0 
0.0 
0.0 
0.0 
0.0 
0.0 
0.0 
0.0 
0.0 
0.0 
0.0 
0.0 
0.0 
0.0 
0.0 
0.0 
0.0 
0.0 
0.0 
0.0 
0.0 
0.0 
0.0 
0.0 
0.0 
0.0 
0.0 
0.0 
0.0 
0.0 
0.0 
0.0 
0.0 
0.0 
