        0.1434 26   0.002227   0.002227   0.328719    0.011449   0.000000  -1.051915   0.000000  -0.455232  -0.172689   0.000000   0.061308
        0.1867 26   0.008700   0.008700   0.264802    0.048705   0.000000  -1.110669   0.000000  -0.363327  -0.122981   0.000000   0.059951
        0.2387 26   0.019004   0.019004   0.276263    0.028315   0.000000  -1.118731   0.000000  -0.321254  -0.113924   0.000000   0.057305
        0.2453 26   0.036161   0.036161   0.310598    0.042317   0.000000  -1.123110   0.000000  -0.325222  -0.115521   0.000000   0.057591
        0.3130 26   0.053862   0.053862   0.335205    0.041868   0.000000  -1.108952   0.000000  -0.319607  -0.113459   0.000000   0.057362
        0.2424 26   0.088497   0.088497   0.315024    0.039119   0.000000  -1.082638   0.000000  -0.312543  -0.111295   0.000000   0.058696
        0.2373 25   0.123743   0.123743   0.380035    0.041108   0.000000  -1.099928   0.000000  -0.315940  -0.105961   0.000000   0.057802
        0.2786 25   0.158547   0.158547   0.329091    0.057482   0.000000  -1.107534   0.000000  -0.304865  -0.104479   0.000000   0.057945
        0.3064 26   0.199708   0.199708   0.374021    0.057474   0.000000  -1.102102   0.000000  -0.324120  -0.108610   0.000000   0.056942
        0.2549 25   0.259133   0.259133   0.293241    0.028109   0.000000  -1.090186   0.000190  -0.302172  -0.105928   0.000000   0.058292
        0.2941 26   0.308930   0.308930   0.283409    0.039524   0.000000  -1.115754   0.000000  -0.330375  -0.101885   0.000000   0.056150
        0.3510 26   0.359487   0.359487   0.315598    0.061698   0.000000  -1.118238   0.000000  -0.319183  -0.104607   0.000000   0.055028
        0.3116 25   0.435188   0.435188   0.317299    0.032505   0.000000  -1.069761   0.000000  -0.316449  -0.112853   0.000000   0.056422
        0.3339 24   0.503130   0.503130   0.289458    0.047468   0.000000  -1.081264   0.000000  -0.296534  -0.105030   0.000000   0.057965
        0.5914 23   0.516987   0.516987   0.277930    0.059709   0.000000  -1.030150   0.000000  -0.286460  -0.089760   0.000000   0.058031
        1.2632 20   0.433405   0.433405   0.304760    0.052993   0.000000  -0.945612   0.000000  -0.244958  -0.080935   0.000000   0.055687
        1.8675 19   0.371023   0.371023   0.346272    0.062788   0.000000  -0.877833   0.000000  -0.200672  -0.075038   0.000000   0.051656
        5.4498 10   0.002928   0.002928   0.405270    0.057335   0.000000  -0.691628   0.000000  -0.106656  -0.043713   0.000000   0.040657
        5.6489 11   0.005435   0.005435   0.395615    0.067925   0.000000  -0.698409   0.000000  -0.139462  -0.044105   0.000000   0.042143
        5.9844 11   0.004923   0.004923   0.441056    0.047960   0.000000  -0.681977   0.000000  -0.121360  -0.046836  -0.009002   0.040490
        6.2482 10   0.006205   0.006205   0.402406    0.058285   0.000000  -0.657881   0.000000  -0.117301  -0.036223   0.000000   0.039449
        6.2357 10   0.018041   0.018041   0.341377    0.067941   0.000000  -0.674661   0.000000  -0.119624  -0.037828   0.000000   0.039684
        6.4479 10   0.023015   0.023015   0.324376    0.070657   0.000182  -0.670916   0.000000  -0.116878  -0.039333   0.000000   0.036506
        6.5965 11   0.032362   0.032362   0.335107    0.042925   0.000000  -0.669292   0.000000  -0.131714  -0.047320   0.000000   0.036112
        6.6641 11   0.049205   0.049205   0.335535    0.059160   0.000000  -0.693877   0.000000  -0.128455  -0.045442   0.000000   0.036849
        7.3237 8   0.026642   0.026642   0.343884    0.046742   0.000000  -0.654915   0.001195  -0.089059  -0.036262   0.000000   0.037032
        7.8056 9   0.018171   0.018171   0.347189    0.069592   0.000000  -0.617339   0.000000  -0.099514  -0.037340   0.000000   0.033882
        8.3350 8   0.009665   0.009665   0.332448    0.062041   0.003144  -0.598546   0.000113  -0.091945  -0.035605   0.000000   0.032046
        8.6140 8   0.010888   0.010888   0.328424    0.059761   0.000000  -0.586954   0.000000  -0.108318  -0.035333   0.000000   0.030541
        8.7364 8   0.018761   0.018761   0.311644    0.060928   0.000000  -0.584516   0.000000  -0.106616  -0.035008   0.000000   0.032850
        9.1694 8   0.013654   0.013654   0.396870    0.082067   0.000000  -0.644572   0.000000  -0.103209  -0.027261   0.000000   0.030415
        9.3207 8   0.020905   0.020905   0.391581    0.069920   0.000000  -0.613190   0.000000  -0.107884  -0.029592   0.000000   0.031776
        9.5021 7   0.027953   0.027953   0.356550    0.075138   0.000000  -0.598246   0.000000  -0.081650  -0.028027   0.000000   0.031998
       10.2806 7   0.007813   0.007813   0.379280    0.054050   0.000000  -0.572005   0.000000  -0.074560  -0.030801   0.000000   0.027387
       10.5183 6   0.010292   0.010292   0.337226    0.043035   0.002094  -0.600511   0.000000  -0.071097  -0.019229   0.000000   0.030125
       10.7360 5   0.013896   0.013896   0.318456    0.053878   0.000000  -0.577841   0.000000  -0.061262  -0.027538   0.000000   0.027757
       11.3970 6   0.003486   0.003486   0.305897    0.053996   0.000556  -0.554138   0.000000  -0.072835  -0.026578   0.000000   0.025321
       11.5387 6   0.007813   0.007813   0.348513    0.058149   0.000000  -0.614599   0.000000  -0.079291  -0.028590   0.000000   0.025237
       11.7138 6   0.012561   0.012561   0.384657    0.068059   0.000000  -0.623008   0.000000  -0.064111  -0.028935   0.000000   0.025132
       11.8222 5   0.021636   0.021636   0.326117    0.065221   0.000172  -0.620283   0.000000  -0.044988  -0.021193   0.000000   0.024381
       12.5421 4   0.006123   0.006123   0.318659    0.058744   0.000000  -0.561942   0.000000  -0.055885  -0.021786   0.000000   0.024726
       12.7302 4   0.009942   0.009942   0.317330    0.069042   0.000000  -0.606850   0.000000  -0.052770  -0.017784   0.000000   0.024885
       13.3050 5   0.003082   0.003082   0.302856    0.056171   0.000000  -0.604150   0.000000  -0.048857  -0.017004   0.000000   0.023685
       13.9404 2   0.000001   0.000001   0.296411    0.054743   0.000000  -0.625996   0.000000  -0.023599  -0.008520   0.000000   0.022172
       13.9864 4   0.002174   0.002174   0.312151    0.052557   0.000000  -0.615847   0.000000  -0.043007  -0.010761   0.000000   0.022393
       14.2830 3   0.002468   0.002468   0.338761    0.058987   0.000000  -0.685851   0.000000  -0.031412  -0.010237   0.000000   0.022634
       14.7141 2   0.000893   0.000893   0.310626    0.053925   0.000000  -0.654841   0.000000  -0.026894  -0.011409   0.000000   0.023624
       14.9449 3   0.001944   0.001944   0.341307    0.048789   0.000000  -0.690630   0.000000  -0.026052  -0.005547   0.000000   0.022096
       14.9802 0   0.008376   0.008376   0.331391    0.043234   0.000000  -0.717265   0.000000   0.000000   0.000000   0.000000   0.022337
       16.0135 0   0.000934   0.000934   0.328840    0.036725   0.000000  -0.703949   0.000000   0.000000   0.000000   0.000000   0.026068
       16.4639 0   0.002876   0.002876   0.330298    0.035368   0.000000  -0.704047   0.000000   0.000000   0.000000   0.000000   0.030407
       16.0416 0   0.005116   0.005116   0.328982    0.051398   0.000408  -0.751745   0.000000   0.000000   0.000000   0.000000   0.027763
       16.7475 0   0.000025   0.000025   0.311219    0.066273   0.000000  -0.691798   0.000000   0.000000   0.000000   0.000000   0.031245
       17.3166 0   0.001459   0.001459   0.336012    0.060031   0.000000  -0.713220   0.000000  -0.000000  -0.000003   0.000000   0.034044
       17.7272 0   0.002970   0.002970   0.306830    0.043175   0.000000  -0.723394   0.000000   0.000000   0.000000   0.000000   0.027221
       17.7314 0   0.000003   0.000003   0.341405    0.046982   0.000000  -0.746496   0.000000   0.000000   0.000000   0.000000   0.025719
       17.6155 0   0.005085   0.005085   0.346714    0.047461   0.000000  -0.658982   0.000000   0.000000   0.000000  -0.000383   0.029594
       18.4675 0   0.000399   0.000399   0.321421    0.056873   0.000000  -0.663629   0.000000   0.000000   0.000000   0.000000   0.034679
       18.8060 0   0.000578   0.000578   0.335369    0.059184   0.000000  -0.658950   0.000000   0.000000   0.000000   0.000000   0.023454
       18.6959 0   0.002311   0.002311   0.368792    0.046899   0.000000  -0.651652   0.000000   0.000000  -0.000001   0.000000   0.032300
       19.0035 0   0.002427   0.002427   0.386847    0.040947   0.000000  -0.652285   0.000000   0.000000   0.000000   0.000000   0.027473
       20.0274 0   0.005073   0.005073   0.359997    0.054772   0.000000  -0.622207   0.000000   0.000000   0.000000   0.000000   0.028181
       20.0423 0   0.000413   0.000413   0.364608    0.047241   0.000000  -0.650406   0.000000   0.000000  -0.000001   0.000000   0.029618
       20.5337 0   0.002538   0.002538   0.346622    0.045862   0.005963  -0.623367   0.000000   0.000000   0.000000   0.000000   0.027774
       20.4970 0   0.000086   0.000086   0.326997    0.046128   0.000000  -0.611971   0.000000   0.000000   0.000000   0.000000   0.030232
       21.0098 0   0.000595   0.000595   0.354515    0.059064   0.000000  -0.596591   0.000000   0.000000   0.000000   0.000000   0.026220
       21.3221 0   0.000577   0.000577   0.355571    0.062307   0.000000  -0.555490   0.000000   0.000000   0.000000   0.000000   0.030454
       21.7608 0   0.002033   0.002033   0.355801    0.059581   0.000000  -0.558269   0.003126   0.000000   0.000000   0.000000   0.029657
       21.2893 0   0.007814   0.007814   0.320402    0.063297   0.000000  -0.534051   0.000000   0.000000   0.000000   0.000000   0.026650
       22.1099 0   0.000006   0.000006   0.330940    0.054735   0.000000  -0.555200   0.000662   0.000000   0.000000   0.000000   0.031006
       22.3629 0   0.000167   0.000167   0.321394    0.067812   0.000000  -0.607016   0.000000   0.000000  -0.000000   0.000000   0.025790
       22.6245 0   0.000480   0.000480   0.334997    0.041212   0.000000  -0.593441   0.000000   0.000000   0.000000   0.000000   0.031957
       22.9081 0   0.000737   0.000737   0.331194    0.065805   0.000000  -0.594765   0.000000   0.000000   0.000000   0.000000   0.027751
       23.3864 0   0.000000   0.000000   0.325368    0.062773   0.000000  -0.605168   0.000000   0.000000   0.000000   0.000000   0.028722
       23.7885 0   0.000241   0.000241   0.318401    0.055733   0.000000  -0.610243   0.000000   0.000000  -0.000007   0.000000   0.032470
       24.2650 0   0.001853   0.001853   0.315824    0.040738   0.000000  -0.564603   0.000000   0.000000   0.000000   0.000000   0.030232
       24.6031 0   0.002213   0.002213   0.349648    0.037750   0.000000  -0.571938   0.000000   0.000000   0.000000   0.000000   0.022151
       24.3856 0   0.001877   0.001877   0.322021    0.052137   0.000000  -0.583131   0.000000   0.000000   0.000000   0.000000   0.032997
       24.8137 0   0.000577   0.000577   0.364697    0.044152   0.000000  -0.629718   0.000000   0.000000   0.000000   0.000000   0.034312
       25.3657 0   0.000266   0.000266   0.392524    0.052941   0.000000  -0.652977   0.000000   0.000000   0.000000   0.000000   0.032993
       25.3555 0   0.001510   0.001510   0.334355    0.053182   0.000000  -0.595467   0.000000   0.000000   0.000000   0.000000   0.028631
       26.2229 0   0.003030   0.003030   0.350834    0.055903   0.000000  -0.594005   0.000000   0.000000  -0.000301   0.000000   0.026877
       26.2114 0   0.000000   0.000000   0.310417    0.056086   0.000000  -0.579428   0.000000   0.000000   0.000000   0.000000   0.028894
       26.4874 0   0.000047   0.000047   0.301951    0.065821   0.000000  -0.597781   0.000000   0.000000   0.000000   0.000000   0.029428
       26.8838 0   0.000049   0.000049   0.394906    0.024852   0.000000  -0.602231   0.000000   0.000000   0.000000   0.000000   0.033516
       27.3644 0   0.001242   0.001242   0.348904    0.053743   0.000000  -0.560076   0.000000   0.000000   0.000000   0.000000   0.031840
       27.7166 0   0.001733   0.001733   0.328918    0.049320   0.000000  -0.566537   0.000000   0.000000   0.000000   0.000000   0.028801
       27.5672 0   0.001381   0.001381   0.296587    0.041645   0.000000  -0.540479   0.000000   0.000000  -0.000000   0.000000   0.028543
       27.9844 0   0.000389   0.000389   0.318070    0.042904   0.000000  -0.536211   0.000449   0.000000   0.000000   0.000000   0.037618
       28.7108 0   0.002522   0.002522   0.322186    0.051780   0.000000  -0.607098   0.000000   0.000000   0.000000   0.000000   0.029070
       28.6346 0   0.000260   0.000260   0.338664    0.050848   0.000000  -0.600429   0.000000   0.000000   0.000000   0.000000   0.029336
       28.9353 0   0.000342   0.000342   0.331385    0.042596   0.000000  -0.640270   0.000000  -0.000573  -0.000065   0.000000   0.030753
       29.2746 0   0.000204   0.000204   0.321980    0.046052   0.000000  -0.613859   0.000000   0.000000   0.000000   0.000000   0.031130
       29.8969 0   0.001443   0.001443   0.314765    0.058585   0.000000  -0.541597   0.000000   0.000000   0.000000   0.000000   0.030165
       30.1540 0   0.000797   0.000797   0.345220    0.038804   0.000000  -0.550497   0.000000   0.000000   0.000000   0.000000   0.026204
       29.9367 0   0.003855   0.003855   0.377353    0.047405   0.000000  -0.581572   0.000000   0.000000   0.000000   0.000000   0.037687
       30.5355 0   0.000191   0.000191   0.356046    0.050506   0.000000  -0.588544   0.000000   0.000000   0.000000   0.000000   0.027587
       31.0406 0   0.000344   0.000344   0.352764    0.044919   0.000000  -0.576673   0.000000   0.000000   0.000000   0.000000   0.031055
       31.1372 0   0.000341   0.000341   0.336684    0.052408   0.000000  -0.581429   0.000000   0.000000   0.000000   0.000000   0.025920
       31.4606 0   0.000288   0.000288   0.299472    0.049112   0.000000  -0.554684   0.000000   0.000000  -0.000034   0.000000   0.027869
       31.9153 0   0.000047   0.000047   0.325074    0.049345   0.000000  -0.607918   0.000000   0.000000   0.000000   0.000000   0.032452
