0.999999238518982 
0.9999983538576663 
0.9999956283692651 
0.999990548638681 
0.9999969244043446 
0.9999953347045137 
0.9999989395233614 
0.9999970884466765 
0.9999978593845372 
0.9999980270907833 
0.9999954808281571 
0.9999981743182651 
0.9999977670614896 
0.961533990552855 
0.8846157836738626 
0.7692181542987175 
0.729471799590195 
0.423069304337611 
0.42306382110141855 
0.42307613460228966 
0.42307555889597065 
0.4230746714447205 
0.3931034916549284 
0.42307321300773254 
0.42307650960285703 
0.384614580415463 
0.34615183715617703 
0.3076902185131232 
0.3076919660572409 
0.30769210997591007 
0.3456794208950511 
0.3076962438542982 
0.3049790272195253 
0.2692297377646107 
0.2692306633926033 
0.269228621072739 
0.2692179188230534 
0.23077277289564432 
0.23075809215285673 
0.1923073982513528 
0.15384594126525794 
0.1923058065667382 
0.19230743875200093 
0.15382419599517094 
0.15384576915201403 
0.1538427129575956 
0.11538438982327721 
0.11535596344768116 
9.329255434947614e-20 
2.2231803684282895e-247 
3.081043850147505e-278 
0.0 
0.0 
0.0 
0.0 
0.0 
0.0 
0.0 
3.7032527314777016e-281 
0.0 
0.0 
0.0 
0.0 
0.0 
0.0 
0.0 
0.0 
0.0 
0.0 
0.0 
0.0 
0.0 
0.0 
0.0 
0.0 
0.0 
0.0 
0.0 
0.0 
0.0 
0.0 
0.0 
0.0 
0.0 
0.0 
0.0 
0.0 
0.0 
0.0 
0.0 
0.0 
0.0 
0.0 
0.0 
0.0 
0.0 
0.0 
0.0 
0.0 
0.0 
0.0 
