0.999999238518982 
0.9999992057256937 
0.9999974456742666 
0.9999987790908323 
0.9999907334303318 
0.9999855876864086 
0.999998753718053 
0.9999991592118035 
0.9999971644487822 
0.9999475877372356 
0.9999953250721082 
0.9999962211469067 
0.9999987138448339 
0.9999985287215042 
0.9999295389089056 
0.9999779851404025 
0.999982962411653 
0.9999906779366275 
0.9999545951628208 
0.9233349986221782 
0.9615380976508241 
0.9615352870104238 
0.9614665747113799 
0.961464763627342 
0.9615345235310298 
0.6923034911315985 
0.5769222589520907 
0.5769201527119162 
0.576916802399677 
0.5769222612073046 
0.576917733161105 
0.5769224010563736 
0.5768802271796031 
0.5384601499059369 
0.5384578755269802 
0.5384602197908961 
0.49999383777990336 
0.499999030977674 
0.4999665178226049 
0.49995909345569395 
0.49996706711631 
0.42307677250505343 
0.4615381731857265 
0.4230747648038106 
0.42307548365836734 
0.4230765804293232 
0.42307626115729424 
0.42307584904034545 
0.4230712978461369 
0.42307557664267337 
0.4230760574568681 
0.4230765335828031 
0.38460692071607055 
0.34615340087588936 
0.3461528035705973 
0.34615368518509715 
0.3461533121389306 
0.3461530464313803 
0.34615309635130875 
0.34615288813132555 
0.30769172327314487 
0.30769202344881297 
0.3076905439580371 
0.30769210484854 
0.3076920065637419 
0.3076920222761548 
0.3076912946708686 
0.30769189640173444 
0.2692288518606572 
0.269230388106059 
0.2692299339032884 
0.2692293571593283 
0.2307669555446606 
0.23076894757562477 
0.23076917449466422 
0.23053240872491973 
0.23076900740559664 
0.23076888683386654 
0.23076877965651038 
0.2307679319793213 
0.2307642331353443 
0.2304491908111008 
0.19230669063810474 
0.19230710859702174 
0.19230535686267888 
0.19230743915193732 
0.1877609523478384 
0.19229833869310284 
0.1923076373060259 
0.19230737111593182 
0.15384269076322943 
0.15384590215071026 
0.15384605091027734 
0.1158845410630733 
0.11377247623395707 
1.2695833424424078e-53 
2.5906497570558124e-226 
2.4292362226460678e-219 
1.1536063580843357e-294 
1.0848352683203746e-261 
2.1960022023725576e-233 
