t = 1000000
b = 105 105 105
E = -0.284361718456356 -0.575288143561586 0.29092642510523
7.71141359526812 -3.11000037652184 17.812018405957 -0.598020778389953 -0.092435736079534 -0.796132390566572 0.0110427928011058 -0.994183077722868 0.107135730251984 -0.103981934934761 -0.310566445892681 -0.241001251353368 -0.127406285393299 -0.227053836763702 -0.416532725088993
8.31104445369928 -2.93469597756878 18.8272740104103 -0.225957741925178 -0.954883110641634 0.192720896311593 0.922547288584515 -0.273289994936676 -0.272431787779519 -0.176787547164685 0.28271454203374 0.0573331544376877 0.254064181455448 0.0409581451431067 0.0527530838162629
8.77499223226271 -3.09037153429701 18.9527659871003 -0.176550655034778 -0.780051877678323 -0.600290708188469 0.970138200473127 -0.240956034697837 0.0277859915348381 0.282346805868721 0.19249364593799 0.0744975764240217 -0.217102419537955 -0.7576947088964 -0.443644312329993
9.16416621894199 -3.507404223606 19.0545439281091 -0.286868084878022 -0.226293612561834 -0.930858691097803 0.91629138172135 -0.348315665222657 -0.197702557251206 -0.142513813002139 -0.263996440571973 -0.091930378067476 0.172773361028836 0.510820837851849 0.127996727631468
9.53635668112951 -2.1899651104897 19.4200118999233 -0.425144135098949 -0.0191324710064306 0.904923429326563 0.895458472399089 -0.15462133165156 0.417428278878108 -0.373855672638672 -0.49170184654636 0.576652285409642 0.162002960811295 0.206635499653608 0.301593760505087
9.27427682672351 -2.31416669038665 19.2360874196841 -0.453752188611472 -0.271792885152664 0.84866812059297 -0.585705045227834 -0.626790648618895 -0.51389014662532 -0.318489340176867 -0.0038838155547262 -0.297230350752758 -0.0256489226065807 0.260711163124785 -0.497101133684141
8.79328104323281 -0.912168133590854 19.15934741746 -0.608151727399824 0.169810380698705 -0.775445620960925 -0.767617689922595 -0.374710420477557 0.519956904852266 -0.500242015313537 -0.839948550353927 -0.197033492681465 -0.107428758091927 0.335910915538155 0.102243647214844
9.48815190373881 -0.633112515274356 19.217379421123 -0.402288755977904 0.356484037784774 -0.843257308072918 0.339018339605826 0.913603500465086 0.224488773324724 -0.461783757009869 0.146510901293288 0.0709046705492765 -0.337700298037751 -0.286173331148886 -0.52328792206746
8.65204082011355 -0.442773192230049 19.627969694944 -0.619455737821713 0.34683531928582 -0.70425836890707 0.744861998557419 0.542971782028628 -0.387765711513509 0.198076941562756 0.093954041540569 0.512809834930271 0.169794265361252 -0.465497092026237 0.247934363705178
8.3532093869579 0.579434278320131 20.6663703891311 -0.617804496588147 0.527827821870616 0.582851091150059 -0.0697344007621588 -0.775084673930752 0.627997501259278 0.191159802697406 -0.282611449098469 0.311472444286087 -0.397529239379393 0.144366861847749 -0.452020665258276
8.51487220466605 0.546919680890811 21.0819487030629 -0.975870302508305 0.0269006727247127 0.216687578068987 0.157858939001345 -0.598708206640615 0.785257307306778 0.377802275572449 0.117455325780808 -0.339974664541789 0.443195029245387 0.170912867371647 -0.0623633542952271
8.50533544745779 0.622695919552063 21.4603020471323 -0.500957681707638 -0.849960200601209 -0.163122832650968 0.490624171245243 -0.434164138036007 0.755506071341184 -0.056076189760322 -0.325686045211084 0.423670669392345 0.0908677385392507 -0.200894991751517 -0.341734457307428
8.5363246952387 0.452331319920232 21.9329441968902 0.0376991648926328 -0.83647275144247 -0.546710260613998 0.428050963263742 -0.480846946306902 0.765217999707437 -0.18004280138765 0.309650364920185 -0.446141953023608 -0.0225771884963507 -0.401374436490522 -0.619901111186987
8.60340513614761 0.0675012173637339 22.291186842302 0.574566091368011 -0.176476700580328 -0.799205718699764 0.626407644613892 -0.533655576647392 0.568177074759524 0.0959114562253643 -0.113045629135761 -0.0673036660606769 -0.31165283201928 0.336722175569609 0.402727571184801
8.20011202443543 0.373472485427772 23.7924747974795 -0.156704415878674 0.748048197008782 0.644877989232157 -0.975286428047866 -0.014230945042156 -0.220485517594469 -0.547382717247349 0.18478133251821 0.0189949070020752 0.332694034417444 -0.239532876180314 0.287458128267241
7.77630283795206 0.231967739325185 23.887928701955 -0.0768112064289371 0.988621172303333 -0.129337605670924 -0.97723984067292 -0.100376679746892 -0.186887174425378 0.129074867377689 -0.187818001548966 -0.102230197994071 -0.459992721713238 0.0563928897956273 0.516334829589586
7.29279521266524 0.29491883317274 24.0413149911113 0.127938125269235 0.731405701071405 -0.669833961921066 -0.989969646966265 0.134990625382987 -0.0416848790853405 0.0284779541061493 -0.0309397124751241 0.00929832175625226 -0.283170337549731 -0.153667081240161 0.296010001941742
6.94110017952904 0.654591644168041 24.0839883533363 0.0988480565935156 -0.139808747172081 -0.985232244662052 -0.992084794958324 0.0632026565918319 -0.108504303196431 -0.00812743369460804 0.149845627376212 0.421761208925911 -0.444981819732267 -0.406976782293735 -0.373000775567423
6.6124979763003 1.00299464203778 23.8859301445054 -0.0467926463901676 -0.830483585568138 -0.555074285430001 -0.99751519903357 0.0681476064437926 -0.0178698470285318 -0.221884850228479 0.0812029120827699 -0.328080028935435 -0.0461090741460348 0.174045047059067 0.12312551495093
6.13605820426818 0.712990379331383 23.5450682985205 0.389575393374193 -0.744115578724917 -0.54269974974762 -0.91561011588544 -0.37654093306663 -0.140978868677617 0.136845805825588 0.269063240581201 -0.305845033530704 -0.230508956430043 0.000970794070356618 0.628843579307104
5.74402648779775 0.690353262864373 23.2095490181204 0.314172813764183 -0.883335624091092 0.347870117002177 -0.948808577005429 -0.279597231390506 0.146927439233385 -0.362728147480136 0.369160519855504 -0.138578259525439 -0.280930107529425 -0.345584498657541 -0.212811029499287
5.51216333696909 1.14150105847506 24.044052696894 -0.223300809494421 -0.807680555100986 0.545700347618429 -0.756972625954528 -0.209017125459518 -0.619115728131755 -0.197829802042339 -0.155844457850314 0.113539393106584 0.715494775597113 -0.235349133001467 -0.36559336866148
4.92082274050908 0.873214530948383 23.7789050477469 0.307753208932813 -0.934150360981505 0.180696058256452 -0.834669647228528 -0.356228143713286 -0.420033438694956 0.433157045520025 -0.383651109147724 -0.238202212533975 0.480314372164834 0.259457083790576 -0.244649095434896
4.56470296016248 2.04871566787488 24.2765342832643 0.140433679188862 0.437132036801385 0.888365895423413 0.431151170380357 -0.834715728574841 0.342576007258729 -0.237301008276493 0.307967430090169 -0.00240940778976611 0.664442434399443 0.137938383387245 0.391247516051487
3.77321260467826 2.43988785121107 23.8301916047679 -0.525964198870578 0.64257257007866 -0.557191307980476 0.85001790949205 0.419354497701273 -0.318765366375538 -0.428896330297451 0.0300842894105636 0.256116717305675 -0.0273149976050524 0.0949281190420377 -0.25878584025535
3.05490073688059 2.79913066744583 23.9833606002211 -0.824601028963554 0.477144908575639 -0.303917553380289 0.565524802423771 0.681346438332649 -0.464702839258534 -0.142141558381524 0.0873707442500595 6.17055508113356e-05 -0.255736176793385 0.156776322279557 0.37351831727636
6.27725058607869 -13.2557747034013 17.2767783360644 -0.736989496934907 -0.0868588453733551 -0.670299949565778 -0.542668604090247 -0.515160878642494 0.663415446949252 -0.0392592810370003 0.161050993812597 -0.19522442153289 0.175322040891322 -0.118128283773113 -0.134381157045226
6.97192081931759 -14.1779248355891 16.7540160826364 -0.846847340015815 -0.4902888415113 -0.206073857142367 0.237698166557014 -0.00229871154792665 -0.971336346247057 0.237438207162024 -0.321032048029128 -0.101937259358542 -0.300128490266629 -0.157655012299322 -0.408182013115362
7.07878662808977 -14.4471352683123 16.427349085658 -0.837762683770655 0.370627136494287 -0.400985300697465 0.308501247834204 -0.284646897310796 -0.907636008505627 0.351113517645447 0.0850135277127742 0.40940007872856 0.518755048297819 -0.344510530460825 -0.270683833296245
7.3002730719895 -13.7327591464693 16.0841204153217 0.559116381300734 0.282991719116573 0.779297477907226 0.606728340750133 0.500930497466366 -0.617210950355483 0.145484817590171 0.206463986181596 -0.571818440910556 -0.421953959842905 0.131641205081727 -0.0193562453133292
7.45477701073127 -13.2536078961407 15.9527314752413 0.810361539751951 -0.370788567062427 0.45368492748461 0.58447798077511 0.457061428077799 -0.670432950378088 0.338419963661208 -0.27605782103672 -0.351029731492595 -0.125490266456143 -0.0631943417184019 -0.122322127537788
7.8975883259499 -13.0034700489313 15.8394156401906 0.356635807098867 -0.910499095614316 -0.209289985380396 0.659216711229952 0.403991977954606 -0.634211170970256 -0.242741377591428 -0.501885017742374 0.210048641983168 -0.0697049746167879 0.268406773845836 -0.322696699719654
8.22115541543799 -12.5886778418925 15.442773005136 0.219827723576641 -0.975492626750691 -0.00948193557668361 0.701881617795581 0.164904854259672 -0.692941977110858 -0.0403841942577822 0.0763315082536895 -0.329834300284772 -0.30489768734193 0.459240372038218 -0.267843486567834
8.68097704650599 -12.6023873563884 15.3209520750211 -0.400185162560436 -0.665900226020742 -0.62962586085067 0.732431953211005 0.180538196449707 -0.656467359080601 -0.0753548149097518 -0.0119061138507293 0.266007877530341 -0.151341267239033 0.336654266486957 0.372046927063824
9.06533874034966 -12.8813250562797 15.1717829009894 -0.632107619489171 0.287146613540565 -0.719712984262359 0.774000018180627 0.278240766121407 -0.568775920661697 -0.428507503761313 0.0723126663700006 -0.53100500441808 0.626216161869716 -0.1444898448672 0.251705300208008
10.2770199151579 -13.3134964177626 15.5047169678884 0.846490083146009 0.159564587961883 -0.507930784068061 0.333579309874565 0.584597634907784 0.739574505566463 0.0650397153645697 -0.11326152676529 0.238796956229847 0.0200236231031561 0.284780858828616 0.17713537334363
10.5542263784216 -13.0976709054391 16.0131130791426 0.118630263738414 -0.823497839461171 -0.554777585098772 -0.460900887119676 0.449215274200657 -0.76536005231338 -0.517188586380027 0.296053360299359 0.337436857018018 -0.50077358165716 -0.649076339782919 0.69372097278791
11.33616763342 -12.7662757888791 16.2967463715099 0.168675920886518 0.6904955231801 0.703394886377032 0.255120090746898 -0.719886078498855 0.645505827456929 -0.0279347132931876 -0.580081464895565 -0.0681652579662145 0.442418323553855 0.188826645497904 -0.146140659595016
11.50861410742 -13.0654057721324 16.8327268101493 -0.473427394068757 0.82609664971599 0.305664567578805 0.0123855938322603 -0.340740070757486 0.940075955040613 0.0516230542647399 -0.000552759360917937 0.0421837303009462 -0.080843331144473 -0.292614015566792 -0.149452155857214
11.5164475852663 -12.8894838564351 17.2988054689056 -0.994245396430531 0.0211914052687767 0.105009599653667 0.0970454495730666 -0.236962224888301 0.966659756425762 -0.834261812443949 -0.0223713567840481 0.279321435223737 0.0189282334974476 0.31176160124149 0.338607165709924
11.7831610511781 -12.1531094595838 17.7212400175383 -0.81119587234683 0.529288734200889 -0.248625607159679 -0.453276262721573 -0.300500835635165 0.839190012712079 -0.01844472530862 -0.533728992342078 -0.540422499099795 0.236569170047138 -0.101586782171767 -0.193147053715381
12.3266831570558 -11.6671495396255 17.5104216213819 -0.747566161133672 0.501742738936117 0.435200021429895 0.16063280882553 -0.499206518150919 0.851463418453399 -0.0757888267522885 0.00721264698983629 0.1796301956313 -0.208106871731475 -0.410914958802951 -0.652781720385524
12.5459501522337 -11.6140979989415 17.9219801941474 -0.952541590215823 -0.238010985789249 0.189776946841619 0.280830107451627 -0.446509506061842 0.849566778861441 0.637059888886982 0.369541732487912 -0.0751922128702064 -0.0382186523494284 0.422514761194211 0.0545449182208094
12.5031109146099 -11.6718563133099 18.3963158500961 -0.412716957778838 -0.882982310102192 -0.223622344161724 0.429247820798019 -0.405079059006814 0.807252912224176 0.0276607548121383 -0.2640139638812 0.0999215249106038 0.0495601365628366 0.222758098967245 0.341296063809047
12.3424418320943 -11.8463758325306 18.8356374109122 0.301883962195036 -0.812921119981183 -0.498021411244511 0.249516918274775 -0.436810688525411 0.86425559291483 0.110127440046084 0.823117163781122 -0.264230225513589 0.0511084869945362 -0.397760361274035 0.109891394472656
12.1517517928823 -12.2437904906459 19.071756973382 0.954199569211179 -0.271728128594707 -0.12516791221253 -0.0255506019406719 -0.490871973874221 0.870856975631197 0.339464661076299 0.0454138622739548 -0.0114012847907442 -0.0943375173252798 -0.0028438550286958 0.459622913898833
12.3624968145022 -12.7220284677083 19.30752508078 0.784407354384032 0.619182521874413 0.0363057432575596 0.155145838075193 -0.252545735091811 0.955065662986119 -0.113480990702251 0.145168937907998 -0.00397708232950599 -0.859754794580811 -0.152773991867 -0.374161570170266
12.6807193817893 -12.8875002189431 19.6394459094534 0.186097325194135 0.939556547691339 0.287404382788469 0.279952059157166 -0.331094435300452 0.90111226797037 0.252928688911928 -0.519775469809313 -0.00801027854565747 -0.136724031026605 0.45035732150148 -0.0495429496030531
12.9886358104996 -13.097476889549 19.9777705997747 -0.474215405115848 0.774556491716826 0.418547477223488 0.0670619155491487 -0.442241412308094 0.89438539384454 -0.279848485256031 -0.409303603911232 0.387657575271281 0.0821806300184426 0.193119383487666 -0.23260075811711
13.1060794714366 -13.0715940782698 20.4619586317102 -0.937953461759078 0.268147646265528 0.219863920133651 0.142847646124965 -0.278960002308909 0.949618800945165 0.207795033592354 -0.29927281896995 -0.073156141712735 0.229720109198928 -0.0130019216591197 0.0879179915430039
13.1048336450433 -12.963148688988 20.9706307473202 -0.851260741841176 -0.467010557833542 -0.239282862470404 -0.0271269854259213 -0.41622547681994 0.908856687881971 -0.786941476959596 -0.283909615204367 0.0481984108085911 -0.0219678887466855 0.0529460546941237 0.175449807565112
14.0319694906563 -12.5959691412631 21.6281064920267 -0.798340225214954 0.597428769857915 0.0757083202144405 -0.365495857804172 -0.580605830008625 0.727536698791161 0.704954145920871 0.100336337205523 0.305672771190829 0.366553603498654 -0.0168022810138585 0.0824262476831938
