t = 100000000
b = 105 105 105
E = -0.297475611633348 -0.694482313988576 0.397006702355228
25.5069180876577 -149.176186810122 -152.28584368337 0.821862470197681 -0.407300467529166 0.398306928425485 0.473380027242334 0.099280298629916 -0.875245549609864 -0.00877013170745005 0.381483418065371 -0.804704012735525 -0.314258808091897 0.0772560960559505 -0.648090684465986
25.8666694086338 -149.00350807334 -152.629561012357 0.577685339405145 -0.683574940533626 0.446099707813814 0.586010636624173 -0.0331260699160943 -0.809625961327427 -0.475379363306848 0.46744880554437 0.300259577231884 -0.307414679547619 0.161069256231037 0.277638680509638
26.377603009619 -148.895226505616 -152.757928694811 -0.133608366768006 -0.978005760997224 -0.160167211958257 0.62079319485051 0.0433856305769958 -0.782772953215435 0.0968360056577612 -0.582751541540143 -0.501146553066191 0.176944483383614 0.073996141114689 -0.149855615411684
26.5924559802642 -148.489394616473 -153.63494687243 -0.0491604770553128 -0.969685641103102 0.239359572469085 -0.664621650828215 -0.14713010314346 -0.732550881508559 0.0169382185802246 -0.294662516716912 -0.22852611137703 -0.466177844318415 0.418366769256417 0.00586296024514452
26.4004557759138 -148.737192323606 -154.055150528227 -0.499249581142918 -0.449690359779016 0.740627055980698 -0.7386105347343 -0.22600932999499 -0.635117517263231 0.354835374480208 0.123565795474566 -0.110500454996335 0.124750229306855 -0.631025779927301 0.137041026948066
26.0491585578029 -149.024165764533 -154.332863776461 -0.522590768716121 0.523638712926731 0.672830875314533 -0.788893936768142 0.00229693156548283 -0.614525085440112 -0.0797829377307633 0.223566230756604 -0.609572385344791 0.740879805080029 -0.451855782002348 -0.152685355562108
26.0493027413161 -148.983239782304 -155.936870521928 0.190032987756702 0.151968814662969 -0.969944814374959 0.0311921687942856 -0.988383289752578 -0.148746499603281 0.216432540994398 -0.479293599743619 0.150286217983475 0.165265956861484 -0.677348418870693 0.590330371457178
26.3925673879065 -148.278572325384 -155.924540162169 -0.0862803598235616 0.256989236375008 0.962555053956138 0.847490751836463 0.526852753460423 -0.0646962264884021 0.403772408325938 0.227724492412575 -0.0270537971125386 -0.193326245046713 0.338035861803855 -1.08036975966892
26.6097692238783 -147.758371478692 -155.88973617825 0.226850122819055 -0.396434343087295 0.889594757965758 0.876597399230292 0.481137977479185 -0.00912394050168467 0.134320193378259 0.219261678715139 -0.216834525883735 0.526527710646821 -0.348209377033152 -0.180578490334487
26.7970896501606 -147.310386819534 -155.675568918235 0.652809177736136 -0.754983030256301 0.0619742001776438 0.73711764256795 0.614235068289235 -0.281731897195551 0.140412304535292 0.151172400303715 0.316957869868518 0.186915234722289 -0.575268621275497 -0.0785153177894928
27.3407683400766 -147.114678073613 -155.635485999603 0.0411181063213335 -0.845105522058605 -0.533015907752374 0.646067095621391 0.429426263923459 -0.631023289432545 -0.13288809103325 0.368739633570769 0.0287450698461106 0.37579292547528 -0.726866741219895 0.313804043754299
27.8327237169263 -147.022031774982 -155.786895927992 -0.464323060431791 -0.612626388178297 -0.639603786776945 0.718563233000544 0.16159845257304 -0.676426507691038 0.0279979828660525 -0.119453686099856 -0.193573196205498 -0.546819995360184 0.321164747415567 0.23368557630646
28.2393547905268 -147.254993201323 -155.970233349691 -0.665285682665335 -0.11687231515919 -0.7373844468064 0.745640750137108 -0.153773059154012 -0.648362335436548 0.0177693381491509 -0.148729098563378 -0.241520713582695 0.407759067614328 -0.219475902225321 -0.623576104217652
28.4095687725777 -147.608481066356 -156.303988171985 -0.365376650396106 0.799045942868343 -0.47752014044547 0.772361796318455 -0.0260980091423841 -0.634646476005698 -0.059655864184539 0.0182070177862616 0.349673881869671 -0.203100278080751 -0.365119017963537 0.698466404474287
29.0455592126628 -147.251112316084 -156.569286828721 -0.739435845739911 0.448798940885757 -0.501810861474021 0.670631806405131 0.556421482919161 -0.490558980739974 0.201594650318679 0.0460566427053308 -2.67160237062248e-05 0.042892979201677 -0.877941738690448 -0.102717524187932
29.3389425164579 -147.07980415837 -157.015362819458 -0.655917846499511 0.731992594032919 0.184278650208159 0.564895172242336 0.637945351812678 -0.523372880915358 0.709287573705717 -0.0802103471535322 0.502059104284436 -0.519951885750053 0.207769324866635 -0.101350543165932
29.3917873167577 -146.80167567418 -157.498486203777 0.137547459117969 0.677518719919692 0.722529639980333 0.554636026159351 0.551691479228999 -0.622908813737471 -0.554056290638113 0.263144364222222 0.762620330946494 -1.0778413183206 0.733153117246305 -0.188461526113241
30.0719134844439 -146.829060485318 -158.55151242682 0.78540564112326 0.160718187507869 -0.597752158588376 -0.595352204203512 -0.0681318060455138 -0.800570927498021 0.0387475614445182 -0.154618209584594 0.644433891037447 0.187198725085463 -0.158690966111859 -0.420999902630636
29.7836448981497 -146.773784065727 -159.037837882912 0.95406991388934 -0.252234172630365 -0.161643192148261 -0.188396916493128 -0.0856340153995044 -0.978352399324115 0.28038542472576 0.628549957170294 0.59534966088158 0.959231521762618 -0.431704536467394 0.199297399934786
29.8301301653245 -146.632031600712 -159.498902325265 0.439401685111956 -0.897507734185068 0.0374970158473235 -0.131686804601198 -0.10565052053016 -0.985645247036765 -0.100501117519242 -0.148244577318276 0.130065857038275 -0.302119916381584 0.370164559992395 0.389945369376479
30.0593490579612 -146.758515597761 -159.923377518651 -0.43523382748669 -0.889046217866775 0.142015273511176 -0.0534948893245477 -0.13192353061458 -0.989815376161916 0.706303005417542 0.465468093735885 0.0267688464568307 -0.287187582230233 -0.488540120111348 0.0270284596145129
30.1862807622051 -147.035898642942 -160.226742447334 -0.981290510467931 -0.172358436281555 -0.0857992045975913 0.113165410804409 -0.155807812093123 -0.981283606043717 -0.109770490386255 -0.711290260244993 -0.0628680129902981 0.304084290007795 0.127924370177531 0.046737565413128
29.8836951469433 -147.384418778504 -160.418989188092 -0.579549973173811 -0.780210471701706 0.235358128056022 -0.0603627385221289 0.329110362815975 0.942360180019953 0.606367431708423 -0.420738115071723 -0.371723987782897 -0.622809214435214 -0.799877695201119 0.28626993960998
30.5846763146692 -147.292155628087 -159.703826213507 -0.400236555428374 0.883093318200942 0.244860962684559 0.0546083714679852 -0.243737803445594 0.968302539982439 0.126291247265553 0.00664705555908295 -0.46162710132656 -0.129497951290166 0.334057260485623 0.199934218647086
30.9081694368234 -147.102485603838 -159.352746363807 -0.895958055468001 0.301001660711139 0.326584082726572 0.344574296102555 0.0071402306789531 0.938731895470317 -0.392600682977345 -0.105955309151481 -0.42802632613205 -0.325824553974972 0.310847471853517 0.0634292909571626
31.054132158944 -146.81636148335 -158.939467868899 -0.889233460909744 -0.418255481578836 0.185273322760024 0.205955722574359 -0.0044070022787632 0.978551387852628 -0.31906011699182 -0.0750187528123376 -0.499594324209064 -0.241677782224316 0.00737817968331165 0.906289239936019
-1.0844961034151 -133.280917615846 -125.306457761216 0.211352626418362 0.616010040760914 -0.758855517860582 -0.68040630741777 -0.464656344346367 -0.566693690173622 0.48535531860786 -0.310232011556278 -0.482766463540748 0.532945097398952 -0.140528578347142 0.477322948515969
-1.48890399820045 -133.211421418966 -125.54609843763 0.628499627067566 0.00982744493321511 -0.777747799805065 -0.718510568668665 -0.375602959165674 -0.585375930302083 0.349015140091027 -0.318423207045752 -0.428205673731633 0.555327017019226 0.263872267180614 -0.282999637376572
-2.19905832706185 -134.437064182106 -124.82024197879 -0.791696133596538 -0.242664693412886 -0.56065236877907 0.261089030259511 -0.964090547207042 0.0485997434386051 0.129805788051974 0.335349892470798 -0.0480889300185143 -0.24537016931281 -0.0641732044691108 -0.262669532528052
-1.44081388595204 -134.773477009535 -125.482358640471 0.811587626979139 0.0629520478036546 -0.58082920330468 -0.480323460882643 -0.494064052416752 -0.724699996576006 -0.385472679677755 0.443094246143975 0.230157854231058 -0.226714784819134 0.518766084353486 -0.142919697238621
-1.59241310199606 -134.771324815187 -125.956272714771 0.74903970253982 -0.656801135726999 0.086901047892917 -0.453437362426313 -0.603852886240117 -0.655557968554047 -0.479111176238226 0.0759635731642826 -0.343920984478642 0.152127955411108 0.0513321210384859 -0.0825374558043416
-2.92755149658095 -134.392031563295 -126.238506532247 -0.0396868530153299 -0.216234980618795 -0.975534410901744 0.0911124382096813 -0.973019462053385 0.211970870802134 0.568549378478562 0.177913577842364 0.521901665792358 -0.275568946551577 0.192539007005933 -0.403055733013704
-1.89655628125683 -133.703695434104 -126.316870631905 0.518621540141162 -0.38692639732345 0.762443218317312 -0.0871655579404186 -0.911023155448627 -0.403037189034518 -0.110796100805028 0.201098449632389 0.254217943927817 -0.157687215817413 0.365947587627257 -0.21789433208336
-1.70231770248015 -134.160360852367 -126.511327145551 -0.1135749010056 -0.293112726384684 0.949307996117473 -0.0112737165669529 -0.955048833581043 -0.296234077701564 0.265941879418972 0.050820108722251 0.449902640795184 0.446224408921348 0.273005436889913 0.430057663093882
-1.63153538907574 -135.082182809193 -127.296373127035 -0.242299734542648 -0.953114596513414 0.18128266478986 0.00906524521258249 -0.189066482132897 -0.981922444321925 -0.306516513418262 0.682146809451908 0.489106104022053 -0.203748560515081 0.174029826270142 -0.202803380306392
-1.47567293846739 -135.349771380026 -127.831751270492 -0.847945007555123 -0.437237166006965 0.299688045847945 -0.136259426935407 -0.366573444698835 -0.920357147096751 -0.0948736472491849 -0.0754747659083907 0.0255993424909188 0.104904432486699 -0.179991973149315 -0.131548738999734
-1.45818877591534 -135.73901137753 -128.188604742756 -0.878333900721327 0.466660937128456 0.103716578237707 -0.234981946849223 -0.232518023157283 -0.943779027930723 -0.0104527974749271 0.493174954036123 0.175984596924439 -0.0829089033780896 -0.126695666268379 0.300248424394193
-0.847844028817116 -135.71240190432 -129.043575090229 -0.483150285620668 -0.792505761834224 0.372156444204161 -0.701069755845891 0.0955624687108711 -0.706660464446579 -0.445027203312357 -0.327812753098577 -0.248903561143609 0.033446353816217 0.12907179252904 0.134505344571159
-1.01567320676945 -134.791457115852 -129.565938105634 -0.638773162277797 0.491210117081157 -0.592183643840126 0.229454550452882 -0.613028296835617 -0.756007219909013 -0.396150292477459 0.227696018953773 -0.156354722430744 -0.227603308772968 -0.165274566524623 -0.0283053660245923
-1.14638047982904 -135.08595148543 -130.001521880174 -0.642185727168976 0.639066924410677 -0.423309529712958 -0.0596695776196554 -0.592227373584289 -0.803558510305518 0.152928256787759 0.0758959008154582 0.0691219194721174 -0.266573258097273 0.0354486466033083 -0.134693082040095
-1.05114002573102 -134.912619523409 -131.096087028845 0.329064619831621 0.0936273976096039 -0.939654397314711 -0.677378470401427 -0.6698982329455 -0.303965072557187 0.420859176348058 -0.329217039093313 -0.399236789318021 -0.243497832241119 0.368283326990723 -0.02888435938554
-1.53196024956667 -134.994345715283 -131.268407872039 0.618740602256384 -0.286875192976953 -0.73134307323825 -0.736555789160924 -0.535602475049503 -0.413056361980966 -0.338721083373705 -0.246395831349617 0.302044123475946 -0.487040555540766 0.0749039123054323 0.228188341009373
-1.88023826252458 -134.946292213689 -131.566144977601 0.587200314195308 -0.797897490908866 -0.136218152278686 -0.789826575369488 -0.527976100323246 -0.312114111066182 -0.371306905656801 0.382846265420763 0.332109184018373 -0.00787061954159334 -0.319763832745947 -0.0794401153117496
-2.17475301485319 -135.209496283163 -131.947469887965 0.382930648279505 -0.877450309054769 0.288868609835002 -0.745478857490371 -0.478195957882321 -0.464316593392761 0.603554506422558 -0.0405964154963568 -0.27726219075866 0.245881079851883 -0.0205109880719715 0.19903821447911
-2.31014370208268 -135.555733478911 -132.375628182039 -0.0211498880652456 -0.552032352247354 0.833554415924317 -0.846303794898825 -0.433997971939429 -0.308894232856714 0.30280160402829 0.126493697244227 -0.105490516061427 -0.275575711799915 -0.501844216772421 -0.828245618711113
-2.40594760321992 -135.881760372085 -132.559323721037 -0.719831093352776 0.148253529241475 0.67813279533721 -0.599509976520253 -0.625219610421535 -0.499688129533899 -0.185606618561676 0.158111479517483 -0.16184667456619 0.0708892851735475 0.372669544599093 0.224316244550559
-2.36517326171513 -135.980696410227 -133.355338965055 -0.913712567167292 -0.376443150989133 -0.153035612433432 0.143743306921373 -0.651665714181134 0.744761477705133 -0.386360577753918 0.398110092722316 -0.552413984970004 -0.9162327779114 -0.0962456813690663 0.0363502336436889
-1.19888554014955 -136.721039306855 -134.112347413611 -0.444843203596969 -0.167880745388414 -0.879733243399041 0.807109728728301 0.350604208303939 -0.475026920198544 -0.670263114944914 -0.268632002064777 -0.733921295516637 0.521463498917873 0.0417457806670086 0.095978817180153
-0.841943524056193 -136.832828330186 -134.347983940938 -0.480489597218401 0.590107568530496 -0.648770224754139 0.869390962847897 0.22326326863303 -0.440809331341446 0.292197052697232 -0.207884845553241 -0.257209456273632 -0.113988690996897 -0.0452791520028933 -0.357875914842152
-0.742824166898623 -136.621152579316 -134.835585547054 -0.375870884733725 0.907993941888193 0.185116394479263 0.808827874588558 0.418948809846008 -0.412649202129287 0.307141955230836 -0.190469790316075 -0.135166717295634 -0.0900502217340039 0.108000462315529 -0.234954637587741
-0.472363293541446 -136.296541362995 -135.229709718947 -0.208351032690524 0.675951398760978 0.706880155109835 0.835991178659454 0.498212190946653 -0.23000730856672 -0.131580422466867 -0.382270743449164 0.109546989348276 0.49502084385974 -0.808866694070141 -0.233611356258266
-0.278197267143196 -135.952782519925 -135.503134693644 0.229835218230853 -0.00378886116016821 0.973222182748653 0.918279837970112 0.332103800601193 -0.215567170049501 0.284084594083828 0.329314357654737 0.120947331710262 0.569429033721074 0.243220499852777 -0.115338100768138
