       21.0742 0   0.005068   0.005068   0.314857    0.061029   0.000000  -0.613290   0.000139   0.000000   0.000000   0.000000   0.030657
       20.6408 0   0.000006   0.000006   0.333351    0.038428   0.000000  -0.591642   0.000000   0.000000   0.000000   0.000000   0.029148
       20.4662 0   0.001028   0.001028   0.322416    0.044163   0.000000  -0.614204   0.000000   0.000000   0.000000   0.000000   0.029338
       20.7489 0   0.000254   0.000254   0.340124    0.062084   0.000000  -0.587951   0.001018   0.000000   0.000000   0.000000   0.025026
       20.3824 0   0.002143   0.002143   0.343064    0.046234   0.000000  -0.572740   0.000000   0.000000   0.000000   0.000000   0.031657
       21.0177 0   0.003794   0.003794   0.322259    0.065084   0.000000  -0.602531   0.000000   0.000000   0.000000   0.000000   0.031545
       20.6605 0   0.000001   0.000001   0.316145    0.027782   0.000000  -0.563442   0.000000   0.000000   0.000000   0.000000   0.038381
       20.5768 0   0.000176   0.000176   0.333138    0.035012   0.000000  -0.564890   0.000000   0.000000  -0.000000   0.000000   0.026349
       20.5480 0   0.000330   0.000330   0.321079    0.046887   0.000000  -0.604794   0.000000   0.000000   0.000000   0.000000   0.034809
       20.8617 0   0.001232   0.001232   0.271219    0.036960   0.000002  -0.589838   0.000000   0.000000   0.000000   0.000000   0.035282
       20.8862 0   0.001542   0.001542   0.317103    0.052219   0.000000  -0.614604   0.000000   0.000000   0.000000   0.000000   0.025491
       20.3073 0   0.003488   0.003488   0.328098    0.055883   0.000000  -0.621820   0.000000   0.000000  -0.000161   0.000000   0.033058
       20.6378 0   0.000009   0.000009   0.340568    0.044225   0.000000  -0.624848   0.000000   0.000000   0.000000   0.000000   0.037745
       20.8760 0   0.001409   0.001409   0.310279    0.036336   0.000000  -0.607841   0.000000   0.000000   0.000000   0.000000   0.026586
       20.7021 0   0.000064   0.000064   0.346322    0.040923   0.000000  -0.641829   0.000000   0.000000   0.000000   0.000000   0.032224
       20.3650 0   0.002426   0.002426   0.338931    0.052846   0.000000  -0.661338   0.000000   0.000000   0.000000   0.000000   0.030758
       20.7345 0   0.000182   0.000182   0.330966    0.038172   0.000000  -0.599556   0.000000   0.000000   0.000000   0.000000   0.025822
       20.5407 0   0.000377   0.000377   0.324943    0.033275   0.000000  -0.587321   0.000000   0.000000   0.000000   0.000000   0.031910
       20.7030 0   0.000066   0.000066   0.340771    0.038617   0.000000  -0.594412   0.000000   0.000000  -0.000026   0.000000   0.029929
       20.4327 0   0.001425   0.001425   0.370865    0.057795   0.000000  -0.613311   0.000000   0.000000   0.000000   0.000000   0.027818
       20.8153 0   0.000742   0.000742   0.368652    0.040119   0.000000  -0.618303   0.000000   0.000000   0.000000   0.000000   0.029453
       20.7122 0   0.000094   0.000094   0.319688    0.038653   0.000000  -0.570904   0.000000   0.000000   0.000000   0.000000   0.031427
       20.5899 0   0.000122   0.000122   0.330483    0.052892   0.000000  -0.566177   0.000000   0.000000   0.000000   0.000000   0.032303
       20.7141 0   0.000101   0.000101   0.319522    0.055618   0.000000  -0.551381   0.000000   0.000000   0.000000   0.000000   0.030228
       20.5856 0   0.000139   0.000139   0.360755    0.046185   0.000000  -0.584665   0.000000   0.000000   0.000000   0.000000   0.030853
       20.7246 0   0.000140   0.000140   0.324495    0.050093   0.000000  -0.579626   0.000000  -0.007402  -0.004082   0.000000   0.031043
       20.5820 0   0.000154   0.000154   0.382577    0.045615   0.000000  -0.634850   0.000000  -0.020672  -0.011183   0.000000   0.034695
       20.5262 0   0.000478   0.000478   0.322018    0.062140   0.000000  -0.621229   0.000252  -0.024102  -0.010762   0.000000   0.036868
       20.9633 0   0.002742   0.002742   0.344154    0.050724   0.000000  -0.649340   0.000000  -0.029416  -0.011520   0.000000   0.028193
       20.7876 0   0.000507   0.000507   0.304533    0.043335   0.000000  -0.647957   0.000000  -0.023717  -0.010946   0.000000   0.030288
       20.6391 0   0.000007   0.000007   0.291652    0.039135   0.000000  -0.688893   0.000000   0.000000   0.000000   0.000000   0.028236
       20.6608 0   0.000001   0.000001   0.273462    0.053753   0.001057  -0.679793   0.000000   0.000000  -0.000000   0.000000   0.027155
       20.7001 0   0.000059   0.000059   0.327157    0.053471   0.000000  -0.706121   0.000000   0.000000   0.000000   0.000000   0.027058
       20.9184 0   0.002001   0.002001   0.343987    0.044521   0.000856  -0.705704   0.000000   0.000000   0.000000   0.000000   0.030892
       20.7318 0   0.000170   0.000170   0.321511    0.067875   0.000000  -0.698158   0.000000   0.000000   0.000000   0.000000   0.027855
       20.5150 0   0.000565   0.000565   0.340220    0.043307   0.000000  -0.706556   0.000000   0.000000   0.000000   0.000000   0.035696
       20.5587 0   0.000268   0.000268   0.345354    0.040010   0.000035  -0.661461   0.000000   0.000000   0.000000   0.000000   0.033800
       20.7536 0   0.000281   0.000281   0.354657    0.051378   0.000000  -0.672376   0.000000   0.000000   0.000000   0.000000   0.027341
       20.5171 0   0.000549   0.000549   0.346788    0.037154   0.000000  -0.669842   0.000000   0.000000   0.000000   0.000000   0.030055
       20.8036 0   0.000637   0.000637   0.342959    0.050413   0.000000  -0.644816   0.000000   0.000000  -0.000000   0.000000   0.031178
       20.4303 0   0.001456   0.001456   0.328409    0.031433   0.000000  -0.629834   0.000000   0.000000   0.000000   0.000000   0.027307
       20.9039 0   0.001788   0.001788   0.312056    0.044629   0.000000  -0.642479   0.000000   0.000000   0.000000   0.000000   0.028960
       20.3581 0   0.002542   0.002542   0.386896    0.043932   0.000000  -0.627978   0.000000   0.000000   0.000000  -0.009833   0.028525
       20.4423 0   0.001305   0.001305   0.328231    0.057528   0.000000  -0.577019   0.000000   0.000000   0.000000   0.000000   0.030219
       20.7420 0   0.000218   0.000218   0.346760    0.052842   0.000000  -0.636041   0.000000   0.000000   0.000000   0.000000   0.032189
       20.6468 0   0.000002   0.000002   0.339508    0.049641   0.000000  -0.660567   0.000000   0.000000  -0.001454   0.000000   0.030015
       20.7645 0   0.000346   0.000346   0.334345    0.049585   0.000000  -0.633612   0.000000   0.000000   0.000000   0.000000   0.031490
       20.1976 0   0.006036   0.006036   0.374355    0.042640   0.000000  -0.685875   0.000000   0.000000  -0.000027   0.000000   0.029335
       20.5984 0   0.000092   0.000092   0.341972    0.046006   0.000000  -0.670494   0.000000   0.000000  -0.000000   0.000000   0.025656
       21.0518 0   0.004543   0.004543   0.314759    0.050098   0.000000  -0.648814   0.000000   0.000000   0.000000   0.000000   0.028162
       20.6155 0   0.000045   0.000045   0.332330    0.034036   0.000000  -0.634075   0.000000   0.000000   0.000000   0.000000   0.030085
       20.3546 0   0.002604   0.002604   0.321435    0.046736   0.000000  -0.612500   0.000000   0.000000   0.000000   0.000000   0.029235
       20.5977 0   0.000095   0.000095   0.321738    0.033153   0.000000  -0.672832   0.000000   0.000000   0.000000   0.000000   0.029867
       20.8431 0   0.001021   0.001021   0.330870    0.036657   0.000000  -0.680655   0.000000   0.000000   0.000000   0.000000   0.030944
       20.5969 0   0.000097   0.000097   0.288206    0.047211   0.000000  -0.654896   0.000000   0.000000   0.000000   0.000000   0.029069
       20.6845 0   0.000025   0.000025   0.302037    0.045960   0.000000  -0.660985   0.000004   0.000000  -0.000069   0.000000   0.033874
       21.2381 0   0.009809   0.009809   0.317598    0.073652   0.000000  -0.677549   0.000000  -0.010394  -0.003278   0.000000   0.026571
       20.3779 0   0.002215   0.002215   0.378017    0.055245   0.000000  -0.664848   0.000000   0.000000   0.000000   0.000000   0.030785
       20.5417 0   0.000370   0.000370   0.314484    0.045779   0.000000  -0.643081   0.000000   0.000000   0.000000   0.000000   0.032770
       20.8158 0   0.000746   0.000746   0.295126    0.056075   0.000000  -0.679627   0.000000   0.000000   0.000000  -0.012344   0.030056
       20.7202 0   0.000123   0.000123   0.316039    0.033573   0.001950  -0.615777   0.000000   0.000000  -0.000008   0.000000   0.033827
       20.3530 0   0.002630   0.002630   0.356659    0.047936   0.000433  -0.646154   0.000000   0.000000  -0.000565   0.000000   0.026530
       20.7247 0   0.000140   0.000140   0.350178    0.047464   0.002632  -0.606244   0.000000   0.000000   0.000000   0.000000   0.032011
       20.5019 0   0.000676   0.000676   0.358330    0.055492   0.000000  -0.652566   0.000000   0.000000   0.000000   0.000000   0.031844
       20.5097 0   0.000609   0.000609   0.303695    0.057802   0.000000  -0.637493   0.000000   0.000000   0.000000  -0.000062   0.030302
       20.7556 0   0.000292   0.000292   0.337209    0.060442   0.000000  -0.664134   0.000000   0.000000   0.000000   0.000000   0.029845
       20.7320 0   0.000171   0.000171   0.328477    0.052123   0.000274  -0.643824   0.000000   0.000000   0.000000   0.000000   0.026928
       20.5289 0   0.000459   0.000459   0.345717    0.052179   0.000000  -0.613871   0.000000   0.000000   0.000000   0.000000   0.033830
       20.6751 0   0.000012   0.000012   0.345767    0.042486   0.000239  -0.622680   0.000000  -0.000000   0.000000   0.000000   0.031502
       20.7180 0   0.000115   0.000115   0.351873    0.065192   0.000000  -0.681565   0.000000   0.000000   0.000000   0.000000   0.028673
       20.3943 0   0.001961   0.001961   0.344092    0.040658   0.000000  -0.664504   0.000000   0.000000   0.000000   0.000000   0.041125
       20.4955 0   0.000734   0.000734   0.352581    0.062307   0.000000  -0.660142   0.000000   0.000000   0.000000   0.000000   0.027710
       20.5521 0   0.000305   0.000305   0.353715    0.052328   0.000000  -0.687591   0.000000   0.000000   0.000000   0.000000   0.029128
       20.9994 0   0.003422   0.003422   0.333966    0.046163   0.000000  -0.632392   0.000000   0.000000  -0.000227   0.000000   0.031534
       20.6477 0   0.000002   0.000002   0.337343    0.057053   0.000490  -0.678218   0.000000   0.000000  -0.000000   0.000000   0.030303
       20.6432 0   0.000004   0.000004   0.308729    0.059037   0.000000  -0.650988   0.000000   0.000000   0.000000   0.000000   0.029134
       20.5136 0   0.000577   0.000577   0.284806    0.048839   0.000000  -0.626475   0.000000   0.000000   0.000000   0.000000   0.029430
       20.6532 0   0.000000   0.000000   0.302052    0.061341   0.000000  -0.692763   0.002456   0.000000   0.000000   0.000000   0.033316
       20.7457 0   0.000237   0.000237   0.337838    0.060705   0.000000  -0.689182   0.000957   0.000000   0.000000  -0.000581   0.033946
       20.8177 0   0.000764   0.000764   0.301097    0.048823   0.000000  -0.605370   0.000000   0.000000   0.000000   0.000000   0.032095
       21.0372 0   0.004214   0.004214   0.340188    0.044622   0.000000  -0.586962   0.000000   0.000000   0.000000   0.000000   0.025675
       20.6672 0   0.000004   0.000004   0.341671    0.052749   0.000000  -0.617093   0.002485   0.000000   0.000000   0.000000   0.030300
       20.5638 0   0.000240   0.000240   0.337898    0.045901   0.000000  -0.575729   0.000000   0.000000   0.000000   0.000000   0.028733
       20.3483 0   0.002713   0.002713   0.338654    0.046399   0.000000  -0.592123   0.000000   0.000000   0.000000   0.000000   0.032195
       20.5975 0   0.000095   0.000095   0.329560    0.068002   0.000000  -0.559774   0.000000   0.000000   0.000000   0.000000   0.029185
       20.5940 0   0.000107   0.000107   0.346899    0.063820   0.000000  -0.538612   0.000000   0.000000   0.000000   0.000000   0.029557
       21.0241 0   0.003930   0.003930   0.379972    0.054722   0.000000  -0.513222   0.000000   0.000000   0.000000   0.000000   0.029925
       20.8905 0   0.001599   0.001599   0.376158    0.058547   0.000000  -0.520192   0.000000   0.000000   0.000000   0.000000   0.029171
       20.4581 0   0.001118   0.001118   0.354294    0.048505   0.000000  -0.484383   0.000000   0.000000   0.000000   0.000000   0.032359
       20.6779 0   0.000015   0.000015   0.366090    0.064441   0.000000  -0.504529   0.000000   0.000000   0.000000   0.000000   0.032664
       20.5394 0   0.000386   0.000386   0.346171    0.047801   0.000000  -0.502682   0.000000   0.000000   0.000000   0.000000   0.033487
       20.8918 0   0.001618   0.001618   0.329399    0.043152   0.000000  -0.541375   0.000000   0.000000   0.000000   0.000000   0.026219
       20.6497 0   0.000001   0.000001   0.337998    0.049898   0.003895  -0.560420   0.000000   0.000000   0.000000   0.000000   0.031993
       20.5728 0   0.000195   0.000195   0.347349    0.050043   0.000000  -0.570033   0.000000   0.000000  -0.000268   0.000000   0.025113
       20.7845 0   0.000484   0.000484   0.273422    0.046808   0.000000  -0.517947   0.000000   0.000000   0.000000   0.000000   0.027725
       20.6489 0   0.000001   0.000001   0.311157    0.062563   0.000374  -0.508227   0.003216   0.000000   0.000000  -0.017054   0.033611
       20.4273 0   0.001496   0.001496   0.323883    0.056757   0.001267  -0.536372   0.000000   0.000000   0.000000  -0.000485   0.029286
       20.6080 0   0.000064   0.000064   0.343195    0.033858   0.000000  -0.569926   0.000000   0.000000   0.000000   0.000000   0.035165
       20.5859 0   0.000138   0.000138   0.390748    0.065080   0.002125  -0.613335   0.000000   0.000000   0.000000   0.000000   0.028301
       20.3778 0   0.002217   0.002217   0.384624    0.050443   0.000000  -0.635646   0.000000   0.000000   0.000000   0.000000   0.030460
       20.6756 0   0.000012   0.000012   0.313669    0.041641   0.000000  -0.621553   0.000000   0.000000   0.000000   0.000000   0.034792
       20.6987 0   0.000055   0.000055   0.312290    0.055173   0.001440  -0.586818   0.000000   0.000000   0.000000   0.000000   0.029603
       20.6468 0   0.000002   0.000002   0.365767    0.075907   0.000000  -0.663555   0.000000   0.000000   0.000000   0.000000   0.029822
       20.8868 0   0.001550   0.001550   0.330537    0.054798   0.000000  -0.641794   0.000000   0.000000   0.000000   0.000000   0.026751
       20.4051 0   0.001802   0.001802   0.340508    0.065352   0.000000  -0.708793   0.000000   0.000000   0.000000   0.000000   0.026674
       20.8795 0   0.001454   0.001454   0.382369    0.065783   0.000000  -0.715134   0.000258   0.000000   0.000000   0.000000   0.034458
       21.0117 0   0.003670   0.003670   0.312925    0.054524   0.000000  -0.647438   0.000000   0.000000   0.000000   0.000000   0.030630
       20.4722 0   0.000964   0.000964   0.295788    0.047349   0.000000  -0.646612   0.000000   0.000000   0.000000   0.000000   0.026015
       20.3884 0   0.002050   0.002050   0.342971    0.053990   0.000000  -0.711832   0.000000   0.000000   0.000000   0.000000   0.030301
       21.1246 0   0.006362   0.006362   0.337468    0.046855   0.002739  -0.682905   0.000000   0.000000  -0.000000   0.000000   0.031938
       20.8281 0   0.000864   0.000864   0.329867    0.046418   0.000000  -0.659699   0.000000   0.000000   0.000000   0.000000   0.029746
       20.8289 0   0.000873   0.000873   0.299719    0.049896   0.000000  -0.598706   0.000000   0.000000   0.000000   0.000000   0.031208
       20.2160 0   0.005559   0.005559   0.313706    0.051851   0.000000  -0.624013   0.000000   0.000000   0.000000   0.000000   0.027480
       20.3488 0   0.002705   0.002705   0.337277    0.038228   0.000000  -0.664154   0.000000   0.000000   0.000000   0.000000   0.027540
       20.7673 0   0.000363   0.000363   0.306450    0.045750   0.000000  -0.600392   0.000238   0.000000   0.000000   0.000000   0.029978
       20.9424 0   0.002382   0.002382   0.391087    0.039872   0.000000  -0.652250   0.000000   0.000000  -0.000000   0.000000   0.029373
       20.8522 0   0.001122   0.001122   0.330574    0.071534   0.000000  -0.644522   0.000000   0.000000   0.000000   0.000000   0.031975
       20.7384 0   0.000201   0.000201   0.326488    0.038743   0.000000  -0.616714   0.000000   0.000000   0.000000   0.000000   0.026969
       20.5713 0   0.000202   0.000202   0.298388    0.046950   0.000437  -0.613502   0.000000   0.000000  -0.000004   0.000000   0.030237
       21.1116 0   0.006013   0.006013   0.364742    0.032861   0.000000  -0.624112   0.000000   0.000000   0.000000   0.000000   0.027134
       20.6245 0   0.000027   0.000027   0.317162    0.042082   0.000000  -0.619048   0.000000   0.000000   0.000000   0.000000   0.030278
       20.5692 0   0.000212   0.000212   0.374695    0.059794   0.000000  -0.662348   0.000000   0.000000   0.000000   0.000000   0.031464
       20.8103 0   0.000696   0.000696   0.339412    0.055481   0.000000  -0.549965   0.000000   0.000000   0.000000   0.000000   0.035261
       20.4616 0   0.001079   0.001079   0.405265    0.073005   0.000000  -0.563075   0.002319   0.000000   0.000000   0.000000   0.026132
       20.8561 0   0.001167   0.001167   0.369806    0.045807   0.000000  -0.543431   0.000107   0.000000   0.000000   0.000000   0.027374
       20.2984 0   0.003668   0.003668   0.299942    0.053743   0.000000  -0.523192   0.000000   0.000000   0.000000   0.000000   0.036096
       20.6949 0   0.000046   0.000046   0.329279    0.054844   0.000000  -0.571286   0.000000   0.000000  -0.001107   0.000000   0.039370
       20.4766 0   0.000918   0.000918   0.350868    0.047397   0.000000  -0.585308   0.000000   0.000000   0.000000   0.000000   0.032479
       20.8124 0   0.000715   0.000715   0.339431    0.048292   0.000000  -0.573157   0.000000   0.000000   0.000000   0.000000   0.030009
       20.6469 0   0.000002   0.000002   0.362922    0.050105   0.000000  -0.609476   0.000000   0.000000   0.000000   0.000000   0.030395
       20.5223 0   0.000508   0.000508   0.336835    0.044689   0.000000  -0.552931   0.000000   0.000000   0.000000   0.000000   0.028880
       20.6513 0   0.000000   0.000000   0.323280    0.036111   0.000000  -0.564803   0.000403   0.000000  -0.000000  -0.014140   0.029335
       20.7906 0   0.000530   0.000530   0.311886    0.041566   0.000000  -0.516889   0.000000   0.000000   0.000000   0.000000   0.032740
       20.4926 0   0.000761   0.000761   0.319868    0.037756   0.000000  -0.506629   0.000000   0.000000   0.000000   0.000000   0.026402
       20.8359 0   0.000944   0.000944   0.326596    0.043636   0.000000  -0.525909   0.000000   0.000000   0.000000   0.000000   0.032259
       20.6845 0   0.000025   0.000025   0.331956    0.054887   0.000000  -0.539376   0.000000   0.000000   0.000000   0.000000   0.028711
       20.7235 0   0.000135   0.000135   0.376133    0.047669   0.000000  -0.564769   0.000000   0.000000   0.000000   0.000000   0.026158
       20.6638 0   0.000002   0.000002   0.329865    0.059727   0.000000  -0.518794   0.000000   0.000000   0.000000   0.000000   0.028706
       20.4009 0   0.001863   0.001863   0.348408    0.056926   0.000000  -0.560346   0.000000   0.000000   0.000000   0.000000   0.026016
       20.8855 0   0.001533   0.001533   0.355610    0.050487   0.000000  -0.553469   0.000000   0.000000   0.000000   0.000000   0.028076
       20.4115 0   0.001710   0.001710   0.390768    0.043895   0.000000  -0.542517   0.000000   0.000000   0.000000   0.000000   0.032280
       20.3248 0   0.003146   0.003146   0.376030    0.047998   0.000000  -0.476619   0.001212   0.000000   0.000000  -0.002501   0.031150
       20.4526 0   0.001182   0.001182   0.362629    0.040695   0.000000  -0.511246   0.000000   0.000000   0.000000   0.000000   0.025548
       20.8930 0   0.001634   0.001634   0.344962    0.048118   0.000000  -0.493290   0.000000   0.000000   0.000000   0.000000   0.027243
       20.6496 0   0.000001   0.000001   0.331045    0.047823   0.000000  -0.557457   0.000292   0.000000   0.000000   0.000000   0.029586
       20.1970 0   0.006050   0.006050   0.363267    0.049771   0.000214  -0.577346   0.000000   0.000000   0.000000   0.000000   0.027059
       20.5294 0   0.000455   0.000455   0.312149    0.040611   0.000220  -0.547815   0.000000   0.000000   0.000000   0.000000   0.028345
       20.7481 0   0.000250   0.000250   0.384223    0.045785   0.000000  -0.606211   0.000000   0.000000  -0.000000   0.000000   0.031966
       20.7562 0   0.000295   0.000295   0.322278    0.058318   0.000000  -0.650592   0.000000   0.000000   0.000000   0.000000   0.031765
       20.6521 0   0.000000   0.000000   0.366279    0.052023   0.000000  -0.661094   0.000000   0.000000   0.000000   0.000000   0.026519
       20.6544 0   0.000000   0.000000   0.347667    0.046211   0.000570  -0.720354   0.000000   0.000000   0.000000   0.000000   0.028607
       20.6025 0   0.000079   0.000079   0.328852    0.039703   0.000000  -0.677847   0.000000   0.000000   0.000000   0.000000   0.026772
       20.8243 0   0.000826   0.000826   0.340797    0.033844   0.000000  -0.615328   0.000000   0.000000   0.000000  -0.008373   0.033443
       20.7445 0   0.000231   0.000231   0.330707    0.056176   0.000000  -0.615470   0.000000   0.000000   0.000000   0.000000   0.029365
       20.5542 0   0.000293   0.000293   0.382506    0.078339   0.000000  -0.693913   0.000000   0.000000   0.000000   0.000000   0.032196
       20.7163 0   0.000108   0.000108   0.372952    0.050793   0.000000  -0.671676   0.000000   0.000000   0.000000   0.000000   0.029858
       20.8052 0   0.000651   0.000651   0.334502    0.036728   0.000000  -0.644086   0.000000   0.000000   0.000000   0.000000   0.038284
       20.6111 0   0.000056   0.000056   0.288810    0.053844   0.000000  -0.599314   0.000000   0.000000   0.000000   0.000000   0.027972
       20.4202 0   0.001590   0.001590   0.302697    0.051768   0.000000  -0.621437   0.000000   0.000000  -0.000018   0.000000   0.035448
       20.4802 0   0.000881   0.000881   0.363772    0.072506   0.000000  -0.658567   0.002588   0.000000   0.000000   0.000000   0.035322
       21.0191 0   0.003825   0.003825   0.324651    0.047596   0.000000  -0.625767   0.000000   0.000000   0.000000   0.000000   0.033852
       21.0394 0   0.004262   0.004262   0.325255    0.050276   0.000011  -0.605950   0.000000   0.000000   0.000000   0.000000   0.034034
       20.5404 0   0.000379   0.000379   0.354156    0.041754   0.000000  -0.643488   0.000000   0.000000  -0.000054   0.000000   0.028121
       20.6134 0   0.000050   0.000050   0.301647    0.039748   0.000000  -0.626364   0.000000   0.000000   0.000000   0.000000   0.031378
       20.7807 0   0.000456   0.000456   0.289013    0.039023   0.000000  -0.617610   0.000000   0.000000   0.000000   0.000000   0.028846
       20.7784 0   0.000440   0.000440   0.343412    0.046214   0.002956  -0.668410   0.000000   0.000000   0.000000   0.000000   0.026308
       20.6510 0   0.000000   0.000000   0.359213    0.045702   0.000000  -0.668854   0.000000   0.000000   0.000000   0.000000   0.030487
       20.8839 0   0.001512   0.001512   0.346136    0.042498   0.000000  -0.636097   0.000000   0.000000   0.000000   0.000000   0.031924
       20.8586 0   0.001195   0.001195   0.325100    0.051787   0.000545  -0.578795   0.000000  -0.016788  -0.006600   0.000000   0.034304
       20.5536 0   0.000297   0.000297   0.337286    0.046574   0.001212  -0.622697   0.000000   0.000000   0.000000   0.000000   0.032734
       20.6135 0   0.000050   0.000050   0.333452    0.048482   0.000000  -0.627050   0.000000   0.000000   0.000000   0.000000   0.028068
       20.5235 0   0.000499   0.000499   0.359055    0.037779   0.000000  -0.614998   0.000000   0.000000  -0.000003   0.000000   0.031580
       20.5311 0   0.000443   0.000443   0.377414    0.045134   0.000000  -0.645826   0.000000   0.000000   0.000000   0.000000   0.034214
       20.9615 0   0.002710   0.002710   0.320313    0.033194   0.000000  -0.601297   0.000000   0.000000   0.000000   0.000000   0.029636
       20.8986 0   0.001712   0.001712   0.303960    0.052020   0.000000  -0.567218   0.000000   0.000000  -0.004483   0.000000   0.029747
       20.4060 0   0.001788   0.001788   0.334682    0.082691   0.000000  -0.640230   0.000000   0.000000  -0.000233   0.000000   0.035538
       20.4457 0   0.001264   0.001264   0.330923    0.042077   0.000000  -0.591321   0.000000   0.000000   0.000000   0.000000   0.035707
       20.7170 0   0.000111   0.000111   0.320941    0.039439   0.000000  -0.574048   0.000000   0.000000   0.000000   0.000000   0.027182
       20.7596 0   0.000316   0.000316   0.331622    0.061999   0.000000  -0.589208   0.000000   0.000000  -0.000000   0.000000   0.027642
       20.6584 0   0.000000   0.000000   0.315961    0.058039   0.000000  -0.565577   0.000000   0.000000   0.000000   0.000000   0.024221
       20.6559 0   0.000000   0.000000   0.336820    0.053175   0.000000  -0.598121   0.000000   0.000000   0.000000   0.000000   0.035206
       20.6872 0   0.000030   0.000030   0.376845    0.059544   0.000000  -0.587286   0.000000   0.000000   0.000000   0.000000   0.028549
       20.5623 0   0.000248   0.000248   0.341688    0.072894   0.000000  -0.593319   0.000000   0.000000  -0.000228   0.000000   0.029620
       20.6275 0   0.000022   0.000022   0.329517    0.067378   0.000000  -0.590160   0.000000   0.000000   0.000000   0.000000   0.031254
       20.8446 0   0.001037   0.001037   0.330738    0.044171   0.000000  -0.577912   0.000000   0.000000   0.000000   0.000000   0.027929
       20.3191 0   0.003254   0.003254   0.394720    0.061133   0.000000  -0.606558   0.000000   0.000000   0.000000   0.000000   0.028370
       20.8303 0   0.000886   0.000886   0.368535    0.070113   0.000000  -0.557607   0.000000   0.000000   0.000000   0.000000   0.029504
       20.7909 0   0.000533   0.000533   0.328002    0.065043   0.000000  -0.499721   0.000000   0.000000   0.000000   0.000000   0.027979
       20.3910 0   0.002011   0.002011   0.328816    0.056534   0.000000  -0.467887   0.000025   0.000000   0.000000   0.000000   0.030532
       20.9135 0   0.001928   0.001928   0.329863    0.046322   0.000000  -0.495908   0.000000   0.000000  -0.000005   0.000000   0.029845
       20.7465 0   0.000241   0.000241   0.344922    0.046912   0.000000  -0.558996   0.000000   0.000000   0.000000   0.000000   0.027917
       20.6956 0   0.000047   0.000047   0.351266    0.060825   0.000000  -0.557861   0.000000   0.000000   0.000000   0.000000   0.031050
       20.5183 0   0.000539   0.000539   0.335530    0.048361   0.000000  -0.542502   0.000000   0.000000   0.000000   0.000000   0.023578
       20.6487 0   0.000001   0.000001   0.348762    0.041787   0.000000  -0.604007   0.000000   0.000000   0.000000   0.000000   0.029151
       20.6639 0   0.000002   0.000002   0.338430    0.051123   0.000000  -0.627774   0.000000   0.000000  -0.000098   0.000000   0.028209
       20.4537 0   0.001169   0.001169   0.324697    0.046618   0.002426  -0.646177   0.000000   0.000000   0.000000   0.000000   0.030208
       20.7524 0   0.000273   0.000273   0.310785    0.059107   0.000000  -0.571479   0.000000   0.000000   0.000000   0.000000   0.026466
       20.7659 0   0.000355   0.000355   0.313807    0.054627   0.000061  -0.570134   0.000000   0.000000   0.000000   0.000000   0.023456
       20.4644 0   0.001048   0.001048   0.347995    0.052007   0.000000  -0.532102   0.000000   0.000000   0.000000   0.000000   0.034092
       20.4712 0   0.000975   0.000975   0.361999    0.057097   0.000000  -0.556826   0.000000   0.000000   0.000000   0.000000   0.029546
       20.4439 0   0.001285   0.001285   0.345842    0.048392   0.000211  -0.499299   0.000000   0.000000   0.000000   0.000000   0.027905
       20.8953 0   0.001666   0.001666   0.342987    0.055741   0.001357  -0.475379   0.000000   0.000000   0.000000   0.000000   0.027853
       20.8271 0   0.000854   0.000854   0.313187    0.069785   0.000000  -0.477442   0.000000   0.000000  -0.000318   0.000000   0.034930
       20.3475 0   0.002728   0.002728   0.351712    0.064351   0.000000  -0.509865   0.000000   0.000000   0.000000   0.000000   0.025752
       20.7265 0   0.000148   0.000148   0.366733    0.044462   0.000000  -0.535072   0.000000   0.000000   0.000000   0.000000   0.028024
       21.1206 0   0.006254   0.006254   0.350929    0.055221   0.000134  -0.506145   0.000000   0.000000   0.000000   0.000000   0.026560
       20.3471 0   0.002735   0.002735   0.333500    0.040316   0.000000  -0.493140   0.000000   0.000000   0.000000   0.000000   0.028561
       20.6254 0   0.000025   0.000025   0.385857    0.050895   0.000000  -0.531210   0.000000   0.000000   0.000000   0.000000   0.035146
       20.6920 0   0.000040   0.000040   0.345305    0.051523   0.000000  -0.468639   0.006314   0.000000   0.000000   0.000000   0.037288
       20.4517 0   0.001192   0.001192   0.320340    0.062754   0.000000  -0.458543   0.000000   0.000000  -0.001063   0.000000   0.031728
       20.7586 0   0.000309   0.000309   0.341478    0.049520   0.000000  -0.468027   0.000000   0.000000   0.000000   0.000000   0.030606
       20.9925 0   0.003285   0.003285   0.329827    0.053322   0.000000  -0.479726   0.001216   0.000000  -0.000019   0.000000   0.029253
       20.6017 0   0.000082   0.000082   0.361092    0.036287   0.000000  -0.432878   0.000000   0.000000   0.000000   0.000000   0.029912
       20.4130 0   0.001690   0.001690   0.402494    0.041730   0.000000  -0.485335   0.000000   0.000000   0.000000   0.000000   0.029192
       20.8004 0   0.000610   0.000610   0.344720    0.050449   0.000000  -0.483002   0.000181   0.000000   0.000000   0.000000   0.028497
       20.7090 0   0.000084   0.000084   0.320184    0.052489   0.000000  -0.511901   0.000000   0.000000   0.000000   0.000000   0.027994
       20.5711 0   0.000203   0.000203   0.370628    0.041046   0.000000  -0.621009   0.000000   0.000000   0.000000   0.000000   0.027506
       20.6076 0   0.000065   0.000065   0.340464    0.055467   0.000000  -0.673447   0.000000   0.000000   0.000000   0.000000   0.029643
       20.8483 0   0.001078   0.001078   0.303316    0.050717   0.000000  -0.654208   0.000000   0.000000  -0.000444   0.000000   0.031119
       20.8679 0   0.001307   0.001307   0.366391    0.059721   0.000000  -0.658702   0.000000   0.000000   0.000000   0.000000   0.028224
       20.7243 0   0.000138   0.000138   0.365959    0.038145   0.000000  -0.680939   0.000000   0.000000   0.000000   0.000000   0.029825
       20.5063 0   0.000638   0.000638   0.320485    0.059324   0.000000  -0.679904   0.000000   0.000000   0.000000   0.000000   0.027300
       20.2014 0   0.005934   0.005934   0.351624    0.044124   0.001015  -0.692140   0.000000   0.000000   0.000000  -0.002462   0.031469
       20.5387 0   0.000390   0.000390   0.349046    0.060099   0.000000  -0.666047   0.000000   0.000000   0.000000   0.000000   0.026375
       21.2619 0   0.010626   0.010626   0.318244    0.044717   0.002187  -0.704811   0.000000   0.000000   0.000000   0.000000   0.027254
       20.2923 0   0.003796   0.003796   0.341016    0.053027   0.000000  -0.753053   0.000000   0.000000   0.000000   0.000000   0.029272
       20.4494 0   0.001220   0.001220   0.328962    0.039432   0.000000  -0.689535   0.000000   0.000000   0.000000   0.000000   0.030573
       20.9704 0   0.002869   0.002869   0.342756    0.059864   0.000000  -0.730134   0.000000   0.000000   0.000000   0.000000   0.031219
       20.4717 0   0.000969   0.000969   0.324665    0.045364   0.000000  -0.720004   0.000000   0.000000   0.000000   0.000000   0.025485
       20.5667 0   0.000225   0.000225   0.315047    0.052361   0.000000  -0.726151   0.000000   0.000000   0.000000   0.000000   0.024825
       20.9743 0   0.002941   0.002941   0.371151    0.042921   0.000000  -0.753665   0.000000   0.000000   0.000000   0.000000   0.029272
       20.8700 0   0.001333   0.001333   0.372246    0.051503   0.000000  -0.719644   0.000000   0.000000   0.000000   0.000000   0.026784
       21.0231 0   0.003909   0.003909   0.314270    0.044590   0.000184  -0.668238   0.000000   0.000000  -0.000000   0.000000   0.028153
       20.4547 0   0.001157   0.001157   0.296984    0.029202   0.000314  -0.668751   0.000000   0.000000   0.000000   0.000000   0.030932
       20.8625 0   0.001242   0.001242   0.338589    0.027666   0.000000  -0.661009   0.000000   0.000000   0.000000   0.000000   0.027662
       20.8841 0   0.001514   0.001514   0.316240    0.049953   0.000000  -0.646848   0.000000   0.000000   0.000000   0.000000   0.025985
       20.6679 0   0.000005   0.000005   0.369854    0.051193   0.000000  -0.676476   0.000000   0.000000   0.000000   0.000000   0.028445
       20.4154 0   0.001655   0.001655   0.345723    0.037690   0.000686  -0.629042   0.000000   0.000000   0.000000   0.000000   0.028916
       20.7527 0   0.000275   0.000275   0.319089    0.060992   0.000000  -0.660449   0.000000   0.000000   0.000000   0.000000   0.035640
       20.7546 0   0.000286   0.000286   0.352696    0.037449   0.000000  -0.604412   0.000000   0.000000  -0.000000   0.000000   0.028502
       20.5883 0   0.000128   0.000128   0.310821    0.043595   0.000139  -0.601876   0.000000   0.000000   0.000000   0.000000   0.024054
       20.9117 0   0.001900   0.001900   0.362900    0.050478   0.000000  -0.620517   0.000000   0.000000  -0.000000   0.000000   0.023733
       20.6437 0   0.000004   0.000004   0.316657    0.037317   0.000000  -0.563884   0.000000   0.000000   0.000000   0.000000   0.025476
       20.3578 0   0.002548   0.002548   0.355112    0.047112   0.000000  -0.622720   0.000000   0.000000   0.000000   0.000000   0.033570
       20.7693 0   0.000377   0.000377   0.351035    0.066694   0.000000  -0.606868   0.000000   0.000000  -0.000021  -0.013457   0.029657
       20.9167 0   0.001975   0.001975   0.359682    0.054898   0.000000  -0.528944   0.000000   0.000000   0.000000   0.000000   0.028230
       20.4888 0   0.000797   0.000797   0.376063    0.041657   0.000000  -0.552397   0.000000   0.000000   0.000000   0.000000   0.029814
       20.5658 0   0.000230   0.000230   0.318942    0.052106   0.000000  -0.496868   0.000000   0.000000   0.000000   0.000000   0.031095
       21.0948 0   0.005579   0.005579   0.354992    0.047591   0.000000  -0.512232   0.000000   0.000000   0.000000  -0.013031   0.031039
       20.6259 0   0.000024   0.000024   0.377742    0.049981   0.000000  -0.531662   0.000000   0.000000  -0.002219   0.000000   0.028968
       20.3469 0   0.002738   0.002738   0.349379    0.039664   0.000000  -0.554749   0.000000   0.000000  -0.000039  -0.001155   0.027269
       20.9122 0   0.001908   0.001908   0.374666    0.034894   0.000000  -0.553448   0.000000   0.000000   0.000000   0.000000   0.028737
       20.7879 0   0.000510   0.000510   0.406781    0.031980   0.000000  -0.598007   0.000000   0.000000  -0.001041   0.000000   0.028754
       20.7531 0   0.000277   0.000277   0.367615    0.043358   0.000000  -0.573934   0.000000   0.000000   0.000000   0.000000   0.030609
       20.8373 0   0.000958   0.000958   0.397002    0.052537   0.000000  -0.593409   0.000000   0.000000  -0.000081   0.000000   0.031788
       20.8268 0   0.000851   0.000851   0.352116    0.046564   0.000000  -0.574086   0.000000   0.000000   0.000000   0.000000   0.031248
       20.3999 0   0.001876   0.001876   0.305791    0.047181   0.000000  -0.570666   0.000000   0.000000   0.000000   0.000000   0.032383
       20.7947 0   0.000563   0.000563   0.295888    0.054090   0.000000  -0.566210   0.000000   0.000000   0.000000   0.000000   0.030575
       21.0157 0   0.003753   0.003753   0.320464    0.044033   0.000000  -0.612322   0.000000   0.000000  -0.000013   0.000000   0.031546
       20.4473 0   0.001244   0.001244   0.327490    0.053228   0.000000  -0.626536   0.000000   0.000000   0.000000   0.000000   0.027124
       20.6679 0   0.000005   0.000005   0.336337    0.041323   0.000000  -0.651138   0.000000   0.000000   0.000000   0.000000   0.029208
       20.6941 0   0.000044   0.000044   0.341489    0.036602   0.000000  -0.575405   0.000000   0.000000   0.000000   0.000000   0.027426
       20.7762 0   0.000424   0.000424   0.353693    0.049120   0.000000  -0.608185   0.000000   0.000000   0.000000   0.000000   0.027323
       20.7610 0   0.000324   0.000324   0.329564    0.051541   0.000000  -0.547684   0.000000   0.000000   0.000000   0.000000   0.029289
       20.1784 0   0.006554   0.006554   0.378183    0.056855   0.000000  -0.624282   0.000684   0.000000   0.000000   0.000000   0.026571
       20.6332 0   0.000014   0.000014   0.359534    0.043782   0.000000  -0.630436   0.001222   0.000000   0.000000   0.000000   0.035327
       20.7218 0   0.000129   0.000129   0.323853    0.057682   0.000000  -0.618374   0.000000   0.000000   0.000000   0.000000   0.030624
       20.5269 0   0.000473   0.000473   0.284027    0.051828   0.000000  -0.642600   0.000000   0.000000   0.000000   0.000000   0.028010
       20.7028 0   0.000066   0.000066   0.330553    0.044156   0.000000  -0.657853   0.000000   0.000000   0.000000   0.000000   0.030853
       20.6687 0   0.000005   0.000005   0.326769    0.046428   0.000000  -0.626198   0.000000   0.000000   0.000000   0.000000   0.024519
       20.4430 0   0.001297   0.001297   0.318829    0.044523   0.000000  -0.672586   0.001022   0.000000   0.000000   0.000000   0.029262
       20.4497 0   0.001216   0.001216   0.356044    0.045972   0.000000  -0.707838   0.000000   0.000000   0.000000   0.000000   0.030279
       20.6935 0   0.000043   0.000043   0.336210    0.035929   0.000000  -0.723567   0.000000   0.000000   0.000000   0.000000   0.034515
       20.5842 0   0.000144   0.000144   0.328969    0.056702   0.000000  -0.722333   0.000000   0.000000   0.000000   0.000000   0.030446
       20.4770 0   0.000914   0.000914   0.359269    0.059739   0.000000  -0.767391   0.000804   0.000000   0.000000   0.000000   0.026735
       20.2877 0   0.003891   0.003891   0.267405    0.065660   0.000000  -0.746844   0.000000   0.000000  -0.000683   0.000000   0.033966
       20.5075 0   0.000628   0.000628   0.298170    0.042798   0.000000  -0.769051   0.000000   0.000000   0.000000   0.000000   0.028595
       20.7635 0   0.000339   0.000339   0.276243    0.047232   0.000000  -0.721314   0.000000   0.000000   0.000000   0.000000   0.030680
       20.8807 0   0.001469   0.001469   0.303391    0.043414   0.000000  -0.695791   0.000000   0.000000   0.000000   0.000000   0.024410
       20.6847 0   0.000025   0.000025   0.301654    0.044376   0.000000  -0.677587   0.000970   0.000000  -0.000005   0.000000   0.032125
       20.4592 0   0.001106   0.001106   0.277091    0.044162   0.000000  -0.664641   0.000000   0.000000   0.000000   0.000000   0.026632
       20.6242 0   0.000027   0.000027   0.327105    0.038612   0.000000  -0.645979   0.000000   0.000000   0.000000  -0.012817   0.032176
       20.8738 0   0.001381   0.001381   0.359613    0.061033   0.000000  -0.715121   0.000000   0.000000   0.000000   0.000000   0.026011
       20.3608 0   0.002497   0.002497   0.326244    0.045821   0.000000  -0.723187   0.000000   0.000000   0.000000   0.000000   0.024539
       20.6968 0   0.000050   0.000050   0.287923    0.048207   0.000000  -0.655465   0.000000   0.000000   0.000000   0.000000   0.026370
       20.6734 0   0.000010   0.000010   0.263469    0.052553   0.000000  -0.633655   0.001934   0.000000   0.000000   0.000000   0.032652
       20.8931 0   0.001636   0.001636   0.340128    0.043037   0.000000  -0.660043   0.000000   0.000000   0.000000   0.000000   0.028196
       20.5731 0   0.000194   0.000194   0.413332    0.046371   0.000000  -0.719984   0.000000   0.000000   0.000000  -0.010011   0.034279
       20.8413 0   0.001001   0.001001   0.280701    0.056096   0.000113  -0.661062   0.000000   0.000000   0.000000   0.000000   0.027684
       20.4078 0   0.001763   0.001763   0.317402    0.041219   0.000000  -0.726264   0.000000   0.000000   0.000000   0.000000   0.027231
       20.4747 0   0.000937   0.000937   0.306253    0.039729   0.000000  -0.693511   0.000000   0.000000   0.000000   0.000000   0.024841
       20.4693 0   0.000995   0.000995   0.372124    0.046750   0.000000  -0.744761   0.000824   0.000000   0.000000   0.000000   0.031358
       20.6888 0   0.000033   0.000033   0.342489    0.037220   0.000000  -0.690953   0.000000   0.000000   0.000000   0.000000   0.026630
       20.8742 0   0.001386   0.001386   0.316188    0.079969   0.000000  -0.746684   0.000000   0.000000   0.000000   0.000000   0.033531
       20.4877 0   0.000808   0.000808   0.333410    0.064312   0.000000  -0.711419   0.000000   0.000000   0.000000   0.000000   0.025993
       20.4814 0   0.000869   0.000869   0.366528    0.036358   0.000000  -0.744326   0.000000   0.000000   0.000000   0.000000   0.032702
       20.4214 0   0.001574   0.001574   0.337577    0.057103   0.000000  -0.733521   0.000000   0.000000   0.000000   0.000000   0.031465
       20.6504 0   0.000001   0.000001   0.343052    0.042708   0.000000  -0.696843   0.000000   0.000000   0.000000   0.000000   0.033182
       20.8366 0   0.000952   0.000952   0.313728    0.059982   0.000000  -0.693912   0.000000   0.000000   0.000000   0.000000   0.030999
       20.5749 0   0.000185   0.000185   0.319578    0.046669   0.000000  -0.701955   0.001251   0.000000   0.000000   0.000000   0.031385
       20.7294 0   0.000160   0.000160   0.356993    0.053988   0.000000  -0.687760   0.000000   0.000000   0.000000   0.000000   0.030193
       20.7022 0   0.000064   0.000064   0.365624    0.054371   0.000000  -0.666703   0.000000   0.000000   0.000000  -0.006122   0.029447
       20.5824 0   0.000152   0.000152   0.362331    0.052605   0.000000  -0.688214   0.000000   0.000000  -0.000001   0.000000   0.028571
       20.3738 0   0.002282   0.002282   0.284139    0.041932   0.000000  -0.661593   0.000000   0.000000   0.000000   0.000000   0.029419
       21.0814 0   0.005244   0.005244   0.309479    0.043083   0.000000  -0.690925   0.000000   0.000000   0.000000   0.000000   0.025958
       20.4139 0   0.001676   0.001676   0.305670    0.056477   0.000000  -0.695517   0.000000   0.000000   0.000000   0.000000   0.031799
       20.6327 0   0.000014   0.000014   0.330350    0.051721   0.000000  -0.710388   0.000000   0.000000  -0.005582  -0.000005   0.032211
       21.1878 0   0.008188   0.008188   0.338508    0.052557   0.000000  -0.718758   0.000000   0.000000   0.000000   0.000000   0.029062
       20.4849 0   0.000835   0.000835   0.376633    0.047689   0.000000  -0.699787   0.000000   0.000000  -0.001591   0.000000   0.028038
       20.6771 0   0.000014   0.000014   0.356351    0.040653   0.000000  -0.677311   0.000000   0.000000   0.000000   0.000000   0.032591
       20.7623 0   0.000332   0.000332   0.344501    0.058627   0.000000  -0.667673   0.000000   0.000000   0.000000   0.000000   0.029317
       20.5419 0   0.000369   0.000369   0.358451    0.031571   0.000000  -0.668612   0.000000   0.000000  -0.001354   0.000000   0.027235
       20.4442 0   0.001282   0.001282   0.309246    0.028672   0.000000  -0.638949   0.000833   0.000000  -0.000097   0.000000   0.029718
       20.5162 0   0.000556   0.000556   0.319317    0.052921   0.000000  -0.645323   0.000000   0.000000   0.000000   0.000000   0.025808
       20.9238 0   0.002085   0.002085   0.322863    0.067208   0.000000  -0.662166   0.000000  -0.000908  -0.000006  -0.001841   0.030399
       20.7713 0   0.000390   0.000390   0.298278    0.046694   0.000000  -0.624102   0.000000   0.000000   0.000000  -0.009320   0.030288
       20.2203 0   0.005450   0.005450   0.346955    0.047471   0.000000  -0.651855   0.000000   0.000000   0.000000   0.000000   0.024634
       20.9289 0   0.002163   0.002163   0.288313    0.044584   0.000000  -0.648926   0.000000   0.000000   0.000000   0.000000   0.033184
       20.5778 0   0.000172   0.000172   0.354052    0.053087   0.000000  -0.674173   0.000000   0.000000   0.000000   0.000000   0.029171
       20.5020 0   0.000675   0.000675   0.365948    0.036581   0.000000  -0.665853   0.000000   0.000000  -0.000000  -0.006449   0.032032
       20.3706 0   0.002334   0.002334   0.353627    0.050017   0.000000  -0.696826   0.000000   0.000000   0.000000   0.000000   0.032811
       20.6635 0   0.000002   0.000002   0.313583    0.052810   0.000386  -0.673382   0.000000   0.000000   0.000000  -0.000003   0.027413
       20.4925 0   0.000762   0.000762   0.365524    0.039573   0.000000  -0.713379   0.000000   0.000000   0.000000   0.000000   0.027670
       20.7229 0   0.000133   0.000133   0.365779    0.049432   0.000000  -0.760477   0.000000   0.000000   0.000000   0.000000   0.030354
       20.7621 0   0.000331   0.000331   0.315547    0.034403   0.000000  -0.713933   0.000000   0.000000   0.000000   0.000000   0.028909
       20.6932 0   0.000042   0.000042   0.293735    0.053254   0.000000  -0.694753   0.000000   0.000000  -0.000000   0.000000   0.033539
       20.9033 0   0.001779   0.001779   0.332802    0.065301   0.000000  -0.715983   0.000000   0.000000  -0.000000   0.000000   0.029995
       20.0358 0   0.011059   0.011059   0.310931    0.056939   0.000000  -0.739940   0.000000   0.000000   0.000000   0.000000   0.030419
       20.6243 0   0.000027   0.000027   0.295163    0.056410   0.000000  -0.761062   0.000000   0.000000   0.000000   0.000000   0.027308
       20.5093 0   0.000612   0.000612   0.285170    0.048275   0.002174  -0.754452   0.000000   0.000000   0.000000   0.000000   0.028750
       20.6498 0   0.000001   0.000001   0.345586    0.043059   0.000000  -0.762044   0.000000   0.000000   0.000000   0.000000   0.029455
       20.5734 0   0.000192   0.000192   0.347700    0.037297   0.001701  -0.762784   0.000000   0.000000   0.000000   0.000000   0.028561
       20.9526 0   0.002554   0.002554   0.342392    0.043008   0.000000  -0.738369   0.000000   0.000000   0.000000   0.000000   0.028496
       20.4823 0   0.000860   0.000860   0.375532    0.059709   0.000000  -0.725115   0.000000   0.000000   0.000000   0.000000   0.029138
       20.8973 0   0.001694   0.001694   0.379518    0.044409   0.000000  -0.696461   0.000000   0.000000   0.000000   0.000000   0.030174
       20.8291 0   0.000874   0.000874   0.317980    0.064107   0.000000  -0.722064   0.000000   0.000000   0.000000   0.000000   0.025375
       20.6818 0   0.000021   0.000021   0.353924    0.047440   0.000000  -0.773170   0.000000   0.000000   0.000000   0.000000   0.027288
       20.7908 0   0.000532   0.000532   0.333048    0.063091   0.000000  -0.731609   0.001341   0.000000   0.000000   0.000000   0.028428
       20.9164 0   0.001971   0.001971   0.320266    0.062356   0.000000  -0.727479   0.000000   0.000000   0.000000   0.000000   0.025558
       20.8008 0   0.000613   0.000613   0.314596    0.050250   0.000000  -0.730677   0.000000   0.000000  -0.000016   0.000000   0.028686
       20.7614 0   0.000327   0.000327   0.320575    0.049219   0.000000  -0.704210   0.000043   0.000000   0.000000   0.000000   0.032502
       20.6144 0   0.000048   0.000048   0.368524    0.042930   0.000000  -0.711674   0.000000   0.000000   0.000000   0.000000   0.026427
       20.7846 0   0.000484   0.000484   0.372550    0.038099   0.000000  -0.690285   0.002384   0.000000   0.000000   0.000000   0.025581
       20.8436 0   0.001026   0.001026   0.278215    0.048303   0.000000  -0.587181   0.000000   0.000000   0.000000   0.000000   0.027583
       20.6937 0   0.000043   0.000043   0.329654    0.050091   0.000000  -0.615141   0.000000   0.000000  -0.000884   0.000000   0.028672
       20.2921 0   0.003800   0.003800   0.377874    0.055850   0.000256  -0.639544   0.000000   0.000000   0.000000   0.000000   0.026290
       20.9722 0   0.002903   0.002903   0.364568    0.046636   0.000000  -0.601030   0.000000   0.000000   0.000000   0.000000   0.031391
       20.8506 0   0.001103   0.001103   0.338862    0.068540   0.000000  -0.648795   0.000000   0.000000   0.000000   0.000000   0.030104
       20.5914 0   0.000117   0.000117   0.328292    0.038271   0.000000  -0.548702   0.000000   0.000000   0.000000   0.000000   0.029355
       20.7336 0   0.000178   0.000178   0.331973    0.052211   0.000414  -0.571366   0.000000   0.000000   0.000000   0.000000   0.026861
       20.4583 0   0.001116   0.001116   0.346196    0.049563   0.002283  -0.563977   0.003517   0.000000  -0.000026   0.000000   0.029692
       20.6763 0   0.000013   0.000013   0.331477    0.047966   0.000000  -0.555349   0.000000   0.000000   0.000000   0.000000   0.030382
       20.5105 0   0.000603   0.000603   0.330715    0.082549   0.000000  -0.586143   0.000000   0.000000   0.000000   0.000000   0.025502
       20.9002 0   0.001735   0.001735   0.307491    0.048938   0.000000  -0.530936   0.000000   0.000000   0.000000   0.000000   0.032562
       20.6104 0   0.000057   0.000057   0.371301    0.047568   0.000000  -0.600373   0.000416   0.000000   0.000000  -0.016004   0.029396
       20.9253 0   0.002107   0.002107   0.340739    0.041088   0.000000  -0.560668   0.000000   0.000000   0.000000   0.000000   0.027383
       21.1199 0   0.006233   0.006233   0.378322    0.065061   0.000000  -0.639278   0.000000   0.000000  -0.000000   0.000000   0.035993
       20.7909 0   0.000533   0.000533   0.324319    0.051897   0.000000  -0.579294   0.000327   0.000000   0.000000   0.000000   0.028076
       20.3142 0   0.003351   0.003351   0.381572    0.074597   0.000000  -0.652442   0.000000   0.000000  -0.000011   0.000000   0.037242
       20.7168 0   0.000110   0.000110   0.340242    0.060095   0.000000  -0.618103   0.000000   0.000000   0.000000   0.000000   0.031313
       20.5689 0   0.000214   0.000214   0.342289    0.056425   0.000000  -0.602400   0.000000   0.000000   0.000000   0.000000   0.028608
       20.5692 0   0.000212   0.000212   0.293973    0.051982   0.000000  -0.615538   0.000297   0.000000   0.000000   0.000000   0.031325
       20.8013 0   0.000617   0.000617   0.366709    0.050579   0.000775  -0.607503   0.000000   0.000000   0.000000   0.000000   0.030215
       20.2678 0   0.004325   0.004325   0.341296    0.048116   0.000000  -0.604941   0.000000   0.000000   0.000000   0.000000   0.027976
       20.8647 0   0.001268   0.001268   0.353968    0.062096   0.000000  -0.599930   0.000000   0.000000  -0.000019   0.000000   0.034024
       20.4990 0   0.000702   0.000702   0.348004    0.039455   0.000102  -0.575902   0.000000   0.000000   0.000000   0.000000   0.031923
       20.4499 0   0.001214   0.001214   0.330697    0.050260   0.000000  -0.569038   0.000000   0.000000  -0.000726   0.000000   0.031897
       20.4384 0   0.001353   0.001353   0.403431    0.052205   0.000000  -0.623496   0.000000   0.000000   0.000000   0.000000   0.028928
       20.4449 0   0.001273   0.001273   0.338195    0.051368   0.000000  -0.591220   0.000000   0.000000  -0.002321   0.000000   0.032051
       20.4815 0   0.000868   0.000868   0.341174    0.049194   0.006407  -0.612796   0.000222  -0.000202  -0.000682   0.000000   0.029461
       20.9819 0   0.003083   0.003083   0.292397    0.053968   0.000000  -0.639684   0.000000   0.000000   0.000000   0.000000   0.035818
       20.8922 0   0.001622   0.001622   0.340479    0.048435   0.000000  -0.642715   0.000000   0.000000   0.000000   0.000000   0.030092
       20.5904 0   0.000120   0.000120   0.277553    0.054274   0.005835  -0.638368   0.000000   0.000000   0.000000   0.000000   0.028943
       20.5318 0   0.000438   0.000438   0.335735    0.054404   0.002314  -0.672544   0.000000   0.000000   0.000000   0.000000   0.029243
       20.6559 0   0.000000   0.000000   0.352062    0.053563   0.000000  -0.697720   0.000000   0.000000   0.000000   0.000000   0.033056
       20.7522 0   0.000273   0.000273   0.303268    0.063534   0.000000  -0.646645   0.000000   0.000000   0.000000   0.000000   0.026783
       20.6968 0   0.000050   0.000050   0.356234    0.065821   0.000121  -0.637154   0.000107   0.000000   0.000000   0.000000   0.038429
       20.5285 0   0.000461   0.000461   0.349285    0.055212   0.000000  -0.632530   0.000000   0.000000   0.000000   0.000000   0.026868
       20.4178 0   0.001622   0.001622   0.368571    0.075558   0.000000  -0.665080   0.000000   0.000000   0.000000   0.000000   0.029136
       20.8594 0   0.001205   0.001205   0.280095    0.033197   0.000000  -0.599265   0.000000   0.000000   0.000000   0.000000   0.029204
       20.6064 0   0.000068   0.000068   0.315547    0.057098   0.000000  -0.644545   0.000000   0.000000   0.000000   0.000000   0.027201
       20.8346 0   0.000931   0.000931   0.314779    0.050722   0.000000  -0.663475   0.000000   0.000000   0.000000   0.000000   0.025659
       20.6655 0   0.000003   0.000003   0.318223    0.052418   0.000000  -0.696258   0.000000   0.000000   0.000000   0.000000   0.028966
       20.6850 0   0.000026   0.000026   0.345019    0.053178   0.000000  -0.745409   0.000000   0.000000   0.000000   0.000000   0.030062
       20.4037 0   0.001821   0.001821   0.300417    0.040035   0.000000  -0.734414   0.000000   0.000000   0.000000   0.000000   0.034223
       20.4658 0   0.001032   0.001032   0.298969    0.042801   0.000000  -0.699024   0.000000   0.000000   0.000000   0.000000   0.028531
       21.0448 0   0.004384   0.004384   0.298377    0.040843   0.000000  -0.706887   0.000000   0.000000   0.000000   0.000000   0.033212
       20.7001 0   0.000059   0.000059   0.296705    0.050596   0.000010  -0.739169   0.000000   0.000000   0.000000   0.000000   0.027619
       20.1121 0   0.008502   0.008502   0.311633    0.054363   0.000000  -0.702376   0.000000   0.000000   0.000000   0.000000   0.030456
       20.8311 0   0.000895   0.000895   0.323282    0.028746   0.000000  -0.715900   0.000000   0.000000   0.000000   0.000000   0.030448
       20.6317 0   0.000016   0.000016   0.368499    0.062852   0.000000  -0.746215   0.000000   0.000000   0.000000   0.000000   0.033060
       20.7441 0   0.000229   0.000229   0.325549    0.052839   0.000000  -0.743572   0.003845   0.000000   0.000000   0.000000   0.031773
       20.6073 0   0.000066   0.000066   0.312063    0.053076   0.000000  -0.719056   0.000000   0.000000  -0.000376   0.000000   0.028188
       20.9629 0   0.002735   0.002735   0.313784    0.047544   0.000000  -0.751872   0.000000   0.000000   0.000000   0.000000   0.026029
       20.8960 0   0.001675   0.001675   0.282363    0.046452   0.000000  -0.691601   0.000000   0.000000  -0.000058   0.000000   0.024359
       20.3500 0   0.002683   0.002683   0.325149    0.026585   0.000000  -0.707848   0.000000   0.000000   0.000000   0.000000   0.029920
       20.6460 0   0.000002   0.000002   0.325685    0.044677   0.000000  -0.696390   0.000000   0.000000  -0.001460   0.000000   0.030495
       20.6614 0   0.000001   0.000001   0.353459    0.045399   0.000000  -0.714622   0.000000   0.000000   0.000000   0.000000   0.029392
       20.7803 0   0.000453   0.000453   0.276207    0.050442   0.000000  -0.690497   0.000000   0.000000   0.000000   0.000000   0.030718
       20.5671 0   0.000223   0.000223   0.310550    0.045554   0.000000  -0.750030   0.000000   0.000000   0.000000   0.000000   0.030299
       20.8867 0   0.001549   0.001549   0.265093    0.058716   0.000000  -0.708030   0.000000   0.000000   0.000000   0.000000   0.026804
       20.4709 0   0.000978   0.000978   0.317941    0.063654   0.000000  -0.727962   0.000000   0.000000   0.000000   0.000000   0.025219
       20.6347 0   0.000012   0.000012   0.313095    0.058045   0.000000  -0.703652   0.000000   0.000000   0.000000   0.000000   0.023987
       20.4796 0   0.000887   0.000887   0.365868    0.035195   0.000749  -0.736656   0.000000   0.000000  -0.000225   0.000000   0.030622
       20.7395 0   0.000206   0.000206   0.367776    0.041639   0.000000  -0.740868   0.000000   0.000000   0.000000   0.000000   0.031674
       20.7415 0   0.000216   0.000216   0.330384    0.060562   0.000000  -0.762056   0.000049   0.000000   0.000000   0.000000   0.024672
       20.6212 0   0.000033   0.000033   0.314836    0.044227   0.000000  -0.778150   0.000000   0.000000   0.000000   0.000000   0.030649
       20.7607 0   0.000322   0.000322   0.342404    0.057030   0.000000  -0.802003   0.000000   0.000000   0.000000   0.000000   0.027789
       20.7644 0   0.000345   0.000345   0.329153    0.044743   0.000000  -0.764105   0.000000   0.000000   0.000000   0.000000   0.029123
       20.3249 0   0.003143   0.003143   0.317960    0.044740   0.000000  -0.792557   0.000000   0.000000   0.000000   0.000000   0.029908
       20.7143 0   0.000101   0.000101   0.296743    0.061059   0.000000  -0.787862   0.000000   0.000000  -0.001455   0.000000   0.029156
       20.5734 0   0.000192   0.000192   0.323398    0.043305   0.000000  -0.785324   0.000000   0.000000   0.000000   0.000000   0.028383
       20.6369 0   0.000009   0.000009   0.418626    0.046401   0.000197  -0.833969   0.000000   0.000000   0.000000   0.000000   0.027237
       20.8624 0   0.001241   0.001241   0.361085    0.047623   0.000000  -0.807031   0.000000   0.000000   0.000000   0.000000   0.027525
       20.6502 0   0.000001   0.000001   0.298754    0.052487   0.000000  -0.778353   0.000000   0.000000   0.000000   0.000000   0.033439
       20.8088 0   0.000682   0.000682   0.318296    0.046425   0.000000  -0.759960   0.000000   0.000000   0.000000   0.000000   0.027183
       20.8480 0   0.001075   0.001075   0.333435    0.048076   0.000000  -0.749486   0.000000   0.000000  -0.000004   0.000000   0.029867
       20.8480 0   0.001074   0.001074   0.334898    0.036246   0.000000  -0.761834   0.000000   0.000000   0.000000   0.000000   0.027896
       20.7526 0   0.000275   0.000275   0.356277    0.038902   0.000000  -0.776295   0.000000   0.000000  -0.000001   0.000000   0.028288
       20.7046 0   0.000071   0.000071   0.284110    0.053979   0.000000  -0.732470   0.000000   0.000000   0.000000   0.000000   0.031196
       20.6410 0   0.000006   0.000006   0.348025    0.048805   0.000000  -0.758528   0.000000   0.000000   0.000000   0.000000   0.029187
       20.7625 0   0.000333   0.000333   0.331428    0.035049   0.000000  -0.724235   0.000000   0.000000   0.000000   0.000000   0.027640
       20.4904 0   0.000781   0.000781   0.352029    0.043950   0.000000  -0.738879   0.000000   0.000000   0.000000   0.000000   0.027678
       20.5682 0   0.000217   0.000217   0.333756    0.059403   0.000000  -0.692112   0.000000   0.000000   0.000000   0.000000   0.033330
       20.9760 0   0.002972   0.002972   0.307651    0.057162   0.000022  -0.681687   0.000000   0.000000   0.000000   0.000000   0.029939
       20.8342 0   0.000926   0.000926   0.281519    0.056859   0.002586  -0.666997   0.000000   0.000000   0.000000   0.000000   0.029900
       20.7753 0   0.000417   0.000417   0.363642    0.045593   0.000000  -0.701523   0.000000   0.000000   0.000000   0.000000   0.024244
       20.6475 0   0.000002   0.000002   0.308526    0.063210   0.000000  -0.665076   0.000000   0.000000   0.000000   0.000000   0.026264
       20.8107 0   0.000700   0.000700   0.363994    0.049595   0.000000  -0.694202   0.000000   0.000000   0.000000   0.000000   0.030059
       20.8215 0   0.000799   0.000799   0.344272    0.070416   0.000000  -0.728779   0.000000   0.000000   0.000000   0.000000   0.028225
       20.6828 0   0.000022   0.000022   0.306246    0.059074   0.000000  -0.710313   0.000000   0.000000   0.000000   0.000000   0.028562
       20.9785 0   0.003020   0.003020   0.329211    0.049690   0.000000  -0.744457   0.000000   0.000000   0.000000   0.000000   0.028664
       20.8551 0   0.001155   0.001155   0.293756    0.057831   0.000000  -0.716446   0.000000   0.000000  -0.000000   0.000000   0.028600
       20.5845 0   0.000143   0.000143   0.305117    0.056570   0.000000  -0.678208   0.000000   0.000000   0.000000   0.000000   0.028843
       20.6952 0   0.000047   0.000047   0.316360    0.031134   0.000000  -0.646838   0.000000   0.000000   0.000000   0.000000   0.029521
       20.7445 0   0.000231   0.000231   0.313445    0.062644   0.000000  -0.636485   0.000000   0.000000   0.000000   0.000000   0.025807
       20.2903 0   0.003837   0.003837   0.328853    0.040914   0.000000  -0.640625   0.000000   0.000000   0.000000   0.000000   0.026250
       20.4126 0   0.001696   0.001696   0.368181    0.042302   0.000000  -0.657604   0.000000   0.000000   0.000000   0.000000   0.030602
       21.0719 0   0.005013   0.005013   0.350636    0.056481   0.000000  -0.647998   0.000000   0.000000   0.000000   0.000000   0.025610
       20.6815 0   0.000020   0.000020   0.324945    0.060647   0.000000  -0.632392   0.000487   0.000000  -0.000195   0.000000   0.034686
       20.4982 0   0.000709   0.000709   0.343573    0.054937   0.000000  -0.660472   0.000000   0.000000   0.000000   0.000000   0.028921
       20.7534 0   0.000280   0.000280   0.328368    0.042259   0.000000  -0.612307   0.000000   0.000000  -0.001531   0.000000   0.028950
       20.5777 0   0.000173   0.000173   0.348890    0.069415   0.000381  -0.667490   0.000000   0.000000  -0.000000  -0.010449   0.026893
       20.6162 0   0.000043   0.000043   0.308754    0.056176   0.000000  -0.575040   0.000000   0.000000   0.000000  -0.001534   0.028816
       20.5795 0   0.000164   0.000164   0.365333    0.044680   0.000000  -0.648820   0.000000   0.000000   0.000000   0.000000   0.026304
       20.5835 0   0.000147   0.000147   0.349321    0.034275   0.000100  -0.641685   0.000000   0.000000   0.000000   0.000000   0.025686
       20.5794 0   0.000165   0.000165   0.334141    0.054377   0.000000  -0.646000   0.000000  -0.000455  -0.002271   0.000000   0.034856
       20.4098 0   0.001734   0.001734   0.350712    0.045394   0.000000  -0.670418   0.000000   0.000000   0.000000   0.000000   0.038731
       20.3617 0   0.002481   0.002481   0.332885    0.046925   0.000000  -0.656405   0.000000   0.000000   0.000000   0.000000   0.026121
       21.1272 0   0.006433   0.006433   0.304100    0.041198   0.000000  -0.659276   0.000000   0.000000   0.000000   0.000000   0.030382
       20.8726 0   0.001366   0.001366   0.323808    0.026277   0.000000  -0.674946   0.000000   0.000000   0.000000   0.000000   0.033005
       20.5650 0   0.000234   0.000234   0.363143    0.042808   0.000000  -0.754524   0.000000   0.000000   0.000000   0.000000   0.024508
       20.6397 0   0.000007   0.000007   0.340138    0.049941   0.000000  -0.786750   0.000000   0.000000   0.000000   0.000000   0.027252
       20.6002 0   0.000087   0.000087   0.306529    0.045738   0.000277  -0.758326   0.000000   0.000000   0.000000   0.000000   0.029257
       20.4623 0   0.001072   0.001072   0.329450    0.036363   0.000000  -0.786990   0.000000   0.000000   0.000000   0.000000   0.026596
       20.8578 0   0.001187   0.001187   0.322462    0.047066   0.000000  -0.822329   0.000000   0.000000   0.000000   0.000000   0.025937
       20.7020 0   0.000064   0.000064   0.354457    0.037837   0.000000  -0.818158   0.000000   0.000000   0.000000   0.000000   0.028170
       20.4436 0   0.001289   0.001289   0.338090    0.062707   0.000000  -0.867350   0.000000   0.000000   0.000000   0.000000   0.026512
       21.0965 0   0.005622   0.005622   0.311102    0.057568   0.000000  -0.829364   0.000000   0.000000   0.000000   0.000000   0.028229
       20.6441 0   0.000003   0.000003   0.391846    0.027720   0.000000  -0.845531   0.000000   0.000000   0.000000   0.000000   0.026918
       20.3183 0   0.003270   0.003270   0.316740    0.054552   0.000000  -0.825932   0.000000   0.000000   0.000000   0.000000   0.026807
       20.1620 0   0.007012   0.007012   0.357644    0.052718   0.000000  -0.851576   0.000000   0.000000   0.000000   0.000000   0.028382
       20.6881 0   0.000032   0.000032   0.333435    0.042725   0.000000  -0.844028   0.000000   0.000000   0.000000   0.000000   0.031483
       20.5388 0   0.000389   0.000389   0.351347    0.060119   0.000000  -0.884759   0.000000   0.000000   0.000000   0.000000   0.027636
       20.4213 0   0.001576   0.001576   0.381494    0.039757   0.000000  -0.891831   0.000000   0.000000   0.000000   0.000000   0.029061
       20.8564 0   0.001170   0.001170   0.356319    0.051489   0.000000  -0.867134   0.000000   0.000000   0.000000   0.000000   0.028667
       20.5906 0   0.000119   0.000119   0.346594    0.057057   0.000000  -0.858098   0.000000   0.000000  -0.000004   0.000000   0.030654
       20.5566 0   0.000279   0.000279   0.313565    0.056366   0.000000  -0.825529   0.000000   0.000000   0.000000   0.000000   0.025795
       20.3127 0   0.003379   0.003379   0.336643    0.042329   0.000000  -0.829546   0.000000   0.000000   0.000000   0.000000   0.025612
       21.0219 0   0.003883   0.003883   0.320428    0.049007   0.000000  -0.793983   0.000000   0.000000   0.000000   0.000000   0.028216
       20.3559 0   0.002580   0.002580   0.303117    0.051510   0.000000  -0.764441   0.000000   0.000000   0.000000   0.000000   0.027972
       20.9620 0   0.002719   0.002719   0.347030    0.050047   0.000000  -0.739542   0.000000   0.000000   0.000000  -0.000027   0.028756
       20.5169 0   0.000550   0.000550   0.293255    0.062724   0.000215  -0.694892   0.000000   0.000000   0.000000   0.000000   0.027770
       20.8274 0   0.000857   0.000857   0.320581    0.075579   0.000000  -0.750585   0.000000   0.000000   0.000000   0.000000   0.033392
       21.0612 0   0.004760   0.004760   0.356879    0.040365   0.000000  -0.735502   0.000000   0.000000   0.000000   0.000000   0.026712
       20.5859 0   0.000138   0.000138   0.367097    0.043080   0.000000  -0.747555   0.000101   0.000000   0.000000   0.000000   0.030822
       20.6331 0   0.000014   0.000014   0.325428    0.064123   0.000000  -0.718273   0.001324   0.000000   0.000000   0.000000   0.027983
       20.5766 0   0.000177   0.000177   0.368102    0.042295   0.000000  -0.701168   0.000000   0.000000   0.000000   0.000000   0.029328
       21.0160 0   0.003759   0.003759   0.324476    0.046931   0.000000  -0.666396   0.000000   0.000000  -0.001447   0.000000   0.032119
       20.7569 0   0.000300   0.000300   0.343130    0.047481   0.000000  -0.648734   0.000000   0.000000  -0.002145  -0.009525   0.032770
       20.8993 0   0.001721   0.001721   0.354645    0.045323   0.003618  -0.670335   0.000413   0.000000   0.000000   0.000000   0.029509
       20.3714 0   0.002320   0.002320   0.283719    0.043286   0.000000  -0.603325   0.000000   0.000000   0.000000   0.000000   0.026020
       20.6007 0   0.000085   0.000085   0.342443    0.050571   0.000000  -0.596185   0.000000   0.000000   0.000000   0.000000   0.034351
       20.5650 0   0.000234   0.000234   0.332854    0.039642   0.000000  -0.594510   0.000000   0.000000   0.000000   0.000000   0.030454
       20.7950 0   0.000565   0.000565   0.347398    0.067607   0.000000  -0.630906   0.000000   0.000000   0.000000   0.000000   0.034378
       20.5760 0   0.000180   0.000180   0.330261    0.057909   0.005787  -0.663989   0.000000   0.000000   0.000000   0.000000   0.030856
       20.5133 0   0.000580   0.000580   0.345422    0.051087   0.000000  -0.682358   0.000000   0.000000   0.000000   0.000000   0.032538
       20.6784 0   0.000016   0.000016   0.368871    0.061603   0.000000  -0.720507   0.000000   0.000000   0.000000   0.000000   0.030736
       20.5476 0   0.000333   0.000333   0.352537    0.054617   0.000000  -0.717405   0.000000   0.000000   0.000000   0.000000   0.029955
       20.5783 0   0.000170   0.000170   0.347151    0.046128   0.000000  -0.679460   0.000000   0.000000   0.000000   0.000000   0.030722
       20.7880 0   0.000511   0.000511   0.356018    0.035752   0.000000  -0.632475   0.000000   0.000000   0.000000   0.000000   0.025084
       21.0088 0   0.003610   0.003610   0.343689    0.042498   0.000000  -0.644970   0.000000   0.000000  -0.000007   0.000000   0.030211
       20.6277 0   0.000022   0.000022   0.319380    0.062008   0.000000  -0.581736   0.000000   0.000000   0.000000   0.000000   0.028148
       20.6178 0   0.000040   0.000040   0.310781    0.048546   0.000000  -0.550260   0.000000   0.000000   0.000000   0.000000   0.029724
       20.8128 0   0.000718   0.000718   0.349006    0.033900   0.000000  -0.568453   0.000000   0.000000   0.000000   0.000000   0.031317
       20.8555 0   0.001160   0.001160   0.401110    0.039733   0.000000  -0.614898   0.000000   0.000000   0.000000   0.000000   0.033148
       20.6404 0   0.000006   0.000006   0.316856    0.055546   0.000000  -0.556229   0.000000   0.000000   0.000000   0.000000   0.033434
       20.6997 0   0.000058   0.000058   0.342630    0.053420   0.000000  -0.550657   0.000000   0.000000   0.000000   0.000000   0.031328
       20.4562 0   0.001140   0.001140   0.346617    0.045882   0.000000  -0.577985   0.000000   0.000000   0.000000   0.000000   0.026562
       20.3125 0   0.003384   0.003384   0.356126    0.039944   0.002769  -0.601772   0.000000   0.000000   0.000000   0.000000   0.032928
       21.1971 0   0.008478   0.008478   0.339916    0.059154   0.000000  -0.644670   0.000000   0.000000   0.000000   0.000000   0.030305
       20.9050 0   0.001803   0.001803   0.349680    0.048242   0.000000  -0.644132   0.000000   0.000000   0.000000   0.000000   0.028600
       20.6304 0   0.000018   0.000018   0.394391    0.049404   0.000000  -0.670497   0.000000   0.000000   0.000000   0.000000   0.023054
       20.4629 0   0.001065   0.001065   0.407685    0.052506   0.000000  -0.633459   0.000000   0.000000  -0.000000   0.000000   0.029231
       20.7225 0   0.000131   0.000131   0.337436    0.058313   0.000000  -0.653037   0.000000   0.000000   0.000000   0.000000   0.027252
       20.4686 0   0.001003   0.001003   0.354727    0.055438   0.000095  -0.692169   0.000048   0.000000   0.000000   0.000000   0.028084
       20.4986 0   0.000706   0.000706   0.335104    0.055079   0.000000  -0.633317   0.000000   0.000000   0.000000   0.000000   0.027472
       20.6589 0   0.000000   0.000000   0.348905    0.054862   0.000000  -0.655546   0.000000   0.000000  -0.000402   0.000000   0.026514
       20.5443 0   0.000354   0.000354   0.362793    0.062084   0.000000  -0.659583   0.000000   0.000000   0.000000   0.000000   0.030600
       20.6111 0   0.000056   0.000056   0.364441    0.045621   0.000000  -0.629611   0.000000  -0.000001  -0.000097   0.000000   0.024886
       20.6735 0   0.000010   0.000010   0.280945    0.046723   0.000000  -0.623504   0.000000   0.000000   0.000000   0.000000   0.030741
       20.8082 0   0.000677   0.000677   0.365014    0.055574   0.000000  -0.741801   0.000000   0.000000  -0.000091   0.000000   0.028815
       20.6548 0   0.000000   0.000000   0.339492    0.038365   0.000000  -0.723446   0.000000   0.000000   0.000000   0.000000   0.032405
       20.6223 0   0.000031   0.000031   0.384509    0.041660   0.000000  -0.753859   0.000000   0.000000   0.000000   0.000000   0.030072
       20.8857 0   0.001536   0.001536   0.328031    0.062246   0.000000  -0.702591   0.000000   0.000000   0.000000   0.000000   0.025284
       20.5805 0   0.000160   0.000160   0.307970    0.051814   0.000000  -0.727945   0.000000   0.000000   0.000000   0.000000   0.030687
       20.2831 0   0.003989   0.003989   0.327958    0.046929   0.000000  -0.692527   0.000000   0.000000  -0.000381   0.000000   0.031696
       20.8352 0   0.000937   0.000937   0.290730    0.059260   0.000000  -0.647856   0.000000   0.000000   0.000000   0.000000   0.028904
       20.6769 0   0.000014   0.000014   0.299933    0.049740   0.000000  -0.626862   0.000000   0.000000   0.000000   0.000000   0.027951
       20.5016 0   0.000678   0.000678   0.328918    0.051017   0.000000  -0.644772   0.000000   0.000000   0.000000   0.000000   0.028737
       20.6870 0   0.000030   0.000030   0.344503    0.048224   0.000000  -0.632657   0.000000   0.000000   0.000000   0.000000   0.027231
       21.0245 0   0.003939   0.003939   0.334950    0.056972   0.000012  -0.621730   0.000000   0.000000   0.000000   0.000000   0.029943
       20.1498 0   0.007363   0.007363   0.334715    0.051115   0.000000  -0.634332   0.000000   0.000000   0.000000   0.000000   0.037196
       20.9157 0   0.001960   0.001960   0.313151    0.051471   0.000000  -0.627309   0.000000   0.000000   0.000000   0.000000   0.031956
       20.5905 0   0.000120   0.000120   0.308659    0.040556   0.000000  -0.629305   0.000000   0.000000   0.000000   0.000000   0.031301
       20.4658 0   0.001033   0.001033   0.322002    0.053639   0.000000  -0.652035   0.000000   0.000000   0.000000   0.000000   0.031520
       20.8565 0   0.001172   0.001172   0.349636    0.034952   0.001795  -0.633013   0.000000   0.000000   0.000000   0.000000   0.025168
       20.2955 0   0.003729   0.003729   0.347466    0.052255   0.000000  -0.580803   0.000000  -0.013318  -0.001162   0.000000   0.032550
       20.4837 0   0.000846   0.000846   0.391432    0.041703   0.000792  -0.596714   0.000000  -0.011811  -0.001153   0.000000   0.030196
       20.8581 0   0.001190   0.001190   0.345723    0.046964   0.000000  -0.510894   0.000000   0.000000   0.000000   0.000000   0.030635
       20.5145 0   0.000570   0.000570   0.338142    0.035041   0.000051  -0.535917   0.000000   0.000000   0.000000   0.000000   0.027440
       20.8073 0   0.000669   0.000669   0.335078    0.044001   0.000000  -0.586617   0.000000   0.000000   0.000000   0.000000   0.031950
       20.5835 0   0.000147   0.000147   0.288045    0.053519   0.000000  -0.547702   0.000000   0.000000   0.000000   0.000000   0.024341
       20.3469 0   0.002739   0.002739   0.328290    0.039000   0.000000  -0.577983   0.000000   0.000000   0.000000   0.000000   0.029737
       20.8269 0   0.000853   0.000853   0.339890    0.051204   0.000045  -0.597459   0.000000   0.000000   0.000000   0.000000   0.030557
       20.7521 0   0.000272   0.000272   0.331960    0.052294   0.000000  -0.619600   0.000000   0.000000   0.000000   0.000000   0.028591
       20.3259 0   0.003125   0.003125   0.328398    0.053296   0.000000  -0.628037   0.000000   0.000000   0.000000   0.000000   0.028450
       21.0112 0   0.003660   0.003660   0.360436    0.042449   0.000646  -0.666662   0.000000   0.000000   0.000000   0.000000   0.028717
       20.7470 0   0.000244   0.000244   0.326710    0.047789   0.000000  -0.659617   0.002204   0.000000   0.000000   0.000000   0.026279
       20.4489 0   0.001226   0.001226   0.311113    0.035087   0.000000  -0.644721   0.000000   0.000000  -0.000116   0.000000   0.029372
       20.9371 0   0.002295   0.002295   0.319905    0.032380   0.000000  -0.636569   0.000000   0.000000   0.000000   0.000000   0.028202
       20.4507 0   0.001204   0.001204   0.339177    0.048704   0.000036  -0.618755   0.000000   0.000000  -0.000000   0.000000   0.028550
       20.1802 0   0.006503   0.006503   0.348937    0.054389   0.000000  -0.671583   0.000000   0.000000   0.000000   0.000000   0.029198
       20.6135 0   0.000050   0.000050   0.318327    0.044109   0.000000  -0.646997   0.000000   0.000000   0.000000   0.000000   0.031559
       20.9629 0   0.002735   0.002735   0.270483    0.056821   0.000166  -0.698567   0.000000   0.000000   0.000000   0.000000   0.032677
       20.4382 0   0.001356   0.001356   0.306077    0.056860   0.000000  -0.736665   0.000000   0.000000   0.000000   0.000000   0.031136
       20.6879 0   0.000031   0.000031   0.330222    0.046655   0.000000  -0.720634   0.000000   0.000000   0.000000   0.000000   0.024842
       20.7179 0   0.000114   0.000114   0.369473    0.042497   0.000000  -0.741576   0.000000   0.000000   0.000000   0.000000   0.029766
       20.3525 0   0.002640   0.002640   0.354976    0.056741   0.000000  -0.730164   0.000000   0.000000   0.000000   0.000000   0.032164
       20.7191 0   0.000118   0.000118   0.350519    0.062347   0.000000  -0.735318   0.000000   0.000000  -0.000001   0.000000   0.028518
       20.7946 0   0.000562   0.000562   0.354739    0.059169   0.000000  -0.717063   0.000000   0.000000  -0.000000   0.000000   0.027386
       20.6364 0   0.000010   0.000010   0.387935    0.052483   0.000000  -0.722814   0.000000   0.000000   0.000000   0.000000   0.028724
       20.6013 0   0.000083   0.000083   0.301277    0.052256   0.000000  -0.641969   0.000000   0.000000   0.000000   0.000000   0.032084
       20.7101 0   0.000088   0.000088   0.334385    0.046469   0.000000  -0.680874   0.000000   0.000000   0.000000   0.000000   0.028868
       20.5764 0   0.000178   0.000178   0.322709    0.049932   0.000000  -0.670722   0.000000   0.000000   0.000000   0.000000   0.027164
       20.7190 0   0.000118   0.000118   0.339454    0.050903   0.000000  -0.686398   0.000000   0.000000  -0.000007   0.000000   0.029131
       20.5715 0   0.000201   0.000201   0.314125    0.045940   0.000000  -0.667028   0.000000   0.000000   0.000000   0.000000   0.026003
       20.6246 0   0.000027   0.000027   0.323019    0.051693   0.000000  -0.688199   0.000000   0.000000  -0.000565   0.000000   0.029712
       20.9204 0   0.002032   0.002032   0.305902    0.050604   0.000000  -0.709616   0.000000   0.000000   0.000000   0.000000   0.031493
       20.9708 0   0.002876   0.002876   0.323125    0.061185   0.000000  -0.701315   0.000000   0.000000   0.000000   0.000000   0.032147
       20.4987 0   0.000704   0.000704   0.370801    0.044145   0.000000  -0.672182   0.000000   0.000000   0.000000   0.000000   0.026871
       20.6863 0   0.000028   0.000028   0.299417    0.067738   0.000000  -0.733822   0.000257   0.000000   0.000000   0.000000   0.027052
       20.4151 0   0.001661   0.001661   0.332149    0.038758   0.000000  -0.686850   0.000000   0.000000   0.000000  -0.000005   0.033234
       20.5962 0   0.000100   0.000100   0.310331    0.043745   0.003442  -0.683518   0.000000   0.000000   0.000000   0.000000   0.027474
       20.8781 0   0.001436   0.001436   0.308103    0.049554   0.000000  -0.685542   0.000000   0.000000   0.000000   0.000000   0.030347
       20.8183 0   0.000769   0.000769   0.328063    0.052055   0.000000  -0.699799   0.000000   0.000000   0.000000   0.000000   0.026264
       20.5706 0   0.000205   0.000205   0.333933    0.052616   0.000000  -0.704403   0.000000   0.000000   0.000000   0.000000   0.026484
       20.5246 0   0.000490   0.000490   0.339776    0.039242   0.000429  -0.621923   0.000243   0.000000   0.000000   0.000000   0.031935
       20.7905 0   0.000530   0.000530   0.356550    0.051971   0.000000  -0.699056   0.000000   0.000000   0.000000   0.000000   0.025546
       20.5767 0   0.000177   0.000177   0.288839    0.054495   0.000000  -0.669459   0.000000   0.000000  -0.000781   0.000000   0.031576
       20.2351 0   0.005086   0.005086   0.325108    0.059643   0.000000  -0.715557   0.000000   0.000000   0.000000   0.000000   0.026983
       20.6324 0   0.000015   0.000015   0.309520    0.054820   0.000000  -0.651623   0.000000   0.000000   0.000000   0.000000   0.026294
       20.6251 0   0.000026   0.000026   0.307795    0.046376   0.000000  -0.638297   0.000000   0.000000   0.000000   0.000000   0.027271
       20.7873 0   0.000505   0.000505   0.353394    0.047400   0.000000  -0.661434   0.000000   0.000000   0.000000   0.000000   0.025202
       20.6929 0   0.000042   0.000042   0.298343    0.049073   0.000000  -0.654275   0.000000   0.000000   0.000000   0.000000   0.035207
       20.7735 0   0.000405   0.000405   0.334300    0.033999   0.000000  -0.669257   0.000000   0.000000  -0.000004   0.000000   0.028129
       20.9583 0   0.002654   0.002654   0.311242    0.045315   0.000000  -0.655929   0.000000   0.000000   0.000000   0.000000   0.027923
       20.9765 0   0.002982   0.002982   0.374478    0.056298   0.000000  -0.719372   0.000000   0.000000   0.000000   0.000000   0.027279
       20.3666 0   0.002400   0.002400   0.401617    0.058452   0.000000  -0.684559   0.000000   0.000000   0.000000   0.000000   0.027001
       20.6982 0   0.000054   0.000054   0.354736    0.035337   0.000000  -0.655767   0.000000   0.000000   0.000000   0.000000   0.029950
       20.5556 0   0.000285   0.000285   0.301536    0.088564   0.000000  -0.718799   0.000000   0.000000   0.000000   0.000000   0.029224
       20.4617 0   0.001078   0.001078   0.332252    0.046821   0.000000  -0.716243   0.000000   0.000000  -0.001209   0.000000   0.026954
       20.5162 0   0.000556   0.000556   0.351985    0.056971   0.000000  -0.764204   0.000000   0.000000  -0.004365   0.000000   0.032661
       20.6836 0   0.000024   0.000024   0.337598    0.051095   0.000000  -0.760240   0.000000   0.000000   0.000000   0.000000   0.026542
       20.7471 0   0.000245   0.000245   0.314467    0.051077   0.000000  -0.727766   0.000000   0.000000   0.000000   0.000000   0.031981
       20.2768 0   0.004126   0.004126   0.304000    0.046877   0.000312  -0.706808   0.000000   0.000000  -0.002476  -0.010280   0.032258
       20.7994 0   0.000602   0.000602   0.284895    0.058607   0.000000  -0.687973   0.000000   0.000000   0.000000   0.000000   0.028076
       20.8604 0   0.001217   0.001217   0.330615    0.058680   0.000000  -0.674391   0.000000   0.000000   0.000000   0.000000   0.028785
       20.2735 0   0.004198   0.004198   0.304582    0.044017   0.000000  -0.674220   0.000000   0.000000  -0.000002   0.000000   0.032325
       20.6987 0   0.000055   0.000055   0.337875    0.058780   0.000000  -0.658811   0.000000   0.000000   0.000000   0.000000   0.034810
       20.5864 0   0.000136   0.000136   0.354208    0.035983   0.000000  -0.656868   0.000000   0.000000   0.000000   0.000000   0.030230
       20.8382 0   0.000968   0.000968   0.313153    0.038026   0.000000  -0.603396   0.000000   0.000000   0.000000   0.000000   0.031595
       20.6015 0   0.000082   0.000082   0.319995    0.052369   0.000000  -0.619284   0.000000   0.000000   0.000000   0.000000   0.032934
       20.3811 0   0.002163   0.002163   0.322170    0.052564   0.000000  -0.599552   0.000000   0.000000   0.000000   0.000000   0.032010
       20.8781 0   0.001436   0.001436   0.335427    0.055508   0.000000  -0.579113   0.000000   0.000000   0.000000   0.000000   0.031529
       20.8561 0   0.001166   0.001166   0.293497    0.059928   0.000000  -0.572174   0.000000   0.000000   0.000000   0.000000   0.029713
       21.0138 0   0.003714   0.003714   0.388981    0.049191   0.000000  -0.610806   0.000000   0.000000   0.000000   0.000000   0.029227
       20.5799 0   0.000163   0.000163   0.334941    0.050941   0.000000  -0.580245   0.000000   0.000000   0.000000   0.000000   0.027882
       20.4258 0   0.001515   0.001515   0.371356    0.047775   0.000000  -0.577375   0.000000   0.000000  -0.000057   0.000000   0.032542
       21.0679 0   0.004917   0.004917   0.381415    0.043931   0.000000  -0.617198   0.003655   0.000000   0.000000   0.000000   0.029756
       20.5626 0   0.000246   0.000246   0.327517    0.056417   0.000000  -0.563571   0.000000   0.000000   0.000000   0.000000   0.027990
       20.7674 0   0.000364   0.000364   0.334140    0.048748   0.000000  -0.569438   0.000000   0.000000   0.000000   0.000000   0.030208
       20.7369 0   0.000194   0.000194   0.311875    0.047333   0.000000  -0.583509   0.000000   0.000000  -0.000000   0.000000   0.030304
       20.7830 0   0.000473   0.000473   0.293618    0.052904   0.000000  -0.590279   0.000000   0.000000  -0.000043   0.000000   0.028873
       20.3718 0   0.002313   0.002313   0.330041    0.064312   0.000000  -0.659122   0.000000   0.000000  -0.000019   0.000000   0.034772
       20.6802 0   0.000018   0.000018   0.374629    0.053384   0.000000  -0.678744   0.000000   0.000000  -0.000990   0.000000   0.025799
       20.8122 0   0.000713   0.000713   0.314042    0.044505   0.000000  -0.666025   0.000000   0.000000   0.000000   0.000000   0.023567
       20.8910 0   0.001606   0.001606   0.370151    0.040611   0.000000  -0.680601   0.002906   0.000000  -0.000088   0.000000   0.029273
       20.9836 0   0.003114   0.003114   0.298418    0.065753   0.000000  -0.651970   0.000000   0.000000  -0.001072   0.000000   0.023782
       20.2566 0   0.004579   0.004579   0.347347    0.040249   0.000000  -0.643654   0.000000   0.000000  -0.000019   0.000000   0.028792
       20.4765 0   0.000919   0.000919   0.336811    0.041070   0.000000  -0.654315   0.000000   0.000000   0.000000   0.000000   0.028316
       20.6891 0   0.000034   0.000034   0.352885    0.055566   0.000000  -0.681008   0.000000   0.000000   0.000000   0.000000   0.025020
       20.7459 0   0.000238   0.000238   0.355234    0.047203   0.000000  -0.672358   0.000000   0.000000   0.000000   0.000000   0.034787
       21.0392 0   0.004259   0.004259   0.370353    0.052496   0.000000  -0.683455   0.000000   0.000000   0.000000   0.000000   0.029720
       20.5593 0   0.000264   0.000264   0.342915    0.050070   0.000000  -0.716062   0.000000   0.000000   0.000000   0.000000   0.029463
       20.5586 0   0.000268   0.000268   0.364958    0.027782   0.000000  -0.716475   0.000000   0.000000  -0.000000   0.000000   0.027058
       20.8234 0   0.000818   0.000818   0.356105    0.043066   0.000042  -0.724256   0.000000   0.000000   0.000000   0.000000   0.028056
       20.6914 0   0.000038   0.000038   0.338944    0.054318   0.000000  -0.728460   0.000000   0.000000   0.000000   0.000000   0.029020
       20.7199 0   0.000121   0.000121   0.357107    0.039629   0.000000  -0.670887   0.000000   0.000000   0.000000   0.000000   0.033879
       20.5226 0   0.000505   0.000505   0.351962    0.039524   0.002829  -0.714913   0.000000   0.000000  -0.000007   0.000000   0.024184
       20.6170 0   0.000042   0.000042   0.322125    0.044308   0.000000  -0.676024   0.000000   0.000000   0.000000   0.000000   0.030329
       20.8672 0   0.001298   0.001298   0.310792    0.033548   0.000000  -0.697254   0.000000   0.000000   0.000000   0.000000   0.027864
       20.4732 0   0.000954   0.000954   0.330681    0.042412   0.000000  -0.722571   0.000000   0.000000   0.000000   0.000000   0.036232
       20.3903 0   0.002022   0.002022   0.340242    0.044645   0.000000  -0.709726   0.000000   0.000000   0.000000   0.000000   0.024643
       20.9620 0   0.002720   0.002720   0.320836    0.042473   0.000041  -0.688535   0.000000   0.000000   0.000000   0.000000   0.028663
       20.9835 0   0.003113   0.003113   0.303978    0.057227   0.000856  -0.694947   0.000000  -0.000001  -0.000441   0.000000   0.029601
       20.7029 0   0.000066   0.000066   0.332125    0.063248   0.000000  -0.686855   0.000000   0.000000   0.000000   0.000000   0.033965
       20.5762 0   0.000179   0.000179   0.356405    0.046854   0.000000  -0.713732   0.000000   0.000000   0.000000   0.000000   0.027568
       20.6632 0   0.000002   0.000002   0.333333    0.061252   0.000000  -0.692536   0.000000   0.000000   0.000000   0.000000   0.026479
       20.7334 0   0.000177   0.000177   0.366928    0.051506   0.000000  -0.693532   0.000000   0.000000   0.000000   0.000000   0.028725
       20.2449 0   0.004851   0.004851   0.324306    0.065079   0.000000  -0.701244   0.000000   0.000000   0.000000   0.000000   0.029543
       20.5459 0   0.000344   0.000344   0.301178    0.038603   0.000000  -0.612790   0.000000   0.000000   0.000000   0.000000   0.028709
       20.6594 0   0.000001   0.000001   0.340900    0.060864   0.000000  -0.675713   0.000000   0.000000   0.000000  -0.008934   0.031090
       20.8968 0   0.001687   0.001687   0.334608    0.050082   0.000000  -0.680952   0.000000   0.000000   0.000000   0.000000   0.030587
       20.9306 0   0.002192   0.002192   0.327778    0.052511   0.001441  -0.658693   0.000000  -0.000014  -0.001122   0.000000   0.032992
       20.7044 0   0.000070   0.000070   0.365071    0.042578   0.000000  -0.707066   0.000000   0.000000  -0.000018   0.000000   0.029037
       21.1319 0   0.006559   0.006559   0.354879    0.054279   0.000697  -0.739786   0.000000   0.000000   0.000000   0.000000   0.028597
       20.2575 0   0.004557   0.004557   0.344046    0.050111   0.000000  -0.752423   0.000000   0.000000  -0.000001   0.000000   0.029562
       20.2393 0   0.004984   0.004984   0.349075    0.041155   0.000407  -0.712068   0.000000   0.000000   0.000000   0.000000   0.031531
       20.9568 0   0.002627   0.002627   0.315559    0.058054   0.004451  -0.714425   0.000000   0.000000  -0.000000   0.000000   0.027506
       20.5380 0   0.000395   0.000395   0.329522    0.059068   0.000000  -0.722743   0.000000   0.000000   0.000000   0.000000   0.026716
       20.6389 0   0.000008   0.000008   0.336241    0.041120   0.000000  -0.708609   0.000000   0.000000   0.000000   0.000000   0.026453
       20.8897 0   0.001589   0.001589   0.323481    0.043287   0.000000  -0.659231   0.000000   0.000000   0.000000   0.000000   0.024083
       20.7926 0   0.000546   0.000546   0.329583    0.048747   0.000000  -0.699283   0.000000   0.000000   0.000000   0.000000   0.028892
       20.4500 0   0.001212   0.001212   0.327340    0.060559   0.000000  -0.706537   0.000000   0.000000  -0.000195   0.000000   0.030213
       20.7842 0   0.000481   0.000481   0.337357    0.041479   0.000000  -0.672528   0.000000   0.000000   0.000000   0.000000   0.024730
       20.7304 0   0.000164   0.000164   0.292387    0.065409   0.000000  -0.674042   0.004161   0.000000   0.000000   0.000000   0.030136
       20.8756 0   0.001403   0.001403   0.325753    0.039470   0.000000  -0.668803   0.000000   0.000000   0.000000   0.000000   0.027697
       20.7286 0   0.000156   0.000156   0.354276    0.045751   0.000000  -0.705528   0.000000   0.000000   0.000000   0.000000   0.029771
       20.6447 0   0.000003   0.000003   0.315004    0.047584   0.000000  -0.678023   0.000000   0.000000   0.000000   0.000000   0.022873
       20.3365 0   0.002927   0.002927   0.335033    0.069293   0.000000  -0.689055   0.000000   0.000000   0.000000   0.000000   0.025656
       20.8326 0   0.000909   0.000909   0.334341    0.054466   0.000000  -0.664723   0.000000   0.000000  -0.001911   0.000000   0.037363
       20.7057 0   0.000074   0.000074   0.329142    0.042796   0.000000  -0.674188   0.000000   0.000000  -0.000028   0.000000   0.029844
       20.5759 0   0.000180   0.000180   0.333171    0.035141   0.000000  -0.650818   0.000000   0.000000   0.000000   0.000000   0.028404
       20.6682 0   0.000005   0.000005   0.316783    0.054317   0.000000  -0.674818   0.000000   0.000000   0.000000   0.000000   0.030196
       20.8256 0   0.000840   0.000840   0.355595    0.044884   0.000000  -0.689149   0.000000   0.000000  -0.000000   0.000000   0.030361
       20.6367 0   0.000010   0.000010   0.389136    0.029533   0.000000  -0.741790   0.000000   0.000000   0.000000   0.000000   0.028027
       20.6364 0   0.000010   0.000010   0.340635    0.032407   0.001331  -0.713868   0.000000   0.000000   0.000000   0.000000   0.029369
       20.7849 0   0.000486   0.000486   0.331527    0.064703   0.000000  -0.717511   0.000031   0.000000  -0.002488  -0.001765   0.031567
       20.4497 0   0.001216   0.001216   0.312952    0.060053   0.000000  -0.722052   0.000000   0.000000   0.000000   0.000000   0.032238
       21.0650 0   0.004848   0.004848   0.309381    0.033670   0.000000  -0.739674   0.000000   0.000000   0.000000   0.000000   0.030783
       20.6704 0   0.000007   0.000007   0.356928    0.060396   0.000000  -0.815045   0.000000   0.000000   0.000000   0.000000   0.028862
       20.6091 0   0.000061   0.000061   0.286404    0.054691   0.000000  -0.755012   0.000000   0.000000   0.000000   0.000000   0.028791
       20.7123 0   0.000095   0.000095   0.338468    0.049026   0.000000  -0.750778   0.000000   0.000000   0.000000   0.000000   0.031092
       20.7237 0   0.000136   0.000136   0.371660    0.044321   0.000000  -0.757308   0.000000   0.000000   0.000000   0.000000   0.024776
       20.7118 0   0.000093   0.000093   0.417043    0.056281   0.000115  -0.787966   0.000000   0.000000   0.000000   0.000000   0.030989
       20.6978 0   0.000053   0.000053   0.315598    0.043898   0.000000  -0.721372   0.000000   0.000000   0.000000   0.000000   0.032420
       20.8630 0   0.001248   0.001248   0.265555    0.049263   0.000000  -0.650750   0.000000   0.000000   0.000000  -0.009245   0.033704
       20.5942 0   0.000107   0.000107   0.294672    0.047356   0.000000  -0.661161   0.000000   0.000000   0.000000   0.000000   0.027409
       20.3717 0   0.002315   0.002315   0.317315    0.035915   0.000000  -0.620132   0.000000   0.000000   0.000000   0.000000   0.032271
       20.8114 0   0.000706   0.000706   0.398666    0.049663   0.000000  -0.691629   0.000000   0.000000   0.000000   0.000000   0.026281
       20.6277 0   0.000022   0.000022   0.358646    0.054585   0.000000  -0.696743   0.000000   0.000000   0.000000   0.000000   0.028354
       20.4973 0   0.000717   0.000717   0.382507    0.055848   0.000000  -0.698282   0.000000   0.000000   0.000000   0.000000   0.029654
       20.8557 0   0.001162   0.001162   0.293802    0.045568   0.000000  -0.605465   0.000000   0.000000   0.000000   0.000000   0.029799
       20.6048 0   0.000073   0.000073   0.355053    0.055078   0.000000  -0.662277   0.000000   0.000000   0.000000   0.000000   0.036212
       20.7893 0   0.000520   0.000520   0.321768    0.053226   0.000706  -0.606830   0.000000   0.000000   0.000000   0.000000   0.029820
       20.9890 0   0.003218   0.003218   0.334276    0.049555   0.000038  -0.649110   0.000000   0.000000   0.000000   0.000000   0.027470
       20.6749 0   0.000011   0.000011   0.330240    0.052429   0.000000  -0.646033   0.000000   0.000000   0.000000   0.000000   0.025366
       20.1536 0   0.007252   0.007252   0.377168    0.065133   0.000000  -0.698390   0.000000   0.000000  -0.000011   0.000000   0.026311
       21.0755 0   0.005100   0.005100   0.342825    0.058187   0.000000  -0.678014   0.000000   0.000000   0.000000   0.000000   0.027641
       20.8136 0   0.000726   0.000726   0.366991    0.047612   0.000029  -0.684394   0.000000   0.000000  -0.002520   0.000000   0.035346
       20.3427 0   0.002813   0.002813   0.329511    0.038000   0.000000  -0.631339   0.000000   0.000000   0.000000   0.000000   0.035780
       20.8540 0   0.001142   0.001142   0.359295    0.046648   0.000000  -0.652231   0.000000   0.000000  -0.000052   0.000000   0.034427
       20.7220 0   0.000130   0.000130   0.322716    0.043148   0.000000  -0.609922   0.000000   0.000000   0.000000   0.000000   0.030195
       20.5754 0   0.000183   0.000183   0.359843    0.031146   0.000000  -0.664238   0.000000   0.000000   0.000000   0.000000   0.027999
       20.7905 0   0.000530   0.000530   0.320397    0.062617   0.000000  -0.711577   0.000001   0.000000   0.000000   0.000000   0.030551
       21.0157 0   0.003753   0.003753   0.298332    0.061242   0.000000  -0.687653   0.000000   0.000000  -0.000008   0.000000   0.034782
       20.5876 0   0.000131   0.000131   0.383894    0.047701   0.000263  -0.725544   0.000000   0.000000   0.000000   0.000000   0.027223
       20.8664 0   0.001289   0.001289   0.333042    0.045676   0.000000  -0.702813   0.000000   0.000000   0.000000   0.000000   0.029570
       20.5529 0   0.000300   0.000300   0.286200    0.042112   0.000000  -0.729472   0.000000   0.000000   0.000000   0.000000   0.027927
       21.0510 0   0.004524   0.004524   0.335478    0.050286   0.000000  -0.742783   0.000371   0.000000   0.000000  -0.013141   0.027529
       20.6362 0   0.000010   0.000010   0.344467    0.047034   0.000410  -0.728866   0.000165   0.000000   0.000000   0.000000   0.032901
       20.5169 0   0.000550   0.000550   0.358873    0.054858   0.000000  -0.738398   0.000000   0.000000   0.000000   0.000000   0.029940
       20.7329 0   0.000175   0.000175   0.374539    0.040896   0.000000  -0.742755   0.000000   0.000000   0.000000   0.000000   0.030550
       20.6640 0   0.000002   0.000002   0.294585    0.051407   0.000000  -0.686838   0.000000   0.000000   0.000000   0.000000   0.025594
       20.7664 0   0.000358   0.000358   0.338893    0.046681   0.000000  -0.715658   0.000000   0.000000  -0.000009   0.000000   0.028340
       20.6162 0   0.000043   0.000043   0.345473    0.060855   0.000000  -0.717607   0.003293   0.000000   0.000000   0.000000   0.027600
       20.7146 0   0.000102   0.000102   0.355711    0.047657   0.000000  -0.667422   0.000000   0.000000   0.000000   0.000000   0.029929
       20.9233 0   0.002076   0.002076   0.368381    0.055407   0.000000  -0.706753   0.000000   0.000000   0.000000   0.000000   0.030203
       20.7110 0   0.000090   0.000090   0.327528    0.041566   0.000000  -0.654592   0.000000   0.000000   0.000000   0.000000   0.029564
       20.2291 0   0.005233   0.005233   0.340503    0.081932   0.000000  -0.701743   0.000000   0.000000   0.000000   0.000000   0.032401
