t = 7000000
b = 105 105 105
E = -0.246907103258078 -0.587410174811921 0.340503071553843
-10.0544140586647 26.691858473597 11.6743388694145 -0.387081780532049 -0.0879293896523662 0.917843187922274 0.538851808142397 -0.829333456711373 0.147799683493726 -0.71542143902859 0.076491593897942 0.318812188442068 -0.215137982882327 -0.598760339866476 -0.207075017289423
-9.8133844785642 27.4276771161598 10.9215617314711 -0.103175147438049 0.859937480289134 -0.499862400011382 0.964627658490387 0.209071417277379 0.160569682546116 -1.09763497576157 -0.420251011381587 -0.0943062071968192 -0.219434149287011 0.0255755916545838 -0.143769397741689
-9.18864761064882 28.0411263181288 11.3305456019533 -0.215914709183996 0.323599965310171 0.921229559235405 0.932423052067219 -0.211666287605335 0.292890140948237 0.482871929413613 -0.0627747926860214 -0.0230526808093328 0.137664321437512 0.51538957066624 0.267279087985501
-9.37012582808645 27.038620963134 11.5316388958199 -0.520069465775718 -0.304106929592911 0.798152069559175 0.781546829204099 -0.546391014301625 0.301067124162403 0.472793442303304 0.371987616178112 0.47120328371962 -0.100437371998837 0.0224654143338501 -0.12477546611217
-9.01735832056209 26.8807252836743 11.8871335369499 -0.77676466676571 -0.598149490657627 0.197113772451351 0.629415927352451 -0.726500166514286 0.275740998855575 0.090006089516038 0.105114416356333 -0.0117582933597291 -0.368916843589833 0.299958127574323 0.574728399257027
-8.90344637927266 26.5418915890077 12.2203757381495 -0.359991884464236 -0.73212339077469 -0.578274315355973 0.774026026685944 -0.580416578224405 0.2529828170745 -0.354964582812739 -0.154795354956851 0.119957515202343 0.629137640513612 -0.262844465349561 0.203111203753237
-8.89432598166105 26.2163965993421 12.5713947099791 0.388002051394431 -0.425443485868836 -0.817589290809001 0.46204632440793 -0.677771867838162 0.57196021650871 -0.424009001507132 -0.229254001745475 0.739717129648321 0.21443391246505 -0.034557894835024 0.60661434623072
-8.82751933035043 25.687755327197 12.6193605355632 0.892053164593121 0.143302378112046 -0.428608889276602 0.396266304833539 -0.70400946853255 0.589358705603543 -0.239312222091753 0.101118090733268 -0.474147627883914 -0.43833377115865 0.0473958653436303 0.117195423720704
-8.64178722778952 25.2084304462816 12.8466060603573 0.750894749246532 0.572402724670063 -0.329411894660443 0.652990744393605 -0.56887974956238 0.499978917829451 0.00924730588298578 -0.246130833495422 0.473728316987279 0.298683640154426 0.0227041862042848 0.205571467273431
-8.22535431976753 24.8018912939835 13.0424987426984 0.356987419882567 0.933851622726491 0.0219346478601602 0.490205536536189 -0.207278236611198 0.846601597314999 0.470718969789979 0.161539190192645 0.282479744344749 0.391855992021092 0.146682342445082 -0.50426578578422
-7.74482572544514 24.9464088813302 13.330042251858 -0.246444893259402 0.962032492383489 0.117296198508281 0.676585165809472 0.0841278839892573 0.731542898634028 -0.2952023273574 -0.568131712706094 0.338163645197005 0.423023559449154 -0.428336597241702 0.479888945594205
-7.35174779907721 25.2159084520811 13.4285831466423 -0.632867793731334 0.439497360094879 0.637432683604427 0.756563495599223 0.176016403760688 0.629785600608585 0.120145091987468 0.0710328455013619 0.0984658863329018 0.50312050480991 -0.109677604574456 0.0195965284460099
-6.77187518289795 25.4179786312562 13.0990268285952 -0.531270777731773 -0.488276729365357 -0.6923418204101 -0.571128738415998 0.810012984763273 -0.133007250444564 0.249991893767828 -0.560586992079986 -0.209543266826097 -0.0603093662529159 -0.259143139813887 -0.226187681831707
-7.0107054607731 25.8050597195165 12.7315187292306 -0.653804108360984 -0.703253422779216 0.279239702119694 -0.755245398324458 0.629101226911936 -0.18394573821446 -0.243302078572576 -0.279661269780144 -0.0860539893119616 0.079425386663958 -0.137258439583834 0.174477409782581
-6.27105755905197 26.116243425149 12.6575793014823 -0.531853154227586 -0.766048421625959 -0.360973735973615 0.675783720030721 -0.12704970451509 -0.726067997038986 -0.322207408784524 0.0479440382897547 -0.26059782533288 0.44590912466564 -0.24531291767981 -0.0809090324549955
-5.96817846719037 27.2240299486663 12.5560314657279 -0.153960617321342 0.794706293867538 -0.587143964289173 -0.202571595125297 -0.606993833183796 -0.768455096492343 0.0410678294004349 0.163472224524527 0.815733502420023 0.365749305631744 0.606629162311854 0.845307942179346
-4.78138537903477 26.5906918477867 13.082466197758 0.777860641039757 0.624618986577829 0.0691660663018574 0.259428158660983 -0.419406504871727 0.86993977617147 0.092927407727412 0.151867253791269 -0.241912736685287 0.262512172022871 0.0649428209042844 -0.16123605818119
-4.38980892351046 26.7628713884467 14.0373561225474 0.885656375731333 0.445977311759977 0.129294321305891 -0.402437604170663 0.598323644983062 0.692858420316848 -0.309438953750602 0.381461664907674 -0.265048739613809 0.0885367988481923 -0.195821176180956 -0.443316636001741
-4.03629467219047 25.9536665478198 13.9948202674191 -0.0674562549452414 -0.992576595771575 -0.101199581005287 0.168394201230704 0.0886490335955333 -0.981725390236179 0.25166315790295 -0.125167802339678 0.171261935084235 -0.00159304169925149 -0.200926953829071 -0.0746184008117249
-3.45729786875345 26.6855653565136 14.348660544915 -0.0402035501944947 0.964169484226147 -0.262222959023109 -0.755576212448986 0.142389873263292 0.639397928658703 0.0064324699300913 -0.01554201614538 -0.432897213289894 0.351860907317837 -0.0678644327223992 -0.0720465294683626
-3.00601120082406 26.2895672781874 14.7297428975856 -0.101581695627032 -0.983164533432487 0.151883703255531 0.985162025145184 -0.120645587713541 -0.122067302654743 0.0158565540438009 -0.407919767198583 -0.2554008768468 -0.414216595402194 -0.484468309416733 -0.118210295636202
-2.53365502540636 26.1273630380121 14.9142465299022 -0.214565078842597 -0.826767222145197 -0.520017102918872 0.975796850527151 -0.158442321018783 -0.150720063068663 0.389158776748401 0.0830943480705859 0.0430946495164465 0.20628703873418 0.316269292879194 0.335443024159882
-2.15051017624372 25.8523943650812 15.0163174116699 -0.168209863089721 -0.236863188557213 -0.956870561709194 0.980863542813753 -0.136763031724099 -0.138573386810775 -0.0707796772100689 -0.0748734559235323 0.398664264691187 -0.16876934806051 0.698282956971739 0.290743059574588
-1.72669317940913 25.5355033687286 14.9139656624744 -0.234206194587443 0.463882200572489 -0.854377412159915 0.965328696163082 0.00676108942792739 -0.260949796002705 0.0953348828521365 -0.0369387438465368 -0.562418274797842 0.175495474190293 0.151296810218064 -0.0644133362151705
-1.36280096732645 25.385398522191 14.5615249485327 -0.321572451941632 0.901276665971616 -0.290330035524761 0.882077040133421 0.173649653415579 -0.437933662942312 0.0246822776693181 0.244991910012751 -0.346119921566564 0.525780900241058 -0.104014967307139 0.677820366426995
0.0443192054008165 25.5805056767206 14.5464094147905 0.49360650915384 0.622458102663404 -0.607370170941246 0.442575142577757 0.421401300562524 0.791547968891801 0.239158975696138 -0.173290005997275 -0.0564951017219115 0.223333358899158 -0.695858987664925 -0.0873003231024985
-4.85584853523577 35.6525201794308 -0.980720116170092 -0.497007986368498 -0.644923062774517 -0.580566365359798 -0.716795956520914 0.682209080082209 -0.144202384751874 0.127032804658076 0.0132970361305446 0.582129246383798 -0.108015980586758 -0.790920665492097 -0.418541805121847
-5.16124366639336 35.8111279557908 -1.36636893578731 -0.623790040680562 -0.557175351712635 0.548125544553128 -0.670016414551804 0.74230373952938 -0.00794748462855889 0.0940292064835932 -0.270981811485973 -0.335979023203404 -0.0941991159288199 0.293213507721529 -0.163455336384696
-4.44549359218742 36.7909886212189 -2.06068484410586 0.919317611786774 -0.349168143156587 -0.181484810557726 -0.35054982571471 -0.517099426288992 -0.780847618311643 -0.0365157199911772 -1.2042768435397 0.463310786532777 -0.120089035541767 0.13216013811862 0.0516281864664822
-4.42002293208387 36.7873351482198 -2.51359053900813 0.156114815756775 -0.909333377248663 0.385669513084836 -0.436269386503613 -0.41378645208288 -0.799030534130406 0.578017892826021 0.0743243770915808 0.127327873824084 0.287381914915298 0.198010052620186 0.164906707237036
-4.38682221934373 36.5475541348522 -2.84712060393989 -0.548797361478393 -0.650609407761191 0.524908424934155 -0.373757076423033 -0.370693044588448 -0.85023074192714 0.12483734617256 0.119408728424893 -0.596258669673654 -0.840148549294223 -0.225408062824318 -0.432378247145799
-4.33592178758203 36.1656789226941 -3.1516550718143 -0.931637067803457 0.20120219428783 0.302605437671133 -0.345403914104499 -0.231560435663446 -0.909437134032334 -0.193668773808474 0.0571135387523243 -0.682043713243917 0.503774221562775 0.462168104170141 -0.383145568805487
-4.56521399246816 35.8606498086848 -3.54669089866805 -0.49694078828085 0.861673021795053 0.102807861826136 -0.341462538679707 -0.0852484690421845 -0.936021385014637 -0.0293760848746117 0.0672690710051358 -0.308883099605815 -0.430261002540313 -0.258008392022939 0.0483299860145561
-4.92515044157576 35.7778981067046 -3.8245722728162 0.102455167660808 0.992568088553173 -0.0656622281499306 -0.373672625293493 -0.0227718893373608 -0.92728108476455 0.316070555122865 -0.22601300255266 0.217277179724478 0.224825993075067 -0.0927300574684264 -0.457305723228687
-5.29268177387646 35.8694032473788 -4.05108845419712 0.535689494696959 0.773190001228457 -0.339431859540903 -0.554282076181526 0.018721947573149 -0.832118302107937 -0.191018361773452 0.138426857463387 0.221941717714241 0.312319823580312 0.242874591422427 0.198224477174957
-5.65766475393574 36.0581302069968 -4.33491388752484 0.814665130969323 0.174622840218151 -0.553016806306013 -0.574109929903549 0.108062068675915 -0.811615905277629 0.267416712739714 -0.0106678036081082 0.0459927673377607 0.127039956434764 -0.309003484009448 -0.197340878938985
-6.8785642112308 34.8489682455096 -4.53962044154622 -0.819284895247055 -0.146362445401145 -0.554391824431003 0.505774592632335 0.271017687494212 -0.818988079591338 -0.506089182823973 0.0265760584613521 -0.286903625370597 0.783179791511395 0.217842200901362 -0.100492053953787
-6.64028426760516 34.6616632821525 -4.90144419853997 -0.724931511887171 0.562443351646175 -0.397657867094464 0.606777967691806 0.248180806203477 -0.755133620861999 0.345446336649534 0.577257938572131 0.558851944572568 -0.622709722947109 0.344947879052499 -0.342080398610487
-6.48016121625162 34.5053067313021 -5.34718718142784 -0.238499642929527 0.953511716030752 0.184210009812229 0.546824215904374 0.288610707078705 -0.785930745460353 0.199198598883995 0.154015381822165 -0.23175709482678 -0.0535525357233764 0.138477317236009 0.285566501282288
-6.52580650324433 34.7891944927863 -5.73341812122954 0.49209946159868 0.622745263195926 0.608298000211186 0.538024986010956 0.33176469957229 -0.77489437896111 0.0618893755499746 0.241545210912261 -0.780886852337803 -0.282817801912066 0.260610486402258 0.458653114522602
-6.4022703802103 35.2593368075369 -5.92363149574406 0.891331518018341 -0.247321952038648 0.379947334543346 0.453105072818847 0.458329698843262 -0.764610803052039 -0.207276866785842 0.0587900010047325 0.160744649154803 0.353407627787587 0.301031089635203 -0.55430586162214
-6.14896004569456 35.5898504523287 -6.07521059814138 0.678490554247236 -0.727132063104555 0.104544395366796 0.609218913318452 0.477429270967543 -0.633177389740578 0.229934233973746 -0.43920971664715 0.144848972903024 0.224155038411908 -0.528370811778873 0.291765762601108
-5.74049002706252 35.8598385755273 -6.21396862238109 0.090890711171333 -0.917400804652294 -0.387446308855454 0.696890478756567 0.336516251169839 -0.63332493501919 0.220346137190471 -0.0199818049906877 0.256484943293283 0.141739407390264 -0.422770601049403 -0.532792264534784
-6.19406506626529 36.5780237841042 -5.81572927841825 0.540839556166428 0.840607326735785 -0.0295278973817662 0.517515568706021 -0.360228888994227 -0.776152551809657 0.0630383951195577 -0.285123314959394 -0.106723892116275 -0.134925544473395 0.0467540488721547 0.392866775213531
-6.01021990377486 36.3043420385181 -4.71378890232326 0.562412843348792 0.316445252840004 0.763907190430322 -0.824768348053342 0.149078478175432 0.54546565372518 -0.686135467107199 -0.187015799185161 -0.0424765079983381 -0.524015235502119 -0.414290119071016 0.495439330777622
-6.29814605396182 37.6329004964452 -4.81417349157507 0.483228825641861 0.851706406434996 0.202697062894198 -0.633130860128427 0.499867641419722 -0.59099717005634 0.16420892523373 -0.0146515186132324 0.0779539007128995 -0.253951934418333 -0.294737301677773 -0.599426005957195
-6.74847972644794 37.9050314421722 -4.95030556663654 0.824155585647563 0.556744715078044 0.103936965891287 -0.455544616579478 0.760678679159109 -0.46243599489894 -0.0111227673846449 0.10636914469177 0.156791499181111 -0.129890389311404 0.193879253431167 -0.228666783596135
-6.80700046989371 38.4447609339734 -4.9349888915886 0.738643800185523 -0.0557669511129731 -0.671785221340417 -0.374110471930561 0.795098294679012 -0.477346893349866 0.593348370497825 0.360840705132986 -0.0467343251658761 0.187227798600492 -0.222830619700695 0.347200790548723
-7.47607043272788 37.9280913504526 -4.3579037828699 -0.484246977891523 0.0754966470959552 0.871668010586837 0.648713098522281 -0.637530080270977 0.415604033371989 -0.346512390074131 -0.492013126896749 -0.0406710454247134 0.458557838775671 0.00332248451906373 0.0142000139624388
-7.42594582680869 37.2053414530661 -4.54182438718544 0.227085302951015 0.474974742362384 0.850194836082354 -0.0119901196196128 -0.87157239398778 0.490120188392323 0.119253504952508 -0.684592898076681 -0.0370895779683355 -0.291402308541556 -0.0193334116774417 -0.193424794299372
-8.72730521430829 37.3958298844513 -5.29660760071789 -0.746250876270833 0.244951503727097 0.618957502973265 -0.18624475730512 0.815866601749778 -0.547425409097468 -0.150642662203317 -0.686372084883772 -0.153180982481689 0.0409097723383654 -0.0394924332281984 0.324832939224884
-8.9953588362217 37.5695540647185 -5.59621799976925 0.110461120940037 0.648840807868199 0.752863830187985 -0.122711600980157 0.760607087311861 -0.637509781662785 -0.0315697423669536 0.282084243636347 -0.317995035910371 -0.153439050818226 0.413449911530463 0.148972341852679
