        0.5956 19   0.000828   0.000828   0.335226    0.059951   0.000000  -0.880722   0.000000  -0.250742  -0.094402   0.000000   0.056688
        0.7245 20   0.000047   0.000047   0.321571    0.059237   0.001261  -0.907575   0.000000  -0.250243  -0.093687   0.000000   0.053952
        0.5629 20   0.001179   0.001179   0.283090    0.048182   0.000000  -0.876951   0.000000  -0.260850  -0.084509   0.000000   0.058777
        0.5910 19   0.000873   0.000873   0.349582    0.048733   0.000000  -0.893454   0.000000  -0.243565  -0.096336   0.000000   0.057492
        0.5789 17   0.000999   0.000999   0.316696    0.033582   0.000000  -0.891191   0.000000  -0.240189  -0.086168   0.000000   0.056065
        0.6122 18   0.000674   0.000674   0.326715    0.043157   0.000000  -0.906094   0.000000  -0.224702  -0.073704   0.000000   0.057422
        0.6044 17   0.000744   0.000744   0.297870    0.055063   0.000000  -0.890713   0.000000  -0.204262  -0.076678   0.000000   0.054715
        0.5692 16   0.001106   0.001106   0.306324    0.053819   0.000000  -0.897536   0.000000  -0.207192  -0.077160   0.000000   0.051812
        0.5273 15   0.001629   0.001629   0.310889    0.062300   0.000000  -0.918100   0.000000  -0.199458  -0.072131   0.000000   0.053289
        0.5403 18   0.001456   0.001456   0.316174    0.048667   0.000000  -0.936957   0.000000  -0.209105  -0.070258   0.000000   0.057072
        0.5967 16   0.000817   0.000817   0.341193    0.054990   0.000000  -0.894448   0.000000  -0.202484  -0.071238   0.000000   0.054850
        0.7183 16   0.000063   0.000063   0.392934    0.038742   0.000000  -0.903299   0.000000  -0.206287  -0.067826   0.000000   0.049506
        0.5752 17   0.001039   0.001039   0.335949    0.052439   0.000000  -0.895772   0.000000  -0.200292  -0.060455   0.000000   0.055665
        0.5541 16   0.001283   0.001283   0.388392    0.041640   0.000000  -0.894382   0.000000  -0.185612  -0.075698   0.000000   0.054247
        0.6417 16   0.000439   0.000439   0.372273    0.058326   0.000000  -0.921020   0.000006  -0.207746  -0.059411   0.000000   0.057448
        0.6363 17   0.000477   0.000477   0.320853    0.055823   0.000000  -0.894686   0.000000  -0.219802  -0.068266   0.000000   0.054042
        0.7010 16   0.000118   0.000118   0.354731    0.049314   0.000000  -0.884661   0.000000  -0.216065  -0.070471   0.000000   0.061802
        0.9586 16   0.001081   0.001081   0.307938    0.074419   0.000000  -0.918970   0.000000  -0.194499  -0.070012   0.000000   0.056419
        0.6770 16   0.000223   0.000223   0.347454    0.049579   0.000000  -0.922083   0.000053  -0.183295  -0.068026   0.000000   0.054473
        0.9028 16   0.000548   0.000548   0.387137    0.030922   0.000000  -0.907782   0.000000  -0.204111  -0.069093   0.000000   0.056314
        0.7713 17   0.000001   0.000001   0.339796    0.059656   0.000000  -0.901275   0.000000  -0.215499  -0.070604   0.000000   0.049962
        0.7734 17   0.000002   0.000002   0.321313    0.045155   0.000000  -0.868469   0.000000  -0.218489  -0.077200   0.000000   0.051213
        0.9730 16   0.001248   0.001248   0.361082    0.054432   0.000000  -0.875096   0.000000  -0.205877  -0.071766   0.000000   0.050342
        0.8101 16   0.000059   0.000059   0.350131    0.053980   0.000000  -0.879279   0.000000  -0.208447  -0.069426   0.000000   0.053310
        0.9322 17   0.000807   0.000807   0.386925    0.051283   0.000000  -0.907986   0.000000  -0.202926  -0.074411   0.000000   0.047363
        0.8601 16   0.000261   0.000261   0.380851    0.051320   0.000000  -0.873138   0.000000  -0.212989  -0.071095   0.000000   0.056829
        0.7509 15   0.000006   0.000006   0.324394    0.062425   0.000000  -0.898341   0.000000  -0.178404  -0.071228   0.000000   0.050768
        0.8304 16   0.000123   0.000123   0.374156    0.060014   0.000000  -0.912978   0.000000  -0.208016  -0.077404   0.000000   0.053053
        0.6818 17   0.000199   0.000199   0.344383    0.066468   0.000030  -0.893516   0.000000  -0.213475  -0.069648   0.000000   0.056099
        0.4717 16   0.002482   0.002482   0.340850    0.049380   0.000000  -0.864065   0.000000  -0.221303  -0.063721   0.000000   0.050537
        0.4995 15   0.002034   0.002034   0.360612    0.061427   0.000000  -0.886071   0.000000  -0.178942  -0.073448   0.000000   0.053351
        0.8182 16   0.000082   0.000082   0.335094    0.043413   0.000000  -0.877896   0.000000  -0.204970  -0.064062   0.000000   0.054052
        0.7754 16   0.000003   0.000003   0.300574    0.050982   0.000000  -0.892364   0.000000  -0.213319  -0.076648   0.000000   0.052975
        0.6136 17   0.000661   0.000661   0.341647    0.047803   0.000000  -0.920984   0.000000  -0.221478  -0.073196   0.000000   0.054302
        0.7320 17   0.000031   0.000031   0.316020    0.049179   0.000000  -0.886090   0.000000  -0.226279  -0.084150   0.000000   0.059328
        0.6119 17   0.000677   0.000677   0.379828    0.045618   0.000000  -0.900585   0.000000  -0.228494  -0.088449   0.000000   0.052404
        0.9086 16   0.000595   0.000595   0.350531    0.037604   0.000000  -0.883508   0.000000  -0.215621  -0.072290   0.000000   0.055267
        0.6950 17   0.000142   0.000142   0.355120    0.042211   0.000000  -0.898004   0.000000  -0.230475  -0.085389   0.000000   0.058226
        0.8441 16   0.000180   0.000180   0.357250    0.027375   0.000000  -0.886750   0.000000  -0.187475  -0.089786   0.000000   0.052791
        0.6172 17   0.000630   0.000630   0.358345    0.055981   0.000000  -0.935379   0.000000  -0.225315  -0.078940   0.000000   0.058702
        0.6978 16   0.000130   0.000130   0.301070    0.049597   0.000000  -0.915357   0.000000  -0.198129  -0.058237   0.000000   0.054710
        1.1447 18   0.004159   0.004159   0.306632    0.052245   0.000000  -0.854447   0.000000  -0.224868  -0.078005   0.000000   0.051233
        0.8560 18   0.000239   0.000239   0.378184    0.057019   0.000000  -0.930749   0.000000  -0.237768  -0.087436   0.000000   0.059064
        0.8744 19   0.000345   0.000345   0.327263    0.054798   0.000000  -0.918140   0.000000  -0.216312  -0.082024   0.000000   0.058372
        0.8923 18   0.000468   0.000468   0.339853    0.051458   0.000090  -0.950603   0.000023  -0.224234  -0.079690   0.000000   0.059677
        0.8953 18   0.000490   0.000490   0.349676    0.051794   0.000000  -0.916621   0.000000  -0.225817  -0.085020   0.000000   0.057835
        0.7841 18   0.000011   0.000011   0.394810    0.059614   0.000000  -0.953776   0.000000  -0.228711  -0.085425   0.000000   0.056582
        0.6618 19   0.000307   0.000307   0.414417    0.045079   0.000000  -0.959238   0.000000  -0.227698  -0.067480   0.000000   0.060150
        0.8789 18   0.000375   0.000375   0.357781    0.048661   0.000000  -0.955244   0.000000  -0.198198  -0.075073   0.000000   0.054136
        0.6995 20   0.000124   0.000124   0.316379    0.045443   0.000000  -0.939489   0.000000  -0.234883  -0.077698   0.000000   0.055164
        0.5361 20   0.001511   0.001511   0.344676    0.059666   0.000159  -0.947669   0.000000  -0.254253  -0.082489  -0.007910   0.059333
        0.6566 19   0.000339   0.000339   0.335862    0.041119   0.000000  -0.897611   0.000000  -0.225838  -0.073939   0.000000   0.058979
        0.7405 18   0.000017   0.000017   0.359566    0.036960   0.000083  -0.907063   0.000000  -0.230968  -0.085569   0.000000   0.055724
        0.5003 18   0.002021   0.002021   0.344607    0.050999   0.000000  -0.865656   0.000000  -0.227224  -0.086954   0.000000   0.060773
        0.7485 18   0.000008   0.000008   0.356383    0.057341   0.002083  -0.876178   0.000000  -0.235004  -0.095655   0.000000   0.059849
        0.4774 18   0.002386   0.002386   0.333385    0.053782   0.000000  -0.871590   0.000000  -0.222107  -0.070701   0.000000   0.061104
        0.8359 18   0.000145   0.000145   0.367525    0.055246   0.000542  -0.875637   0.000000  -0.223154  -0.090494   0.000000   0.055497
        0.8117 19   0.000063   0.000063   0.357943    0.044642   0.000000  -0.873917   0.000000  -0.243923  -0.079445   0.000000   0.063180
        1.0282 19   0.001998   0.001998   0.383696    0.054240   0.000000  -0.895070   0.000402  -0.222741  -0.074545   0.000000   0.053737
        0.7175 19   0.000065   0.000065   0.335599    0.038064   0.000000  -0.889348   0.000207  -0.224150  -0.071081   0.000000   0.058756
        0.5707 19   0.001089   0.001089   0.372641    0.053140   0.000000  -0.956393   0.000000  -0.219108  -0.073883   0.000000   0.056106
        0.3743 19   0.004403   0.004403   0.312703    0.049850   0.000000  -0.902177   0.000000  -0.220390  -0.093846   0.000000   0.055612
        0.8107 18   0.000060   0.000060   0.320254    0.037698   0.000000  -0.920768   0.000000  -0.229693  -0.095597   0.000000   0.059936
        0.4166 19   0.003501   0.003501   0.327465    0.044332   0.000000  -0.941745   0.000000  -0.227226  -0.078628   0.000000   0.055483
        0.7572 19   0.000002   0.000002   0.351115    0.049524   0.000000  -0.989802   0.000000  -0.239100  -0.074772   0.000000   0.060691
        0.7584 19   0.000001   0.000001   0.349887    0.050907   0.000000  -0.941140   0.000000  -0.219835  -0.077940   0.000000   0.056348
        0.7947 18   0.000025   0.000025   0.312124    0.039355   0.000000  -0.901766   0.000000  -0.208280  -0.083975   0.000000   0.052442
        0.5564 18   0.001255   0.001255   0.315281    0.042961   0.000000  -0.891023   0.000000  -0.202581  -0.087784   0.000000   0.057311
        0.8881 19   0.000437   0.000437   0.312564    0.042942   0.000000  -0.875154   0.000000  -0.241674  -0.075279   0.000000   0.057971
        0.7200 19   0.000058   0.000058   0.355088    0.060067   0.000000  -0.872123   0.000000  -0.246736  -0.084545   0.000000   0.054065
        0.6509 18   0.000376   0.000376   0.291011    0.030261   0.000000  -0.880057   0.000000  -0.218116  -0.085132   0.000000   0.056761
        0.6486 19   0.000391   0.000391   0.283191    0.045328   0.000000  -0.880625   0.000000  -0.245054  -0.087472   0.000000   0.061532
        0.7317 19   0.000032   0.000032   0.309146    0.037802   0.000000  -0.855000   0.000000  -0.217084  -0.076212   0.000000   0.054290
        0.7634 19   0.000000   0.000000   0.339366    0.053584   0.000000  -0.858721   0.000000  -0.229544  -0.082612   0.000000   0.055079
        0.7525 19   0.000005   0.000005   0.323999    0.048670   0.000032  -0.861537   0.000000  -0.238942  -0.077866   0.000000   0.058631
        0.7374 18   0.000022   0.000022   0.305593    0.046098   0.000000  -0.868802   0.000000  -0.236632  -0.081512   0.000000   0.055477
        0.7590 19   0.000001   0.000001   0.320878    0.071124   0.000000  -0.965897   0.000000  -0.217617  -0.088706   0.000000   0.057880
        0.8916 20   0.000462   0.000462   0.344536    0.051108   0.000000  -0.975136   0.000000  -0.237929  -0.085512   0.000000   0.054564
        0.9168 19   0.000665   0.000665   0.345590    0.041708   0.000000  -0.935192   0.000000  -0.264270  -0.097813   0.000000   0.052998
        0.6641 20   0.000294   0.000294   0.312655    0.046088   0.000000  -0.985550   0.000000  -0.229656  -0.082271   0.000000   0.056934
        0.8576 20   0.000247   0.000247   0.381830    0.058835   0.000000  -0.962229   0.000000  -0.243489  -0.084400   0.000000   0.055071
        0.5672 16   0.001128   0.001128   0.359632    0.052621   0.000000  -0.954944   0.000000  -0.192065  -0.070056   0.000000   0.055268
        0.7243 17   0.000048   0.000048   0.325191    0.042861   0.005969  -0.932828   0.000000  -0.210120  -0.080090   0.000000   0.055829
        0.6694 17   0.000264   0.000264   0.328517    0.047839   0.000000  -0.956448   0.000000  -0.214804  -0.075481   0.000000   0.055561
        1.0156 18   0.001812   0.001812   0.358651    0.047072   0.000000  -0.953327   0.000000  -0.218886  -0.072845   0.000000   0.056298
        0.6980 18   0.000130   0.000130   0.340284    0.051948   0.000000  -0.958910   0.000000  -0.219248  -0.081946   0.000000   0.055700
        0.7348 18   0.000026   0.000026   0.341721    0.051191   0.000000  -0.992876   0.000000  -0.230187  -0.071549   0.000000   0.056810
        0.8399 18   0.000162   0.000162   0.322386    0.053817   0.000000  -0.955301   0.000000  -0.228202  -0.069349   0.000000   0.055007
        0.3841 18   0.004184   0.004184   0.338265    0.045038   0.000000  -1.000644   0.000000  -0.219808  -0.077479   0.000000   0.055674
        0.6537 19   0.000357   0.000357   0.362917    0.044424   0.000000  -1.007956   0.000000  -0.209062  -0.070008   0.000000   0.054678
        0.6986 16   0.000127   0.000127   0.324724    0.048558   0.000000  -0.986849   0.000000  -0.207999  -0.076450   0.000000   0.058017
        0.7701 18   0.000001   0.000001   0.383854    0.076453   0.000000  -1.021952   0.000000  -0.237129  -0.077208   0.000000   0.059764
        0.4778 20   0.002379   0.002379   0.372507    0.051967   0.000000  -1.020843   0.000000  -0.247367  -0.079089   0.000000   0.059862
        0.4905 21   0.002174   0.002174   0.367455    0.064150   0.000000  -1.020902   0.000000  -0.261846  -0.089068   0.000000   0.060306
        0.4719 21   0.002478   0.002478   0.383207    0.077750   0.000000  -1.028308   0.000000  -0.250732  -0.097395   0.000000   0.057196
        0.4333 19   0.003174   0.003174   0.392050    0.059876   0.000000  -1.035966   0.000000  -0.241536  -0.089554   0.000000   0.060096
        0.9826 17   0.001365   0.001365   0.362039    0.039824   0.000000  -1.040163   0.000000  -0.189872  -0.066247   0.000000   0.053272
        0.9334 19   0.000818   0.000818   0.358478    0.053418   0.000000  -0.972731   0.000000  -0.249087  -0.084873   0.000000   0.051735
        0.7253 19   0.000045   0.000045   0.420382    0.037775   0.000000  -1.020998   0.000000  -0.225615  -0.085261   0.000000   0.051343
        0.8908 17   0.000456   0.000456   0.349367    0.054821   0.000149  -0.967936   0.000000  -0.212892  -0.075471   0.000000   0.053355
        0.8610 18   0.000266   0.000266   0.312098    0.042959   0.000000  -0.987911   0.000239  -0.216511  -0.077316   0.000000   0.056947
        0.8450 19   0.000185   0.000185   0.353125    0.039126   0.000000  -1.011777   0.000000  -0.230668  -0.074784   0.000000   0.055881
        0.7357 19   0.000025   0.000025   0.361821    0.052470   0.000000  -0.963732   0.000000  -0.240047  -0.101730   0.000000   0.056807
        0.6738 19   0.000240   0.000240   0.313581    0.027181   0.000000  -0.949078   0.000052  -0.247695  -0.079656   0.000000   0.055373
        0.6019 19   0.000768   0.000768   0.320959    0.045860   0.000000  -0.950184   0.000000  -0.244212  -0.091284   0.000000   0.053709
        0.5961 20   0.000823   0.000823   0.339767    0.063358   0.000000  -0.999343   0.000000  -0.251058  -0.096401   0.000000   0.061083
        0.6063 20   0.000726   0.000726   0.414114    0.040314   0.000000  -1.037648   0.000000  -0.237084  -0.085355   0.000000   0.059755
        0.6333 20   0.000500   0.000500   0.322984    0.058841   0.000000  -0.942525   0.000000  -0.247634  -0.083947   0.000000   0.053509
        0.7572 19   0.000002   0.000002   0.315977    0.048951   0.000000  -0.973784   0.000000  -0.223563  -0.082762   0.000000   0.058845
        0.6090 20   0.000702   0.000702   0.356085    0.038359   0.000000  -0.963478   0.000421  -0.241591  -0.086805   0.000000   0.055440
        0.6394 19   0.000455   0.000455   0.304743    0.061846   0.000000  -0.917964   0.000000  -0.234223  -0.073099   0.000000   0.054958
        0.7336 19   0.000028   0.000028   0.330861    0.057157   0.000000  -0.923298   0.000000  -0.234365  -0.079324   0.000000   0.060695
        0.8333 20   0.000135   0.000135   0.356382    0.063817   0.000000  -0.891682   0.000000  -0.260642  -0.094416   0.000000   0.055404
        0.6675 19   0.000274   0.000274   0.306061    0.061171   0.000000  -0.896007   0.000000  -0.229988  -0.075051   0.000000   0.060904
        0.5235 20   0.001683   0.001683   0.367495    0.055352   0.000000  -0.920401   0.000000  -0.253582  -0.078305   0.000000   0.054622
        0.6023 20   0.000764   0.000764   0.321749    0.048363   0.000000  -0.890262   0.000000  -0.246448  -0.070922   0.000000   0.053305
        0.8714 19   0.000326   0.000326   0.317642    0.036508   0.000000  -0.900482   0.000000  -0.231657  -0.079761   0.000000   0.059100
        0.9007 19   0.000531   0.000531   0.330826    0.051412   0.000000  -0.924476   0.000000  -0.241569  -0.093404   0.000000   0.057590
        0.7051 19   0.000104   0.000104   0.357104    0.048865   0.000000  -0.915757   0.000000  -0.234332  -0.082044   0.000000   0.055094
        0.6273 18   0.000547   0.000547   0.342529    0.048263   0.000000  -0.982811   0.000000  -0.212028  -0.076583   0.000000   0.057458
        0.4327 19   0.003186   0.003186   0.377486    0.047271   0.000000  -0.981899   0.000000  -0.230147  -0.077910   0.000000   0.054954
        0.4921 20   0.002148   0.002148   0.380228    0.037868   0.000000  -0.936124   0.000000  -0.255618  -0.081026   0.000000   0.055569
        0.6215 19   0.000594   0.000594   0.374985    0.040587   0.000000  -0.998859   0.000067  -0.213486  -0.078607   0.000000   0.061239
        0.8396 20   0.000161   0.000161   0.393714    0.054808   0.000000  -1.006676   0.000000  -0.248367  -0.077368   0.000000   0.056955
        0.8120 20   0.000064   0.000064   0.350315    0.062309   0.000000  -0.980946   0.000000  -0.230470  -0.089245   0.000000   0.053169
        0.8631 19   0.000278   0.000278   0.352694    0.045282   0.000000  -0.978230   0.000000  -0.242209  -0.092454   0.000000   0.055908
        0.5671 20   0.001130   0.001130   0.353462    0.058690   0.000000  -0.998508   0.000000  -0.274917  -0.088638   0.000000   0.055023
        0.8246 20   0.000102   0.000102   0.352384    0.067959   0.000000  -0.979238   0.000000  -0.253078  -0.085227   0.000000   0.053269
        0.5777 18   0.001012   0.001012   0.356137    0.036355   0.000000  -0.936787   0.000000  -0.229169  -0.079427   0.000000   0.054950
        0.6119 19   0.000676   0.000676   0.336702    0.043550   0.000000  -0.985210   0.000000  -0.211753  -0.059931   0.000000   0.057827
        0.8722 20   0.000331   0.000331   0.348767    0.062814   0.000000  -0.934441   0.000000  -0.260817  -0.077905   0.000000   0.055978
        0.7859 20   0.000013   0.000013   0.361768    0.042422   0.000000  -0.923471   0.000065  -0.259711  -0.086191   0.000000   0.059622
        0.6831 20   0.000193   0.000193   0.319159    0.038957   0.000000  -0.905182   0.000000  -0.264706  -0.087219   0.000000   0.053068
        1.0704 20   0.002691   0.002691   0.374095    0.038759   0.000000  -0.915416   0.000182  -0.254672  -0.086797   0.000000   0.053958
        0.9030 19   0.000549   0.000549   0.341171    0.058753   0.000000  -0.953691   0.000000  -0.222755  -0.070313   0.000000   0.053258
        1.0592 20   0.002496   0.002496   0.363508    0.053973   0.000000  -0.918629   0.000000  -0.234265  -0.084206   0.000000   0.052801
        0.8273 20   0.000112   0.000112   0.353498    0.061467   0.000000  -0.935601   0.000000  -0.240850  -0.088389   0.000000   0.055444
        0.7252 20   0.000046   0.000046   0.379542    0.065721   0.000000  -0.945369   0.000000  -0.247390  -0.093616   0.000000   0.054133
        0.8770 20   0.000362   0.000362   0.417868    0.055394   0.000000  -0.958001   0.000000  -0.242096  -0.085164   0.000000   0.055117
        0.5036 19   0.001972   0.001972   0.348211    0.054398   0.000301  -0.918150   0.000000  -0.249795  -0.083909   0.000000   0.056592
        0.9748 20   0.001270   0.001270   0.326395    0.040153   0.000000  -0.936352   0.000000  -0.240937  -0.085099   0.000000   0.058379
        0.7721 20   0.000001   0.000001   0.348723    0.056794   0.000000  -0.971796   0.000000  -0.254694  -0.081555   0.000000   0.058399
        0.7345 20   0.000027   0.000027   0.317080    0.073322   0.000000  -0.992430   0.000000  -0.251308  -0.087144   0.000000   0.059710
        0.5643 20   0.001162   0.001162   0.331537    0.048572   0.000000  -0.932825   0.000000  -0.253311  -0.088483   0.000000   0.055741
        0.6727 20   0.000246   0.000246   0.355197    0.043557   0.000000  -0.992525   0.000000  -0.236226  -0.086140   0.000000   0.062481
        0.6079 20   0.000712   0.000712   0.331202    0.036922   0.000000  -0.934905   0.000000  -0.257197  -0.089795   0.000000   0.060397
        0.5549 20   0.001273   0.001273   0.353418    0.052477   0.000000  -0.953449   0.000000  -0.255456  -0.077147   0.000000   0.060212
        0.8964 20   0.000498   0.000498   0.331633    0.047417   0.000000  -0.962681   0.000000  -0.251741  -0.076228   0.000000   0.055352
        0.6025 20   0.000762   0.000762   0.344551    0.035830   0.000000  -0.947353   0.002246  -0.245729  -0.076796   0.000000   0.062334
        0.6771 20   0.000223   0.000223   0.360304    0.039304   0.000000  -0.922762   0.000000  -0.268453  -0.087394   0.000000   0.058260
        0.6587 21   0.000326   0.000326   0.299824    0.055488   0.000000  -0.900803   0.000000  -0.270218  -0.089696   0.000000   0.056631
        0.5200 21   0.001731   0.001731   0.316554    0.033872   0.000000  -0.906405   0.000000  -0.257886  -0.092416   0.000000   0.055981
        0.5885 22   0.000899   0.000899   0.298325    0.047282   0.000000  -0.956314   0.000000  -0.248083  -0.087420   0.000000   0.053185
        0.6174 21   0.000629   0.000629   0.283068    0.053085   0.000000  -0.918478   0.000729  -0.272830  -0.093702   0.000000   0.058763
        0.7368 21   0.000023   0.000023   0.321338    0.031647   0.000000  -0.956220   0.000000  -0.249920  -0.080163   0.000000   0.058113
        0.4621 19   0.002646   0.002646   0.309404    0.036528   0.000000  -0.952311   0.000000  -0.236602  -0.096336   0.000000   0.059308
        0.6805 20   0.000206   0.000206   0.347129    0.035918   0.000000  -0.966134   0.000000  -0.256010  -0.104594   0.000000   0.057529
        0.4421 21   0.003008   0.003008   0.329359    0.035050   0.000000  -0.973837   0.000000  -0.277316  -0.101771   0.000000   0.056974
        0.5877 22   0.000906   0.000906   0.320276    0.050289   0.000000  -0.992580   0.000000  -0.267773  -0.094206   0.000000   0.056702
        0.6959 22   0.000138   0.000138   0.304857    0.060966   0.000000  -0.984443   0.000000  -0.249999  -0.076807   0.000000   0.056634
        0.5203 21   0.001728   0.001728   0.341333    0.049027   0.000000  -0.964499   0.000000  -0.249851  -0.087249   0.000000   0.060555
        0.6461 20   0.000407   0.000407   0.335985    0.070924   0.000000  -0.951131   0.000000  -0.253331  -0.082525   0.000000   0.058061
        0.4623 20   0.002644   0.002644   0.346779    0.061535   0.000000  -0.905934   0.000000  -0.261084  -0.087199   0.000000   0.059973
        0.6101 22   0.000692   0.000692   0.383358    0.059521   0.000000  -0.952537   0.000000  -0.238931  -0.094905   0.000000   0.053642
        0.7075 22   0.000095   0.000095   0.380609    0.054577   0.000000  -0.976353   0.000000  -0.264513  -0.095256   0.000000   0.054939
        0.8601 20   0.000261   0.000261   0.342750    0.063358   0.000000  -0.957544   0.000000  -0.247388  -0.084654   0.000000   0.055345
        0.7374 21   0.000022   0.000022   0.340104    0.049133   0.000000  -0.920413   0.000000  -0.254438  -0.074438   0.000000   0.061773
        0.7071 20   0.000097   0.000097   0.334314    0.037729   0.000000  -0.884625   0.000000  -0.255535  -0.077055   0.000000   0.054257
        0.6936 21   0.000147   0.000147   0.284707    0.068491   0.000000  -0.892037   0.000000  -0.240464  -0.087279   0.000000   0.054290
        0.3752 22   0.004384   0.004384   0.328544    0.070640   0.000000  -0.894130   0.000000  -0.264321  -0.092077   0.000000   0.056640
        0.5891 22   0.000893   0.000893   0.365499    0.068900   0.000000  -0.905928   0.000000  -0.253049  -0.087907   0.000000   0.057381
        0.6212 19   0.000596   0.000596   0.350756    0.052616   0.000000  -0.945062   0.000000  -0.249298  -0.087254   0.000000   0.055528
        0.5224 22   0.001698   0.001698   0.313041    0.041776   0.000000  -0.909355   0.003139  -0.256748  -0.088030   0.000000   0.057187
        0.4595 22   0.002692   0.002692   0.346185    0.059019   0.000000  -0.966472   0.000000  -0.277632  -0.095777   0.000000   0.057140
        0.7413 21   0.000016   0.000016   0.330767    0.050466   0.000000  -0.947421   0.000000  -0.256378  -0.091109   0.000000   0.054907
        0.6575 21   0.000333   0.000333   0.315372    0.034696   0.000000  -0.949200   0.000000  -0.273584  -0.089782   0.000000   0.056020
        0.6071 22   0.000719   0.000719   0.354759    0.047586   0.000000  -0.958461   0.000000  -0.270475  -0.091639   0.000000   0.058889
        0.5979 20   0.000806   0.000806   0.387036    0.051332   0.000000  -0.965297   0.000000  -0.256802  -0.080805   0.000000   0.057440
        0.6491 20   0.000388   0.000388   0.379024    0.039957   0.000000  -0.916451   0.000000  -0.248219  -0.098609   0.000000   0.055222
        0.6321 22   0.000509   0.000509   0.420195    0.064475   0.002943  -0.941605   0.000000  -0.252945  -0.088740   0.000000   0.058134
        0.4482 21   0.002894   0.002894   0.341215    0.033853   0.000000  -0.922936   0.000000  -0.226639  -0.076395   0.000000   0.059150
        0.5828 21   0.000957   0.000957   0.350264    0.047430   0.000000  -0.931300   0.000000  -0.258879  -0.094984   0.000000   0.056156
        0.5906 20   0.000877   0.000877   0.348531    0.043911   0.000000  -0.986946   0.000028  -0.244409  -0.082942   0.000000   0.055811
        0.6089 21   0.000703   0.000703   0.332182    0.043011   0.000000  -0.936492   0.000696  -0.262530  -0.089828   0.000000   0.055873
        0.4901 21   0.002180   0.002180   0.319389    0.039330   0.000000  -0.919540   0.000000  -0.248529  -0.084572   0.000000   0.058750
        0.6808 20   0.000204   0.000204   0.342185    0.055916   0.000000  -0.974004   0.000449  -0.240137  -0.096566   0.000000   0.055845
        0.6303 17   0.000523   0.000523   0.341858    0.039697   0.000000  -0.954203   0.000000  -0.228887  -0.088315   0.000000   0.053820
        0.7167 19   0.000067   0.000067   0.317586    0.054986   0.000000  -0.939570   0.000000  -0.235676  -0.089814   0.000000   0.058093
        0.6981 20   0.000129   0.000129   0.321360    0.045985   0.000000  -0.913258   0.000000  -0.248691  -0.099111   0.000000   0.057202
        0.7623 18   0.000000   0.000000   0.349504    0.048548   0.000000  -0.968642   0.000000  -0.203611  -0.075888   0.000000   0.057617
        0.4326 18   0.003187   0.003187   0.328847    0.035795   0.000000  -0.962748   0.000000  -0.209113  -0.067257   0.000000   0.060859
        0.6642 15   0.000293   0.000293   0.330347    0.057743   0.000000  -0.971284   0.000508  -0.185168  -0.060958   0.000000   0.058631
        0.5455 19   0.001390   0.001390   0.334689    0.052024   0.000000  -0.945771   0.000000  -0.229663  -0.087463   0.000000   0.054208
        0.5848 21   0.000936   0.000936   0.358723    0.059467   0.000000  -0.945562   0.000000  -0.237656  -0.087982   0.000000   0.056974
        0.5826 21   0.000960   0.000960   0.412689    0.056521   0.000000  -0.929795   0.000000  -0.253210  -0.090004   0.000000   0.059000
        0.4906 19   0.002172   0.002172   0.315715    0.054954   0.000000  -0.865820   0.000000  -0.211170  -0.082420   0.000000   0.056352
        0.4301 18   0.003235   0.003235   0.311876    0.049819   0.000000  -0.856056   0.000000  -0.220415  -0.080001   0.000000   0.057421
        0.5304 19   0.001587   0.001587   0.343729    0.038548   0.000000  -0.857481   0.000000  -0.222895  -0.090028   0.000000   0.053246
        0.8356 18   0.000144   0.000144   0.344342    0.050267   0.000000  -0.939252   0.000000  -0.225364  -0.069198   0.000000   0.057616
        0.8504 18   0.000211   0.000211   0.320182    0.034394   0.000000  -0.892539   0.000000  -0.238123  -0.084798   0.000000   0.054382
        0.5672 18   0.001128   0.001128   0.335984    0.042737   0.000000  -0.941561   0.000000  -0.237562  -0.081219   0.000000   0.054208
        0.6280 19   0.000542   0.000542   0.319553    0.048271   0.000000  -0.923350   0.000000  -0.233556  -0.081280   0.000000   0.057005
        0.5964 16   0.000820   0.000820   0.349654    0.045391   0.000000  -0.931940   0.000000  -0.207843  -0.080082   0.000000   0.058288
        0.4766 17   0.002399   0.002399   0.352093    0.048629   0.000000  -0.935866   0.000000  -0.212922  -0.078131   0.000000   0.061553
        0.4765 18   0.002400   0.002400   0.346418    0.049875   0.000000  -0.924323   0.000000  -0.247171  -0.083938   0.000000   0.056691
        0.6766 17   0.000225   0.000225   0.321183    0.048040   0.000888  -0.923741   0.000000  -0.219400  -0.069286   0.000000   0.058025
        0.5761 18   0.001029   0.001029   0.331182    0.056486   0.000000  -0.891047   0.000000  -0.234090  -0.073808   0.000000   0.059720
        0.7676 16   0.000000   0.000000   0.331213    0.047748   0.000000  -0.925425   0.000000  -0.206095  -0.076929   0.000000   0.056681
        0.5999 18   0.000786   0.000786   0.338887    0.062590   0.000000  -0.921780   0.000000  -0.235080  -0.075162   0.000000   0.052308
        0.6676 17   0.000274   0.000274   0.336588    0.056392   0.000000  -0.890784   0.000000  -0.234375  -0.078796   0.000000   0.054837
        0.5509 18   0.001322   0.001322   0.294814    0.052265   0.000000  -0.910469   0.000000  -0.223692  -0.072097   0.000000   0.055203
        0.5661 16   0.001141   0.001141   0.280072    0.049938   0.000000  -0.929716   0.000000  -0.198294  -0.068137   0.000000   0.052352
        0.8288 17   0.000117   0.000117   0.293339    0.046636   0.001667  -0.917652   0.000390  -0.218054  -0.075130  -0.011233   0.057249
        0.6788 17   0.000214   0.000214   0.307103    0.060590   0.000000  -0.909502   0.000153  -0.197855  -0.073266   0.000000   0.058470
        0.6217 17   0.000593   0.000593   0.314340    0.052322   0.000011  -0.949092   0.000000  -0.210290  -0.073072   0.000000   0.062134
        0.5645 17   0.001160   0.001160   0.346151    0.050756   0.000000  -0.962198   0.000000  -0.198454  -0.069816   0.000000   0.057679
        0.5555 17   0.001266   0.001266   0.406598    0.043853   0.000000  -0.974555   0.000000  -0.197338  -0.076098   0.000000   0.051765
        0.7571 16   0.000002   0.000002   0.326603    0.062548   0.000000  -0.951828   0.000000  -0.211649  -0.070337   0.000000   0.053730
        0.8997 17   0.000524   0.000524   0.317663    0.042286   0.000000  -0.956823   0.000000  -0.201886  -0.069068   0.000000   0.050264
        0.5943 17   0.000841   0.000841   0.358829    0.040700   0.000000  -0.946989   0.000000  -0.211158  -0.067106   0.000000   0.052774
        0.4671 16   0.002561   0.002561   0.291092    0.063217   0.000000  -0.913077   0.000000  -0.191139  -0.062859   0.000000   0.054417
        0.6998 17   0.000123   0.000123   0.310905    0.052259   0.000000  -0.887013   0.000000  -0.209964  -0.079453   0.000000   0.052644
        0.5948 16   0.000836   0.000836   0.316926    0.047956   0.000000  -0.925181   0.000000  -0.211085  -0.082104   0.000000   0.058579
        0.6132 17   0.000665   0.000665   0.319297    0.049499   0.000000  -0.928572   0.000000  -0.225090  -0.080960   0.000000   0.056968
        0.8132 17   0.000067   0.000067   0.363456    0.045766   0.000000  -0.988241   0.000000  -0.221455  -0.078967   0.000000   0.055021
        0.5820 16   0.000966   0.000966   0.315933    0.038053   0.000327  -0.955715   0.000000  -0.213043  -0.073763   0.000000   0.058262
        0.5694 16   0.001104   0.001104   0.364547    0.045672   0.000000  -0.966961   0.000000  -0.210279  -0.075433   0.000000   0.054943
        0.7048 17   0.000104   0.000104   0.370520    0.035923   0.000000  -0.890974   0.000000  -0.205701  -0.087303   0.000000   0.051966
        0.9853 16   0.001400   0.001400   0.346838    0.044319   0.000000  -0.876768   0.000000  -0.197836  -0.067790   0.000000   0.053579
        0.8620 16   0.000271   0.000271   0.380680    0.070558   0.000008  -0.912878   0.000000  -0.199053  -0.071290   0.000000   0.055863
        0.6959 16   0.000138   0.000138   0.302281    0.056587   0.000000  -0.840243   0.000000  -0.193167  -0.066708   0.000000   0.051869
        0.5413 15   0.001444   0.001444   0.320974    0.054077   0.000001  -0.872194   0.000000  -0.186687  -0.060953   0.000000   0.055925
        0.5805 15   0.000982   0.000982   0.352794    0.057266   0.000000  -0.876324   0.000000  -0.169827  -0.058117   0.000000   0.059167
        0.5759 16   0.001031   0.001031   0.380778    0.052876   0.000000  -0.847283   0.000000  -0.210000  -0.077872   0.000000   0.053202
        0.5620 16   0.001189   0.001189   0.352995    0.059525   0.000000  -0.852944   0.000000  -0.221098  -0.073603   0.000000   0.053311
        0.5517 16   0.001312   0.001312   0.337645    0.065265   0.000000  -0.874690   0.000000  -0.214496  -0.070498   0.000000   0.056037
        0.8612 15   0.000267   0.000267   0.302279    0.060128   0.000000  -0.873265   0.000000  -0.169535  -0.060372   0.000000   0.054992
        0.9615 16   0.001113   0.001113   0.344893    0.069520   0.000000  -0.812227   0.000000  -0.190230  -0.061745   0.000000   0.053346
        0.7217 16   0.000054   0.000054   0.368308    0.045907   0.000000  -0.895818   0.000000  -0.186147  -0.062123   0.000000   0.050862
        0.7430 16   0.000014   0.000014   0.344735    0.046829   0.000000  -0.874503   0.002037  -0.183545  -0.055798  -0.016247   0.056402
        0.8071 15   0.000051   0.000051   0.310498    0.053829   0.000000  -0.883158   0.000000  -0.190053  -0.062817   0.000000   0.053547
        0.8471 15   0.000195   0.000195   0.320896    0.041226   0.000000  -0.845434   0.000000  -0.217203  -0.073755   0.000000   0.053962
        0.6647 16   0.000290   0.000290   0.359219    0.058845   0.000000  -0.893209   0.000000  -0.192269  -0.073918   0.000000   0.057259
        0.7321 17   0.000031   0.000031   0.281447    0.062919   0.000000  -0.864875   0.000000  -0.201955  -0.079080   0.000000   0.051549
        0.9104 17   0.000610   0.000610   0.331823    0.049561   0.000000  -0.872724   0.000000  -0.219308  -0.066310   0.000000   0.057027
        0.6225 16   0.000586   0.000586   0.328718    0.056840   0.000000  -0.860364   0.001746  -0.202775  -0.069405   0.000000   0.055223
        0.7222 17   0.000053   0.000053   0.342559    0.051738   0.000000  -0.864071   0.000000  -0.225805  -0.078386   0.000000   0.053835
        0.6862 17   0.000179   0.000179   0.322187    0.049237   0.000000  -0.851524   0.000198  -0.236186  -0.080574   0.000000   0.049654
        0.6349 17   0.000488   0.000488   0.349967    0.047839   0.000000  -0.932089   0.000000  -0.198341  -0.075931   0.000000   0.052444
        0.9002 16   0.000528   0.000528   0.333132    0.045821   0.000000  -0.970105   0.000000  -0.211658  -0.071785   0.000000   0.060876
        0.8283 18   0.000116   0.000116   0.387981    0.047665   0.000000  -0.966448   0.000000  -0.244757  -0.089554   0.000000   0.053764
        0.6005 17   0.000781   0.000781   0.345444    0.053443   0.000000  -0.964631   0.000000  -0.223908  -0.080268   0.000000   0.056674
        0.6601 17   0.000318   0.000318   0.321287    0.068374   0.000000  -1.036331   0.000013  -0.215103  -0.075972   0.000000   0.059004
        0.6408 20   0.000445   0.000445   0.327445    0.073358   0.000000  -0.982344   0.000000  -0.245765  -0.089651   0.000000   0.057076
        0.6912 19   0.000157   0.000157   0.395336    0.060599   0.000000  -1.007705   0.000000  -0.251430  -0.095003   0.000000   0.053860
        0.8979 20   0.000509   0.000509   0.363199    0.053046   0.000000  -1.009546   0.000000  -0.241000  -0.089601   0.000000   0.059252
        0.6612 20   0.000311   0.000311   0.363311    0.051737   0.000000  -1.037533   0.000000  -0.232016  -0.085273   0.000000   0.054359
        0.7533 21   0.000004   0.000004   0.366421    0.054656   0.001043  -0.971500   0.000000  -0.269435  -0.092111   0.000000   0.051784
        0.5925 21   0.000859   0.000859   0.334737    0.055475   0.000000  -1.000365   0.000000  -0.246678  -0.085270   0.000000   0.055400
        0.6855 21   0.000182   0.000182   0.372170    0.041150   0.000059  -0.990513   0.000000  -0.251099  -0.081088   0.000000   0.056791
        0.7330 21   0.000030   0.000030   0.401042    0.056686   0.000000  -1.027393   0.000000  -0.265644  -0.102716   0.000000   0.057432
        0.6768 20   0.000224   0.000224   0.394744    0.048188   0.000000  -0.974452   0.000000  -0.249153  -0.099059   0.000000   0.057566
        0.5868 20   0.000916   0.000916   0.351743    0.047103   0.000000  -0.996252   0.000000  -0.242129  -0.081843   0.000000   0.059866
        0.5064 19   0.001929   0.001929   0.311767    0.059062   0.000000  -0.990329   0.000000  -0.226245  -0.071703   0.000000   0.056606
        0.5966 20   0.000818   0.000818   0.339273    0.063962   0.000000  -0.969757   0.000000  -0.241949  -0.088059   0.000000   0.061211
        0.4437 20   0.002978   0.002978   0.310231    0.049951   0.000000  -0.950424   0.000000  -0.240563  -0.093481   0.000000   0.054824
        0.5767 20   0.001023   0.001023   0.310693    0.043747   0.000000  -0.997840   0.000000  -0.226445  -0.073024   0.000000   0.061878
        0.7995 20   0.000034   0.000034   0.321749    0.039771   0.000000  -0.974458   0.000000  -0.250763  -0.088665   0.000000   0.058172
        0.7492 20   0.000007   0.000007   0.307604    0.045811   0.000000  -0.999664   0.000000  -0.253138  -0.081313   0.000000   0.058525
        0.8974 20   0.000505   0.000505   0.297023    0.042593   0.000000  -0.984389   0.000000  -0.252358  -0.085839   0.000000   0.055455
        0.8629 19   0.000276   0.000276   0.335082    0.036973   0.000642  -0.949995   0.000000  -0.241309  -0.089077   0.000000   0.056195
        0.5528 19   0.001299   0.001299   0.322913    0.064958   0.000000  -1.005971   0.000000  -0.232409  -0.079526   0.000000   0.061955
        0.8160 20   0.000075   0.000075   0.341275    0.037043   0.000000  -0.956704   0.000000  -0.243718  -0.076059   0.000000   0.055014
        0.7342 20   0.000027   0.000027   0.347471    0.053845   0.000000  -0.993501   0.000000  -0.241523  -0.082140   0.000000   0.055193
        0.6586 19   0.000327   0.000327   0.307222    0.038865   0.000000  -0.943241   0.000000  -0.248443  -0.091930   0.000000   0.056172
        0.5004 20   0.002019   0.002019   0.325513    0.042534   0.000000  -0.996223   0.000000  -0.254217  -0.084480   0.000000   0.056127
        0.6535 21   0.000359   0.000359   0.312562    0.051168   0.000000  -1.029060   0.002908  -0.260621  -0.087417   0.000000   0.058314
        0.8767 21   0.000360   0.000360   0.355076    0.040673   0.000000  -1.063119   0.000000  -0.254521  -0.085741   0.000000   0.055178
        0.7417 21   0.000016   0.000016   0.347205    0.055814   0.000000  -1.043743   0.000000  -0.260525  -0.093474   0.000000   0.056280
        0.8576 20   0.000247   0.000247   0.305344    0.039319   0.000000  -0.993008   0.000000  -0.241594  -0.080587   0.000000   0.057598
        0.6583 21   0.000328   0.000328   0.315674    0.053884   0.000000  -1.022605   0.000000  -0.270771  -0.107580   0.000000   0.060439
        0.6990 21   0.000125   0.000125   0.301659    0.056405   0.000000  -1.033015   0.000000  -0.286407  -0.095541   0.000000   0.056029
        0.4788 21   0.002363   0.002363   0.307359    0.039544   0.000000  -1.015819   0.000004  -0.270128  -0.087550   0.000000   0.057883
        0.6880 21   0.000171   0.000171   0.325960    0.051104   0.000000  -1.033462   0.000000  -0.276187  -0.098634   0.000000   0.057819
        0.7520 21   0.000005   0.000005   0.299746    0.053664   0.000000  -1.058710   0.000065  -0.263591  -0.086963   0.000000   0.056195
        0.5621 21   0.001187   0.001187   0.302132    0.052715   0.000000  -1.067518   0.000000  -0.251360  -0.093469   0.000000   0.061832
        0.5954 22   0.000830   0.000830   0.323025    0.043050   0.000000  -0.994391   0.000000  -0.264290  -0.099152   0.000000   0.057520
        0.6274 20   0.000546   0.000546   0.393730    0.067376   0.000000  -1.055527   0.000000  -0.262028  -0.093356   0.000000   0.057960
        0.5799 21   0.000988   0.000988   0.345257    0.072491   0.000000  -1.039019   0.000000  -0.267291  -0.100388   0.000000   0.058125
        0.6560 21   0.000343   0.000343   0.275887    0.058070   0.000000  -0.997834   0.000000  -0.248497  -0.091833   0.000000   0.055851
        0.4999 22   0.002028   0.002028   0.317674    0.035870   0.000000  -1.011682   0.000000  -0.276415  -0.099764   0.000000   0.056573
        0.6348 21   0.000489   0.000489   0.293455    0.027630   0.000000  -1.020297   0.001885  -0.248500  -0.096187   0.000000   0.058761
        0.4855 21   0.002254   0.002254   0.310241    0.041666   0.000000  -1.025061   0.000000  -0.271558  -0.097956   0.000000   0.056518
        0.5710 22   0.001086   0.001086   0.343898    0.055458   0.000000  -1.005841   0.000000  -0.273626  -0.093007   0.000000   0.061081
        0.6779 22   0.000219   0.000219   0.375693    0.058393   0.000000  -1.014050   0.000000  -0.281900  -0.093312   0.000000   0.055375
        0.7945 22   0.000025   0.000025   0.324891    0.042133   0.000000  -0.966746   0.000000  -0.275615  -0.088021   0.000000   0.055013
        0.6212 22   0.000596   0.000596   0.311445    0.070154   0.000000  -0.977326   0.000000  -0.274370  -0.093415   0.000000   0.054160
        0.4902 21   0.002178   0.002178   0.348096    0.037511   0.000000  -0.994905   0.000000  -0.275360  -0.095447   0.000000   0.056105
        0.5921 21   0.000862   0.000862   0.294901    0.045249   0.000000  -0.958533   0.000000  -0.256928  -0.093798   0.000000   0.053065
        0.8550 20   0.000233   0.000233   0.324413    0.043244   0.000000  -0.991329   0.000000  -0.249266  -0.097625   0.000000   0.055053
        0.7691 21   0.000000   0.000000   0.326081    0.050466   0.000000  -0.991706   0.000000  -0.265535  -0.092783   0.000000   0.053994
        0.7661 21   0.000000   0.000000   0.316259    0.066706   0.000000  -0.986056   0.000000  -0.254881  -0.095214   0.000000   0.053742
        0.7311 21   0.000033   0.000033   0.306594    0.034846   0.000129  -0.978223   0.000000  -0.270144  -0.101155   0.000000   0.054431
        0.5203 22   0.001727   0.001727   0.334394    0.064928   0.000000  -0.997861   0.000000  -0.272891  -0.095780   0.000000   0.060826
        0.5624 22   0.001184   0.001184   0.361246    0.049650   0.000000  -1.011295   0.000000  -0.256849  -0.084673   0.000000   0.060281
        0.6970 22   0.000133   0.000133   0.367693    0.047252   0.000000  -0.971985   0.000000  -0.288877  -0.083744   0.000000   0.057492
        0.5825 22   0.000960   0.000960   0.329434    0.057044   0.000000  -0.964393   0.000000  -0.257799  -0.095992   0.000000   0.058713
        0.4617 22   0.002653   0.002653   0.340396    0.074682   0.000000  -0.997623   0.000000  -0.264433  -0.098453   0.000000   0.055692
        0.5452 21   0.001394   0.001394   0.349899    0.044096   0.000000  -0.957903   0.000000  -0.251504  -0.089479   0.000000   0.056214
        0.4725 22   0.002468   0.002468   0.364953    0.046996   0.000000  -0.989748   0.000000  -0.248990  -0.095036   0.000000   0.059424
        0.6150 23   0.000649   0.000649   0.325581    0.048237   0.000000  -0.962847   0.000000  -0.254848  -0.097167   0.000000   0.055246
        0.4848 22   0.002265   0.002265   0.393435    0.051486   0.000000  -0.984299   0.000000  -0.269557  -0.097416   0.000000   0.055896
        0.3484 23   0.005007   0.005007   0.382746    0.060984   0.000000  -1.036200   0.000000  -0.261142  -0.088740   0.000000   0.057042
        0.5532 21   0.001294   0.001294   0.349885    0.068506   0.000000  -1.019779   0.000000  -0.265668  -0.093721   0.000000   0.061966
        0.5041 22   0.001963   0.001963   0.342915    0.065775   0.000000  -1.022558   0.000000  -0.264253  -0.092192   0.000000   0.055973
        0.5090 23   0.001891   0.001891   0.363333    0.062232   0.000000  -1.013897   0.000000  -0.279409  -0.093245   0.000000   0.059794
        0.4554 23   0.002765   0.002765   0.326543    0.051559   0.000000  -0.985351   0.000000  -0.267445  -0.092406   0.000000   0.060107
        0.5536 23   0.001289   0.001289   0.341383    0.058637   0.000000  -1.009700   0.001711  -0.284253  -0.102959   0.000000   0.056260
        0.5195 23   0.001738   0.001738   0.339297    0.036487   0.000000  -0.997666   0.000000  -0.305506  -0.102772   0.000000   0.057237
        0.3471 22   0.005038   0.005038   0.309998    0.026685   0.000000  -1.024437   0.000000  -0.260871  -0.102163   0.000000   0.057378
        0.3574 23   0.004793   0.004793   0.346104    0.038762   0.000000  -1.049447   0.000000  -0.303402  -0.114004   0.000000   0.060487
        0.4496 22   0.002869   0.002869   0.315347    0.041689   0.000000  -1.013677   0.000000  -0.243273  -0.080957   0.000000   0.060822
        0.3918 22   0.004018   0.004018   0.339486    0.046421   0.000000  -1.006049   0.000000  -0.272101  -0.088886   0.000000   0.061759
        0.3593 23   0.004748   0.004748   0.377222    0.053690   0.000000  -0.995696   0.000000  -0.277146  -0.094316   0.000000   0.057921
        0.4241 23   0.003353   0.003353   0.309526    0.043001   0.000000  -0.954233   0.000000  -0.289931  -0.096347   0.000000   0.057224
        0.4148 23   0.003537   0.003537   0.331575    0.049883   0.000000  -1.017429   0.000000  -0.285674  -0.105778   0.000000   0.057008
        0.3711 22   0.004477   0.004477   0.312721    0.034890   0.000000  -1.013806   0.000000  -0.266046  -0.108320   0.000000   0.058455
        0.4852 21   0.002259   0.002259   0.287345    0.060528   0.000000  -1.014975   0.000000  -0.265240  -0.106542   0.000000   0.058436
        0.4523 23   0.002821   0.002821   0.274280    0.047528   0.000000  -1.007163   0.000000  -0.271643  -0.099504   0.000000   0.057682
        0.4839 22   0.002279   0.002279   0.267133    0.048489   0.000000  -1.005646   0.000000  -0.268441  -0.105002   0.000000   0.059534
        0.4869 23   0.002231   0.002231   0.333817    0.043033   0.000000  -1.038151   0.000000  -0.292058  -0.096314   0.000000   0.056609
        0.5407 23   0.001451   0.001451   0.317158    0.046360   0.000000  -0.993787   0.000000  -0.285650  -0.112232   0.000000   0.058579
        0.4129 23   0.003576   0.003576   0.329410    0.051188   0.000000  -1.057251   0.000000  -0.277169  -0.102161   0.000000   0.055816
        0.2475 22   0.007726   0.007726   0.293176    0.073077   0.000360  -1.067306   0.000000  -0.280417  -0.100555   0.000000   0.058374
        0.3675 21   0.004558   0.004558   0.333064    0.046905   0.000000  -1.099633   0.000000  -0.254074  -0.091450   0.000000   0.059095
        0.4562 23   0.002750   0.002750   0.351199    0.059912   0.000000  -1.064300   0.000057  -0.287780  -0.100346   0.000000   0.060773
        0.4664 23   0.002572   0.002572   0.302512    0.051703   0.000000  -1.026903   0.000000  -0.278021  -0.095069   0.000000   0.061081
        0.4189 23   0.003455   0.003455   0.328890    0.059036   0.000000  -1.086443   0.000000  -0.295939  -0.110146   0.000000   0.059016
        0.3545 23   0.004862   0.004862   0.299105    0.075711   0.000000  -1.096286   0.000000  -0.270670  -0.091680   0.000000   0.060657
        0.4165 22   0.003503   0.003503   0.361073    0.056479   0.000000  -1.124094   0.000000  -0.263466  -0.092060   0.000000   0.060838
        0.3301 22   0.005456   0.005456   0.332534    0.047693   0.000000  -1.094228   0.000000  -0.243438  -0.089949   0.000000   0.060177
        0.4168 21   0.003498   0.003498   0.357161    0.045864   0.000000  -1.096848   0.000000  -0.265945  -0.101488   0.000000   0.057736
        0.3213 23   0.005680   0.005680   0.306447    0.076177   0.000000  -1.093154   0.000000  -0.276474  -0.093500   0.000000   0.061635
        0.4387 23   0.003071   0.003071   0.341776    0.047640   0.000000  -1.042141   0.000000  -0.293605  -0.105572   0.000000   0.058302
        0.6615 21   0.000309   0.000309   0.352089    0.037080   0.000000  -1.047577   0.000000  -0.261277  -0.107656   0.000000   0.057416
        0.4557 22   0.002759   0.002759   0.355057    0.046328   0.000000  -1.071797   0.000000  -0.256550  -0.082689   0.000000   0.062800
        0.4713 21   0.002488   0.002488   0.350265    0.064237   0.000000  -1.064832   0.000000  -0.254408  -0.092410   0.000000   0.058087
        0.4016 22   0.003810   0.003810   0.333285    0.071257   0.000000  -1.003998   0.000540  -0.252910  -0.090960   0.000000   0.060275
        0.6563 21   0.000341   0.000341   0.359388    0.049012   0.000000  -1.025499   0.000000  -0.257313  -0.083754   0.000000   0.059118
        0.4378 22   0.003088   0.003088   0.330756    0.059593   0.000000  -1.033956   0.000000  -0.252869  -0.093856   0.000000   0.058002
        0.4806 22   0.002333   0.002333   0.358563    0.056635   0.000000  -1.051086   0.000000  -0.286215  -0.111423   0.000000   0.058365
        0.4511 21   0.002842   0.002842   0.273365    0.050227   0.000000  -0.984716   0.000000  -0.261999  -0.097229   0.000000   0.058703
        0.4802 21   0.002340   0.002340   0.383884    0.040082   0.000000  -1.050207   0.000000  -0.256489  -0.094406   0.000000   0.059051
        0.5383 22   0.001482   0.001482   0.364473    0.046608   0.000000  -0.965944   0.000000  -0.271664  -0.097270   0.000000   0.058978
        0.4680 21   0.002544   0.002544   0.337705    0.049891   0.000000  -0.931946   0.000000  -0.237849  -0.103877   0.000000   0.057708
        0.3809 22   0.004255   0.004255   0.350400    0.048752   0.000000  -0.977845   0.000000  -0.243962  -0.083416   0.000000   0.057864
        0.5460 20   0.001384   0.001384   0.367865    0.062023   0.000000  -0.921407   0.000309  -0.251560  -0.091800   0.000000   0.056567
        0.4906 21   0.002172   0.002172   0.340833    0.063714   0.000000  -0.927107   0.000000  -0.254437  -0.096631   0.000000   0.055509
        0.5318 22   0.001568   0.001568   0.375453    0.049407   0.000000  -0.959213   0.001866  -0.266821  -0.084744  -0.011286   0.060097
        0.4340 21   0.003160   0.003160   0.377643    0.035623   0.000000  -0.975184   0.000000  -0.249371  -0.088805   0.000000   0.060548
        0.5585 22   0.001230   0.001230   0.367559    0.070727   0.000000  -0.988987   0.000000  -0.259215  -0.082768   0.000000   0.058469
        0.4580 23   0.002719   0.002719   0.358500    0.079046   0.000000  -0.972549   0.000000  -0.262456  -0.094154   0.000000   0.056636
        0.5420 22   0.001434   0.001434   0.344091    0.056534   0.000000  -0.955267   0.001303  -0.280836  -0.102687   0.000000   0.057189
        0.5240 22   0.001675   0.001675   0.348923    0.040211   0.000000  -0.985001   0.000000  -0.262645  -0.088166   0.000000   0.056447
        0.5925 21   0.000858   0.000858   0.282518    0.058623   0.000000  -0.966729   0.000000  -0.236650  -0.083944   0.000000   0.058576
        0.4845 20   0.002269   0.002269   0.326214    0.077578   0.000000  -0.967801   0.000000  -0.243777  -0.095876   0.000000   0.056253
        0.4615 20   0.002658   0.002658   0.339034    0.055054   0.000000  -0.993877   0.000000  -0.258001  -0.088337   0.000000   0.054100
        0.6517 20   0.000370   0.000370   0.319863    0.057002   0.001055  -0.969219   0.000000  -0.249805  -0.087769   0.000000   0.057675
        0.4634 21   0.002624   0.002624   0.357823    0.037771   0.000000  -1.000248   0.000000  -0.255699  -0.096524   0.000000   0.055615
        0.5056 20   0.001941   0.001941   0.299595    0.046124   0.000000  -1.012743   0.000000  -0.237513  -0.086381   0.000000   0.058091
        0.4138 21   0.003558   0.003558   0.347931    0.042331   0.000505  -1.018920   0.000000  -0.244058  -0.091217   0.000000   0.057702
        0.5628 21   0.001179   0.001179   0.344681    0.066581   0.000000  -1.008202   0.000000  -0.239410  -0.088305   0.000000   0.058849
        0.3724 22   0.004446   0.004446   0.375785    0.049978   0.000000  -1.020971   0.000000  -0.255459  -0.104202   0.000000   0.056293
        0.7764 21   0.000004   0.000004   0.384160    0.036237   0.000000  -1.006824   0.000000  -0.252583  -0.091368   0.000000   0.056176
        0.5708 20   0.001088   0.001088   0.333801    0.048011   0.000000  -0.986840   0.000000  -0.233465  -0.091520   0.000000   0.056838
        0.6423 20   0.000435   0.000435   0.382826    0.035491   0.000000  -1.008577   0.000000  -0.252822  -0.094024   0.000000   0.062185
        0.6334 21   0.000500   0.000500   0.362989    0.067673   0.000000  -1.025519   0.000000  -0.253142  -0.095056   0.000000   0.055583
        0.6876 20   0.000173   0.000173   0.365875    0.052110   0.000000  -0.989523   0.000000  -0.248013  -0.094122   0.000000   0.057310
        0.4951 20   0.002102   0.002102   0.349882    0.059920   0.000000  -0.982634   0.000000  -0.250745  -0.079392   0.000000   0.056835
        0.5974 20   0.000810   0.000810   0.375245    0.054497   0.000000  -1.009268   0.000000  -0.240218  -0.093796   0.000000   0.056042
        0.5946 20   0.000838   0.000838   0.352410    0.064219   0.000000  -0.993654   0.000000  -0.250890  -0.091523   0.000000   0.058553
        0.6529 20   0.000362   0.000362   0.353951    0.061619   0.000000  -0.996828   0.000000  -0.232599  -0.086321   0.000000   0.058860
        0.6397 19   0.000453   0.000453   0.299459    0.039549   0.000000  -0.996449   0.000000  -0.218480  -0.072901   0.000000   0.057399
        0.6037 20   0.000750   0.000750   0.307480    0.052931   0.000000  -0.995640   0.000000  -0.236708  -0.090718   0.000000   0.060201
        0.7819 19   0.000008   0.000008   0.319229    0.042132   0.000000  -0.996482   0.000000  -0.247377  -0.084827   0.000000   0.059660
        0.5366 17   0.001505   0.001505   0.315882    0.056208   0.000000  -1.000615   0.000000  -0.235220  -0.087109   0.000000   0.059312
        0.6331 18   0.000502   0.000502   0.332712    0.054881   0.000000  -1.037566   0.000000  -0.207129  -0.082507   0.000000   0.055611
        0.6937 20   0.000147   0.000147   0.333709    0.057658   0.000000  -1.033495   0.000000  -0.217436  -0.077812   0.000000   0.055248
        0.7165 20   0.000068   0.000068   0.328462    0.047925   0.000000  -1.017158   0.000000  -0.233926  -0.085579   0.000000   0.055300
        0.6104 20   0.000689   0.000689   0.313601    0.061922   0.000000  -0.994986   0.000000  -0.231990  -0.076742   0.000000   0.054619
        0.6114 18   0.000680   0.000680   0.318858    0.042438   0.000000  -1.002453   0.000000  -0.218900  -0.074283   0.000000   0.059074
        0.5619 18   0.001190   0.001190   0.321403    0.038447   0.000000  -0.998482   0.000000  -0.219593  -0.086126   0.000000   0.056961
        0.6661 19   0.000282   0.000282   0.331000    0.055452   0.000000  -1.013258   0.000000  -0.236373  -0.082708   0.000000   0.055603
        0.6424 20   0.000433   0.000433   0.318816    0.063320   0.000000  -1.006248   0.000000  -0.248637  -0.084389   0.000000   0.060762
        0.7204 19   0.000057   0.000057   0.318740    0.034165   0.000000  -0.998555   0.000000  -0.250359  -0.084200   0.000000   0.055965
        0.5614 21   0.001196   0.001196   0.371275    0.055846   0.000000  -1.028904   0.000000  -0.259267  -0.103163   0.000000   0.058402
        0.4385 21   0.003076   0.003076   0.359540    0.052015   0.000000  -1.048279   0.000000  -0.258111  -0.091893   0.000000   0.058308
        0.4950 21   0.002103   0.002103   0.329491    0.053194   0.000000  -1.053226   0.000000  -0.277597  -0.100950   0.000000   0.060801
        0.5201 21   0.001730   0.001730   0.321238    0.042859   0.000000  -1.063843   0.000000  -0.257620  -0.099390   0.000000   0.056279
        0.5074 21   0.001913   0.001913   0.307857    0.056266   0.000000  -1.035566   0.000000  -0.261107  -0.102769   0.000000   0.059126
        0.4925 21   0.002142   0.002142   0.325206    0.052390   0.000000  -1.059179   0.000000  -0.263850  -0.099603   0.000000   0.060698
        0.5411 19   0.001446   0.001446   0.320132    0.040691   0.000000  -1.022569   0.000000  -0.248866  -0.104524   0.000000   0.055687
        0.5468 20   0.001373   0.001373   0.349701    0.063096   0.000000  -1.067170   0.000000  -0.250543  -0.084162   0.000000   0.056194
        0.5868 20   0.000916   0.000916   0.335789    0.044803   0.000000  -1.002289   0.000000  -0.234579  -0.093725   0.000000   0.058084
        0.5111 21   0.001860   0.001860   0.369454    0.054454   0.000000  -1.022734   0.000000  -0.232133  -0.080453   0.000000   0.060517
        0.4059 20   0.003720   0.003720   0.367710    0.051403   0.000000  -0.978952   0.000000  -0.245917  -0.089681   0.000000   0.057617
        0.5942 21   0.000842   0.000842   0.335701    0.049525   0.000000  -0.939552   0.000000  -0.261004  -0.104008   0.000000   0.056400
        0.5931 19   0.000853   0.000853   0.331533    0.053714   0.000000  -1.001226   0.000000  -0.232639  -0.081619   0.000000   0.056503
        0.5465 20   0.001378   0.001378   0.346756    0.062403   0.000000  -0.975429   0.000000  -0.253608  -0.092409   0.000000   0.055577
        0.6427 20   0.000431   0.000431   0.348792    0.041826   0.000000  -1.038656   0.000000  -0.257114  -0.081170   0.000000   0.062525
        0.5211 20   0.001716   0.001716   0.297109    0.041712   0.000000  -1.024951   0.000000  -0.255370  -0.087960   0.000000   0.054468
        0.5801 19   0.000986   0.000986   0.275261    0.042666   0.002038  -1.006623   0.001757  -0.207038  -0.077274   0.000000   0.059930
        0.6133 20   0.000664   0.000664   0.324744    0.044528   0.000000  -0.979683   0.000000  -0.253627  -0.081930   0.000000   0.058253
        0.5448 20   0.001398   0.001398   0.321669    0.054692   0.000000  -0.997998   0.000000  -0.241384  -0.079219   0.000000   0.058127
        0.5833 19   0.000953   0.000953   0.299896    0.040676   0.000000  -0.978472   0.000000  -0.232213  -0.080865   0.000000   0.058546
        0.6200 20   0.000607   0.000607   0.316821    0.035737   0.000000  -1.026593   0.000000  -0.250110  -0.085668   0.000000   0.059549
        0.4879 20   0.002215   0.002215   0.322579    0.059544   0.000000  -1.002243   0.000000  -0.234410  -0.099503   0.000000   0.060432
        0.5128 20   0.001835   0.001835   0.320513    0.047241   0.000000  -0.996304   0.000000  -0.241175  -0.092700   0.000000   0.056497
        0.6028 22   0.000759   0.000759   0.310897    0.050961   0.000000  -1.003220   0.000000  -0.270163  -0.087580   0.000000   0.062742
        0.4079 19   0.003679   0.003679   0.308657    0.053754   0.000000  -0.979850   0.000000  -0.230036  -0.087451   0.000000   0.056363
        0.6047 21   0.000741   0.000741   0.313744    0.047197   0.000000  -0.965155   0.000000  -0.247684  -0.099471   0.000000   0.058832
        0.5874 20   0.000910   0.000910   0.295769    0.042969   0.000000  -0.970454   0.000000  -0.245270  -0.094421   0.000000   0.060929
        0.6059 21   0.000730   0.000730   0.303733    0.051832   0.000000  -0.978010   0.000000  -0.250269  -0.100917   0.000000   0.056930
        0.6923 20   0.000153   0.000153   0.335531    0.048020   0.000000  -0.986052   0.000000  -0.243439  -0.087328   0.000000   0.058641
        0.5688 20   0.001110   0.001110   0.332545    0.050195   0.000000  -0.956697   0.000000  -0.237375  -0.091820   0.000000   0.057747
        0.4445 19   0.002963   0.002963   0.339047    0.051047   0.000000  -1.012119   0.000000  -0.231109  -0.072355   0.000000   0.060345
        0.4143 22   0.003547   0.003547   0.335633    0.043305   0.000000  -0.976796   0.000000  -0.273579  -0.099526   0.000000   0.056812
        0.5910 21   0.000873   0.000873   0.338138    0.057453   0.000000  -1.020465   0.000000  -0.264704  -0.100013   0.000000   0.058029
        0.3946 22   0.003958   0.003958   0.324156    0.057220   0.000000  -1.023320   0.000000  -0.258114  -0.095189   0.000000   0.059922
        0.3116 21   0.005930   0.005930   0.299315    0.043282   0.000214  -0.999830   0.000000  -0.236588  -0.087159   0.000000   0.059748
        0.4107 22   0.003621   0.003621   0.352200    0.054979   0.000000  -1.067978   0.000000  -0.257431  -0.091638   0.000000   0.057580
        0.4847 22   0.002266   0.002266   0.284547    0.051219   0.000000  -1.009401   0.000000  -0.270446  -0.090411   0.000000   0.058518
        0.5151 22   0.001801   0.001801   0.348110    0.043794   0.000000  -1.030309   0.000000  -0.285143  -0.096390   0.000000   0.059600
        0.5566 22   0.001253   0.001253   0.311117    0.048790   0.000000  -0.989988   0.000000  -0.268695  -0.085653   0.000000   0.057559
        0.4046 22   0.003748   0.003748   0.292744    0.066199   0.000000  -1.007772   0.002775  -0.263995  -0.098377   0.000000   0.061138
        0.3913 21   0.004029   0.004029   0.311527    0.056836   0.000000  -1.008203   0.000000  -0.253358  -0.093400   0.000000   0.061801
        0.4260 20   0.003315   0.003315   0.297431    0.056263   0.000000  -1.009207   0.000000  -0.266226  -0.095754   0.000000   0.057571
        0.6010 22   0.000775   0.000775   0.236890    0.057003   0.000000  -0.936517   0.000000  -0.259483  -0.098899   0.000000   0.055701
        0.3272 22   0.005528   0.005528   0.359497    0.040280   0.000000  -0.976735   0.000000  -0.255097  -0.097439   0.000000   0.060007
        0.4147 21   0.003539   0.003539   0.331506    0.046147   0.000000  -0.948178   0.000000  -0.255360  -0.093726   0.000000   0.057648
        0.5024 21   0.001989   0.001989   0.345046    0.066604   0.000000  -0.984433   0.000000  -0.261051  -0.088596   0.000000   0.056755
        0.5449 22   0.001398   0.001398   0.328505    0.049085   0.000000  -0.950831   0.000000  -0.269214  -0.098940   0.000000   0.058182
        0.4435 22   0.002982   0.002982   0.282915    0.055089   0.000000  -0.960002   0.000000  -0.264300  -0.094156   0.000000   0.056771
        0.5636 20   0.001169   0.001169   0.339981    0.049508   0.000000  -0.963309   0.000000  -0.279857  -0.092835   0.000000   0.066317
        0.4251 21   0.003333   0.003333   0.339197    0.057955   0.002690  -0.961543   0.000000  -0.251395  -0.093441   0.000000   0.059895
        0.4799 21   0.002345   0.002345   0.342894    0.060112   0.000000  -0.953493   0.000000  -0.256876  -0.091839   0.000000   0.057563
        0.6458 21   0.000410   0.000410   0.328378    0.058515   0.000000  -0.928395   0.000000  -0.252529  -0.093849   0.000000   0.055278
        0.6023 20   0.000763   0.000763   0.339183    0.052550   0.000000  -0.965353   0.000000  -0.244328  -0.079972   0.000000   0.057234
        0.4860 21   0.002245   0.002245   0.360986    0.045916   0.000000  -0.981146   0.000536  -0.240911  -0.085365   0.000000   0.057845
        0.5716 21   0.001079   0.001079   0.371829    0.048586   0.000000  -0.947779   0.000000  -0.254772  -0.101148   0.000000   0.058465
        0.5326 20   0.001558   0.001558   0.351442    0.054329   0.000000  -0.961520   0.000000  -0.231179  -0.087509   0.000000   0.055759
        0.4886 21   0.002204   0.002204   0.354583    0.050563   0.000606  -0.948430   0.000000  -0.256188  -0.088709   0.000000   0.058583
        0.4995 20   0.002033   0.002033   0.276987    0.061462   0.000000  -0.950075   0.000000  -0.234506  -0.082873   0.000000   0.059782
        0.5541 21   0.001284   0.001284   0.308224    0.052345   0.000000  -0.957180   0.000504  -0.244208  -0.082067   0.000000   0.061950
        0.4293 20   0.003251   0.003251   0.362304    0.050623   0.000000  -0.973452   0.000000  -0.226083  -0.081653   0.000000   0.056067
        0.5523 21   0.001305   0.001305   0.321119    0.058398   0.000004  -0.958426   0.000972  -0.223156  -0.088899   0.000000   0.060507
        0.5754 20   0.001037   0.001037   0.362623    0.035589   0.000000  -0.923481   0.000000  -0.241706  -0.087503   0.000000   0.062689
        0.5911 20   0.000873   0.000873   0.367995    0.049658   0.000000  -0.912152   0.000000  -0.239429  -0.080331   0.000000   0.056210
        0.6569 20   0.000337   0.000337   0.332389    0.077974   0.000000  -0.944835   0.000000  -0.235505  -0.094644   0.000000   0.055357
        0.5207 19   0.001722   0.001722   0.329322    0.041784   0.000000  -0.920592   0.000000  -0.242855  -0.079003   0.000000   0.057461
        0.7119 19   0.000081   0.000081   0.355534    0.055181   0.000000  -0.960691   0.000000  -0.240508  -0.094389   0.000000   0.056247
        0.8172 20   0.000078   0.000078   0.381589    0.056780   0.000000  -0.931628   0.000000  -0.246958  -0.089082  -0.009218   0.062975
        0.6429 20   0.000430   0.000430   0.298965    0.052770   0.000000  -0.902959   0.000000  -0.229301  -0.081253   0.000000   0.062494
        0.6208 21   0.000600   0.000600   0.369045    0.055628   0.000000  -0.942963   0.000000  -0.240527  -0.089719   0.000000   0.057799
        0.6627 19   0.000302   0.000302   0.323120    0.061540   0.000000  -0.936966   0.000000  -0.240473  -0.093984   0.000000   0.056346
        0.7712 20   0.000001   0.000001   0.318702    0.046982   0.000000  -0.943890   0.000000  -0.234362  -0.092245   0.000000   0.054749
        0.6255 21   0.000561   0.000561   0.337431    0.046673   0.000000  -0.948243   0.000000  -0.258697  -0.099180   0.000000   0.054915
        0.5910 21   0.000874   0.000874   0.330241    0.057566   0.000000  -0.947510   0.000000  -0.252723  -0.099209   0.000000   0.060128
        0.5986 21   0.000799   0.000799   0.363544    0.061673   0.000000  -0.922845   0.000000  -0.260868  -0.089842   0.000000   0.058400
        0.5841 21   0.000944   0.000944   0.337672    0.053835   0.000000  -0.925232   0.000875  -0.229044  -0.098207   0.000000   0.060660
        0.5912 21   0.000872   0.000872   0.361597    0.080835   0.000000  -0.971506   0.000000  -0.251644  -0.082269   0.000000   0.055360
        0.7651 19   0.000000   0.000000   0.312125    0.044042   0.000000  -0.918663   0.000000  -0.238601  -0.089803   0.000000   0.053687
        0.6947 20   0.000142   0.000142   0.328317    0.042241   0.000046  -0.876575   0.000000  -0.247204  -0.097298   0.000000   0.055075
        0.5131 19   0.001830   0.001830   0.347434    0.047307   0.000000  -0.901775   0.000000  -0.215439  -0.085796   0.000000   0.062933
        0.7463 19   0.000010   0.000010   0.346239    0.038190   0.000000  -0.905470   0.000000  -0.240549  -0.095567   0.000000   0.056814
        0.8422 19   0.000172   0.000172   0.316101    0.061892   0.000000  -0.956760   0.000000  -0.228174  -0.083424   0.000000   0.054780
        0.8103 18   0.000059   0.000059   0.286464    0.050502   0.000000  -0.960183   0.000000  -0.230141  -0.083705  -0.000015   0.054437
        0.6446 19   0.000418   0.000418   0.343766    0.051989   0.000000  -0.939707   0.000000  -0.247396  -0.086285   0.000000   0.053297
        0.6603 19   0.000316   0.000316   0.365632    0.036634   0.000000  -0.943093   0.000000  -0.227895  -0.076640   0.000000   0.057245
        0.8624 17   0.000274   0.000274   0.358873    0.045233   0.000000  -0.961384   0.000000  -0.209154  -0.072691   0.000000   0.056016
        0.9235 18   0.000725   0.000725   0.343429    0.040468   0.000000  -0.929518   0.000000  -0.226011  -0.069875   0.000000   0.055560
        0.8397 16   0.000161   0.000161   0.304145    0.033820   0.000000  -0.955624   0.000695  -0.197291  -0.064087   0.000000   0.059952
        0.6879 19   0.000172   0.000172   0.340571    0.067512   0.000000  -0.956506   0.001444  -0.231245  -0.082904   0.000000   0.058105
        0.5413 19   0.001443   0.001443   0.339357    0.052718   0.000005  -0.900425   0.000000  -0.237524  -0.088016   0.000000   0.054763
        0.5927 17   0.000857   0.000857   0.315873    0.065345   0.000000  -0.965813   0.000000  -0.199725  -0.069106   0.000000   0.056233
        0.7218 17   0.000054   0.000054   0.340715    0.044890   0.000000  -0.921090   0.003039  -0.233385  -0.085287   0.000000   0.059731
        0.6119 18   0.000676   0.000676   0.367061    0.054629   0.000000  -0.953153   0.000000  -0.214597  -0.071555   0.000000   0.059337
        0.6903 17   0.000161   0.000161   0.320668    0.048419   0.003415  -0.876793   0.000000  -0.215631  -0.077745   0.000000   0.058393
        0.8337 17   0.000136   0.000136   0.357917    0.043526   0.000000  -0.917215   0.000000  -0.207811  -0.073037   0.000000   0.055305
        0.4592 16   0.002697   0.002697   0.348356    0.066001   0.000000  -0.898764   0.000000  -0.196372  -0.079984   0.000000   0.054494
        0.9320 16   0.000805   0.000805   0.309621    0.054880   0.000000  -0.932553   0.000000  -0.196228  -0.077507   0.000000   0.052681
        0.6554 18   0.000347   0.000347   0.367593    0.032828   0.000000  -0.958004   0.000000  -0.218908  -0.071664   0.000000   0.051595
        0.6731 17   0.000244   0.000244   0.329269    0.045543   0.000000  -0.945835   0.000000  -0.228734  -0.079830   0.000000   0.056685
        0.6875 18   0.000173   0.000173   0.322460    0.047139   0.001487  -0.952864   0.000184  -0.231282  -0.076260   0.000000   0.055668
        0.6521 17   0.000368   0.000368   0.301986    0.035130   0.000000  -0.972149   0.000000  -0.212664  -0.073737   0.000000   0.054701
        0.7427 18   0.000014   0.000014   0.321864    0.056998   0.000000  -0.976368   0.000000  -0.208986  -0.078092   0.000000   0.053664
        0.7994 17   0.000034   0.000034   0.309490    0.044679   0.000000  -0.902498   0.000000  -0.227291  -0.083730   0.000000   0.058053
        0.4882 17   0.002209   0.002209   0.308745    0.048675   0.000000  -0.920031   0.000000  -0.226568  -0.082205   0.000000   0.057339
        0.6401 19   0.000450   0.000450   0.371609    0.056470   0.000000  -0.958472   0.000000  -0.259680  -0.092424   0.000000   0.055611
        0.5769 18   0.001021   0.001021   0.332204    0.051692   0.000000  -0.912145   0.000000  -0.230208  -0.091978   0.000000   0.051833
        0.5508 20   0.001324   0.001324   0.368751    0.038497   0.000000  -0.952275   0.000000  -0.250648  -0.095832   0.000000   0.054993
        0.4062 18   0.003713   0.003713   0.311433    0.057850   0.000000  -0.945709   0.000000  -0.222260  -0.076880   0.000000   0.054632
        0.5405 19   0.001454   0.001454   0.333118    0.050731   0.000000  -0.940920   0.000000  -0.236646  -0.085074   0.000000   0.062171
        0.8958 18   0.000493   0.000493   0.303952    0.043547   0.000000  -0.915441   0.000000  -0.227688  -0.079384   0.000000   0.056673
        0.6472 18   0.000400   0.000400   0.371254    0.058086   0.000000  -0.926494   0.000000  -0.239224  -0.078414  -0.011158   0.053553
        0.6529 17   0.000363   0.000363   0.308609    0.049100   0.000000  -0.859972   0.000000  -0.235467  -0.084552   0.000000   0.053497
        0.8464 16   0.000191   0.000191   0.354206    0.044839   0.000000  -0.905062   0.000000  -0.208605  -0.068450   0.000000   0.061564
        0.7410 17   0.000017   0.000017   0.413286    0.054858   0.000000  -0.905642   0.000000  -0.223220  -0.072823   0.000000   0.054932
        0.6871 17   0.000175   0.000175   0.303990    0.044267   0.000000  -0.857576   0.000000  -0.202739  -0.071346   0.000000   0.055515
        0.5354 18   0.001520   0.001520   0.408525    0.039825   0.000000  -0.882120   0.000000  -0.213012  -0.086430   0.000000   0.056647
        0.6364 18   0.000477   0.000477   0.295729    0.044073   0.000000  -0.854357   0.000000  -0.219697  -0.069741   0.000000   0.057617
        0.7309 18   0.000034   0.000034   0.309059    0.066463   0.000000  -0.883927   0.000000  -0.214706  -0.079353   0.000000   0.058468
        0.8297 18   0.000121   0.000121   0.342354    0.050788   0.000000  -0.936787   0.000000  -0.222853  -0.089767   0.000000   0.056916
        0.5591 18   0.001223   0.001223   0.306063    0.036667   0.000000  -0.905642   0.000000  -0.234709  -0.083749   0.000000   0.056408
        0.8787 18   0.000373   0.000373   0.318274    0.049947   0.000000  -0.867556   0.000000  -0.239593  -0.092130   0.000000   0.054911
        0.7169 19   0.000067   0.000067   0.340451    0.053147   0.000000  -0.877679   0.000000  -0.238189  -0.085586   0.000000   0.055138
        0.5029 19   0.001982   0.001982   0.343249    0.053932   0.000000  -0.856673   0.000000  -0.242155  -0.088280   0.000000   0.054802
        0.6154 17   0.000645   0.000645   0.335127    0.046358   0.000000  -0.866892   0.000000  -0.230412  -0.083048   0.000000   0.058394
        0.6588 19   0.000325   0.000325   0.362625    0.052731   0.000000  -0.912882   0.000000  -0.242879  -0.090813   0.000000   0.058859
        0.7334 19   0.000029   0.000029   0.290062    0.039143   0.000000  -0.892450   0.000000  -0.247000  -0.094156   0.000000   0.056114
        0.4870 20   0.002229   0.002229   0.283825    0.062389   0.000000  -0.934883   0.000000  -0.240264  -0.082227   0.000000   0.059719
        0.5607 19   0.001204   0.001204   0.322292    0.046098   0.000000  -0.934163   0.000000  -0.243656  -0.101791   0.000000   0.056356
        0.7954 20   0.000027   0.000027   0.334613    0.035140   0.000000  -0.964438   0.000000  -0.238613  -0.084781   0.000000   0.057859
        0.6608 21   0.000313   0.000313   0.314611    0.070065   0.000902  -0.978444   0.000000  -0.239381  -0.075236   0.000000   0.053312
        0.5601 21   0.001211   0.001211   0.310288    0.050127   0.000000  -0.981641   0.000000  -0.249389  -0.074699   0.000000   0.059591
        0.5777 19   0.001012   0.001012   0.372591    0.043478   0.000000  -0.992350   0.000000  -0.203103  -0.084652   0.000000   0.059088
        0.5071 20   0.001919   0.001919   0.375523    0.041658   0.000000  -0.955726   0.000000  -0.237806  -0.080943   0.000000   0.062023
        0.5504 20   0.001329   0.001329   0.382831    0.066643   0.000000  -0.931356   0.000000  -0.237498  -0.079917   0.000000   0.060608
        0.6869 18   0.000176   0.000176   0.323786    0.050470   0.000000  -0.924641   0.000000  -0.199536  -0.067630   0.000000   0.059723
        0.5355 17   0.001519   0.001519   0.332155    0.063236   0.000000  -0.901715   0.000000  -0.235278  -0.073096   0.000000   0.054850
        0.4271 18   0.003293   0.003293   0.382421    0.061341   0.000000  -0.909637   0.000000  -0.242578  -0.082421   0.000000   0.057706
        0.9347 17   0.000830   0.000830   0.329954    0.042862   0.000000  -0.895470   0.000000  -0.225393  -0.080985   0.000000   0.056503
        0.6880 18   0.000171   0.000171   0.333017    0.049814   0.000000  -0.908610   0.000000  -0.234079  -0.074585  -0.000865   0.055948
        0.8157 18   0.000074   0.000074   0.346179    0.031118   0.000000  -0.917694   0.000000  -0.222410  -0.076180   0.000000   0.056723
        0.9269 18   0.000756   0.000756   0.308325    0.064035   0.000000  -0.898128   0.000000  -0.223401  -0.081994   0.000000   0.055711
        0.9486 17   0.000973   0.000973   0.341738    0.035658   0.000000  -0.899215   0.000000  -0.211693  -0.072015   0.000000   0.053162
        0.8657 18   0.000293   0.000293   0.304383    0.070427   0.000000  -0.920883   0.000000  -0.206753  -0.070588   0.000000   0.059339
        0.8116 18   0.000063   0.000063   0.307468    0.077217   0.001696  -0.900775   0.000000  -0.233371  -0.088278   0.000000   0.053533
        0.8843 18   0.000410   0.000410   0.325722    0.055202   0.000000  -0.911190   0.000000  -0.232878  -0.079332   0.000000   0.053136
        0.7508 18   0.000006   0.000006   0.309998    0.074456   0.000000  -0.978895   0.000000  -0.215400  -0.077407   0.000000   0.051926
        0.7499 18   0.000007   0.000007   0.295357    0.049359   0.000000  -0.948597   0.000000  -0.242711  -0.080984   0.000000   0.056010
        0.8171 18   0.000078   0.000078   0.284632    0.051842   0.000000  -0.956285   0.000000  -0.222214  -0.084284   0.000000   0.053473
        0.6094 18   0.000698   0.000698   0.334736    0.048911   0.000000  -0.946002   0.000000  -0.226780  -0.085869   0.000000   0.052115
        0.6927 16   0.000151   0.000151   0.298840    0.042438   0.000000  -0.918910   0.000000  -0.207411  -0.082211   0.000000   0.055297
        0.8060 18   0.000049   0.000049   0.356389    0.034032   0.000000  -0.984260   0.000000  -0.229732  -0.084569   0.000000   0.056284
        0.6398 18   0.000452   0.000452   0.367741    0.062690   0.000000  -0.998369   0.000000  -0.234192  -0.072898   0.000000   0.059397
        0.7127 17   0.000079   0.000079   0.325808    0.042031   0.000000  -0.972890   0.000000  -0.218331  -0.074832   0.000000   0.054872
        0.8213 18   0.000092   0.000092   0.333949    0.065953   0.000000  -0.967336   0.000000  -0.242787  -0.085259   0.000000   0.054157
        0.9237 19   0.000727   0.000727   0.360498    0.043289   0.000000  -0.973388   0.000000  -0.233282  -0.085037   0.000000   0.052905
        0.6617 18   0.000308   0.000308   0.318441    0.052297   0.000000  -0.975395   0.000000  -0.207881  -0.080071   0.000000   0.056035
        0.5595 19   0.001219   0.001219   0.376958    0.056849   0.000000  -0.980416   0.000000  -0.258294  -0.090845   0.000000   0.051408
        0.8432 18   0.000176   0.000176   0.331428    0.041877   0.000000  -0.951613   0.000000  -0.239554  -0.082018   0.000000   0.050803
        0.7968 19   0.000029   0.000029   0.349110    0.037558   0.000000  -0.939951   0.000000  -0.246207  -0.083060   0.000000   0.051161
        0.6848 19   0.000185   0.000185   0.318512    0.066954   0.000000  -0.990269   0.000995  -0.234070  -0.074153   0.000000   0.058377
        0.5341 17   0.001538   0.001538   0.310292    0.042616   0.000000  -1.009703   0.000000  -0.202823  -0.075414   0.000000   0.056142
        0.6376 18   0.000468   0.000468   0.319841    0.052162   0.000000  -0.999487   0.000000  -0.230103  -0.078930   0.000000   0.054175
        0.7790 19   0.000006   0.000006   0.296945    0.045438   0.000000  -0.992951   0.000000  -0.236968  -0.076858   0.000000   0.056346
        0.9692 19   0.001203   0.001203   0.350701    0.052176   0.000000  -1.018808   0.000000  -0.245090  -0.085522   0.000000   0.053015
        0.9190 20   0.000684   0.000684   0.303741    0.035301   0.000000  -0.999457   0.000000  -0.242541  -0.080749   0.000000   0.056636
        0.8646 18   0.000286   0.000286   0.316329    0.050761   0.000000  -1.009702   0.000000  -0.239161  -0.083615   0.000000   0.052534
        0.9063 20   0.000576   0.000576   0.343097    0.035653   0.000000  -1.001193   0.000000  -0.245868  -0.087980   0.000000   0.053469
        0.5345 20   0.001533   0.001533   0.304064    0.054235   0.000000  -0.990787   0.000000  -0.235758  -0.075282   0.000000   0.056196
        0.6643 19   0.000292   0.000292   0.398249    0.056458   0.000000  -1.044619   0.000000  -0.248684  -0.086188   0.000000   0.057841
        0.6784 21   0.000216   0.000216   0.352779    0.062379   0.000000  -1.033811   0.000000  -0.241090  -0.076707   0.000000   0.059754
        0.5809 21   0.000977   0.000977   0.341494    0.077897   0.000000  -1.046137   0.000000  -0.248453  -0.080567   0.000000   0.059642
        0.7213 21   0.000055   0.000055   0.375324    0.058489   0.000000  -1.056020   0.000000  -0.278659  -0.100134   0.000000   0.055696
        0.3754 21   0.004378   0.004378   0.322358    0.039515   0.000000  -1.029629   0.000000  -0.253273  -0.093414   0.000000   0.059432
        0.7320 21   0.000031   0.000031   0.353761    0.046311   0.000000  -1.045094   0.000000  -0.267553  -0.083535   0.000000   0.060252
        0.5137 18   0.001821   0.001821   0.320951    0.047723   0.000000  -1.062108   0.000000  -0.239190  -0.085416   0.000000   0.058681
        0.6457 20   0.000410   0.000410   0.305133    0.037967   0.000000  -1.040336   0.000000  -0.259399  -0.100825   0.000000   0.054153
        0.6189 20   0.000616   0.000616   0.303533    0.030416   0.000000  -1.018274   0.000000  -0.248360  -0.086345   0.000000   0.058581
        0.5838 19   0.000947   0.000947   0.319111    0.031308   0.001302  -0.999060   0.000000  -0.239956  -0.091311   0.000000   0.059789
        0.7420 20   0.000015   0.000015   0.298360    0.061137   0.000000  -0.995979   0.000000  -0.254931  -0.092850   0.000000   0.055302
        0.5971 19   0.000813   0.000813   0.310097    0.039106   0.000000  -0.992498   0.000000  -0.240301  -0.088324   0.000000   0.055098
        0.7431 19   0.000014   0.000014   0.345023    0.039953   0.000000  -0.983923   0.000000  -0.244112  -0.081583   0.000000   0.064384
        0.8153 18   0.000073   0.000073   0.333452    0.043050   0.000000  -0.952290   0.000000  -0.234495  -0.081569   0.000000   0.058362
        0.7353 20   0.000025   0.000025   0.353767    0.068792   0.000000  -0.995440   0.000000  -0.231233  -0.085946   0.000000   0.056985
        0.6093 19   0.000699   0.000699   0.354479    0.044825   0.000000  -0.975976   0.000000  -0.222800  -0.080969   0.000000   0.056619
        0.7542 19   0.000003   0.000003   0.343495    0.030064   0.000000  -0.950680   0.000000  -0.256260  -0.091605   0.000000   0.058406
        0.7546 19   0.000003   0.000003   0.292172    0.054708   0.000000  -0.997039   0.000000  -0.223638  -0.078107   0.000000   0.061239
        0.5632 20   0.001175   0.001175   0.340679    0.048794   0.000000  -1.021638   0.000000  -0.224958  -0.084080   0.000000   0.060078
        0.4638 19   0.002618   0.002618   0.360521    0.051297   0.000000  -1.007090   0.000000  -0.213036  -0.081698   0.000000   0.058327
        0.2538 22   0.007538   0.007538   0.344217    0.055898   0.000000  -0.974317   0.000000  -0.270308  -0.095606   0.000000   0.056525
        0.3460 21   0.005063   0.005063   0.351875    0.042451   0.000000  -1.019317   0.000000  -0.246183  -0.093652   0.000000   0.060313
        0.4864 21   0.002238   0.002238   0.326336    0.069269   0.000000  -1.035051   0.000000  -0.255687  -0.091487   0.000000   0.056152
        0.4419 21   0.003011   0.003011   0.321995    0.046167   0.000000  -1.006320   0.000000  -0.249431  -0.084115   0.000000   0.058449
        0.4524 21   0.002818   0.002818   0.297002    0.062077   0.000000  -0.987703   0.000000  -0.243446  -0.086457   0.000000   0.060573
        0.5330 18   0.001553   0.001553   0.303476    0.045997   0.000000  -0.981256   0.000000  -0.235560  -0.087926   0.000000   0.058336
        0.4538 20   0.002794   0.002794   0.317398    0.050043   0.000000  -0.967776   0.000000  -0.248405  -0.084302   0.000000   0.057931
        0.5252 20   0.001659   0.001659   0.301877    0.042388   0.000000  -0.969044   0.000000  -0.235191  -0.081857   0.000000   0.063578
        0.3120 20   0.005921   0.005921   0.359073    0.036488   0.000000  -0.940402   0.000000  -0.241464  -0.100971   0.000000   0.054646
        0.4882 21   0.002210   0.002210   0.381543    0.058636   0.000000  -0.976980   0.000000  -0.249759  -0.098804   0.000000   0.062387
        0.4218 20   0.003398   0.003398   0.281085    0.045738   0.000000  -0.914640   0.000000  -0.233221  -0.094254   0.000000   0.059233
        0.6363 22   0.000478   0.000478   0.344430    0.039229   0.000000  -0.956555   0.000000  -0.254246  -0.091489   0.000000   0.058769
        0.5312 21   0.001576   0.001576   0.386348    0.043618   0.000230  -0.996434   0.000000  -0.248745  -0.094989   0.000000   0.058247
        0.5127 20   0.001837   0.001837   0.313510    0.061362   0.000000  -0.977665   0.000000  -0.246401  -0.079403   0.000000   0.060062
        0.4173 22   0.003488   0.003488   0.334584    0.037789   0.000000  -0.997169   0.000000  -0.237232  -0.086891   0.000000   0.058149
        0.4811 21   0.002325   0.002325   0.415703    0.039861   0.000000  -1.010389   0.000000  -0.265401  -0.107533   0.000000   0.057584
        0.5124 21   0.001841   0.001841   0.339550    0.055164   0.000000  -1.000269   0.000136  -0.232357  -0.103116   0.000000   0.058234
        0.4602 21   0.002679   0.002679   0.321351    0.033354   0.000000  -0.966560   0.000000  -0.266788  -0.096991   0.000000   0.055781
        0.5607 20   0.001204   0.001204   0.304664    0.062380   0.000000  -0.994599   0.000000  -0.240498  -0.090050   0.000000   0.059620
        0.4028 21   0.003785   0.003785   0.324286    0.058690   0.000000  -0.980073   0.000000  -0.244174  -0.090098   0.000000   0.060145
        0.5324 21   0.001561   0.001561   0.344659    0.048475   0.000000  -1.017928   0.000000  -0.237641  -0.090545   0.000000   0.061520
        0.4392 19   0.003063   0.003063   0.322281    0.044488   0.000000  -0.961396   0.000000  -0.249310  -0.099652   0.000000   0.058288
        0.4219 18   0.003395   0.003395   0.333238    0.052834   0.000000  -0.988572   0.000000  -0.240023  -0.085949   0.000000   0.054051
        0.6366 19   0.000476   0.000476   0.350524    0.037758   0.000000  -0.962549   0.000000  -0.241995  -0.089333   0.000000   0.057095
        0.5812 19   0.000975   0.000975   0.382588    0.047018   0.000000  -0.980021   0.000000  -0.244441  -0.084943   0.000000   0.057472
        0.6863 19   0.000179   0.000179   0.367704    0.042114   0.000000  -0.941539   0.000000  -0.234836  -0.087287   0.000000   0.056577
        0.5345 16   0.001532   0.001532   0.352274    0.043670   0.000000  -0.977926   0.000000  -0.204135  -0.070822   0.000000   0.062173
        0.7030 19   0.000111   0.000111   0.339028    0.057250   0.000000  -0.956533   0.000000  -0.247295  -0.086773   0.000000   0.054494
        0.4407 19   0.003033   0.003033   0.329306    0.051888   0.000000  -0.951398   0.000000  -0.232146  -0.089466   0.000000   0.059077
        0.4722 19   0.002473   0.002473   0.311455    0.061134   0.000000  -0.950537   0.000000  -0.220606  -0.075883   0.000000   0.060139
        0.6690 19   0.000266   0.000266   0.329407    0.029075   0.000000  -0.916852   0.000000  -0.238361  -0.095777   0.000000   0.057992
        0.6829 18   0.000194   0.000194   0.365682    0.033911   0.000000  -0.983606   0.000000  -0.243291  -0.093065   0.000000   0.063401
        0.5276 20   0.001626   0.001626   0.317211    0.036245   0.000000  -0.942110   0.000000  -0.238638  -0.087105   0.000000   0.059163
        0.4664 20   0.002572   0.002572   0.347950    0.045071   0.000000  -0.976360   0.000000  -0.268459  -0.091429   0.000000   0.057835
        0.3904 20   0.004047   0.004047   0.380295    0.031849   0.000000  -0.973030   0.000000  -0.235840  -0.082428   0.000000   0.059210
        0.6685 20   0.000269   0.000269   0.327097    0.051862   0.000000  -0.957612   0.000000  -0.260781  -0.085113  -0.011737   0.056852
        0.5752 19   0.001040   0.001040   0.332519    0.039635   0.000000  -0.937402   0.001086  -0.245690  -0.090982   0.000000   0.052845
        0.5224 18   0.001698   0.001698   0.336812    0.046328   0.000000  -0.947739   0.000000  -0.231982  -0.085557   0.000000   0.055130
        0.6267 19   0.000552   0.000552   0.356018    0.064574   0.000000  -0.944276   0.000000  -0.241572  -0.098524   0.000000   0.058712
        0.7227 20   0.000052   0.000052   0.322291    0.061890   0.000000  -0.907710   0.004973  -0.255793  -0.088486   0.000000   0.055203
        0.5282 20   0.001618   0.001618   0.318074    0.044779   0.000000  -0.909677   0.000000  -0.263701  -0.083711   0.000000   0.062604
        0.3346 20   0.005344   0.005344   0.328839    0.046096   0.000000  -0.974733   0.000000  -0.224561  -0.084933   0.000000   0.056268
        0.4504 19   0.002855   0.002855   0.348919    0.045372   0.000000  -0.934450   0.000000  -0.237691  -0.081541   0.000000   0.058821
        0.6392 19   0.000456   0.000456   0.346917    0.041323   0.000000  -0.909444   0.000000  -0.230976  -0.087859   0.000000   0.057948
        0.7185 20   0.000062   0.000062   0.353105    0.043212   0.000000  -0.929295   0.000000  -0.229211  -0.077094  -0.010430   0.058605
        0.6305 19   0.000522   0.000522   0.303878    0.048832   0.000000  -0.909339   0.000000  -0.248735  -0.089307  -0.013868   0.059188
        0.5116 19   0.001853   0.001853   0.347424    0.040307   0.000000  -0.931213   0.002252  -0.251944  -0.097465   0.000000   0.057795
        0.7311 18   0.000033   0.000033   0.357919    0.027608   0.000000  -0.896037   0.000000  -0.242418  -0.086942   0.000000   0.057165
        0.5497 21   0.001337   0.001337   0.315922    0.050250   0.000410  -0.914799   0.000000  -0.255244  -0.093037   0.000000   0.059792
        0.4850 21   0.002261   0.002261   0.323013    0.060534   0.000000  -0.961395   0.000000  -0.251578  -0.099565   0.000000   0.058803
        0.4598 20   0.002688   0.002688   0.348515    0.050759   0.000000  -0.951298   0.000000  -0.242602  -0.091271   0.000000   0.060424
        0.5353 21   0.001522   0.001522   0.360480    0.042525   0.000000  -0.933488   0.000000  -0.239270  -0.087035   0.000000   0.057625
        0.5797 20   0.000991   0.000991   0.267085    0.046815   0.000000  -0.929810   0.000000  -0.223589  -0.080773   0.000000   0.056853
        0.5434 19   0.001417   0.001417   0.306356    0.059899   0.000000  -0.909117   0.000000  -0.225413  -0.079445   0.000000   0.057826
        0.5367 20   0.001503   0.001503   0.389965    0.043202   0.000000  -0.896273   0.000000  -0.249618  -0.085973   0.000000   0.055918
        0.5887 21   0.000896   0.000896   0.398248    0.037286   0.000000  -0.931628   0.000000  -0.235632  -0.090568   0.000000   0.059234
        0.5482 20   0.001355   0.001355   0.366336    0.054988   0.000000  -0.911148   0.000000  -0.213780  -0.094903   0.000000   0.055026
        0.5581 21   0.001235   0.001235   0.372225    0.053625   0.000000  -0.935870   0.000000  -0.256388  -0.083893   0.000000   0.057412
        0.5798 19   0.000990   0.000990   0.315401    0.068486   0.000000  -0.943101   0.000000  -0.224689  -0.075849   0.000000   0.054516
        0.6972 21   0.000133   0.000133   0.351501    0.050239   0.000000  -0.913991   0.000000  -0.250424  -0.086439   0.000000   0.060304
        0.4712 22   0.002490   0.002490   0.381319    0.044274   0.000000  -0.949059   0.000000  -0.259956  -0.097992   0.000000   0.058404
        0.6189 22   0.000616   0.000616   0.353731    0.066904   0.000000  -0.977274   0.000000  -0.279225  -0.095389   0.000000   0.056380
        0.3587 21   0.004762   0.004762   0.353582    0.033053   0.000000  -0.973764   0.000000  -0.250995  -0.096875   0.000000   0.058735
        0.5411 21   0.001446   0.001446   0.342288    0.060716   0.000318  -0.952811   0.000000  -0.252797  -0.085302   0.000000   0.058886
        0.3793 19   0.004292   0.004292   0.333118    0.051233   0.004339  -0.976753   0.000000  -0.236479  -0.093076   0.000000   0.061179
        0.5307 21   0.001583   0.001583   0.361100    0.043303   0.000000  -0.928826   0.000000  -0.241937  -0.090166   0.000000   0.058177
        0.5860 20   0.000924   0.000924   0.318349    0.053830   0.000000  -0.921300   0.000000  -0.248655  -0.085122   0.000000   0.055615
        0.5323 20   0.001562   0.001562   0.308368    0.057319   0.000000  -0.976601   0.000000  -0.225273  -0.085894   0.000000   0.061294
        0.4796 22   0.002349   0.002349   0.369117    0.058325   0.000000  -0.972542   0.000000  -0.288359  -0.099379   0.000000   0.058820
        0.4422 23   0.003005   0.003005   0.374172    0.056980   0.000000  -0.963767   0.000000  -0.283627  -0.107470   0.000000   0.058314
        0.5043 21   0.001961   0.001961   0.339585    0.057259   0.000000  -0.987226   0.000000  -0.258639  -0.091928   0.000000   0.055931
        0.4013 23   0.003815   0.003815   0.353412    0.044572   0.000000  -1.007838   0.000000  -0.278474  -0.099172   0.000000   0.055738
        0.4471 23   0.002915   0.002915   0.319549    0.058606   0.000000  -1.007654   0.000000  -0.274682  -0.093984   0.000000   0.057771
        0.4910 23   0.002166   0.002166   0.327796    0.053873   0.000000  -0.989165   0.000000  -0.276778  -0.095141   0.000000   0.056815
        0.5448 21   0.001398   0.001398   0.329913    0.058118   0.000000  -1.001099   0.000000  -0.257989  -0.097109   0.000000   0.054737
        0.3137 22   0.005876   0.005876   0.338674    0.076038   0.000000  -1.010741   0.000000  -0.277813  -0.082374   0.000000   0.056981
        0.5425 23   0.001429   0.001429   0.311775    0.067143   0.000000  -0.957589   0.000000  -0.275574  -0.089136   0.000000   0.058282
        0.3499 23   0.004970   0.004970   0.342662    0.062426   0.000000  -1.015664   0.000000  -0.254711  -0.095145   0.000000   0.057590
        0.5604 23   0.001208   0.001208   0.341252    0.062585   0.000000  -0.997553   0.000000  -0.269680  -0.087531   0.000000   0.059762
        0.4860 22   0.002245   0.002245   0.333768    0.038291   0.000000  -0.972494   0.000000  -0.273383  -0.104190   0.000000   0.056790
        0.3877 22   0.004106   0.004106   0.316308    0.036370   0.000000  -0.959265   0.000000  -0.267502  -0.105296   0.000000   0.056024
        0.4614 23   0.002658   0.002658   0.324309    0.062140   0.000000  -1.009975   0.000000  -0.282596  -0.097952   0.000000   0.056380
        0.4899 22   0.002183   0.002183   0.326856    0.045694   0.000000  -0.952419   0.000000  -0.277690  -0.095011   0.000000   0.056545
        0.5374 23   0.001494   0.001494   0.366509    0.048903   0.000000  -0.987985   0.000000  -0.295852  -0.102350   0.000000   0.062532
        0.5627 22   0.001181   0.001181   0.274894    0.057497   0.000000  -0.961694   0.000000  -0.258748  -0.094435   0.000000   0.057336
        0.5121 22   0.001845   0.001845   0.299787    0.054311   0.000000  -0.968720   0.000000  -0.286024  -0.100301   0.000000   0.055618
        0.4824 23   0.002304   0.002304   0.319597    0.045764   0.000000  -0.962900   0.000000  -0.296003  -0.091444   0.000000   0.058385
        0.4645 23   0.002605   0.002605   0.321790    0.059806   0.000000  -0.954728   0.000000  -0.275042  -0.099460   0.000000   0.056634
        0.6556 22   0.000345   0.000345   0.283277    0.058458   0.000000  -0.944574   0.000000  -0.271834  -0.097971   0.000000   0.054312
        0.7048 21   0.000104   0.000104   0.295613    0.042964   0.000000  -0.934568   0.000000  -0.249475  -0.087683   0.000000   0.060123
        0.6780 21   0.000218   0.000218   0.361704    0.037268   0.000000  -0.950925   0.000000  -0.272762  -0.102102   0.000000   0.064460
        0.5910 22   0.000874   0.000874   0.336594    0.047053   0.000000  -0.931182   0.000000  -0.292308  -0.094973   0.000000   0.058146
        0.6653 21   0.000287   0.000287   0.291735    0.033511   0.000005  -0.939488   0.000000  -0.252185  -0.089832   0.000000   0.053067
        0.6049 21   0.000739   0.000739   0.297045    0.052878   0.000000  -0.955998   0.000000  -0.265286  -0.093061   0.000000   0.057586
        0.5410 21   0.001448   0.001448   0.382666    0.037584   0.000000  -0.972354   0.000000  -0.265345  -0.097338   0.000000   0.056597
        0.5570 21   0.001248   0.001248   0.286761    0.051213   0.000000  -0.900290   0.000000  -0.244073  -0.081227   0.000000   0.060231
        0.5871 22   0.000913   0.000913   0.360709    0.038195   0.000000  -0.971285   0.000000  -0.260865  -0.080577   0.000000   0.057268
        0.6848 21   0.000186   0.000186   0.327444    0.065170   0.000000  -0.980151   0.000000  -0.247211  -0.086005   0.000000   0.058042
        0.6915 21   0.000156   0.000156   0.318197    0.059353   0.000000  -0.958168   0.000000  -0.259045  -0.112444   0.000000   0.057330
        0.7692 21   0.000001   0.000001   0.318113    0.041562   0.000000  -0.942975   0.000000  -0.238104  -0.088816   0.000000   0.056237
        0.6115 20   0.000679   0.000679   0.316441    0.052486   0.000000  -0.934675   0.000000  -0.249588  -0.083987   0.000000   0.059155
        0.6910 21   0.000158   0.000158   0.299995    0.061510   0.000000  -0.926408   0.000000  -0.282166  -0.102779   0.000000   0.057773
        0.5855 21   0.000929   0.000929   0.292846    0.061625   0.000000  -0.965227   0.000000  -0.253904  -0.082827   0.000000   0.054668
        0.6134 21   0.000663   0.000663   0.332326    0.048971   0.000000  -0.989193   0.000000  -0.262563  -0.090124   0.000000   0.055742
        0.6316 21   0.000513   0.000513   0.374626    0.051913   0.000000  -1.018265   0.000000  -0.252244  -0.095560   0.000000   0.056637
        0.6421 19   0.000436   0.000436   0.303320    0.049739   0.000000  -0.971164   0.000000  -0.220049  -0.091942   0.000000   0.057032
        0.6605 21   0.000315   0.000315   0.395974    0.045160   0.000000  -0.994467   0.000000  -0.264207  -0.095779   0.000000   0.054719
        0.6629 21   0.000301   0.000301   0.347879    0.052715   0.000000  -0.987681   0.000000  -0.254719  -0.094412   0.000000   0.056345
        0.6539 20   0.000356   0.000356   0.314733    0.047832   0.000000  -1.014004   0.000000  -0.235398  -0.078080   0.000000   0.062720
        0.5476 21   0.001364   0.001364   0.320043    0.039866   0.000000  -0.979308   0.000000  -0.253356  -0.076748   0.000000   0.059765
        0.5146 22   0.001808   0.001808   0.341816    0.041597   0.000000  -0.940193   0.000009  -0.252097  -0.094925   0.000000   0.057484
        0.6114 21   0.000681   0.000681   0.329588    0.054804   0.000000  -1.030966   0.000000  -0.243162  -0.080335   0.000000   0.057850
        0.3809 22   0.004255   0.004255   0.359103    0.038771   0.000000  -0.993441   0.000000  -0.291348  -0.106162   0.000000   0.054269
        0.3684 21   0.004538   0.004538   0.330893    0.034747   0.000000  -1.005790   0.000000  -0.239802  -0.094143   0.000000   0.056650
        0.5184 22   0.001754   0.001754   0.338350    0.048486   0.000000  -0.970909   0.000000  -0.249989  -0.083725   0.000000   0.054964
        0.6123 21   0.000673   0.000673   0.338340    0.060543   0.000000  -1.015567   0.000000  -0.260105  -0.091426   0.000000   0.055911
        0.4165 22   0.003502   0.003502   0.327041    0.071626   0.000000  -0.990716   0.000000  -0.268969  -0.094947   0.000000   0.059319
        0.6588 22   0.000325   0.000325   0.355874    0.069130   0.000000  -0.959498   0.000000  -0.258444  -0.093805   0.000000   0.055505
        0.5948 21   0.000835   0.000835   0.393787    0.050975   0.000000  -0.990604   0.000000  -0.249081  -0.092532   0.000000   0.055430
