       14.5904 0   0.000089   0.000089   0.303387    0.056234   0.000000  -0.841918   0.000000   0.000000   0.000000   0.000000   0.032997
       14.8043 0   0.002092   0.002092   0.316606    0.038753   0.000000  -0.826389   0.000000   0.000000   0.000000   0.000000   0.027405
       14.5187 0   0.000008   0.000008   0.282153    0.051962   0.000000  -0.881389   0.000000   0.000000   0.000000   0.000000   0.024944
       14.3595 0   0.000888   0.000888   0.313101    0.047871   0.001279  -0.880219   0.000000   0.000000   0.000000   0.000000   0.035177
       14.5236 0   0.000004   0.000004   0.360360    0.051330   0.000255  -0.892657   0.000053   0.000000   0.000000   0.000000   0.025963
       14.3214 0   0.001316   0.001316   0.352976    0.050627   0.000000  -0.893292   0.000000   0.000000   0.000000   0.000000   0.030929
       14.2516 0   0.002317   0.002317   0.326988    0.048211   0.000000  -0.873745   0.000000   0.000000   0.000000   0.000000   0.028650
       14.4883 0   0.000063   0.000063   0.342429    0.040591   0.000000  -0.889902   0.000000   0.000000   0.000000   0.000000   0.025626
       14.5200 0   0.000006   0.000006   0.363469    0.038263   0.000000  -0.891244   0.000000   0.000000   0.000000   0.000000   0.027053
       14.5766 0   0.000050   0.000050   0.284636    0.036881   0.000000  -0.856284   0.000000   0.000000   0.000000   0.000000   0.031309
       14.3202 0   0.001331   0.001331   0.326528    0.040498   0.000000  -0.936524   0.000000   0.000000   0.000000   0.000000   0.029745
       14.5401 0   0.000001   0.000001   0.340035    0.039080   0.000000  -0.902562   0.000000   0.000000   0.000000   0.000000   0.029173
       14.5956 0   0.000106   0.000106   0.315757    0.046328   0.000000  -0.855208   0.000000   0.000000   0.000000   0.000000   0.027794
       14.6747 0   0.000563   0.000563   0.353690    0.031875   0.000000  -0.912440   0.000000   0.000000   0.000000   0.000000   0.029314
       14.2007 0   0.003224   0.003224   0.299395    0.056490   0.000000  -0.844827   0.000000   0.000000   0.000000   0.000000   0.027867
       14.3834 0   0.000663   0.000663   0.316115    0.060174   0.000000  -0.846874   0.000000   0.000000  -0.000000   0.000000   0.028560
       14.8052 0   0.002107   0.002107   0.296047    0.060630   0.000000  -0.803386   0.000000   0.000000   0.000000   0.000000   0.030992
       14.4128 0   0.000431   0.000431   0.285579    0.043761   0.000817  -0.800457   0.000000   0.000000  -0.000000   0.000000   0.028429
       14.2021 0   0.003197   0.003197   0.288790    0.048909   0.000000  -0.793322   0.000000   0.000000   0.000000   0.000000   0.023436
       14.4804 0   0.000086   0.000086   0.312460    0.042088   0.000000  -0.799762   0.000000   0.000000   0.000000   0.000000   0.027213
       14.7502 0   0.001336   0.001336   0.382915    0.048917   0.000000  -0.870567   0.000000   0.000000   0.000000   0.000000   0.031461
       14.2865 0   0.001781   0.001781   0.361042    0.050547   0.000000  -0.812529   0.000000   0.000000  -0.000000   0.000000   0.026180
       14.6929 0   0.000719   0.000719   0.307553    0.037308   0.000000  -0.731845   0.000000   0.000000   0.000000   0.000000   0.027135
       14.5694 0   0.000034   0.000034   0.333337    0.038016   0.000000  -0.747727   0.000000   0.000000   0.000000   0.000000   0.025714
       14.5974 0   0.000112   0.000112   0.301270    0.057817   0.000069  -0.737039   0.000000   0.000000   0.000000   0.000000   0.027939
       14.6475 0   0.000365   0.000365   0.278204    0.057569   0.000000  -0.776386   0.000000   0.000000   0.000000   0.000000   0.027551
       14.6023 0   0.000131   0.000131   0.338442    0.035865   0.000000  -0.808489   0.000000   0.000000   0.000000   0.000000   0.028900
       14.4838 0   0.000076   0.000076   0.344375    0.046763   0.000000  -0.829281   0.000000   0.000000   0.000000   0.000000   0.026748
       14.3842 0   0.000656   0.000656   0.323974    0.060855   0.000000  -0.818823   0.000000   0.000000   0.000000  -0.000000   0.027075
       14.4557 0   0.000181   0.000181   0.320226    0.063100   0.001078  -0.825970   0.001722   0.000000   0.000000   0.000000   0.032942
       14.5909 0   0.000090   0.000090   0.329370    0.037646   0.000000  -0.749272   0.000000   0.000000   0.000000   0.000000   0.026284
       14.7467 0   0.001293   0.001293   0.370304    0.042917   0.000000  -0.742160   0.000294   0.000000   0.000000   0.000000   0.033966
       14.6512 0   0.000389   0.000389   0.351590    0.044340   0.000000  -0.712082   0.000000   0.000000   0.000000   0.000000   0.028843
       14.5487 0   0.000005   0.000005   0.373137    0.042097   0.000000  -0.714172   0.000000   0.000000   0.000000   0.000000   0.030127
       14.6254 0   0.000236   0.000236   0.345210    0.044465   0.003005  -0.686760   0.000000   0.000000  -0.000357   0.000000   0.029571
       14.5129 0   0.000014   0.000014   0.346282    0.054078   0.000000  -0.694405   0.000000   0.000000   0.000000   0.000000   0.033848
       14.6139 0   0.000180   0.000180   0.349350    0.073513   0.000000  -0.692216   0.000000   0.000000   0.000000   0.000000   0.030193
       14.4464 0   0.000226   0.000226   0.384584    0.051514   0.000000  -0.732834   0.000000   0.000000  -0.000289   0.000000   0.028277
       14.2148 0   0.002958   0.002958   0.324118    0.055691   0.000000  -0.671934   0.000000   0.000000   0.000000   0.000000   0.027968
       14.5501 0   0.000007   0.000007   0.340140    0.044024   0.000000  -0.720256   0.000000   0.000000   0.000000   0.000000   0.026621
       14.7674 0   0.001557   0.001557   0.335894    0.039341   0.000000  -0.708403   0.000000   0.000000   0.000000   0.000000   0.031337
       14.6128 0   0.000174   0.000174   0.323313    0.049340   0.000000  -0.682271   0.000204   0.000000   0.000000   0.000000   0.027988
       14.7158 0   0.000943   0.000943   0.315407    0.051495   0.000000  -0.705325   0.000000   0.000000   0.000000   0.000000   0.028843
       14.5422 0   0.000001   0.000001   0.310908    0.058673   0.000000  -0.714922   0.000000   0.000000   0.000000   0.000000   0.028406
       14.4795 0   0.000089   0.000089   0.311480    0.047861   0.000000  -0.621199   0.000000   0.000000   0.000000   0.000000   0.026320
       14.2239 0   0.002792   0.002792   0.358656    0.051450   0.000000  -0.641920   0.000000   0.000000   0.000000   0.000000   0.026897
       14.4795 0   0.000089   0.000089   0.347118    0.040710   0.000000  -0.628368   0.000000   0.000000   0.000000   0.000000   0.034575
       14.6870 0   0.000666   0.000666   0.335200    0.043179   0.000000  -0.659694   0.000070   0.000000   0.000000   0.000000   0.033060
       14.2351 0   0.002594   0.002594   0.292157    0.046211   0.000000  -0.630203   0.000000   0.000000   0.000000   0.000000   0.024789
       14.6634 0   0.000476   0.000476   0.311636    0.056490   0.000000  -0.616727   0.000000   0.000000   0.000000   0.000000   0.027398
       14.5518 0   0.000008   0.000008   0.326523    0.047417   0.000000  -0.554193   0.000000   0.000000   0.000000   0.000000   0.034444
       14.3219 0   0.001310   0.001310   0.370944    0.048722   0.000000  -0.560950   0.000000   0.000000   0.000000   0.000000   0.028495
       14.8058 0   0.002115   0.002115   0.328777    0.050167   0.000000  -0.573736   0.000000   0.000000  -0.000061   0.000000   0.026583
       14.6729 0   0.000549   0.000549   0.387756    0.055204   0.000000  -0.626011   0.000669   0.000000   0.000000   0.000000   0.027766
       14.4341 0   0.000294   0.000294   0.347025    0.066729   0.000000  -0.579486   0.000000   0.000000   0.000000  -0.001631   0.026730
       14.6222 0   0.000220   0.000220   0.377517    0.045633   0.000000  -0.555449   0.000000   0.000000   0.000000   0.000000   0.031295
       14.5491 0   0.000006   0.000006   0.355622    0.062728   0.000000  -0.566211   0.000000   0.000000   0.000000   0.000000   0.029731
       14.6532 0   0.000403   0.000403   0.332172    0.047507   0.000000  -0.571954   0.000000   0.000000   0.000000   0.000000   0.029573
       14.4368 0   0.000278   0.000278   0.285705    0.059522   0.000000  -0.531717   0.000000   0.000000   0.000000   0.000000   0.027631
       14.2186 0   0.002888   0.002888   0.302615    0.060685   0.000000  -0.563730   0.000000   0.000000   0.000000   0.000000   0.030245
       14.6354 0   0.000291   0.000291   0.335207    0.044835   0.000000  -0.590730   0.000000   0.000000   0.000000   0.000000   0.023744
       14.2457 0   0.002414   0.002414   0.352957    0.042519   0.000000  -0.614156   0.000000   0.000000   0.000000   0.000000   0.026426
       14.4382 0   0.000270   0.000270   0.363682    0.049854   0.000000  -0.610422   0.001761   0.000000   0.000000  -0.001107   0.026843
       14.6780 0   0.000590   0.000590   0.356726    0.041472   0.002412  -0.618343   0.000000   0.000000   0.000000   0.000000   0.032277
       14.6455 0   0.000352   0.000352   0.316691    0.050625   0.000000  -0.605655   0.000000   0.000000  -0.000008   0.000000   0.039342
       14.2329 0   0.002632   0.002632   0.312034    0.046770   0.000000  -0.600313   0.000000   0.000000   0.000000   0.000000   0.027009
       14.6317 0   0.000269   0.000269   0.325717    0.044583   0.000000  -0.629175   0.002950  -0.000003   0.000000  -0.000182   0.029804
       14.5524 0   0.000009   0.000009   0.302540    0.054789   0.000768  -0.609878   0.000094   0.000000   0.000000   0.000000   0.028711
       14.3761 0   0.000728   0.000728   0.328874    0.061602   0.000000  -0.642287   0.000507   0.000000   0.000000   0.000000   0.030176
       14.6956 0   0.000744   0.000744   0.315516    0.039967   0.000000  -0.625080   0.000000   0.000000   0.000000   0.000000   0.025543
       14.7129 0   0.000913   0.000913   0.370510    0.046747   0.000000  -0.623313   0.000000   0.000000   0.000000   0.000000   0.024601
       14.5537 0   0.000010   0.000010   0.353598    0.061527   0.000000  -0.623740   0.000000   0.000000   0.000000   0.000000   0.025691
       14.4818 0   0.000082   0.000082   0.328367    0.049918   0.000000  -0.584271   0.000000   0.000000   0.000000   0.000000   0.027278
       14.5786 0   0.000055   0.000055   0.332718    0.051224   0.000000  -0.530857   0.000000   0.000000   0.000000   0.000000   0.027466
       14.5703 0   0.000036   0.000036   0.323379    0.046214   0.000595  -0.544909   0.000000   0.000000   0.000000   0.000000   0.025904
       14.6220 0   0.000219   0.000219   0.374421    0.058490   0.000000  -0.588914   0.000000   0.000000   0.000000   0.000000   0.031234
       14.1595 0   0.004067   0.004067   0.344645    0.042849   0.000000  -0.519353   0.000000   0.000000   0.000000   0.000000   0.028078
       14.4001 0   0.000525   0.000525   0.354745    0.052612   0.000000  -0.540701   0.001202   0.000000   0.000000   0.000000   0.034650
       14.6547 0   0.000413   0.000413   0.315628    0.047086   0.000000  -0.493053   0.000000   0.000000   0.000000   0.000000   0.032914
       14.8034 0   0.002077   0.002077   0.326084    0.064453   0.000000  -0.524447   0.000000   0.000000   0.000000   0.000000   0.027058
       14.2816 0   0.001852   0.001852   0.335690    0.039719   0.000000  -0.486729   0.000000   0.000000   0.000000   0.000000   0.034046
       14.7196 0   0.000983   0.000983   0.341948    0.051299   0.000635  -0.494086   0.000000   0.000000  -0.000000   0.000000   0.033798
       14.6798 0   0.000605   0.000605   0.343437    0.053689   0.000000  -0.534264   0.000000   0.000000   0.000000   0.000000   0.028721
       14.8284 0   0.002482   0.002482   0.323217    0.046649   0.000000  -0.531043   0.000000   0.000000   0.000000   0.000000   0.026552
       14.3937 0   0.000576   0.000576   0.346254    0.038119   0.000000  -0.511100   0.000000   0.000000   0.000000   0.000000   0.031341
       14.2397 0   0.002516   0.002516   0.308833    0.038929   0.000000  -0.514771   0.000000   0.000000   0.000000   0.000000   0.030831
       14.5749 0   0.000046   0.000046   0.345863    0.048053   0.000000  -0.547385   0.000000   0.000000   0.000000   0.000000   0.025209
       14.7466 0   0.001292   0.001292   0.335197    0.052214   0.000000  -0.521509   0.000000   0.000000  -0.000000   0.000000   0.027329
       14.3359 0   0.001143   0.001143   0.350801    0.050110   0.000000  -0.524225   0.000000   0.000000   0.000000   0.000000   0.033099
       14.4536 0   0.000191   0.000191   0.389073    0.056868   0.000000  -0.542796   0.000062   0.000000  -0.000001   0.000000   0.030440
       14.5308 0   0.000001   0.000001   0.393885    0.059053   0.000000  -0.551931   0.000515   0.000000   0.000000   0.000000   0.034218
       14.3786 0   0.000706   0.000706   0.373635    0.065035   0.000000  -0.444663   0.000000   0.000000   0.000000   0.000000   0.029823
       14.5526 0   0.000009   0.000009   0.360494    0.044805   0.000000  -0.417830   0.000028   0.000000  -0.000000   0.000000   0.035035
       14.4433 0   0.000243   0.000243   0.340620    0.048553   0.000000  -0.416610   0.000000   0.000000   0.000000   0.000000   0.030407
       14.5305 0   0.000001   0.000001   0.352938    0.050600   0.000000  -0.411096   0.000000   0.000000   0.000000   0.000000   0.030928
       14.6036 0   0.000136   0.000136   0.388104    0.053517   0.000116  -0.410660   0.000654   0.000000   0.000000   0.000000   0.029925
       14.8382 0   0.002652   0.002652   0.325049    0.049408   0.000000  -0.369368   0.000000   0.000000   0.000000   0.000000   0.030250
       14.4261 0   0.000342   0.000342   0.364266    0.056178   0.000000  -0.393833   0.000000   0.000000  -0.000004   0.000000   0.027880
       14.5131 0   0.000014   0.000014   0.348003    0.049218   0.000000  -0.362576   0.000000   0.000000   0.000000   0.000000   0.034771
       14.3397 0   0.001100   0.001100   0.314899    0.032760   0.000000  -0.422483   0.000000   0.000000   0.000000   0.000000   0.034706
       14.5164 0   0.000010   0.000010   0.333744    0.042179   0.000002  -0.465679   0.001709   0.000000  -0.000402   0.000000   0.033047
       14.4439 0   0.000239   0.000239   0.344523    0.054561   0.000000  -0.450298   0.000000   0.000000  -0.000000   0.000000   0.027361
       15.1188 0   0.009833   0.009833   0.322611    0.047863   0.000028  -0.512086   0.000000   0.000000   0.000000   0.000000   0.031216
       14.2818 0   0.001850   0.001850   0.388575    0.035381   0.000000  -0.552682   0.003242   0.000000   0.000000   0.000000   0.031416
       14.5464 0   0.000004   0.000004   0.340491    0.046552   0.000000  -0.537418   0.000000   0.000000   0.000000   0.000000   0.028781
       14.8091 0   0.002167   0.002167   0.322633    0.083894   0.000000  -0.557319   0.000000   0.000000   0.000000   0.000000   0.029873
       14.6101 0   0.000162   0.000162   0.302004    0.064706   0.000000  -0.507928   0.000000   0.000000   0.000000   0.000000   0.028930
       14.5260 0   0.000002   0.000002   0.331636    0.077308   0.000000  -0.557827   0.000000   0.000000   0.000000   0.000000   0.028807
       14.7880 0   0.001847   0.001847   0.376384    0.047325   0.000000  -0.554757   0.000000   0.000000   0.000000   0.000000   0.026067
       14.4297 0   0.000320   0.000320   0.341428    0.055388   0.000773  -0.535847   0.000000   0.000000  -0.000016   0.000000   0.033343
       14.4814 0   0.000083   0.000083   0.317192    0.057150   0.000000  -0.584660   0.000005   0.000000   0.000000   0.000000   0.031861
       14.5664 0   0.000028   0.000028   0.375304    0.053235   0.000402  -0.674014   0.000000   0.000000   0.000000   0.000000   0.025265
       14.4639 0   0.000146   0.000146   0.357874    0.043838   0.000000  -0.611709   0.000000   0.000000   0.000000   0.000000   0.030404
       14.2420 0   0.002477   0.002477   0.326324    0.068668   0.000582  -0.621650   0.000000   0.000000   0.000000   0.000000   0.031974
       14.6707 0   0.000531   0.000531   0.344116    0.065732   0.000988  -0.625678   0.000000   0.000000   0.000000   0.000000   0.028211
       14.4229 0   0.000362   0.000362   0.351092    0.047913   0.000000  -0.580427   0.000000   0.000000  -0.001863   0.000000   0.040649
       14.6144 0   0.000182   0.000182   0.382079    0.045349   0.000000  -0.606745   0.000000   0.000000   0.000000   0.000000   0.025873
       14.8998 0   0.003838   0.003838   0.352992    0.039154   0.000000  -0.579305   0.000000   0.000000   0.000000   0.000000   0.034063
       14.6972 0   0.000759   0.000759   0.336361    0.050663   0.000000  -0.598076   0.000000   0.000000   0.000000   0.000000   0.038547
       14.4349 0   0.000289   0.000289   0.345917    0.047926   0.000000  -0.665851   0.000000   0.000000   0.000000   0.000000   0.032852
       14.6974 0   0.000761   0.000761   0.287512    0.052862   0.000000  -0.594044   0.000000   0.000000   0.000000   0.000000   0.029341
       14.5514 0   0.000008   0.000008   0.284323    0.059350   0.000000  -0.640665   0.000000   0.000000   0.000000   0.000000   0.029082
       14.7799 0   0.001731   0.001731   0.275515    0.048979   0.000249  -0.641602   0.000000   0.000000   0.000000   0.000000   0.028854
       14.5154 0   0.000011   0.000011   0.329865    0.047915   0.000000  -0.649465   0.000000   0.000000   0.000000   0.000000   0.028407
       14.7698 0   0.001591   0.001591   0.361998    0.032621   0.000000  -0.673364   0.000000   0.000000   0.000000   0.000000   0.030630
       14.5617 0   0.000021   0.000021   0.375539    0.042625   0.000017  -0.678504   0.000000   0.000000   0.000000   0.000000   0.026658
       14.1423 0   0.004448   0.004448   0.332633    0.046046   0.000000  -0.650034   0.000000   0.000000   0.000000   0.000000   0.033374
       14.6024 0   0.000131   0.000131   0.330408    0.047958   0.000000  -0.601422   0.000299   0.000000   0.000000  -0.006915   0.028189
       14.7312 0   0.001111   0.001111   0.390813    0.063399   0.000000  -0.677135   0.000000   0.000000   0.000000   0.000000   0.027231
       14.8233 0   0.002398   0.002398   0.366326    0.047611   0.000000  -0.609969   0.000000   0.000000   0.000000  -0.012615   0.030508
       14.5141 0   0.000013   0.000013   0.338755    0.053592   0.000000  -0.601055   0.000000   0.000000  -0.000000   0.000000   0.026977
       14.3309 0   0.001201   0.001201   0.285740    0.063052   0.000000  -0.576526   0.000000   0.000000   0.000000   0.000000   0.030755
       14.5061 0   0.000024   0.000024   0.327451    0.064153   0.000000  -0.645761   0.000000   0.000000   0.000000   0.000000   0.027252
       14.8499 0   0.002860   0.002860   0.321643    0.055111   0.000000  -0.657781   0.000000   0.000000   0.000000   0.000000   0.025364
       13.9186 0   0.010960   0.010960   0.353636    0.054465   0.000000  -0.658856   0.000000   0.000000   0.000000   0.000000   0.029516
       14.4221 0   0.000368   0.000368   0.365688    0.059426   0.000000  -0.668575   0.000000   0.000000   0.000000   0.000000   0.032087
       14.9856 0   0.005858   0.005858   0.364734    0.058270   0.000000  -0.638543   0.000000   0.000000   0.000000   0.000000   0.033110
       14.6154 0   0.000187   0.000187   0.328848    0.057661   0.000000  -0.611686   0.000000   0.000000   0.000000   0.000000   0.030630
       14.6036 0   0.000136   0.000136   0.368691    0.046616   0.000000  -0.633955   0.000000   0.000000   0.000000   0.000000   0.025154
       14.6116 0   0.000169   0.000169   0.319705    0.046865   0.000000  -0.638483   0.000000   0.000000   0.000000   0.000000   0.026790
       14.4898 0   0.000059   0.000059   0.325177    0.045658   0.000000  -0.607255   0.000000   0.000000   0.000000   0.000000   0.029344
       14.0583 0   0.006554   0.006554   0.322165    0.037385   0.000000  -0.593452   0.000000   0.000000   0.000000   0.000000   0.032520
       14.7558 0   0.001406   0.001406   0.355149    0.048847   0.000000  -0.681290   0.000000   0.000000   0.000000   0.000000   0.030964
       14.5758 0   0.000048   0.000048   0.314511    0.053991   0.000000  -0.632992   0.000000   0.000000   0.000000   0.000000   0.024700
       14.6412 0   0.000326   0.000326   0.318600    0.050514   0.000030  -0.612555   0.000000   0.000000  -0.000000   0.000000   0.027475
       14.8171 0   0.002295   0.002295   0.331020    0.041794   0.000000  -0.606720   0.000000   0.000000  -0.000592   0.000000   0.023879
       14.8423 0   0.002725   0.002725   0.331540    0.041836   0.000000  -0.625841   0.000000   0.000000   0.000000   0.000000   0.026626
       14.3156 0   0.001388   0.001388   0.361551    0.043269   0.003795  -0.623618   0.000000   0.000000   0.000000   0.000000   0.026794
       14.4344 0   0.000292   0.000292   0.339548    0.079157   0.000000  -0.588692   0.000000   0.000000   0.000000   0.000000   0.028311
       15.0558 0   0.007825   0.007825   0.365342    0.059254   0.000000  -0.581937   0.000000   0.000000   0.000000   0.000000   0.030168
       14.7904 0   0.001881   0.001881   0.333903    0.051180   0.000000  -0.526748   0.000000   0.000000  -0.000036   0.000000   0.029535
       14.5211 0   0.000006   0.000006   0.290210    0.053658   0.000000  -0.489795   0.000000   0.000000   0.000000   0.000000   0.027930
       14.4426 0   0.000247   0.000247   0.306992    0.054168   0.000000  -0.492423   0.000000   0.000000   0.000000   0.000000   0.030664
       14.6618 0   0.000464   0.000464   0.325326    0.057082   0.000000  -0.512528   0.000000   0.000000   0.000000   0.000000   0.029894
       14.9033 0   0.003912   0.003912   0.346507    0.045261   0.000000  -0.510691   0.000000   0.000000  -0.000406   0.000000   0.030836
       14.4696 0   0.000123   0.000123   0.347358    0.078297   0.000000  -0.528418   0.000000   0.000000  -0.000099   0.000000   0.031204
       14.5474 0   0.000004   0.000004   0.282780    0.041388   0.000000  -0.494208   0.000000   0.000000   0.000000   0.000000   0.028195
       14.6904 0   0.000696   0.000696   0.325015    0.058509   0.000000  -0.560497   0.000000   0.000000   0.000000   0.000000   0.029704
       14.6208 0   0.000212   0.000212   0.303711    0.038345   0.000000  -0.569287   0.000000   0.000000   0.000000   0.000000   0.024883
       14.8408 0   0.002697   0.002697   0.331860    0.051588   0.000000  -0.631761   0.000000   0.000000  -0.001743   0.000000   0.029306
       14.0558 0   0.006623   0.006623   0.329306    0.054702   0.000000  -0.689317   0.000000   0.000000   0.000000   0.000000   0.026294
       14.5198 0   0.000007   0.000007   0.295326    0.064413   0.000000  -0.601986   0.000000   0.000000   0.000000   0.000000   0.025263
       14.5848 0   0.000071   0.000071   0.312100    0.040722   0.000000  -0.607344   0.000000   0.000000  -0.000014   0.000000   0.027784
       14.2950 0   0.001662   0.001662   0.288422    0.052031   0.000000  -0.605726   0.000000   0.000000   0.000000   0.000000   0.029253
       14.6251 0   0.000234   0.000234   0.308726    0.094386   0.000000  -0.650114   0.000000   0.000000   0.000000   0.000000   0.031396
       14.6512 0   0.000390   0.000390   0.312253    0.039539   0.000000  -0.648296   0.000000   0.000000  -0.000676   0.000000   0.025278
       14.2610 0   0.002166   0.002166   0.315943    0.055873   0.000000  -0.681132   0.000000   0.000000   0.000000   0.000000   0.029900
       14.6133 0   0.000177   0.000177   0.350175    0.053088   0.000000  -0.688154   0.000000   0.000000  -0.000000   0.000000   0.029199
       14.5509 0   0.000007   0.000007   0.328316    0.044455   0.000000  -0.662980   0.000000   0.000000   0.000000   0.000000   0.026679
       14.5264 0   0.000002   0.000002   0.302473    0.047945   0.000000  -0.615044   0.000000   0.000000  -0.000032   0.000000   0.030133
       14.6425 0   0.000333   0.000333   0.305650    0.039110   0.000019  -0.674267   0.000000   0.000000   0.000000   0.000000   0.031428
       14.7036 0   0.000820   0.000820   0.402559    0.071630   0.000000  -0.771286   0.000000   0.000000   0.000000   0.000000   0.031189
       14.6925 0   0.000716   0.000716   0.285528    0.052047   0.000000  -0.638206   0.000067   0.000000  -0.000000   0.000000   0.033979
       14.5203 0   0.000006   0.000006   0.348829    0.049783   0.000000  -0.641631   0.000000   0.000000   0.000000   0.000000   0.027230
       14.8672 0   0.003183   0.003183   0.340758    0.057052   0.000000  -0.635417   0.000000   0.000000   0.000000   0.000000   0.028031
       14.7035 0   0.000819   0.000819   0.372976    0.048389   0.000000  -0.684817   0.000000   0.000000   0.000000   0.000000   0.026654
       14.4872 0   0.000066   0.000066   0.313531    0.047802   0.000000  -0.646850   0.000000   0.000000   0.000000   0.000000   0.029597
       14.7894 0   0.001866   0.001866   0.351449    0.038434   0.000000  -0.687303   0.000000   0.000000   0.000000   0.000000   0.030147
       14.2531 0   0.002292   0.002292   0.344911    0.038361   0.001385  -0.684988   0.000000   0.000000  -0.000000   0.000000   0.027731
       14.5136 0   0.000013   0.000013   0.298985    0.043943   0.000000  -0.662777   0.000000   0.000000   0.000000   0.000000   0.027505
       14.9151 0   0.004168   0.004168   0.338165    0.037284   0.000000  -0.694869   0.002446   0.000000   0.000000   0.000000   0.030009
       15.1870 0   0.012264   0.012264   0.381999    0.036358   0.000000  -0.712581   0.000000   0.000000   0.000000   0.000000   0.025945
       14.6195 0   0.000206   0.000206   0.342518    0.041658   0.000000  -0.683301   0.000880   0.000000   0.000000   0.000000   0.030416
       14.2660 0   0.002087   0.002087   0.307854    0.049041   0.000000  -0.684627   0.000000   0.000000   0.000000   0.000000   0.029749
       14.4849 0   0.000073   0.000073   0.337850    0.054118   0.000665  -0.711813   0.000000   0.000000   0.000000   0.000000   0.027259
       14.3819 0   0.000676   0.000676   0.369712    0.057416   0.000000  -0.722111   0.000000   0.000000   0.000000   0.000000   0.031417
       14.6635 0   0.000477   0.000477   0.350795    0.043782   0.000000  -0.647224   0.000000   0.000000   0.000000   0.000000   0.030007
       14.4478 0   0.000219   0.000219   0.306196    0.032752   0.001394  -0.613305   0.000000   0.000000   0.000000   0.000000   0.024782
       14.3782 0   0.000709   0.000709   0.349204    0.047913   0.004061  -0.675894   0.000000   0.000000  -0.001255   0.000000   0.027587
       14.6127 0   0.000174   0.000174   0.361151    0.049161   0.000000  -0.657326   0.000000   0.000000  -0.000009   0.000000   0.031546
       14.5860 0   0.000075   0.000075   0.339452    0.060927   0.000000  -0.641613   0.000000   0.000000   0.000000   0.000000   0.025290
       14.7715 0   0.001614   0.001614   0.306526    0.051577   0.000000  -0.654562   0.000000   0.000000  -0.000015   0.000000   0.025821
       14.2884 0   0.001755   0.001755   0.318076    0.058748   0.000000  -0.705600   0.000000   0.000000   0.000000   0.000000   0.024721
       14.7811 0   0.001747   0.001747   0.319460    0.040400   0.000000  -0.704921   0.000000   0.000000   0.000000   0.000000   0.033329
       14.3774 0   0.000717   0.000717   0.331413    0.040743   0.000000  -0.705728   0.000000   0.000000   0.000000   0.000000   0.025460
       14.3591 0   0.000893   0.000893   0.302313    0.076276   0.000000  -0.670661   0.000000   0.000000   0.000000   0.000000   0.030689
       14.7045 0   0.000829   0.000829   0.340315    0.055283   0.000000  -0.686712   0.000000   0.000000   0.000000   0.000000   0.026067
       14.8493 0   0.002850   0.002850   0.307362    0.041714   0.000000  -0.710960   0.000000   0.000000   0.000000   0.000000   0.029285
       14.3460 0   0.001030   0.001030   0.300795    0.046662   0.000000  -0.727530   0.000000   0.000000   0.000000   0.000000   0.032239
       14.6457 0   0.000353   0.000353   0.297782    0.063448   0.000000  -0.700283   0.000000   0.000000  -0.000006   0.000000   0.029260
       14.3773 0   0.000717   0.000717   0.304696    0.044027   0.000000  -0.715796   0.000000   0.000000   0.000000   0.000000   0.027165
       14.6898 0   0.000691   0.000691   0.334247    0.045800   0.000000  -0.709199   0.000000  -0.000002  -0.000000   0.000000   0.029969
       14.4501 0   0.000208   0.000208   0.381822    0.055460   0.000000  -0.705768   0.000000   0.000000   0.000000   0.000000   0.027976
       14.6506 0   0.000386   0.000386   0.308001    0.050775   0.000000  -0.684739   0.000569  -0.001426  -0.000528   0.000000   0.032203
       14.7735 0   0.001641   0.001641   0.321457    0.054837   0.000000  -0.703632   0.000000   0.000000   0.000000   0.000000   0.029233
       14.6633 0   0.000475   0.000475   0.309952    0.051630   0.000000  -0.689134   0.000000   0.000000   0.000000   0.000000   0.026035
       14.4124 0   0.000433   0.000433   0.362186    0.033469   0.000000  -0.766354   0.000000   0.000000   0.000000   0.000000   0.031664
       14.7063 0   0.000846   0.000846   0.303750    0.040756   0.000000  -0.681827   0.000000   0.000000  -0.000249   0.000000   0.031827
       14.6953 0   0.000742   0.000742   0.331500    0.049199   0.000000  -0.702021   0.000000   0.000000   0.000000   0.000000   0.028653
       14.5537 0   0.000010   0.000010   0.365957    0.058758   0.000000  -0.726307   0.000000   0.000000   0.000000   0.000000   0.032873
       14.7030 0   0.000815   0.000815   0.338472    0.098906   0.000000  -0.695935   0.000000   0.000000   0.000000   0.000000   0.025308
       14.4480 0   0.000218   0.000218   0.374179    0.050791   0.000000  -0.645627   0.000000   0.000000   0.000000   0.000000   0.029802
       14.8072 0   0.002138   0.002138   0.309863    0.079806   0.000000  -0.549766   0.000000   0.000000   0.000000   0.000000   0.028093
       14.5006 0   0.000034   0.000034   0.306003    0.053369   0.000000  -0.615718   0.000000   0.000000   0.000000   0.000000   0.027726
       14.8211 0   0.002360   0.002360   0.382665    0.055273   0.000000  -0.619027   0.000000   0.000000   0.000000   0.000000   0.027432
       14.6242 0   0.000230   0.000230   0.379340    0.051568   0.000006  -0.639051   0.000000   0.000000   0.000000   0.000000   0.028443
       14.3409 0   0.001087   0.001087   0.384663    0.055002   0.000053  -0.664473   0.000000   0.000000   0.000000   0.000000   0.033892
       14.6367 0   0.000298   0.000298   0.347677    0.077159   0.000000  -0.670439   0.000000   0.000000   0.000000   0.000000   0.029176
       14.5425 0   0.000002   0.000002   0.312700    0.054580   0.000000  -0.654549   0.000000   0.000000  -0.000130   0.000000   0.030264
       14.7312 0   0.001110   0.001110   0.322938    0.039155   0.000000  -0.658879   0.000000   0.000000   0.000000   0.000000   0.028675
       14.4304 0   0.000315   0.000315   0.314184    0.059643   0.000000  -0.672238   0.000000   0.000000   0.000000   0.000000   0.030045
       14.5407 0   0.000001   0.000001   0.328821    0.058555   0.000000  -0.681100   0.000000   0.000000   0.000000   0.000000   0.032952
       14.4475 0   0.000221   0.000221   0.346297    0.047227   0.000000  -0.700748   0.000000   0.000000  -0.000780   0.000000   0.032717
       14.3288 0   0.001226   0.001226   0.341099    0.050494   0.000295  -0.727349   0.000000   0.000000   0.000000  -0.006688   0.031285
       14.7457 0   0.001281   0.001281   0.309610    0.061600   0.000000  -0.708402   0.000000   0.000000   0.000000   0.000000   0.028374
       14.3690 0   0.000795   0.000795   0.350981    0.074316   0.000000  -0.694182   0.000000   0.000000   0.000000  -0.011409   0.028015
       14.5579 0   0.000015   0.000015   0.342839    0.059506   0.001868  -0.657181   0.000000   0.000000   0.000000   0.000000   0.029918
       14.7005 0   0.000790   0.000790   0.327045    0.059098   0.000000  -0.620143   0.000000   0.000000   0.000000   0.000000   0.026004
       14.6659 0   0.000494   0.000494   0.333523    0.062377   0.000000  -0.622935   0.000000   0.000000   0.000000   0.000000   0.028941
       14.4731 0   0.000110   0.000110   0.382960    0.038005   0.000000  -0.606623   0.000000   0.000000   0.000000   0.000000   0.031825
       14.4825 0   0.000080   0.000080   0.359937    0.052093   0.000000  -0.648349   0.000000   0.000000  -0.000000   0.000000   0.028520
       14.6053 0   0.000143   0.000143   0.360614    0.063321   0.000000  -0.646639   0.000000   0.000000   0.000000   0.000000   0.033705
       14.4810 0   0.000084   0.000084   0.361108    0.059082   0.000000  -0.678319   0.000000   0.000000   0.000000   0.000000   0.029985
       14.4710 0   0.000118   0.000118   0.290997    0.047917   0.000000  -0.688302   0.000000   0.000000   0.000000   0.000000   0.030402
       14.3584 0   0.000899   0.000899   0.343910    0.046415   0.000000  -0.683689   0.000000   0.000000   0.000000   0.000000   0.028746
       14.5205 0   0.000006   0.000006   0.311380    0.046964   0.000000  -0.715668   0.000000   0.000000  -0.000002   0.000000   0.028209
       14.7284 0   0.001078   0.001078   0.343512    0.065602   0.000000  -0.768701   0.000000   0.000000  -0.000838   0.000000   0.025740
       14.2835 0   0.001825   0.001825   0.322115    0.035323   0.000000  -0.743965   0.000000   0.000000   0.000000   0.000000   0.026008
       14.2632 0   0.002131   0.002131   0.361246    0.051018   0.000000  -0.736705   0.000000   0.000000   0.000000   0.000000   0.026943
       14.5487 0   0.000005   0.000005   0.347272    0.051241   0.000000  -0.722782   0.000000   0.000000   0.000000   0.000000   0.027428
       14.4357 0   0.000285   0.000285   0.335100    0.053070   0.000000  -0.689693   0.000000   0.000000   0.000000   0.000000   0.031529
       14.4418 0   0.000250   0.000250   0.319712    0.035274   0.000000  -0.623277   0.000000   0.000000   0.000000   0.000000   0.028655
       14.6778 0   0.000588   0.000588   0.312568    0.051527   0.000000  -0.638845   0.000000   0.000000   0.000000   0.000000   0.025707
       14.8711 0   0.003258   0.003258   0.360448    0.042801   0.000000  -0.688039   0.000000   0.000000   0.000000   0.000000   0.028063
       14.3437 0   0.001055   0.001055   0.322953    0.052555   0.000000  -0.714632   0.000000   0.000000   0.000000   0.000000   0.030959
       14.5734 0   0.000043   0.000043   0.300806    0.051121   0.000000  -0.680620   0.000000  -0.008809  -0.003500   0.000000   0.033074
       14.4888 0   0.000062   0.000062   0.309939    0.052096   0.000004  -0.697378   0.000000   0.000000  -0.000034   0.000000   0.030921
       14.3336 0   0.001170   0.001170   0.306259    0.068377   0.000000  -0.697034   0.000000   0.000000   0.000000   0.000000   0.030471
       14.6253 0   0.000235   0.000235   0.316973    0.046405   0.000000  -0.723151   0.000000  -0.006237  -0.000942   0.000000   0.032987
       14.6551 0   0.000416   0.000416   0.333377    0.044509   0.000000  -0.741909   0.000000  -0.011876  -0.008100   0.000000   0.028211
       14.4267 0   0.000338   0.000338   0.299556    0.046600   0.000000  -0.718787   0.000000  -0.016464  -0.003448   0.000000   0.033558
       14.4665 0   0.000135   0.000135   0.328513    0.033161   0.000000  -0.725963   0.000000   0.000000   0.000000   0.000000   0.028874
       14.6409 0   0.000323   0.000323   0.325149    0.040872   0.000000  -0.723272   0.000000   0.000000   0.000000   0.000000   0.026696
       14.4053 0   0.000485   0.000485   0.316671    0.039661   0.001957  -0.727430   0.000000   0.000000   0.000000   0.000000   0.028866
       14.6225 0   0.000221   0.000221   0.277380    0.054512   0.000000  -0.686378   0.000000   0.000000   0.000000   0.000000   0.028898
       14.4429 0   0.000245   0.000245   0.302315    0.039452   0.000193  -0.647665   0.000000   0.000000   0.000000   0.000000   0.030539
       14.6285 0   0.000252   0.000252   0.377638    0.042923   0.000000  -0.685887   0.000000   0.000000  -0.000000   0.000000   0.032969
       14.8542 0   0.002938   0.002938   0.338706    0.054240   0.001550  -0.640098   0.000000   0.000000   0.000000   0.000000   0.027605
       14.8327 0   0.002557   0.002557   0.391363    0.055646   0.000000  -0.698486   0.000000   0.000000   0.000000   0.000000   0.026889
       14.4993 0   0.000037   0.000037   0.364031    0.055492   0.000000  -0.694426   0.000000   0.000000   0.000000   0.000000   0.029522
       14.7120 0   0.000904   0.000904   0.361596    0.060468   0.000000  -0.748381   0.000000   0.000000   0.000000   0.000000   0.027879
       14.9066 0   0.003982   0.003982   0.319550    0.049284   0.000000  -0.723836   0.000000   0.000000   0.000000   0.000000   0.029970
       14.6844 0   0.000644   0.000644   0.297000    0.040903   0.000000  -0.664691   0.000000   0.000000   0.000000   0.000000   0.032860
       14.3763 0   0.000727   0.000727   0.315388    0.053894   0.000000  -0.698648   0.000000   0.000000   0.000000   0.000000   0.029314
       14.2292 0   0.002698   0.002698   0.323224    0.051386   0.000000  -0.713873   0.000000   0.000000   0.000000   0.000000   0.033269
       14.5931 0   0.000097   0.000097   0.323556    0.065450   0.000000  -0.740651   0.000000   0.000000   0.000000   0.000000   0.025507
       14.4743 0   0.000106   0.000106   0.349488    0.063816   0.000000  -0.742892   0.000000   0.000000   0.000000   0.000000   0.027862
       14.4354 0   0.000286   0.000286   0.377393    0.069893   0.000000  -0.717104   0.000000   0.000000   0.000000   0.000000   0.022879
       14.6900 0   0.000693   0.000693   0.277116    0.054015   0.000000  -0.662955   0.000026   0.000000  -0.000055   0.000000   0.028594
       14.5357 0   0.000000   0.000000   0.309774    0.051450   0.000000  -0.686095   0.000000   0.000000   0.000000   0.000000   0.027366
       14.1016 0   0.005418   0.005418   0.284202    0.046736   0.000000  -0.678253   0.000000   0.000000  -0.000000   0.000000   0.028786
       14.7087 0   0.000870   0.000870   0.314657    0.043162   0.000000  -0.706620   0.000000   0.000000   0.000000   0.000000   0.026228
       14.7214 0   0.001002   0.001002   0.367502    0.051599   0.000000  -0.683586   0.000000   0.000000   0.000000   0.000000   0.028258
       14.5251 0   0.000003   0.000003   0.307361    0.047304   0.000000  -0.672378   0.000000   0.000000   0.000000   0.000000   0.031757
       14.6337 0   0.000281   0.000281   0.385002    0.050788   0.000000  -0.691745   0.000000   0.000000   0.000000   0.000000   0.028646
       14.5192 0   0.000007   0.000007   0.331164    0.062274   0.000000  -0.699721   0.000000   0.000000  -0.000005   0.000000   0.028807
       14.4639 0   0.000146   0.000146   0.345575    0.063180   0.000000  -0.614784   0.000000   0.000000   0.000000   0.000000   0.027894
       14.4763 0   0.000099   0.000099   0.352755    0.055637   0.000000  -0.598085   0.000000   0.000000  -0.000004   0.000000   0.029643
       14.1375 0   0.004559   0.004559   0.303854    0.058750   0.000000  -0.523529   0.000000   0.000000   0.000000   0.000000   0.030337
       14.5125 0   0.000015   0.000015   0.310777    0.050972   0.000000  -0.520740   0.000000   0.000000   0.000000   0.000000   0.024632
       14.5780 0   0.000053   0.000053   0.324698    0.046437   0.000000  -0.532079   0.000426   0.000000   0.000000   0.000000   0.028741
       14.2690 0   0.002040   0.002040   0.358721    0.051624   0.000000  -0.548169   0.000000   0.000000   0.000000   0.000000   0.024471
       14.6979 0   0.000766   0.000766   0.363867    0.043299   0.000000  -0.551256   0.000000   0.000000   0.000000   0.000000   0.026482
       14.7461 0   0.001286   0.001286   0.349501    0.074832   0.000000  -0.588875   0.000817   0.000000   0.000000   0.000000   0.034630
       14.5658 0   0.000027   0.000027   0.373327    0.041198   0.000000  -0.558632   0.000000   0.000000   0.000000   0.000000   0.029309
       14.3448 0   0.001044   0.001044   0.388541    0.042312   0.000000  -0.564710   0.000000   0.000000   0.000000   0.000000   0.034230
       14.5338 0   0.000000   0.000000   0.372113    0.057139   0.000000  -0.573038   0.000000   0.000000   0.000000   0.000000   0.030139
       14.7658 0   0.001537   0.001537   0.340735    0.053619   0.000000  -0.536060   0.000000   0.000000   0.000000   0.000000   0.031191
       14.6847 0   0.000647   0.000647   0.350651    0.059911   0.000000  -0.578011   0.000000   0.000000   0.000000   0.000000   0.029424
       14.4785 0   0.000092   0.000092   0.351340    0.045021   0.000000  -0.611840   0.000000   0.000000  -0.000001   0.000000   0.029559
       14.6507 0   0.000386   0.000386   0.312487    0.051662   0.000000  -0.603185   0.000000   0.000000   0.000000   0.000000   0.030398
       14.9760 0   0.005610   0.005610   0.301820    0.029686   0.000000  -0.588724   0.000000   0.000000   0.000000   0.000000   0.034847
       14.3678 0   0.000807   0.000807   0.320892    0.070980   0.000000  -0.588742   0.000000   0.000000   0.000000   0.000000   0.026992
       14.3226 0   0.001301   0.001301   0.344627    0.055975   0.000000  -0.612190   0.000000   0.000000   0.000000   0.000000   0.025196
       14.4001 0   0.000525   0.000525   0.299473    0.038599   0.000098  -0.569467   0.000000   0.000000   0.000000   0.000000   0.032122
       14.4257 0   0.000345   0.000345   0.333970    0.044005   0.000000  -0.581139   0.000000   0.000000   0.000000   0.000000   0.025559
       14.3734 0   0.000753   0.000753   0.373075    0.060327   0.000000  -0.630094   0.000000  -0.000039  -0.000000   0.000000   0.030984
       14.5033 0   0.000029   0.000029   0.332366    0.052563   0.000000  -0.602731   0.000000   0.000000  -0.000002   0.000000   0.025391
       14.4993 0   0.000037   0.000037   0.355669    0.068570   0.000000  -0.611105   0.000000   0.000000   0.000000   0.000000   0.028822
       14.9138 0   0.004139   0.004139   0.306118    0.039824   0.000000  -0.555776   0.000000   0.000000   0.000000   0.000000   0.027685
       14.4847 0   0.000073   0.000073   0.293625    0.055634   0.000000  -0.543661   0.000000   0.000000   0.000000   0.000000   0.025582
       14.6010 0   0.000126   0.000126   0.296220    0.050550   0.000000  -0.527929   0.000000   0.000000   0.000000   0.000000   0.026854
       14.5623 0   0.000022   0.000022   0.271288    0.056430   0.000000  -0.527849   0.000000   0.000000   0.000000   0.000000   0.030275
       14.6398 0   0.000317   0.000317   0.304016    0.040589   0.000061  -0.543961   0.000000   0.000000   0.000000   0.000000   0.033365
       14.5923 0   0.000095   0.000095   0.314126    0.050740   0.000390  -0.530848   0.000000   0.000000   0.000000   0.000000   0.027756
       14.5038 0   0.000028   0.000028   0.309076    0.045437   0.000000  -0.464076   0.000040   0.000000   0.000000   0.000000   0.029118
       14.7534 0   0.001375   0.001375   0.330827    0.056219   0.000000  -0.495401   0.000000   0.000000  -0.000003   0.000000   0.030306
       14.8563 0   0.002979   0.002979   0.397302    0.073005   0.000000  -0.533014   0.000000   0.000000   0.000000   0.000000   0.028443
       14.3732 0   0.000755   0.000755   0.391807    0.078368   0.000000  -0.485781   0.000000   0.000000   0.000000   0.000000   0.030959
       14.4598 0   0.000163   0.000163   0.348917    0.069407   0.000000  -0.504098   0.000000   0.000000   0.000000   0.000000   0.028705
       14.5164 0   0.000010   0.000010   0.346596    0.049773   0.000000  -0.490599   0.000000   0.000000   0.000000   0.000000   0.035318
       14.7449 0   0.001271   0.001271   0.310397    0.052911   0.003937  -0.459349   0.000000   0.000000  -0.000028   0.000000   0.029659
       14.4963 0   0.000043   0.000043   0.362080    0.047986   0.000000  -0.506094   0.001045   0.000000   0.000000   0.000000   0.028392
       14.4468 0   0.000224   0.000224   0.377542    0.060361   0.000000  -0.553301   0.000000   0.000000   0.000000   0.000000   0.031977
       14.8185 0   0.002319   0.002319   0.339410    0.063226   0.000897  -0.580489   0.000000   0.000000  -0.000145   0.000000   0.027074
       14.5209 0   0.000006   0.000006   0.351075    0.053478   0.000000  -0.612915   0.000000   0.000000   0.000000   0.000000   0.026587
       14.3462 0   0.001028   0.001028   0.288823    0.031418   0.001693  -0.510882   0.000333   0.000000   0.000000   0.000000   0.030074
       14.8115 0   0.002205   0.002205   0.332737    0.053264   0.000000  -0.564119   0.000000   0.000000   0.000000   0.000000   0.030702
       14.2571 0   0.002228   0.002228   0.417606    0.048286   0.000000  -0.530412   0.000000   0.000000   0.000000  -0.006211   0.031067
       14.2983 0   0.001616   0.001616   0.356434    0.064847   0.000000  -0.491481   0.000000   0.000000   0.000000   0.000000   0.027230
       14.9950 0   0.006104   0.006104   0.366206    0.047870   0.000000  -0.473150   0.000049   0.000000   0.000000   0.000000   0.034399
       14.4463 0   0.000227   0.000227   0.333459    0.062763   0.000000  -0.428240   0.000000   0.000000  -0.000752   0.000000   0.032165
       14.5961 0   0.000108   0.000108   0.337517    0.049797   0.000000  -0.431906   0.000000   0.000000   0.000000   0.000000   0.034950
       14.5953 0   0.000105   0.000105   0.343834    0.040385   0.000000  -0.431406   0.002833   0.000000   0.000000  -0.016036   0.026650
       14.5294 0   0.000001   0.000001   0.335912    0.032449   0.000000  -0.439785   0.000000   0.000000   0.000000   0.000000   0.030459
       14.3904 0   0.000603   0.000603   0.334545    0.050322   0.001443  -0.466560   0.000000   0.000000   0.000000   0.000000   0.033161
       14.8112 0   0.002200   0.002200   0.378757    0.051088   0.000148  -0.482665   0.000000   0.000000   0.000000   0.000000   0.031660
       14.3700 0   0.000785   0.000785   0.359340    0.050065   0.000565  -0.472722   0.000000   0.000000   0.000000   0.000000   0.031610
       14.5139 0   0.000013   0.000013   0.360556    0.050882   0.000000  -0.488684   0.000000   0.000000   0.000000   0.000000   0.026230
       14.7060 0   0.000843   0.000843   0.317991    0.056294   0.000000  -0.497114   0.000252   0.000000  -0.000025   0.000000   0.030619
       14.5126 0   0.000014   0.000014   0.359113    0.052323   0.000000  -0.503722   0.000000   0.000000   0.000000   0.000000   0.025443
       14.2347 0   0.002601   0.002601   0.324454    0.053970   0.000000  -0.515046   0.000000   0.000000   0.000000   0.000000   0.028959
       14.6149 0   0.000184   0.000184   0.318460    0.063880   0.000000  -0.539038   0.000000   0.000000   0.000000   0.000000   0.027715
       14.7291 0   0.001087   0.001087   0.360830    0.058245   0.000000  -0.591841   0.000000   0.000000   0.000000   0.000000   0.032260
       14.6123 0   0.000172   0.000172   0.400638    0.054946   0.000052  -0.584610   0.000000   0.000000   0.000000   0.000000   0.031019
       14.6852 0   0.000651   0.000651   0.330225    0.059765   0.000000  -0.585444   0.003541   0.000000   0.000000   0.000000   0.029456
       14.7126 0   0.000910   0.000910   0.335794    0.050403   0.000000  -0.570941   0.000000   0.000000   0.000000   0.000000   0.028377
       14.3722 0   0.000764   0.000764   0.340729    0.046674   0.000000  -0.588133   0.000000   0.000000   0.000000   0.000000   0.031285
       14.5453 0   0.000003   0.000003   0.295061    0.048968   0.000000  -0.602213   0.000000   0.000000   0.000000   0.000000   0.033631
       14.7921 0   0.001907   0.001907   0.313823    0.042165   0.000000  -0.626306   0.000000   0.000000   0.000000   0.000000   0.027959
       14.2415 0   0.002485   0.002485   0.316820    0.047800   0.000000  -0.630194   0.000000   0.000000   0.000000   0.000000   0.029224
       14.7199 0   0.000987   0.000987   0.338725    0.062741   0.000000  -0.665788   0.000000   0.000000   0.000000   0.000000   0.028155
       14.5901 0   0.000088   0.000088   0.319273    0.041800   0.000000  -0.634853   0.000000   0.000000   0.000000   0.000000   0.030212
       14.5075 0   0.000022   0.000022   0.317285    0.047741   0.000000  -0.606699   0.000000   0.000000   0.000000   0.000000   0.026771
       14.1124 0   0.005151   0.005151   0.309849    0.050796   0.000000  -0.609606   0.000000   0.000000   0.000000   0.000000   0.028252
       14.3982 0   0.000540   0.000540   0.334190    0.052596   0.000000  -0.651563   0.000000   0.000000   0.000000   0.000000   0.032399
       14.6793 0   0.000600   0.000600   0.361361    0.051356   0.000000  -0.665190   0.000000   0.000000  -0.000003   0.000000   0.029334
       14.6445 0   0.000346   0.000346   0.317121    0.072264   0.000000  -0.612581   0.000000   0.000000   0.000000   0.000000   0.030095
       14.3794 0   0.000699   0.000699   0.297123    0.054449   0.000000  -0.552524   0.000000   0.000000   0.000000   0.000000   0.028980
       14.7210 0   0.000998   0.000998   0.323390    0.069122   0.000000  -0.573634   0.000000   0.000000   0.000000   0.000000   0.029611
       14.5994 0   0.000120   0.000120   0.373628    0.047759   0.000092  -0.621318   0.000000   0.000000   0.000000   0.000000   0.028533
       14.3061 0   0.001511   0.001511   0.324975    0.049594   0.000124  -0.629421   0.000000   0.000000   0.000000   0.000000   0.029878
       14.6727 0   0.000547   0.000547   0.342066    0.059745   0.000000  -0.680472   0.000000   0.000000   0.000000   0.000000   0.027862
       14.6165 0   0.000191   0.000191   0.293908    0.051795   0.000000  -0.649284   0.000000   0.000000   0.000000   0.000000   0.031794
       14.5296 0   0.000001   0.000001   0.311452    0.038173   0.000000  -0.636005   0.000000   0.000000   0.000000   0.000000   0.029648
       14.6408 0   0.000323   0.000323   0.376435    0.043047   0.000000  -0.698550   0.000000   0.000000  -0.000543   0.000000   0.029089
       14.5426 0   0.000002   0.000002   0.341935    0.051014   0.000586  -0.645730   0.000278   0.000000  -0.000008   0.000000   0.033724
       14.7941 0   0.001937   0.001937   0.290508    0.035997   0.000000  -0.642219   0.001145   0.000000   0.000000   0.000000   0.027776
       14.7510 0   0.001346   0.001346   0.308545    0.044627   0.000000  -0.661251   0.000000  -0.010065  -0.006038   0.000000   0.029125
       14.0607 0   0.006488   0.006488   0.317261    0.047959   0.000000  -0.699416   0.000000  -0.003371  -0.001744   0.000000   0.034200
       14.4784 0   0.000093   0.000093   0.322650    0.052436   0.000000  -0.702569   0.001708  -0.014148  -0.008268   0.000000   0.033755
       14.5870 0   0.000078   0.000078   0.303870    0.055956   0.000015  -0.736302   0.000000  -0.011843  -0.007549   0.000000   0.029677
       14.4459 0   0.000229   0.000229   0.310140    0.031196   0.000000  -0.725325   0.000000  -0.015636  -0.008324   0.000000   0.030657
       14.9000 0   0.003842   0.003842   0.381153    0.067605   0.000000  -0.857654   0.000000   0.000000   0.000000   0.000000   0.028268
       14.5166 0   0.000010   0.000010   0.380411    0.053390   0.000000  -0.788855   0.000000   0.000000   0.000000   0.000000   0.030805
       14.5450 0   0.000003   0.000003   0.362056    0.057660   0.000000  -0.757332   0.000000   0.000000   0.000000   0.000000   0.033706
       14.5704 0   0.000036   0.000036   0.337206    0.039739   0.000000  -0.733007   0.001428   0.000000   0.000000   0.000000   0.030752
       14.6407 0   0.000322   0.000322   0.332794    0.058430   0.000000  -0.737050   0.000000   0.000000   0.000000   0.000000   0.026941
       14.5728 0   0.000041   0.000041   0.349929    0.055415   0.000000  -0.805794   0.000000   0.000000   0.000000   0.000000   0.029513
       14.6085 0   0.000156   0.000156   0.349317    0.047889   0.000000  -0.779852   0.000000  -0.001555  -0.000153   0.000000   0.030314
       14.7167 0   0.000952   0.000952   0.311945    0.045182   0.000000  -0.772764   0.000000   0.000000   0.000000   0.000000   0.027026
       14.5025 0   0.000031   0.000031   0.370920    0.034851   0.000000  -0.825798   0.000000   0.000000   0.000000   0.000000   0.028396
       14.5114 0   0.000016   0.000016   0.311065    0.042977   0.000000  -0.767104   0.000000   0.000000   0.000000   0.000000   0.025178
       14.4043 0   0.000493   0.000493   0.310352    0.051067   0.001848  -0.778356   0.000000   0.000000   0.000000   0.000000   0.026774
       14.6179 0   0.000198   0.000198   0.305200    0.046580   0.000000  -0.767580   0.000000   0.000000   0.000000   0.000000   0.024830
       14.2399 0   0.002512   0.002512   0.324247    0.050408   0.000000  -0.754857   0.000000   0.000000   0.000000   0.000000   0.026284
       14.3105 0   0.001454   0.001454   0.338919    0.052676   0.000000  -0.758383   0.000000   0.000000   0.000000   0.000000   0.027288
       14.6773 0   0.000584   0.000584   0.313754    0.054213   0.000000  -0.761594   0.000000   0.000000   0.000000   0.000000   0.031406
       14.6215 0   0.000216   0.000216   0.306206    0.045873   0.000000  -0.758694   0.000000   0.000000   0.000000   0.000000   0.029193
       14.2746 0   0.001956   0.001956   0.352078    0.040511   0.000000  -0.671255   0.000887   0.000000   0.000000   0.000000   0.034370
       14.4170 0   0.000402   0.000402   0.300216    0.054480   0.004880  -0.643345   0.000000   0.000000   0.000000   0.000000   0.034047
       14.2540 0   0.002278   0.002278   0.329483    0.047038   0.000000  -0.659286   0.000000   0.000000   0.000000   0.000000   0.032345
       14.6730 0   0.000549   0.000549   0.339741    0.062394   0.000000  -0.693605   0.000000   0.000000  -0.000000   0.000000   0.028754
       14.1247 0   0.004857   0.004857   0.366815    0.031530   0.000000  -0.712689   0.000000   0.000000   0.000000   0.000000   0.029227
       14.4966 0   0.000042   0.000042   0.272691    0.040766   0.000000  -0.642806   0.000000   0.000000   0.000000   0.000000   0.030053
       14.8489 0   0.002842   0.002842   0.327450    0.066449   0.000000  -0.725305   0.000000   0.000000   0.000000   0.000000   0.029062
       14.4369 0   0.000278   0.000278   0.311530    0.042173   0.000000  -0.722603   0.000000   0.000000   0.000000   0.000000   0.028646
       14.5774 0   0.000052   0.000052   0.344702    0.046467   0.000000  -0.725147   0.000684   0.000000  -0.001490   0.000000   0.028664
       14.8347 0   0.002592   0.002592   0.298199    0.059040   0.000000  -0.692845   0.000000   0.000000   0.000000   0.000000   0.032358
       14.7992 0   0.002013   0.002013   0.335613    0.053812   0.000692  -0.739115   0.000000   0.000000   0.000000   0.000000   0.031528
       14.5636 0   0.000024   0.000024   0.321784    0.045585   0.000000  -0.733194   0.000000   0.000000   0.000000   0.000000   0.037653
       14.3179 0   0.001359   0.001359   0.345852    0.047553   0.000000  -0.798829   0.000000   0.000000   0.000000   0.000000   0.026722
       14.4834 0   0.000077   0.000077   0.356337    0.045557   0.000000  -0.796753   0.002918   0.000000   0.000000   0.000000   0.028006
       14.8856 0   0.003546   0.003546   0.300196    0.035432   0.000000  -0.758226   0.000000   0.000000   0.000000   0.000000   0.030168
       14.4633 0   0.000148   0.000148   0.332871    0.041054   0.000000  -0.750935   0.000000   0.000000   0.000000   0.000000   0.028786
       14.6235 0   0.000226   0.000226   0.329478    0.061515   0.000000  -0.815619   0.000000   0.000000   0.000000   0.000000   0.026870
       14.4435 0   0.000242   0.000242   0.292377    0.030635   0.000000  -0.806625   0.000000   0.000000   0.000000   0.000000   0.030007
       14.6932 0   0.000722   0.000722   0.301474    0.040256   0.000901  -0.803165   0.000000  -0.000922  -0.000007   0.000000   0.027717
       14.4251 0   0.000348   0.000348   0.304324    0.058231   0.000000  -0.781956   0.000000   0.000000   0.000000   0.000000   0.030694
       14.5344 0   0.000000   0.000000   0.303857    0.055584   0.000000  -0.760139   0.000000   0.000000   0.000000   0.000000   0.024781
       14.5687 0   0.000033   0.000033   0.310877    0.044736   0.000000  -0.701767   0.000000   0.000000   0.000000   0.000000   0.027749
       14.3027 0   0.001556   0.001556   0.333863    0.040981   0.000000  -0.759161   0.000000   0.000000   0.000000   0.000000   0.028019
       14.7333 0   0.001134   0.001134   0.323634    0.036384   0.000000  -0.765966   0.000000   0.000000   0.000000   0.000000   0.025208
       14.4870 0   0.000066   0.000066   0.334079    0.023004   0.000000  -0.692280   0.000224   0.000000   0.000000  -0.010660   0.028584
       14.6066 0   0.000148   0.000148   0.330052    0.061790   0.000000  -0.711426   0.000000   0.000000   0.000000   0.000000   0.029930
       14.4911 0   0.000056   0.000056   0.344796    0.040267   0.000081  -0.754590   0.000000   0.000000   0.000000   0.000000   0.029338
       14.3305 0   0.001207   0.001207   0.359422    0.047548   0.000000  -0.774557   0.000000   0.000000   0.000000   0.000000   0.031727
       14.9769 0   0.005632   0.005632   0.318970    0.073724   0.000000  -0.806801   0.000000   0.000000   0.000000   0.000000   0.029564
       14.6296 0   0.000258   0.000258   0.329839    0.044689   0.000000  -0.772864   0.000000   0.000000  -0.000000   0.000000   0.029979
       14.4448 0   0.000234   0.000234   0.317716    0.048713   0.000000  -0.777937   0.000000   0.000000   0.000000   0.000000   0.034211
       14.6700 0   0.000526   0.000526   0.344529    0.057225   0.000000  -0.756910   0.000000   0.000000   0.000000   0.000000   0.027192
       14.4666 0   0.000135   0.000135   0.347533    0.053164   0.000000  -0.777823   0.000000   0.000000   0.000000   0.000000   0.027028
       14.8983 0   0.003807   0.003807   0.353371    0.036528   0.000000  -0.777792   0.000000   0.000000   0.000000   0.000000   0.028175
       14.5629 0   0.000022   0.000022   0.337497    0.050956   0.000000  -0.759061   0.000000   0.000000   0.000000   0.000000   0.027464
       14.3942 0   0.000572   0.000572   0.294527    0.043461   0.000000  -0.652344   0.002894   0.000000   0.000000   0.000000   0.023899
       14.7969 0   0.001979   0.001979   0.338758    0.059555   0.000000  -0.683304   0.000000  -0.000000   0.000000   0.000000   0.030218
       14.5427 0   0.000002   0.000002   0.330969    0.051416   0.000000  -0.715500   0.000000   0.000000   0.000000   0.000000   0.026497
       14.2527 0   0.002299   0.002299   0.366726    0.050181   0.000000  -0.754276   0.000000   0.000000   0.000000   0.000000   0.027474
       14.7605 0   0.001467   0.001467   0.347374    0.052210   0.000000  -0.762742   0.000000   0.000000   0.000000   0.000000   0.027785
       14.4694 0   0.000124   0.000124   0.332839    0.045547   0.000000  -0.729983   0.000000   0.000000   0.000000   0.000000   0.028406
       14.3642 0   0.000842   0.000842   0.355155    0.046521   0.000000  -0.743083   0.000000   0.000000   0.000000   0.000000   0.026791
       14.4867 0   0.000067   0.000067   0.350573    0.049875   0.002288  -0.769539   0.000000   0.000000   0.000000   0.000000   0.034755
       14.7973 0   0.001985   0.001985   0.282203    0.055370   0.000000  -0.739580   0.000000   0.000000   0.000000   0.000000   0.032252
       14.7135 0   0.000919   0.000919   0.318356    0.055472   0.000000  -0.771552   0.000000   0.000000   0.000000   0.000000   0.028066
       14.2635 0   0.002127   0.002127   0.323174    0.057628   0.000000  -0.731451   0.000000   0.000000   0.000000   0.000000   0.026114
       14.4214 0   0.000372   0.000372   0.357392    0.049762   0.000000  -0.740984   0.000000   0.000000   0.000000   0.000000   0.030156
       14.6352 0   0.000290   0.000290   0.344374    0.041451   0.000000  -0.742634   0.000000   0.000000   0.000000   0.000000   0.032043
       14.3034 0   0.001547   0.001547   0.360308    0.067220   0.000000  -0.757033   0.000000   0.000000   0.000000   0.000000   0.034585
       14.4543 0   0.000188   0.000188   0.341728    0.049160   0.000000  -0.722683   0.000000   0.000000   0.000000   0.000000   0.035152
       14.6967 0   0.000755   0.000755   0.374030    0.046719   0.000000  -0.750562   0.000000   0.000000   0.000000   0.000000   0.028474
       14.7228 0   0.001017   0.001017   0.353483    0.049938   0.000000  -0.766332   0.000000   0.000000   0.000000  -0.009765   0.033079
       14.5606 0   0.000019   0.000019   0.300906    0.042114   0.000000  -0.738135   0.000000   0.000000  -0.000000   0.000000   0.028502
       14.3465 0   0.001025   0.001025   0.357578    0.056546   0.000000  -0.780184   0.000000   0.000000   0.000000  -0.000000   0.027855
       14.4314 0   0.000309   0.000309   0.357529    0.054991   0.000000  -0.768047   0.000000   0.000000  -0.000000   0.000000   0.028852
       14.5044 0   0.000027   0.000027   0.331394    0.059919   0.000000  -0.704753   0.000000   0.000000   0.000000   0.000000   0.029140
       14.4571 0   0.000175   0.000175   0.333286    0.052594   0.000000  -0.686803   0.000000   0.000000   0.000000   0.000000   0.033587
       14.4003 0   0.000523   0.000523   0.320605    0.038275   0.000000  -0.691783   0.000000   0.000000   0.000000   0.000000   0.030414
       14.7131 0   0.000915   0.000915   0.366270    0.042598   0.000000  -0.691281   0.000461   0.000000   0.000000   0.000000   0.028574
       14.5244 0   0.000003   0.000003   0.336569    0.057051   0.000000  -0.722631   0.000000   0.000000   0.000000   0.000000   0.027657
       14.2976 0   0.001626   0.001626   0.291618    0.066719   0.000000  -0.721518   0.000000   0.000000   0.000000   0.000000   0.029578
       14.3778 0   0.000713   0.000713   0.287424    0.044226   0.000000  -0.679891   0.000000   0.000000   0.000000   0.000000   0.024998
       14.4043 0   0.000493   0.000493   0.300121    0.051858   0.001163  -0.704950   0.000000   0.000000   0.000000   0.000000   0.028815
       14.8815 0   0.003464   0.003464   0.356954    0.049054   0.000000  -0.790191   0.000000   0.000000   0.000000   0.000000   0.030193
       14.5423 0   0.000002   0.000002   0.308401    0.037320   0.000000  -0.765016   0.000000  -0.000002   0.000000   0.000000   0.028946
       14.5095 0   0.000019   0.000019   0.360963    0.062730   0.000000  -0.788389   0.000000   0.000000   0.000000  -0.013908   0.030935
       14.4535 0   0.000192   0.000192   0.362727    0.042714   0.000000  -0.773507   0.000000   0.000000   0.000000   0.000000   0.025406
       14.3193 0   0.001342   0.001342   0.326608    0.057019   0.000000  -0.794644   0.000000   0.000000   0.000000   0.000000   0.026392
       14.2774 0   0.001914   0.001914   0.320045    0.049080   0.000000  -0.773397   0.000000   0.000000   0.000000   0.000000   0.026968
       14.4371 0   0.000276   0.000276   0.308127    0.037691   0.000000  -0.802655   0.000000   0.000000   0.000000   0.000000   0.027432
       14.5645 0   0.000025   0.000025   0.319095    0.060873   0.000310  -0.832436   0.000000   0.000000   0.000000   0.000000   0.025016
       14.4188 0   0.000389   0.000389   0.316659    0.049895   0.000000  -0.878900   0.000000   0.000000   0.000000   0.000000   0.028745
       14.4940 0   0.000048   0.000048   0.311591    0.041186   0.000000  -0.856089   0.000000   0.000000   0.000000   0.000000   0.029518
       14.6093 0   0.000159   0.000159   0.288142    0.058355   0.000000  -0.835788   0.000000   0.000000   0.000000   0.000000   0.023266
       14.5007 0   0.000034   0.000034   0.295022    0.047364   0.000000  -0.815685   0.000000   0.000000   0.000000   0.000000   0.029899
       14.6536 0   0.000405   0.000405   0.299452    0.038987   0.001147  -0.784938   0.000000   0.000000   0.000000   0.000000   0.023699
       14.5917 0   0.000093   0.000093   0.283052    0.051381   0.000000  -0.797835   0.000000   0.000000   0.000000   0.000000   0.031030
       14.6297 0   0.000259   0.000259   0.332710    0.053535   0.000000  -0.812478   0.000000   0.000000   0.000000   0.000000   0.030141
       14.8729 0   0.003293   0.003293   0.315824    0.049659   0.000000  -0.804390   0.000000   0.000000   0.000000   0.000000   0.033287
       14.4922 0   0.000053   0.000053   0.362813    0.034565   0.000000  -0.834636   0.000000   0.000000   0.000000   0.000000   0.030696
       14.5938 0   0.000100   0.000100   0.301646    0.060099   0.000000  -0.808389   0.000000   0.000000   0.000000   0.000000   0.025778
       14.4542 0   0.000188   0.000188   0.305649    0.044587   0.000000  -0.837377   0.000000   0.000000   0.000000   0.000000   0.024942
       14.7154 0   0.000938   0.000938   0.336546    0.056265   0.000168  -0.824160   0.000000   0.000000  -0.000000   0.000000   0.032565
       14.5292 0   0.000001   0.000001   0.323469    0.057666   0.000000  -0.830994   0.000400   0.000000   0.000000   0.000000   0.030446
       14.5877 0   0.000080   0.000080   0.298192    0.045996   0.000000  -0.850762   0.000000   0.000000   0.000000   0.000000   0.030006
       14.4503 0   0.000207   0.000207   0.327689    0.042592   0.000000  -0.842570   0.000000   0.000000   0.000000   0.000000   0.025772
       14.7135 0   0.000919   0.000919   0.297515    0.043028   0.000000  -0.813558   0.000274   0.000000   0.000000   0.000000   0.028577
       14.4216 0   0.000371   0.000371   0.330663    0.051143   0.000811  -0.831641   0.000000   0.000000   0.000000   0.000000   0.026812
       14.6221 0   0.000219   0.000219   0.311900    0.055394   0.000000  -0.832972   0.000000   0.000000   0.000000   0.000000   0.029468
       14.4482 0   0.000217   0.000217   0.353300    0.029193   0.000000  -0.768863   0.000000   0.000000  -0.000000   0.000000   0.025312
       14.3466 0   0.001024   0.001024   0.315381    0.033073   0.000000  -0.768828   0.000000   0.000000  -0.000000   0.000000   0.028228
       14.8470 0   0.002808   0.002808   0.330828    0.042801   0.000000  -0.802671   0.000000   0.000000   0.000000   0.000000   0.026424
       14.4348 0   0.000289   0.000289   0.360814    0.037257   0.000000  -0.832766   0.000000   0.000000   0.000000   0.000000   0.025510
       14.5099 0   0.000018   0.000018   0.345377    0.040264   0.000000  -0.773863   0.000000   0.000000   0.000000   0.000000   0.026500
       14.4075 0   0.000469   0.000469   0.340654    0.035919   0.000000  -0.782245   0.000000   0.000000   0.000000   0.000000   0.029893
       14.4649 0   0.000142   0.000142   0.307825    0.035132   0.000000  -0.702183   0.000000   0.000000   0.000000   0.000000   0.032845
       14.5523 0   0.000009   0.000009   0.315187    0.055220   0.000000  -0.758717   0.000000   0.000000   0.000000   0.000000   0.030247
       14.4778 0   0.000094   0.000094   0.350240    0.037515   0.000000  -0.759559   0.000000   0.000000   0.000000   0.000000   0.031701
       14.7383 0   0.001193   0.001193   0.377155    0.047686   0.000000  -0.763211   0.000000  -0.015543  -0.005685   0.000000   0.033885
       14.7302 0   0.001099   0.001099   0.374757    0.051734   0.000000  -0.829997   0.000000   0.000000  -0.000102   0.000000   0.032619
       14.2565 0   0.002237   0.002237   0.318693    0.048870   0.000000  -0.800599   0.000000   0.000000   0.000000   0.000000   0.029843
       15.0333 0   0.007163   0.007163   0.386452    0.044090   0.000000  -0.758296   0.000000   0.000000   0.000000   0.000000   0.032527
       14.5839 0   0.000069   0.000069   0.328704    0.036206   0.000000  -0.742876   0.000000   0.000000   0.000000   0.000000   0.026655
       14.6101 0   0.000163   0.000163   0.370582    0.044968   0.000000  -0.751544   0.000000   0.000000   0.000000   0.000000   0.030631
       14.8847 0   0.003527   0.003527   0.269853    0.034646   0.000000  -0.718807   0.001615   0.000000   0.000000   0.000000   0.030869
       14.1838 0   0.003557   0.003557   0.312061    0.037450   0.000000  -0.767296   0.000000   0.000000  -0.000006   0.000000   0.035728
       14.6672 0   0.000504   0.000504   0.347403    0.048128   0.000000  -0.772909   0.000000   0.000000   0.000000   0.000000   0.027924
       14.6917 0   0.000709   0.000709   0.325192    0.046641   0.000000  -0.755051   0.000000   0.000000   0.000000   0.000000   0.033258
       14.1518 0   0.004235   0.004235   0.317864    0.052575   0.000000  -0.778553   0.000000   0.000000   0.000000   0.000000   0.029783
       14.7785 0   0.001711   0.001711   0.393370    0.031702   0.000000  -0.798652   0.000000   0.000000   0.000000   0.000000   0.028150
       14.4470 0   0.000223   0.000223   0.311112    0.031334   0.000000  -0.775577   0.000000   0.000000   0.000000   0.000000   0.029205
       14.0311 0   0.007324   0.007324   0.349142    0.041603   0.000000  -0.810868   0.000000   0.000000   0.000000   0.000000   0.026513
       14.5352 0   0.000000   0.000000   0.363551    0.054269   0.000000  -0.831463   0.000000   0.000000  -0.000000   0.000000   0.027163
       14.8230 0   0.002393   0.002393   0.309756    0.055926   0.000000  -0.775360   0.000000   0.000000   0.000000   0.000000   0.026740
       14.4699 0   0.000122   0.000122   0.313647    0.051194   0.000000  -0.797631   0.000000   0.000000  -0.000137   0.000000   0.026105
       14.8533 0   0.002922   0.002922   0.299228    0.047795   0.000000  -0.803042   0.000000   0.000000   0.000000   0.000000   0.029300
       14.6038 0   0.000136   0.000136   0.338529    0.037625   0.000000  -0.805846   0.000000   0.000000   0.000000   0.000000   0.026583
       14.6166 0   0.000192   0.000192   0.328522    0.053717   0.000000  -0.806609   0.000000   0.000000   0.000000   0.000000   0.026104
       14.4585 0   0.000169   0.000169   0.309796    0.026494   0.000000  -0.751524   0.000000   0.000000   0.000000   0.000000   0.027229
       14.1057 0   0.005316   0.005316   0.303030    0.044513   0.000000  -0.748812   0.000000   0.000000   0.000000   0.000000   0.030438
       14.6668 0   0.000501   0.000501   0.291230    0.072513   0.000000  -0.787550   0.000950   0.000000   0.000000   0.000000   0.029564
       14.2858 0   0.001792   0.001792   0.286681    0.026808   0.000217  -0.748187   0.000000   0.000000   0.000000   0.000000   0.031782
       14.7559 0   0.001407   0.001407   0.321061    0.037640   0.000000  -0.754793   0.000000   0.000000   0.000000   0.000000   0.029317
       14.7038 0   0.000822   0.000822   0.323536    0.059321   0.000000  -0.771790   0.000000   0.000000   0.000000   0.000000   0.026100
       14.6212 0   0.000214   0.000214   0.357210    0.062297   0.000000  -0.820631   0.000000   0.000000   0.000000   0.000000   0.032390
       14.4389 0   0.000267   0.000267   0.280636    0.055696   0.000000  -0.739547   0.000000   0.000000   0.000000   0.000000   0.026435
       14.5284 0   0.000001   0.000001   0.340415    0.043424   0.000000  -0.769267   0.000000   0.000000   0.000000   0.000000   0.029608
       14.3829 0   0.000667   0.000667   0.336267    0.036768   0.000000  -0.770002   0.000000   0.000000   0.000000   0.000000   0.025124
       14.6139 0   0.000179   0.000179   0.329526    0.046331   0.000000  -0.793826   0.000000   0.000000   0.000000   0.000000   0.027419
       14.6229 0   0.000223   0.000223   0.292036    0.073689   0.000000  -0.852621   0.000000   0.000000  -0.000552   0.000000   0.026694
       14.4424 0   0.000247   0.000247   0.349801    0.043452   0.000000  -0.789749   0.000000   0.000000   0.000000   0.000000   0.023991
       14.2372 0   0.002557   0.002557   0.312032    0.068923   0.000000  -0.763207   0.000000   0.000000   0.000000   0.000000   0.028272
       14.7632 0   0.001503   0.001503   0.313205    0.061392   0.000000  -0.773851   0.000000   0.000000   0.000000   0.000000   0.028692
       14.4402 0   0.000259   0.000259   0.372811    0.054999   0.000052  -0.807375   0.000000   0.000000   0.000000   0.000000   0.028592
       14.5167 0   0.000010   0.000010   0.331837    0.051554   0.000097  -0.773920   0.000000   0.000000   0.000000   0.000000   0.028985
       14.4729 0   0.000111   0.000111   0.367702    0.060914   0.000000  -0.716266   0.000000   0.000000   0.000000   0.000000   0.029696
       14.5901 0   0.000088   0.000088   0.334223    0.037149   0.000000  -0.683868   0.000000   0.000000   0.000000   0.000000   0.031807
       14.4968 0   0.000042   0.000042   0.318199    0.053153   0.000000  -0.673730   0.000000   0.000000   0.000000   0.000000   0.035259
       14.4360 0   0.000283   0.000283   0.335443    0.029954   0.000000  -0.690338   0.000000   0.000000  -0.000082   0.000000   0.037998
       14.2869 0   0.001776   0.001776   0.295804    0.065486   0.000000  -0.674762   0.000000   0.000000  -0.000271   0.000000   0.027935
       14.6202 0   0.000209   0.000209   0.305097    0.051155   0.000000  -0.636159   0.000000   0.000000  -0.000015   0.000000   0.034750
       14.6472 0   0.000363   0.000363   0.313410    0.039767   0.000000  -0.652731   0.000000   0.000000   0.000000   0.000000   0.029844
       14.6701 0   0.000526   0.000526   0.322246    0.052916   0.000000  -0.665791   0.000000   0.000000   0.000000  -0.008348   0.031101
       14.5972 0   0.000111   0.000111   0.308602    0.058606   0.000000  -0.662792   0.000000   0.000000   0.000000   0.000000   0.034347
       14.5729 0   0.000041   0.000041   0.303153    0.074842   0.000000  -0.661554   0.000000   0.000000  -0.000000   0.000000   0.027059
       14.3949 0   0.000566   0.000566   0.290790    0.049866   0.000013  -0.673581   0.000000   0.000000  -0.000121   0.000000   0.028345
       14.2772 0   0.001916   0.001916   0.312500    0.067704   0.000000  -0.709162   0.000000   0.000000  -0.000035   0.000000   0.032568
       14.2802 0   0.001873   0.001873   0.344323    0.040902   0.000000  -0.666373   0.000000   0.000000   0.000000   0.000000   0.024916
       14.5039 0   0.000028   0.000028   0.317362    0.063385   0.000000  -0.677199   0.000000   0.000000   0.000000   0.000000   0.027648
       14.3279 0   0.001237   0.001237   0.339335    0.051185   0.000000  -0.769864   0.000000   0.000000  -0.000007   0.000000   0.031363
       14.8623 0   0.003091   0.003091   0.299530    0.043799   0.000000  -0.695783   0.000000   0.000000  -0.000463   0.000000   0.036386
       14.3503 0   0.000984   0.000984   0.326202    0.035805   0.000000  -0.721577   0.000023   0.000000   0.000000   0.000000   0.028030
       14.2936 0   0.001681   0.001681   0.296435    0.067996   0.000000  -0.712200   0.000984   0.000000   0.000000   0.000000   0.030717
       14.8744 0   0.003324   0.003324   0.345631    0.062096   0.000000  -0.787634   0.000000   0.000000  -0.000097   0.000000   0.030817
       14.5536 0   0.000010   0.000010   0.293589    0.058573   0.000000  -0.762753   0.000000   0.000000   0.000000   0.000000   0.028504
       14.5630 0   0.000023   0.000023   0.288842    0.036820   0.000000  -0.682595   0.000000   0.000000   0.000000   0.000000   0.026198
       14.5453 0   0.000003   0.000003   0.301792    0.045844   0.000000  -0.685412   0.000000   0.000000   0.000000   0.000000   0.028697
       14.6228 0   0.000222   0.000222   0.398545    0.049386   0.000000  -0.757296   0.000000   0.000000  -0.000011   0.000000   0.029993
       14.4507 0   0.000205   0.000205   0.320010    0.064599   0.000000  -0.716789   0.000000   0.000000  -0.000002   0.000000   0.026912
       14.6885 0   0.000680   0.000680   0.377286    0.069614   0.000000  -0.731519   0.000000   0.000000   0.000000   0.000000   0.031152
       14.4387 0   0.000267   0.000267   0.354898    0.048746   0.000000  -0.686832   0.000000   0.000000   0.000000   0.000000   0.025730
       14.5122 0   0.000015   0.000015   0.324405    0.037494   0.000000  -0.619522   0.000000   0.000000   0.000000  -0.006190   0.033035
       14.3092 0   0.001470   0.001470   0.335229    0.052405   0.000000  -0.635972   0.000000   0.000000  -0.000000   0.000000   0.027304
       14.9560 0   0.005112   0.005112   0.321442    0.054087   0.000000  -0.651775   0.001317   0.000000   0.000000   0.000000   0.036479
       14.3174 0   0.001366   0.001366   0.297494    0.065337   0.000000  -0.680986   0.000000   0.000000   0.000000   0.000000   0.029304
       14.5122 0   0.000015   0.000015   0.326048    0.041083   0.000000  -0.667575   0.000000   0.000000   0.000000   0.000000   0.025377
       14.5815 0   0.000062   0.000062   0.350800    0.052257   0.000000  -0.686485   0.000000   0.000000   0.000000   0.000000   0.027474
       14.5224 0   0.000005   0.000005   0.319205    0.055383   0.000000  -0.648741   0.000000   0.000000  -0.001359   0.000000   0.029189
       14.4811 0   0.000084   0.000084   0.308387    0.038091   0.000026  -0.641970   0.000000   0.000000   0.000000   0.000000   0.032360
       14.5112 0   0.000016   0.000016   0.309937    0.044020   0.000000  -0.620426   0.000000   0.000000   0.000000   0.000000   0.031138
       14.5089 0   0.000020   0.000020   0.284622    0.047828   0.000000  -0.647309   0.000000   0.000000   0.000000   0.000000   0.029642
       14.4344 0   0.000292   0.000292   0.357039    0.059990   0.000000  -0.648001   0.000000   0.000000   0.000000  -0.012345   0.028302
       14.4100 0   0.000451   0.000451   0.318845    0.057869   0.000000  -0.609457   0.000000   0.000000   0.000000   0.000000   0.029455
       14.5267 0   0.000002   0.000002   0.296765    0.061945   0.000000  -0.617157   0.000000   0.000000   0.000000   0.000000   0.027960
       14.7012 0   0.000797   0.000797   0.306867    0.040739   0.000000  -0.616638   0.000000   0.000000   0.000000   0.000000   0.025621
       14.5832 0   0.000067   0.000067   0.316398    0.054186   0.000000  -0.664288   0.000000   0.000000   0.000000   0.000000   0.035115
       14.8469 0   0.002806   0.002806   0.301953    0.041669   0.000000  -0.697673   0.000000   0.000000   0.000000   0.000000   0.031324
       14.2490 0   0.002359   0.002359   0.326282    0.034409   0.000000  -0.695775   0.000000   0.000000   0.000000   0.000000   0.031102
       14.4654 0   0.000140   0.000140   0.361695    0.054969   0.000000  -0.702332   0.000000   0.000000   0.000000   0.000000   0.030897
       14.2742 0   0.001962   0.001962   0.323065    0.040149   0.000000  -0.670535   0.000000   0.000000   0.000000   0.000000   0.027018
       14.4814 0   0.000083   0.000083   0.264997    0.051917   0.000000  -0.691572   0.000000   0.000000   0.000000   0.000000   0.025270
       14.5583 0   0.000016   0.000016   0.321687    0.046464   0.000000  -0.745219   0.000000   0.000000   0.000000   0.000000   0.024998
       14.5757 0   0.000048   0.000048   0.330601    0.036858   0.000000  -0.741723   0.000000   0.000000   0.000000   0.000000   0.031379
       14.5182 0   0.000008   0.000008   0.312775    0.060609   0.000963  -0.732748   0.000000   0.000000   0.000000   0.000000   0.025520
       14.6114 0   0.000168   0.000168   0.357534    0.047771   0.000000  -0.723602   0.000000   0.000000  -0.000000  -0.014324   0.030591
       14.6369 0   0.000300   0.000300   0.329870    0.045653   0.000000  -0.687337   0.006377   0.000000   0.000000   0.000000   0.026778
       14.3779 0   0.000712   0.000712   0.357755    0.036466   0.000304  -0.699382   0.000000   0.000000   0.000000   0.000000   0.029201
       14.5021 0   0.000031   0.000031   0.374195    0.054599   0.000000  -0.696504   0.000000   0.000000   0.000000   0.000000   0.029928
       14.6025 0   0.000131   0.000131   0.343724    0.048103   0.001903  -0.643866   0.000000   0.000000  -0.000000   0.000000   0.028916
       14.3296 0   0.001217   0.001217   0.360372    0.037944   0.000000  -0.701164   0.000000   0.000000   0.000000   0.000000   0.031254
       14.6541 0   0.000409   0.000409   0.356712    0.076247   0.000000  -0.723378   0.000000   0.000000  -0.000032   0.000000   0.026985
       14.6869 0   0.000665   0.000665   0.327372    0.062781   0.000000  -0.710459   0.000010   0.000000   0.000000  -0.000017   0.035565
       14.1456 0   0.004374   0.004374   0.357156    0.054137   0.000000  -0.702506   0.000000   0.000000  -0.000002   0.000000   0.032565
       14.3314 0   0.001196   0.001196   0.365764    0.061572   0.000000  -0.660666   0.000000   0.000000   0.000000   0.000000   0.027068
       14.7338 0   0.001140   0.001140   0.348287    0.059407   0.001346  -0.653789   0.000000   0.000000   0.000000   0.000000   0.026678
       14.4056 0   0.000483   0.000483   0.401121    0.052566   0.000000  -0.708345   0.000000   0.000000   0.000000   0.000000   0.026197
       14.2326 0   0.002638   0.002638   0.321264    0.049625   0.000000  -0.648159   0.000000   0.000000   0.000000   0.000000   0.030817
       14.8288 0   0.002489   0.002489   0.319836    0.080244   0.000000  -0.639944   0.000000   0.000000   0.000000   0.000000   0.030250
       14.6418 0   0.000329   0.000329   0.337268    0.055933   0.000000  -0.657733   0.000000   0.000000  -0.000064   0.000000   0.028954
       14.0577 0   0.006572   0.006572   0.376772    0.033198   0.000000  -0.659536   0.000000   0.000000  -0.000002   0.000000   0.028092
       14.8208 0   0.002355   0.002355   0.359398    0.042110   0.000000  -0.665666   0.000000   0.000000   0.000000   0.000000   0.026184
       14.8785 0   0.003404   0.003404   0.302170    0.055121   0.000000  -0.679905   0.000000   0.000000   0.000000   0.000000   0.033840
       14.6625 0   0.000469   0.000469   0.340752    0.040772   0.000000  -0.679200   0.000000   0.000000   0.000000   0.000000   0.033190
       14.3294 0   0.001219   0.001219   0.349175    0.048390   0.000000  -0.667293   0.000000   0.000000   0.000000   0.000000   0.035829
       14.5414 0   0.000001   0.000001   0.350508    0.042925   0.000000  -0.700810   0.000000   0.000000   0.000000   0.000000   0.031177
       14.5605 0   0.000019   0.000019   0.275067    0.047785   0.000000  -0.688925   0.000000   0.000000   0.000000   0.000000   0.028130
       14.6670 0   0.000503   0.000503   0.331451    0.077689   0.000000  -0.753183   0.000000  -0.010888  -0.000000   0.000000   0.035747
       14.6966 0   0.000753   0.000753   0.360812    0.059552   0.000000  -0.744903   0.000000   0.000000   0.000000   0.000000   0.032209
       14.5816 0   0.000063   0.000063   0.290327    0.050563   0.000000  -0.649809   0.000000   0.000000   0.000000   0.000000   0.029173
       14.2347 0   0.002601   0.002601   0.349275    0.037374   0.000000  -0.689632   0.000000   0.000000   0.000000   0.000000   0.029477
       14.3146 0   0.001401   0.001401   0.322568    0.039466   0.000000  -0.661556   0.000000   0.000000   0.000000   0.000000   0.027831
       14.5935 0   0.000099   0.000099   0.360218    0.055296   0.000000  -0.713075   0.000000   0.000000   0.000000   0.000000   0.026279
       14.5731 0   0.000042   0.000042   0.363011    0.056432   0.000000  -0.746114   0.000000   0.000000  -0.000000   0.000000   0.028481
       14.2951 0   0.001661   0.001661   0.348132    0.037511   0.000000  -0.724946   0.000000   0.000000   0.000000   0.000000   0.028913
       14.6975 0   0.000762   0.000762   0.342585    0.029112   0.000000  -0.741598   0.000000   0.000000   0.000000   0.000000   0.035943
       14.7990 0   0.002011   0.002011   0.324759    0.045854   0.000000  -0.738826   0.000000   0.000000   0.000000   0.000000   0.031367
       14.6555 0   0.000419   0.000419   0.313312    0.040698   0.000000  -0.722039   0.000000   0.000000  -0.000000   0.000000   0.033090
       14.3643 0   0.000841   0.000841   0.327152    0.059405   0.000000  -0.717167   0.000000   0.000000   0.000000   0.000000   0.029157
       14.5254 0   0.000003   0.000003   0.297940    0.043623   0.000000  -0.666066   0.000000   0.000000   0.000000   0.000000   0.030352
       14.8045 0   0.002095   0.002095   0.351243    0.056452   0.000000  -0.708212   0.000000   0.000000  -0.000155   0.000000   0.034999
       14.4367 0   0.000279   0.000279   0.364905    0.052426   0.000000  -0.653706   0.000000   0.000000   0.000000   0.000000   0.031888
       14.3460 0   0.001030   0.001030   0.326294    0.045132   0.000000  -0.634843   0.000000   0.000000   0.000000   0.000000   0.028753
       14.6077 0   0.000152   0.000152   0.371621    0.048424   0.000000  -0.661990   0.000000   0.000000   0.000000   0.000000   0.026699
       14.4440 0   0.000239   0.000239   0.342070    0.060925   0.000000  -0.634317   0.000000   0.000000   0.000000   0.000000   0.031800
       14.3879 0   0.000624   0.000624   0.292370    0.056299   0.000000  -0.608272   0.000000   0.000000   0.000000   0.000000   0.028652
       14.6051 0   0.000142   0.000142   0.317034    0.041958   0.000227  -0.611073   0.000000   0.000000   0.000000   0.000000   0.029255
       14.7960 0   0.001965   0.001965   0.374184    0.046444   0.000000  -0.610063   0.000000   0.000000   0.000000   0.000000   0.030383
       14.7109 0   0.000892   0.000892   0.347378    0.053574   0.000000  -0.607172   0.000000   0.000000   0.000000   0.000000   0.025423
       14.2099 0   0.003049   0.003049   0.334435    0.051986   0.000000  -0.609041   0.000000   0.000000   0.000000   0.000000   0.029304
       14.7429 0   0.001247   0.001247   0.337745    0.042900   0.000039  -0.572907   0.000000   0.000000  -0.000171   0.000000   0.029208
       14.6551 0   0.000416   0.000416   0.321025    0.057162   0.000000  -0.602144   0.000000   0.000000   0.000000   0.000000   0.025772
       14.0976 0   0.005518   0.005518   0.291797    0.041338   0.000000  -0.612249   0.000000   0.000000   0.000000   0.000000   0.024792
       14.4631 0   0.000149   0.000149   0.309635    0.051850   0.000031  -0.612901   0.000000   0.000000   0.000000   0.000000   0.027240
       14.4562 0   0.000179   0.000179   0.329434    0.056219   0.000000  -0.643853   0.000000   0.000000   0.000000   0.000000   0.032300
       14.8404 0   0.002691   0.002691   0.373147    0.030715   0.000000  -0.656009   0.000000   0.000000   0.000000   0.000000   0.031807
       14.4626 0   0.000151   0.000151   0.359079    0.048804   0.000000  -0.687964   0.000000   0.000000   0.000000   0.000000   0.025292
       14.4973 0   0.000041   0.000041   0.323491    0.059123   0.000000  -0.669015   0.000000   0.000000   0.000000  -0.015484   0.029763
       14.3759 0   0.000730   0.000730   0.337496    0.044844   0.000000  -0.699958   0.000000   0.000000   0.000000   0.000000   0.032436
       14.4116 0   0.000439   0.000439   0.274099    0.037809   0.000000  -0.617712   0.000000   0.000000   0.000000   0.000000   0.031351
       14.4270 0   0.000336   0.000336   0.307734    0.034195   0.000000  -0.624110   0.000000   0.000000  -0.000001   0.000000   0.027878
       14.6836 0   0.000637   0.000637   0.275127    0.055266   0.000000  -0.616844   0.000000   0.000000  -0.000000   0.000000   0.032831
       14.7526 0   0.001366   0.001366   0.343702    0.050959   0.000000  -0.667002   0.000000   0.000000   0.000000   0.000000   0.024562
       14.4994 0   0.000036   0.000036   0.346434    0.043521   0.000000  -0.605885   0.000000   0.000000   0.000000   0.000000   0.029178
       14.3189 0   0.001347   0.001347   0.319293    0.027283   0.000826  -0.580377   0.000000   0.000000   0.000000   0.000000   0.031081
       14.5510 0   0.000007   0.000007   0.299632    0.074274   0.000000  -0.621020   0.000000   0.000000   0.000000   0.000000   0.029804
       14.6839 0   0.000640   0.000640   0.347151    0.034157   0.000000  -0.630579   0.000000  -0.013053  -0.005582   0.000000   0.031315
       14.7679 0   0.001565   0.001565   0.403472    0.039486   0.000000  -0.662916   0.000000   0.000000   0.000000   0.000000   0.029799
       14.7074 0   0.000857   0.000857   0.289006    0.057901   0.000000  -0.570406   0.000000   0.000000  -0.000000   0.000000   0.031665
       14.4628 0   0.000150   0.000150   0.325196    0.041650   0.000000  -0.577382   0.000000   0.000000  -0.000008   0.000000   0.031134
       14.4180 0   0.000395   0.000395   0.303587    0.044092   0.000000  -0.592202   0.000000   0.000000   0.000000   0.000000   0.031209
       14.5630 0   0.000023   0.000023   0.336242    0.051870   0.000000  -0.614972   0.000000   0.000000   0.000000   0.000000   0.025288
       14.7203 0   0.000990   0.000990   0.341838    0.054943   0.000000  -0.681741   0.000000   0.000000   0.000000   0.000000   0.025769
       14.6356 0   0.000292   0.000292   0.364428    0.046549   0.000000  -0.687771   0.000000   0.000000  -0.000000   0.000000   0.036993
       14.5541 0   0.000010   0.000010   0.347876    0.091424   0.000000  -0.650580   0.000000   0.000000   0.000000   0.000000   0.029685
       14.6244 0   0.000230   0.000230   0.336230    0.048560   0.009244  -0.599651   0.000000   0.000000   0.000000   0.000000   0.031067
       14.9489 0   0.004941   0.004941   0.344672    0.055517   0.000000  -0.625899   0.000000   0.000000   0.000000   0.000000   0.033656
       14.5793 0   0.000057   0.000057   0.394652    0.032449   0.000000  -0.657215   0.000000   0.000000   0.000000   0.000000   0.030736
       14.7223 0   0.001012   0.001012   0.308034    0.051835   0.000000  -0.644822   0.000000   0.000000   0.000000   0.000000   0.031665
       14.4603 0   0.000161   0.000161   0.327455    0.037619   0.000000  -0.714804   0.000885   0.000000   0.000000   0.000000   0.029285
       14.2989 0   0.001608   0.001608   0.318829    0.048845   0.000000  -0.694243   0.000000   0.000000   0.000000   0.000000   0.028794
       14.5083 0   0.000021   0.000021   0.330274    0.050275   0.000000  -0.728159   0.000000   0.000000   0.000000   0.000000   0.023103
       14.9556 0   0.005102   0.005102   0.336362    0.034085   0.000000  -0.718787   0.000000   0.000000  -0.000004   0.000000   0.029151
       14.7388 0   0.001198   0.001198   0.301415    0.039026   0.000000  -0.708280   0.000000   0.000000   0.000000   0.000000   0.026834
       14.7861 0   0.001819   0.001819   0.299960    0.058110   0.000000  -0.705314   0.000000   0.000000   0.000000   0.000000   0.025102
       14.4025 0   0.000506   0.000506   0.309811    0.043691   0.000000  -0.721079   0.000000   0.000000  -0.000001   0.000000   0.030108
       14.4410 0   0.000255   0.000255   0.362865    0.035839   0.000000  -0.739678   0.000000   0.000000   0.000000   0.000000   0.030163
       15.0343 0   0.007190   0.007190   0.319940    0.067338   0.000000  -0.691034   0.000907   0.000000  -0.000002   0.000000   0.036610
       14.3748 0   0.000740   0.000740   0.333321    0.043960   0.000000  -0.635605   0.000626   0.000000   0.000000   0.000000   0.033449
       14.4269 0   0.000337   0.000337   0.348620    0.043816   0.000000  -0.634100   0.000000   0.000000   0.000000   0.000000   0.027876
       14.8021 0   0.002058   0.002058   0.269691    0.037391   0.000000  -0.567942   0.000000   0.000000   0.000000   0.000000   0.030266
       14.5568 0   0.000014   0.000014   0.321163    0.050835   0.000000  -0.577786   0.000000   0.000000   0.000000   0.000000   0.032374
       14.5120 0   0.000015   0.000015   0.326590    0.069552   0.000000  -0.608503   0.000000   0.000000  -0.000379   0.000000   0.029512
       14.3727 0   0.000760   0.000760   0.324569    0.083691   0.000000  -0.636158   0.000000   0.000000  -0.000012   0.000000   0.029324
       14.7485 0   0.001315   0.001315   0.343102    0.031595   0.000000  -0.617143   0.000000   0.000000   0.000000   0.000000   0.034598
       14.4557 0   0.000181   0.000181   0.341716    0.068621   0.000000  -0.630641   0.000000   0.000000   0.000000   0.000000   0.032173
       14.7123 0   0.000906   0.000906   0.325051    0.041604   0.000000  -0.631548   0.002690   0.000000   0.000000   0.000000   0.025911
       14.8140 0   0.002246   0.002246   0.366152    0.050409   0.000000  -0.636718   0.000000   0.000000   0.000000   0.000000   0.025128
       14.4233 0   0.000360   0.000360   0.354335    0.042937   0.000000  -0.605560   0.000000   0.000000   0.000000   0.000000   0.028264
       14.3639 0   0.000844   0.000844   0.398571    0.058460   0.000000  -0.652750   0.000000   0.000000   0.000000   0.000000   0.029553
       14.7683 0   0.001571   0.001571   0.317253    0.041607   0.000000  -0.582803   0.000000   0.000000  -0.000093   0.000000   0.034055
       14.4420 0   0.000249   0.000249   0.325751    0.062706   0.000090  -0.609500   0.000000   0.000000   0.000000  -0.005870   0.039411
       14.1996 0   0.003245   0.003245   0.374345    0.032409   0.000000  -0.590445   0.000000   0.000000   0.000000   0.000000   0.028259
       14.6338 0   0.000281   0.000281   0.316905    0.053929   0.000000  -0.571532   0.000000   0.000000   0.000000   0.000000   0.034776
       14.4504 0   0.000206   0.000206   0.353164    0.031593   0.000000  -0.619685   0.000000   0.000000   0.000000   0.000000   0.033240
       14.5751 0   0.000046   0.000046   0.305578    0.043289   0.004157  -0.557173   0.000000   0.000000   0.000000   0.000000   0.027614
       14.5983 0   0.000115   0.000115   0.308218    0.052114   0.000000  -0.559611   0.000000   0.000000   0.000000   0.000000   0.031996
       14.4960 0   0.000044   0.000044   0.335623    0.045123   0.000000  -0.537532   0.000013   0.000000   0.000000   0.000000   0.029945
       14.6363 0   0.000296   0.000296   0.339857    0.039241   0.000000  -0.533332   0.000000   0.000000  -0.002521   0.000000   0.032762
       14.7717 0   0.001616   0.001616   0.340221    0.043103   0.000000  -0.558101   0.002647  -0.008615  -0.002323   0.000000   0.029003
       14.2924 0   0.001697   0.001697   0.374629    0.059689   0.000000  -0.577937   0.000000  -0.031925  -0.008201   0.000000   0.034381
       14.3793 0   0.000700   0.000700   0.328401    0.058307   0.000000  -0.587939   0.000000  -0.030004  -0.006823   0.000000   0.030661
       14.3538 0   0.000947   0.000947   0.358619    0.048879   0.000000  -0.620710   0.000000   0.000000   0.000000   0.000000   0.035980
       14.7973 0   0.001985   0.001985   0.334573    0.059070   0.000008  -0.617764   0.000000   0.000000   0.000000   0.000000   0.029790
       14.4903 0   0.000058   0.000058   0.329102    0.064071   0.000000  -0.580221   0.000000   0.000000   0.000000   0.000000   0.028891
       14.2239 0   0.002792   0.002792   0.406575    0.053246   0.000000  -0.636695   0.000000   0.000000   0.000000   0.000000   0.029301
       14.7084 0   0.000868   0.000868   0.308155    0.037544   0.000000  -0.566085   0.000000   0.000000  -0.000327   0.000000   0.032399
       14.7026 0   0.000811   0.000811   0.315376    0.045626   0.000000  -0.536254   0.000000   0.000000   0.000000   0.000000   0.029420
       14.5764 0   0.000050   0.000050   0.347270    0.044157   0.000000  -0.574357   0.000000   0.000000   0.000000   0.000000   0.025673
       14.7546 0   0.001391   0.001391   0.359034    0.034871   0.000000  -0.619133   0.000000   0.000000   0.000000   0.000000   0.034736
       14.6759 0   0.000572   0.000572   0.341016    0.045315   0.000000  -0.596991   0.000000   0.000000   0.000000   0.000000   0.033873
       14.8288 0   0.002490   0.002490   0.338089    0.047145   0.000055  -0.598428   0.000000  -0.000047   0.000000   0.000000   0.028990
       14.5867 0   0.000077   0.000077   0.303492    0.054095   0.000000  -0.601299   0.000000   0.000000   0.000000   0.000000   0.027972
       14.3096 0   0.001465   0.001465   0.317628    0.054225   0.000000  -0.636608   0.000000   0.000000   0.000000   0.000000   0.027261
       14.8093 0   0.002171   0.002171   0.316761    0.048276   0.000000  -0.620198   0.000000   0.000000   0.000000   0.000000   0.032381
       14.6081 0   0.000154   0.000154   0.357843    0.055494   0.000000  -0.699831   0.000000   0.000000   0.000000   0.000000   0.034778
       14.3595 0   0.000888   0.000888   0.312368    0.050871   0.000000  -0.735159   0.000000   0.000000   0.000000   0.000000   0.028700
       14.4603 0   0.000161   0.000161   0.309780    0.044491   0.000000  -0.701617   0.000000   0.000000   0.000000   0.000000   0.029528
       14.4501 0   0.000208   0.000208   0.310400    0.040225   0.000000  -0.680977   0.000000   0.000000   0.000000   0.000000   0.029032
       14.8324 0   0.002552   0.002552   0.318987    0.036434   0.000000  -0.733807   0.000000   0.000000   0.000000   0.000000   0.031727
       14.7127 0   0.000911   0.000911   0.334079    0.053735   0.000000  -0.721521   0.000000   0.000000  -0.000461   0.000000   0.033760
       14.5345 0   0.000000   0.000000   0.282540    0.063065   0.000000  -0.686374   0.000000   0.000000   0.000000   0.000000   0.025632
       14.5778 0   0.000053   0.000053   0.349741    0.069835   0.000000  -0.802861   0.000431   0.000000   0.000000   0.000000   0.030542
       14.3270 0   0.001248   0.001248   0.332699    0.050036   0.000000  -0.770167   0.000000   0.000000   0.000000   0.000000   0.028348
       14.5161 0   0.000010   0.000010   0.317364    0.043363   0.000000  -0.732689   0.000000   0.000000   0.000000   0.000000   0.027076
       14.6699 0   0.000525   0.000525   0.323407    0.088157   0.000000  -0.770365   0.000000   0.000000   0.000000   0.000000   0.027613
       14.3644 0   0.000840   0.000840   0.310329    0.076019   0.000000  -0.789130   0.000000   0.000000   0.000000   0.000000   0.030116
       14.6594 0   0.000447   0.000447   0.344173    0.055489   0.000000  -0.794467   0.000000   0.000000   0.000000   0.000000   0.031112
       14.7168 0   0.000953   0.000953   0.298544    0.038803   0.000000  -0.763881   0.000000   0.000000   0.000000   0.000000   0.027291
       14.6569 0   0.000429   0.000429   0.290369    0.050584   0.000000  -0.719829   0.000133   0.000000  -0.000000   0.000000   0.030200
       14.4272 0   0.000335   0.000335   0.310081    0.043189   0.000000  -0.747733   0.000000   0.000000  -0.000000   0.000000   0.026364
       14.7111 0   0.000894   0.000894   0.291999    0.046214   0.000000  -0.684393   0.000000   0.000000  -0.008686   0.000000   0.028768
       14.6748 0   0.000564   0.000564   0.321914    0.049674   0.000000  -0.738691   0.000000   0.000000   0.000000   0.000000   0.028880
