3.186285396583083e-255 
3.41850987665e-279 
1.639198601208167e-303 
4.966306901950372e-257 
8.860551399654012e-180 
2.883965808945366e-190 
2.2349611163029073e-176 
5.9680373158464294e-248 
6.273584698536662e-266 
6.701368577275446e-208 
5.103175355277512e-283 
1.9856734254910494e-286 
7.884959911829278e-281 
1.3016285712013788e-240 
5.815566875997169e-220 
2.325742401474225e-286 
3.3289227775099506e-263 
2.633541144231605e-258 
9.378892500906147e-275 
1.9509572288785966e-285 
5.894736817189255e-252 
8.591009713241546e-203 
9.266826178280024e-282 
4.2284496910464076e-238 
9.141630285897142e-211 
1.9964811660107584e-292 
4.561638530737218e-266 
1.5087211083500761e-214 
2.814870470706855e-204 
1.3188232425273488e-281 
6.406662730722684e-275 
0.0 
1.069375591301027e-182 
2.270897330147171e-214 
2.3457628231133193e-204 
4.199083202227517e-266 
4.112203999113096e-284 
6.295705140069612e-290 
9.585338569217663e-289 
3.3602890586807126e-269 
4.003825490535947e-272 
1.6047859027433457e-255 
2.4702264171745104e-254 
1.0362379708732304e-192 
5.080902013570102e-263 
0.0 
6.663718168988293e-272 
3.2814616137237885e-245 
1.6314931903338085e-115 
2.8586524737957203e-291 
1.5160570738886707e-297 
2.624116113644613e-297 
1.270251987775659e-299 
3.0134860878963064e-146 
1.829894896993666e-287 
6.064831853183685e-302 
1.6831253368194685e-307 
5.099694684281171e-247 
0.0 
8.37265771172231e-275 
4.927311732067627e-208 
9.97593612083733e-193 
0.0 
2.099317170829213e-180 
9.398345220121338e-250 
4.279829485900731e-268 
1.074783058579475e-294 
1.3101066172417092e-183 
3.917323377603529e-273 
1.5212030634534203e-215 
1.781285700179952e-242 
4.740593886724121e-306 
1.3393153726539973e-266 
1.9902374635925324e-205 
1.4714066689979912e-176 
3.473453544788118e-229 
3.3389404188889294e-168 
3.771200569233011e-188 
6.435892802183738e-172 
6.828243997955285e-283 
1.1388627195040786e-273 
9.151528918981412e-292 
0.0 
0.0 
1.707251426881196e-255 
6.395850774345587e-282 
0.0 
1.7599381210606748e-286 
3.465772562161625e-258 
3.099963810162738e-262 
6.192056114116166e-170 
1.986021466146148e-117 
1.3441854788073399e-225 
1.7867904473081927e-250 
3.372485039292122e-285 
1.912261925435581e-304 
3.2681454118798894e-263 
1.4745585398039162e-210 
4.035233432973468e-227 
1.9387912967642785e-227 
7.82105270849102e-167 
8.84999749076837e-283 
2.770623410298753e-251 
6.756305046401264e-250 
1.22820287952988e-164 
7.052408386071832e-263 
1.8713932650457043e-261 
1.526600773900613e-249 
1.3769005970463432e-279 
7.043089439241314e-305 
6.619102970932152e-288 
8.829157537704056e-290 
2.605658556069749e-294 
5.569084048417734e-299 
1.5090247866045077e-301 
4.4102164637395326e-294 
0.0 
1.334496763059966e-219 
4.959102967162312e-300 
8.04488924232693e-303 
1.749380591277023e-302 
1.0594739180947226e-234 
1.3292182750366447e-256 
0.0 
5.46714223008513e-255 
1.0979262680872772e-239 
8.741641516936721e-160 
1.727228118554504e-303 
3.78546689579829e-280 
6.1604218672295e-299 
1.71882281028419e-300 
3.082000610122545e-223 
2.8073958020388126e-275 
0.0 
2.0442079034390403e-242 
1.2471904570759175e-154 
4.217068014868054e-308 
2.087389414560157e-232 
2.843986934970533e-237 
8.912417932264583e-297 
2.4659565634394794e-300 
4.020100806872879e-289 
7.399668109508844e-296 
7.256832477896995e-243 
0.0 
7.395257498458662e-265 
0.0 
5.184467982328657e-218 
9.012141588361948e-280 
2.4455364824746336e-246 
1.2627254109464158e-275 
3.655814620031476e-294 
2.9160940787936746e-274 
4.116979242330486e-294 
5.932177206880847e-280 
6.1023818074231044e-285 
1.7576472318749408e-241 
6.89292778324313e-228 
7.385020821174037e-183 
2.5162212899069345e-247 
3.3646047474978593e-184 
2.2606093106617306e-225 
1.9286609011489744e-298 
1.775099556335769e-269 
4.880829346502661e-227 
6.470232448158977e-231 
1.2460031568428545e-251 
1.6797834251783098e-261 
2.8081339047564217e-280 
3.6861295721780434e-264 
2.0037194006001652e-253 
3.383444982129963e-292 
5.8086981432111625e-202 
1.517456303155724e-260 
0.0 
7.750121238444663e-279 
2.594910860270838e-285 
1.7576244705353346e-211 
3.3787822006658994e-279 
1.2769627254813647e-296 
0.0 
1.2782728668923532e-300 
1.4639174630645307e-266 
4.157712104042188e-222 
5.55767829759683e-201 
9.51877300284976e-165 
2.8806771048230547e-282 
5.443643282572552e-273 
3.717167519097034e-290 
5.513648334954046e-305 
4.2378276553895215e-252 
2.2285363228144863e-222 
7.627136552327042e-227 
2.9525233530635457e-191 
1.4454875296383678e-263 
9.747987659881682e-233 
2.5880268269060746e-268 
1.6763438147107613e-236 
1.215467465793574e-272 
0.0 
0.0 
1.4786218543126474e-308 
1.9086873985061871e-295 
1.8375535937900627e-206 
5.603822477918843e-215 
9.171856794220427e-308 
6.33190177886838e-302 
4.97667982791454e-239 
2.748195379274567e-288 
2.4482961191955107e-245 
1.2345404758816083e-205 
6.358910151116279e-224 
5.7012103444109914e-291 
2.3097842096644793e-282 
0.0 
2.09403158635394e-268 
7.022648700732854e-278 
6.562067288340321e-233 
2.308326450860448e-301 
1.6338406366236338e-259 
6.960363107538599e-289 
0.0 
7.200504469031468e-195 
1.4356881209558495e-239 
6.545297315012178e-281 
2.3382286188397672e-266 
1.7186472596266263e-286 
3.923599241753909e-303 
3.1797605313974726e-273 
4.620500410889074e-295 
1.3908732682578514e-226 
1.6780839219318522e-259 
6.07973926194305e-188 
2.958627588041918e-211 
1.921713207656423e-252 
5.465729525488602e-272 
1.3305274091425727e-264 
3.558950445543605e-246 
3.819474970784971e-185 
6.428612264430337e-279 
7.467635807054597e-261 
6.57087253401127e-262 
6.687823245316368e-291 
2.5216786861246314e-271 
1.0200249957017756e-262 
5.550128448912105e-302 
5.749910359834366e-272 
3.34877449952796e-247 
5.471212821606248e-236 
3.772040221733002e-270 
1.5318208475096972e-272 
2.140597268385189e-262 
3.4438945905849776e-220 
1.6946841599064972e-192 
0.0 
3.4333428706941425e-241 
6.982453826720493e-219 
3.797411326440713e-296 
5.353178197605026e-309 
2.0442326942540178e-278 
2.21875446966745e-309 
9.024413786068088e-286 
4.648323598595986e-283 
7.753470514732861e-301 
3.699144519803805e-277 
6.786808347792522e-295 
5.812522236772983e-269 
1.1010624783223472e-280 
1.73914688737785e-290 
5.805959611052031e-297 
2.4039587547124326e-242 
2.53456550059718e-216 
3.296709429427039e-216 
1.496592559196105e-192 
4.0631040639332143e-243 
2.321122731681899e-298 
0.0 
2.95556533804034e-274 
1.9910994324673848e-166 
6.473463009839893e-185 
3.5336607072838894e-184 
1.4744423475573292e-260 
1.2926449554203738e-296 
7.166612771597683e-242 
2.8943229214210803e-226 
1.6965396565576125e-193 
2.996475305072337e-201 
7.914408216217947e-270 
4.84856312774294e-290 
2.2195342975944936e-298 
5.982596082222954e-284 
3.402104667731718e-282 
7.726346643300731e-260 
1.242506987490414e-251 
1.9531630418890932e-290 
7.462437330774121e-230 
2.630655375660502e-305 
1.8361403559939762e-286 
1.9826534343113244e-269 
6.371473599422209e-248 
1.7147827799689412e-234 
0.0 
6.791563585140765e-277 
2.4927253513010477e-283 
9.727923658657422e-288 
1.5188211927844859e-152 
2.6822487620951115e-261 
0.0 
5.958734280292843e-250 
1.623020199870937e-171 
1.0895625097129537e-230 
3.3212259369442236e-196 
3.3342161180032857e-287 
5.992030613878181e-291 
2.343160281860617e-279 
6.598911532821019e-287 
8.602989309150274e-227 
4.881876138016265e-256 
1.3789146061675088e-281 
5.525528015455454e-259 
4.300176700928923e-292 
1.9404347415480832e-287 
1.0957947682352913e-303 
9.190663050273304e-287 
6.936098951528179e-274 
0.0 
8.576167108495916e-268 
1.755304223733935e-264 
1.80080064409928e-294 
1.1461620812997374e-264 
1.7900182866984414e-225 
1.5887233695872332e-297 
1.01954922145923e-302 
1.1267933738536253e-302 
4.6453981093423887e-240 
1.941603783011242e-297 
7.534879643387171e-262 
3.383106792204082e-221 
2.0907560422623286e-263 
9.088248164086967e-242 
2.619435016874575e-202 
5.1878591688724426e-244 
3.3341512645240925e-245 
1.1543874581590942e-289 
1.901479911227173e-289 
2.1680784132016187e-249 
1.898629085662722e-232 
5.234190077510134e-275 
9.993717373775768e-290 
0.0 
1.3685816729790516e-281 
1.911828623095992e-288 
2.779268483581808e-253 
2.528934203375053e-149 
4.717272307270911e-177 
2.1143855698853568e-191 
2.4978233262159393e-169 
2.5492182423222397e-187 
7.476854546999636e-164 
7.969345883292623e-259 
2.333671656968486e-294 
2.9257769210082976e-195 
3.1972838631950165e-273 
2.6268689452973164e-234 
6.868771826978431e-271 
1.524753838178447e-290 
2.9450161499798555e-213 
2.3833909236901173e-302 
0.0 
2.376984569548927e-302 
2.8711486479409528e-260 
0.0 
1.84492685036226e-246 
0.0 
0.0 
3.715894652116258e-268 
2.966428053929705e-286 
9.483053061339596e-291 
0.0 
0.0 
1.0686802256921687e-262 
4.747099324008336e-282 
9.809590633933476e-217 
2.3068903529243922e-299 
2.405921600316069e-288 
6.352082446451358e-284 
1.8922363759751974e-276 
1.4059972929990244e-296 
1.358306172343969e-265 
1.0571313497467961e-268 
1.9972521726975212e-258 
5.268406154878575e-233 
6.093957118494845e-283 
5.968706494387716e-207 
2.3679498371887976e-182 
1.0236852611229885e-286 
8.184983798282688e-289 
3.444642938769418e-277 
1.1979712325025228e-232 
6.47289197791149e-274 
4.5982316301026e-310 
8.263564817886068e-223 
4.4779280365638096e-182 
1.4764849620226508e-284 
5.543356227474168e-295 
2.645661340901727e-177 
9.34683595585352e-174 
2.1178106756053953e-230 
5.1685655141360265e-303 
6.118142276519296e-247 
9.426501831897799e-275 
2.559037587388218e-293 
0.0 
7.030518852989703e-265 
7.589061357642976e-223 
5.98338259334082e-278 
1.6302256587186157e-259 
2.2420924356823754e-200 
7.273173861862312e-229 
1.4418496001886427e-224 
9.582003809377213e-280 
0.0 
9.007907237544905e-289 
1.3916318367779327e-187 
9.040778849494888e-120 
2.7096610413106844e-192 
1.660459851337502e-216 
9.684146505114938e-233 
2.4314480514391108e-263 
1.4719979031231313e-192 
4.300132817132997e-133 
4.330785095281595e-202 
2.5395407342997518e-297 
2.044412170726489e-251 
1.885703740144752e-191 
2.0243635729181374e-233 
1.3059114401175383e-289 
1.3996753118123601e-207 
7.494243526728404e-221 
2.9685928617452642e-292 
6.227117371244128e-265 
1.3224087310075217e-292 
1.9713348102117527e-194 
3.532607051009419e-222 
1.1141985207954733e-230 
1.995675192701185e-244 
3.878363456701177e-269 
2.7904239574995267e-297 
0.0 
1.1891320523909404e-297 
0.0 
5.723722728608989e-281 
1.9471420822321333e-236 
1.6470873243629275e-233 
3.2655568682153365e-234 
2.585387913364047e-261 
2.1549807062116128e-148 
1.9560192116602777e-289 
7.551194042107004e-297 
6.654631500983222e-194 
1.4074721232728246e-299 
0.0 
2.3896468084537444e-263 
1.4134905799922738e-276 
7.542301540919204e-263 
0.0 
1.1104989899313787e-283 
1.1097329206814862e-289 
0.0 
2.2574388669501476e-268 
6.674855310961104e-235 
4.4034587343327246e-260 
1.7642837602222894e-206 
1.3416057236135386e-183 
1.2958803878039844e-255 
3.804456913559412e-288 
0.0 
0.0 
2.5046141563831504e-299 
4.2859447356822604e-283 
0.0 
5.523881434535139e-218 
3.5263946488060215e-244 
8.378172629154552e-247 
1.4480337197378156e-258 
1.804653358928798e-223 
8.626645470836953e-284 
6.331008200964695e-304 
3.3754298696319647e-249 
8.760742071007773e-268 
7.795933823034397e-251 
2.6526168967215015e-201 
3.2513803546099206e-115 
5.904115901272546e-242 
9.216766638609192e-260 
6.905391002029242e-212 
5.707891858186651e-307 
6.455226722497773e-277 
8.234974547158667e-276 
1.3303160140482901e-216 
1.887467277669827e-232 
2.5637566514144894e-241 
1.520082763869055e-212 
0.0 
2.407508259143222e-291 
1.8809863440399463e-264 
8.450416377759505e-253 
3.6545397119876555e-208 
1.102250971929237e-284 
4.781079807016147e-253 
5.419926675951872e-159 
9.992911826060394e-244 
2.832278830669325e-254 
1.6172468270860856e-243 
1.7851384329326336e-264 
2.094632060928496e-278 
2.06189972825918e-279 
4.088901685657154e-273 
6.338031640797893e-253 
1.6017947959348226e-304 
5.175681590173088e-237 
3.4801741900907394e-253 
2.3361126052105792e-240 
1.618991618002544e-277 
1.5696731365524625e-263 
1.7439585779818378e-259 
1.1663346124995728e-250 
1.8963270365174356e-282 
2.752875074806829e-280 
1.9388521245635986e-285 
0.0 
1.4332726459647701e-269 
3.8737685657075356e-292 
6.631523144151093e-285 
9.015330268357259e-293 
8.372920464945797e-220 
3.7507080474870614e-247 
6.3368446637702754e-276 
0.0 
1.2962426282426723e-301 
8.619040963490474e-246 
1.0179118815785083e-279 
1.1734861873469291e-264 
1.461612429167083e-277 
0.0 
1.1341513853463844e-210 
6.437730597704141e-219 
8.309651640364382e-305 
1.8775721067221076e-285 
7.62192927879376e-307 
3.47874925868429e-210 
1.6089747729831754e-273 
6.440935072925955e-302 
1.7173758971901968e-299 
4.5010282659470355e-267 
1.1017160854615865e-305 
2.4169856185883706e-269 
2.243860024428874e-292 
6.382880501108151e-271 
9.84525149437831e-251 
4.115801078819429e-272 
2.3018838459247794e-299 
1.311642339384094e-299 
1.3354567743058027e-270 
5.0488191160651566e-169 
4.862037519313897e-162 
0.0 
6.945680079053966e-238 
7.774613635758413e-246 
1.7060121092487338e-260 
3.951368919231447e-262 
0.0 
4.768208225490622e-292 
9.254631225236588e-275 
1.1500808434867121e-287 
6.60429238993885e-201 
3.1787517981661316e-273 
2.064262934303629e-286 
2.2184164435201885e-268 
3.8242893458193176e-297 
8.224282354359318e-286 
2.440515997281515e-309 
2.152319660392343e-290 
3.557574746866705e-232 
1.7790672409398322e-300 
0.0 
4.295584877151577e-293 
1.1940483970023007e-170 
7.159406298349731e-241 
5.345295390698588e-307 
1.0171432289505438e-285 
3.434955210857481e-268 
3.5526458856968437e-252 
8.716177898772909e-281 
8.27008158295657e-212 
3.849664135531095e-147 
7.404153808000088e-251 
6.104944246862276e-240 
9.048946841034016e-282 
1.1771780046680334e-269 
9.351911322798114e-281 
1.7178368762537514e-169 
8.960894156385309e-209 
7.655807375606515e-198 
0.0 
8.048382136625386e-260 
2.453456787864993e-233 
3.693356703452029e-194 
6.324175071863136e-230 
3.9864445865722367e-271 
5.153171325904548e-289 
1.846213686711828e-195 
1.8213917626202602e-275 
1.5394046656276794e-274 
2.3969103236076962e-296 
9.423832535013804e-232 
2.082602021683709e-290 
1.3827814793881743e-277 
7.396822069134279e-225 
1.294142890354517e-260 
5.639111697040943e-157 
5.802778011906549e-178 
1.5872863167278483e-201 
6.309874511929197e-248 
3.214749128128493e-172 
1.2112011562293763e-101 
9.51900998631536e-124 
4.466018879173227e-268 
2.1079963220186936e-291 
2.868088299983288e-276 
4.520128943347797e-207 
1.6153581732949896e-288 
3.4024498817338927e-292 
2.124415372441168e-275 
1.1970780660425072e-284 
1.8329160737553464e-221 
7.915720118546748e-209 
1.1957983372933114e-239 
1.6501043413319963e-258 
2.1058907910133953e-285 
2.79005411898841e-265 
3.3981688693417956e-301 
5.122010928110034e-303 
1.848759287549918e-277 
1.6447340856860316e-275 
0.0 
7.97616162373497e-290 
1.129008083783814e-279 
0.0 
1.1670739412395787e-273 
1.1797480994172613e-283 
1.7051460213410718e-302 
6.586824187517314e-254 
2.4351278170672204e-248 
9.994762368330837e-266 
1.0403215134469782e-249 
7.562784322579482e-247 
9.069595927647658e-260 
1.0294808906774515e-245 
1.7779175726943484e-289 
8.779727427032616e-219 
1.9728868028583577e-285 
5.163088074348795e-230 
1.9346809251850843e-275 
6.129721083965197e-290 
2.021729726212967e-173 
1.9377672947904594e-229 
6.6936786033712666e-217 
5.420979221697364e-259 
2.4188312025252894e-252 
6.160669191862296e-257 
3.9026095030250063e-283 
3.5914201564657287e-218 
9.811315981076774e-260 
1.4070122290662277e-199 
5.436651898606784e-228 
5.86469826334117e-290 
6.041788677996941e-242 
3.3667303610989493e-295 
8.697256957821585e-249 
1.938161645589221e-225 
3.5477376769154653e-81 
2.6209809677789797e-190 
6.4309280596055854e-245 
3.2295893222082477e-228 
2.3706403723622037e-307 
3.6192469497545422e-304 
1.2563389428281553e-269 
5.928867526878783e-282 
2.657859260565388e-272 
7.18854080808801e-309 
1.7761569463971621e-276 
1.759341710515438e-265 
1.052843609449158e-284 
3.100777039783982e-255 
9.362736948622483e-224 
1.413485777640976e-209 
3.870659390009895e-270 
0.0 
4.4123151717701e-306 
3.5438416286335294e-255 
