t = 1000000
b = 105 105 105
E = -0.284920903376926 -0.638413791355276 0.35349288797835
-8.44765241774599 -9.8669993066044 4.87395806811596 0.309012214923919 -0.645967873092954 -0.69802360845439 0.0475702340427915 -0.722527553992487 0.689703564261398 0.22957339446849 -0.571053898118229 -0.299389970855668 0.131291659857866 -0.0343062003736654 -0.104224175521516
-8.58025042875377 -10.4194338457857 5.05748646905649 0.721328027337196 -0.115286422772651 -0.682931122224049 0.322570723310201 -0.8166527889084 0.47856697632737 0.54787103750177 0.265162431759342 -0.347402845501377 0.103720507720352 -0.138822625656377 -0.238264315004235
-8.61662000833526 -10.9347804552006 5.09049450270074 0.948477878103571 0.251257992162265 -0.19302625759921 0.316446665263728 -0.781680779470105 0.537435267776757 -0.375053893962742 0.342616924787591 0.584522175084159 0.180617549950737 -0.125424131454832 0.418136226322634
-8.42775299007212 -11.4621484112555 5.03855832552627 0.819216473845038 0.512014075876158 0.258313675761679 0.379613706369187 -0.821769911572964 0.424956052280552 0.260565272798433 0.0372979305109372 0.163483945112601 0.134261001313212 -0.28108490002619 -0.0254407810213775
-8.02473058915661 -11.9414709498601 5.05142509503561 0.56444162620746 0.721012986560581 0.401927759448487 0.538510656420951 -0.690653642685174 0.482704691055231 -0.0722960732011984 0.348537868202878 -0.473409217825528 0.106694885797999 0.194059688158959 0.379540891123888
-7.74027426008144 -12.3242464456669 5.06860032596104 -0.233493173310447 0.556328670378789 0.797483133697365 0.427412608757638 -0.677949643631862 0.598082554982502 -0.238370879880434 -0.088998210466928 -0.267869152527616 0.397643007874542 0.367456699520811 0.0581200847019993
-8.35812509333431 -13.1190159572247 3.82142043511864 -0.894483412674652 -0.286225416985008 0.343474067611418 -0.375106003805413 0.898468582079946 -0.228144017945332 -0.11129533091197 0.151736645842568 -0.178892600201103 -0.0993060812938107 0.376957972559062 -0.17804897142811
-8.7212245298292 -13.869648375725 3.60015417329367 -0.518192405275942 -0.0749030323243697 -0.851977797165463 0.542259638729355 -0.79911417166214 -0.259559289669386 0.118936680517527 -0.0343544895815541 -0.331401050151135 -0.161077907978887 -0.365950483023232 -0.327563750907213
-8.53969207432729 -14.4225656545325 3.59355478616693 -0.318979986842692 0.284890751831095 -0.903929769127545 0.443688611127546 -0.79789838299336 -0.408042383548854 0.162398061927886 -0.0434856592465253 0.352671990806775 -0.159819071480673 0.141401654849484 0.2704638829634
-7.44784058193964 -15.1219391556583 3.27278543859891 0.795586338951683 -0.243938410613238 0.554559671361951 -0.488872633873254 -0.799140393168201 0.349825927936833 -0.0651827205692739 -0.0225575375771102 0.185493936059525 -0.164827303028586 0.686142979161354 -0.358846424880247
-7.59626097044772 -15.6850963917097 3.12533671130372 0.305853230795146 0.0488623019310803 0.950823998783347 -0.631592920121599 -0.736880750810716 0.241033487999014 -0.0925538291579437 0.237433449944735 -0.383669890824862 -0.0586132003574805 -0.539937280241368 0.30112492217075
-7.52365851168497 -16.1720731482686 3.27215093709877 -0.291151869902425 0.432151961802024 0.853507627712237 -0.495904572455532 -0.831114602336699 0.251648907806864 -0.156306184869407 0.238792093767819 -0.161518136890371 -0.439012223561696 0.241230440669917 0.295471352116414
-7.53760510035898 -16.9219396632588 2.03523389835013 -0.368031779331115 0.465458813243801 -0.804922792928722 0.871300781216398 -0.129603121111618 -0.473326504275816 0.315567392747101 -0.241508899582599 0.529585207737177 0.0424476238451484 -0.51031354320049 0.00636639663000259
-7.24337963071631 -17.1825376602849 1.68581705139108 -0.229254460804388 0.937033054522346 -0.263460522533828 0.840168492807126 0.0538257391260595 -0.539647749464118 0.300983278750562 -0.258246048138384 -0.42567072884374 0.192871976528852 -0.104953147906947 0.0440271350667614
-6.28845778051222 -17.4753552350365 1.03649503458406 0.741190497685939 0.536160337339817 -0.403941504185551 0.667023097751513 -0.65599382246348 0.353202904795137 0.530490380451056 -0.926000253210461 0.293444191720807 -0.39679742172573 -0.348400841201123 0.471340747002308
-5.91545480624188 -17.8939261425973 0.801967539487949 0.676628162776061 0.731742607870492 0.0820188098267708 0.729877672768378 -0.681237880149217 0.0565113567713319 -0.432585994724103 0.21167947544815 -0.23862022007268 -0.0534942080676787 -0.166330528862164 0.147655596751661
-6.19665544783634 -18.5800125359081 1.42175282430268 0.907241811376452 -0.267083172328183 0.324929030327362 0.394514912590905 0.272484099869357 -0.877559342188218 0.143248086073392 -0.731421261286232 0.156376094288209 -0.0429531055628285 0.586089118489897 0.00327610814114408
-6.00797759350462 -19.5014556075283 0.62990207046202 -0.798004748959898 -0.569605541426314 -0.196819581886132 0.180870702954571 0.0851652871182127 -0.979812565077047 -0.411299234315111 0.361510108191583 -0.352833466511582 -0.0941269624971899 -0.178086241609324 -0.614428611802626
-5.99730263032192 -19.8172621710392 0.223635920853758 -0.901480559794408 0.424722810804331 -0.0833266721734887 0.14683649151123 0.119008165875839 -0.981975611314041 0.143203157285735 -0.398619039374322 0.355025867713978 -0.197133401630622 -0.386158646132499 -0.284914945231321
-6.22790713435963 -19.9245198472794 -0.301077090802483 -0.267150318994039 0.954627851726489 0.131591685791455 0.139295293283977 0.173375200464687 -0.974955312377276 -0.207499890307596 0.28152278204664 0.343050151349708 0.0612999214737569 -0.507148657832179 0.496493191914032
-6.63564913759244 -20.7932915557213 -0.787051472600853 -0.427279625680505 -0.0128693425898352 -0.904027931813743 0.875482627776336 -0.25555255783339 -0.410150044065105 -0.463804462315487 0.200026820406709 0.220499830848004 -0.547951061473585 -0.100987358563709 0.252933684366519
-6.33845406787828 -21.1221411018684 -1.02102943465066 -0.146761150137651 0.739086103568457 -0.657429004777112 0.906190937174942 -0.166007935520061 -0.388920751215906 0.230994977903598 0.323870948726046 -0.026750474675162 0.192090688051465 -0.765028783539794 -0.116641625419604
-6.04310300199649 -21.2542454195925 -1.4357243209177 0.224800352952156 0.957920487140639 0.178474484531642 0.918367617855945 -0.147069152124174 -0.367384788698699 0.142514964886972 0.0840120125793347 -0.212470938873652 0.169969350444716 0.204254867902231 -0.57207949413903
-5.85305435210625 -22.5381139668142 -1.42129391051026 -0.335085158681482 -0.721826062468668 -0.605545268309764 0.733073400813433 -0.603480688749729 0.313710770178418 -0.114524219245097 -0.255187377883494 0.551077787967078 -0.376646740752134 -0.231482862872876 -0.443903152374449
-4.62604195636924 -22.6006138887749 -0.86377422308432 -0.11449415080393 -0.719840189596036 0.684632157347276 -0.243851995632664 -0.647714652497549 -0.721804636426015 0.632760927118956 -0.134051700163232 0.326731467154699 0.194030525126039 0.608484306667577 0.493377115733142
-4.36820718608942 -22.9344606629953 -1.0771521723277 -0.772548427080553 -0.4208516467917 0.475450122734295 -0.0494143720114323 -0.706672127962579 -0.705813518855703 -0.0184973069417875 -0.178012100652976 -0.514155214223309 -0.145935900890949 -0.342952873389785 -0.0982920021755483
-4.96394069092091 -1.74129931022149 12.712400778713 0.757914292451616 -0.195434642184522 0.622391537484069 -0.369828645554858 -0.914663744285074 0.163147196780579 -0.514578047687915 0.25245807244729 -0.213849540677481 -0.13757318855938 0.190121790216664 0.214317948007395
-5.0185932568698 -2.22263188657336 12.6490561695963 0.139623407039865 -0.0884190706302164 0.986249143044259 -0.442043552670362 -0.896816539461151 -0.0178211136456362 -0.0894251723360099 -0.546782100294391 -0.467763882012121 -0.433686714181809 -0.585552049776434 -0.131009833067762
-5.78812967164461 -2.61927642713141 11.9100693038622 -0.0779199392399113 -0.918032829560566 -0.388772693122893 0.980648671425628 -0.140827965550413 0.135998777016736 0.0296036588269916 -0.29183686884594 -0.0686707928249823 -0.12518320794161 -0.129794828967335 0.595941575813971
-6.76949999954028 -2.01550136137318 11.6987156085742 -0.172339136764474 0.497337306679585 -0.85026750221557 0.55676602278312 -0.662890793874166 -0.500587046647371 -0.510175374460792 0.517972130584219 0.0226049722594493 0.130062697828624 -0.0660658941558382 0.0482295031348688
-6.88663691053039 -2.40025615890905 11.3079490603664 0.669253646480654 0.265805833971278 -0.693863686396104 0.0706034202058818 -0.952348731179343 -0.296727233795973 -0.047066150669419 0.272748989715316 -0.0929067312763577 -0.013627087066848 -0.364396831695642 0.161338833283849
-7.07826612984825 -2.65823908952091 10.9317033611152 0.996804078269703 -0.0682846478514453 -0.0414588520432451 -0.0757407692819798 -0.972839092236277 -0.218740568906164 -0.0684342913842533 1.17412530614737 0.14408647697483 -0.43040028382885 -0.207716401380057 -0.449520014677685
-6.94886155214622 -3.23025502296083 10.8140393145906 0.982340830625462 0.124669793919504 0.13951320715309 0.144082116629946 -0.979755214823673 -0.138996628352162 0.0541574374999879 -0.188520484163143 -0.412662455783698 -0.379918005204265 -0.235226101251041 -0.157652564603136
-6.70669232780228 -3.49661795889344 10.5200184049944 0.551674880630737 -0.199384131759287 0.80987702404974 0.106198418084594 -0.946311512983437 -0.305313636104352 0.0729284587174661 0.11470857915712 -0.376015214813791 0.419536373574023 -0.102582112448398 -0.836394119036725
-6.46309744192965 -3.9731287277253 10.3136585648476 0.0803456200215652 -0.157552181639686 0.984236704966825 0.278179651908144 -0.944651527806502 -0.173924041687664 -0.641424359091138 0.0964778907923652 0.427836131023116 -0.167754567291725 -0.158396378215282 0.312813106551245
-7.40081789057786 -4.12890268115012 10.4276051943062 -0.144372668734517 0.7030486994681 0.696332577651403 0.706471095732792 0.565965275526811 -0.424949288494476 -0.0720162902902512 0.00888355855981707 -0.822771657186805 -0.021979211151184 -0.0632971756127827 -0.0311697717757116
-6.65313948078093 -5.10320533813254 9.9967306460798 0.653427010199168 0.653048466915771 0.382832655609824 0.159915647780057 -0.613401010315466 0.773412041630509 -0.490715918437945 0.216768820884891 0.0797585435698509 0.230315518601471 0.293817468273204 -0.00373194877368158
-6.81867267425135 -5.99628125742594 9.502332220028 0.935342913604076 0.287379500559391 -0.20626840918756 0.310398590723451 -0.387090376207105 0.868224484522667 0.306376411697567 -0.0705838883542765 0.198935348244673 -0.0816844520636215 0.244108062338341 0.347227528654582
-7.38172080982717 -6.38609562098641 9.41273183279192 -0.807106792616107 0.539468133033303 0.239901560550687 -0.432742478644368 -0.264119113182146 -0.861959999784522 -0.05655986476351 0.679214854370729 0.320135935785069 -0.118463775026662 0.303429956953562 -0.288719077465632
-7.79595968817478 -6.68037013417026 9.16152497916738 -0.503886352421471 0.858879054980272 0.091789502447036 -0.439231918455245 -0.163276843680775 -0.883411565538816 -0.274704603366814 -0.621828828838527 -0.114044261198418 0.298331292917577 0.064219768107339 -0.417925016461072
-8.24419682762817 -6.75624336591419 8.86333605400215 0.144775903779994 0.989422457699573 -0.00911799782905509 -0.464382194041052 0.0598071816390256 -0.883613195285167 -0.366619114657061 0.203931713780575 0.189937303995987 0.596406805629398 -0.0258858156727214 -0.14689204505333
-8.41743082974815 -7.60088903597026 7.68500261497005 0.178075277611375 -0.105844162889794 -0.978307829206049 0.87793363745096 -0.431943191704615 0.206537181573328 0.773145936808553 0.330449284488945 -0.318456185684059 -0.48292009197503 0.281870166788292 -0.532947658992289
-8.1260982273442 -7.92641659813185 7.52184191252095 0.800463354999305 0.512033717037234 -0.311576459188565 0.55950622649997 -0.82475597278623 0.082038819233088 -0.119932015073332 0.177307697417025 -0.22799517471304 -0.423283695711822 0.0709439508022766 -0.561643453831745
-7.95115639734058 -8.28348800312297 7.31435325394964 0.773975092663391 0.447407432840274 0.448095017798743 0.531343041714711 -0.843807791496929 -0.0752527941699006 -0.483913824284117 -0.428643054375427 0.514636009060161 0.186034390260135 -0.203640429655758 0.132588287718253
-7.50669751517722 -8.53778237343244 7.20204216364935 0.208870343314986 0.302782100243009 0.929890412605608 0.733136199586996 -0.677771186865451 0.0560136689580401 -0.197357983136011 0.773120943235408 0.512216492921648 -0.150359840944788 0.0276981170083749 -0.083095603311149
-7.70513172838159 -9.55685045001923 6.72981248134631 0.634071203947602 0.362985094774425 0.682785126739036 -0.196959157585814 -0.778044856821097 0.596534400531362 0.440455746291938 -0.183730406658612 0.464224439647244 -0.910293717540871 0.311642260434013 -0.145340740622651
-7.5577642891446 -10.096917830046 6.83424142307467 0.036770252630332 0.674025237435143 0.737792604884349 -0.128251489490863 -0.729003638292825 0.672387723563643 0.259631561190803 0.518446852755977 0.097704684957131 -0.261956294291217 0.0296671565195352 -0.0206792726693221
-7.52991715533651 -11.0857412074166 5.63442697912657 -0.168354460544397 -0.704882230465451 -0.689055742874953 -0.173864278329763 0.709308142478379 -0.68312017371382 0.491934925003186 -0.248717814907621 0.391120847160827 0.611956713907769 -0.395362150556516 0.510980578530966
-7.38697473941798 -10.8653371039122 5.21265111481078 -0.868986808647802 -0.47581339663842 -0.135880601910782 -0.284288476582598 0.704808765562172 -0.649942048239005 -0.261059149378382 -0.568822070791987 -0.27300116725506 0.0177516830306575 -0.488166039966631 -0.433090484206868
-7.52871656358786 -10.7565369844296 4.721850984831 -0.891651383850277 -0.155478428409487 0.425187332804471 -0.433902401021864 0.561467381007544 -0.704615559331542 0.386939151094919 -0.637985049668623 0.54556803924374 -0.297977058907426 -0.383763148125293 -0.0939863482304183
-7.71597331057079 -10.7186046327066 4.27924710877862 -0.675243247648805 0.407525849167712 0.614792028872251 -0.342717757776902 0.564724003215951 -0.750753846940568 -0.0938832567235155 0.242539612054807 0.0303688457129505 0.121476407786532 -0.260776020330034 0.244353933547495
-8.12689720872951 -10.6559526856965 4.0030204771488 -0.253997047741643 0.610831122823208 0.749913887809157 -0.420467974624043 0.6285097061645 -0.654356349073323 -0.375517484495572 0.62492253688067 -0.0225798200073901 -0.313660039335579 -0.60889193272031 -0.297928033892934
