        0.1434 26   0.002227   0.002227   0.356811    0.011449   0.000000  -1.051915   0.000000  -0.455232  -0.172689   0.000000   0.061308
        0.1750 25   0.006982   0.006982   0.279729    0.033719   0.000000  -1.128403   0.000000  -0.320658  -0.114994   0.000000   0.057228
        0.2747 25   0.011741   0.011741   0.329765    0.053946   0.000000  -1.081617   0.000000  -0.317523  -0.119627   0.000000   0.056603
        0.1911 25   0.026986   0.026986   0.349586    0.036335   0.000000  -1.135576   0.000000  -0.295391  -0.107166   0.000000   0.059491
        0.2158 25   0.040729   0.040729   0.349200    0.045180   0.000000  -1.122406   0.000000  -0.294670  -0.110395   0.000000   0.057488
        0.2327 25   0.057922   0.057922   0.334810    0.073938   0.000000  -1.120261   0.000000  -0.324898  -0.095694   0.000000   0.059640
        0.2631 24   0.076857   0.076857   0.299387    0.043102   0.000000  -1.103175   0.000000  -0.297014  -0.114858   0.000000   0.057248
        0.2514 26   0.103012   0.103012   0.349229    0.056243   0.000000  -1.087619   0.000000  -0.317090  -0.110786   0.000000   0.057099
        0.2792 24   0.128129   0.128129   0.293729    0.041886   0.000000  -1.084109   0.000000  -0.250666  -0.085135   0.000000   0.055788
        0.2247 26   0.167229   0.167229   0.338808    0.043631   0.000000  -1.070510   0.000000  -0.291616  -0.095621   0.000000   0.060317
        0.2721 25   0.195908   0.195908   0.351917    0.038302   0.000000  -1.063536   0.000000  -0.283335  -0.099544   0.000000   0.056560
        0.3439 26   0.222929   0.222929   0.341010    0.051496   0.000000  -1.045788   0.000000  -0.277959  -0.091512   0.000000   0.053681
        0.3030 25   0.271255   0.271255   0.335271    0.057505   0.000000  -1.091535   0.000000  -0.296833  -0.100258   0.000000   0.056535
        0.2996 26   0.317122   0.317122   0.338059    0.048534   0.002466  -1.084395   0.000000  -0.283119  -0.096420   0.000000   0.058905
        0.2436 26   0.377452   0.377452   0.322539    0.052709   0.000000  -1.063112   0.000000  -0.293987  -0.099714   0.000000   0.059312
        0.3770 25   0.401249   0.401249   0.312888    0.071782   0.000000  -1.071670   0.000000  -0.269604  -0.092719   0.000000   0.056895
        0.3490 25   0.462294   0.462294   0.343140    0.058154   0.000000  -1.061708   0.000000  -0.297145  -0.088238   0.000000   0.056203
        0.3492 25   0.520730   0.520730   0.321983    0.069998   0.000000  -1.092073   0.000000  -0.287481  -0.101620   0.000000   0.054095
        0.3598 26   0.579955   0.579955   0.327544    0.042373   0.000000  -1.075622   0.000000  -0.317532  -0.106754   0.000000   0.057228
        0.3628 26   0.644442   0.644442   0.329397    0.034042   0.000000  -1.087006   0.000000  -0.311650  -0.107006   0.000000   0.052899
        0.3967 25   0.703484   0.703484   0.372648    0.051129   0.000000  -1.098688   0.000000  -0.335601  -0.116121   0.000000   0.056357
        0.4670 26   0.754336   0.754336   0.307038    0.050073   0.000000  -1.068530   0.000000  -0.307247  -0.088322   0.000000   0.055052
        0.4774 25   0.825359   0.825359   0.312372    0.050152   0.000000  -1.032330   0.000000  -0.285313  -0.089624   0.000000   0.055201
        0.5023 26   0.894869   0.894869   0.318329    0.044832   0.000000  -1.026872   0.000000  -0.296875  -0.089854   0.000000   0.053411
        0.6670 22   0.921091   0.921091   0.335353    0.040307   0.000000  -0.983934   0.000000  -0.274033  -0.088380   0.000000   0.059917
        0.8041 22   0.956835   0.956835   0.281232    0.054706   0.000000  -0.917593   0.000000  -0.253576  -0.068525   0.000000   0.056888
        6.5766 7   0.001560   0.001560   0.599073    0.072474   0.004719  -0.494843   0.000119  -0.079007  -0.028017   0.000000   0.038833
        6.0909 5   0.026802   0.026802   0.380301    0.054299   0.000000  -0.416297   0.000000  -0.055236  -0.022394   0.000000   0.037394
        6.5268 6   0.017269   0.017269   0.356560    0.050625   0.000000  -0.430087   0.000000  -0.078330  -0.021967   0.000000   0.038251
        6.8146 6   0.015438   0.015438   0.325645    0.062970   0.000000  -0.441866   0.000638  -0.070592  -0.020910   0.000000   0.037337
        7.3833 6   0.004817   0.004817   0.363443    0.046469   0.000000  -0.406610   0.000000  -0.072754  -0.022215   0.000000   0.035827
        7.4023 4   0.011644   0.011644   0.317872    0.065053   0.000000  -0.456820   0.000000  -0.052160  -0.012819   0.000000   0.039248
        7.7433 5   0.008412   0.008412   0.323252    0.065655   0.000000  -0.463011   0.000000  -0.049154  -0.020785   0.000000   0.034816
        7.7002 4   0.019814   0.019814   0.328157    0.060428   0.000000  -0.475325   0.000000  -0.052596  -0.019674   0.000000   0.034913
        8.5212 3   0.001853   0.001853   0.337637    0.040298   0.000000  -0.434191   0.000000  -0.036748  -0.008645   0.000000   0.030371
        8.6209 4   0.004603   0.004603   0.364132    0.072500   0.000000  -0.454157   0.000000  -0.052730  -0.014325   0.000000   0.029840
        9.1516 3   0.000378   0.000378   0.350895    0.070131   0.002437  -0.430206   0.000000  -0.039493  -0.012322   0.000000   0.031622
        9.7330 1   0.001412   0.001412   0.358400    0.050159   0.000000  -0.492391   0.000000  -0.004044  -0.001560   0.000000   0.029621
        9.6633 0   0.000256   0.000256   0.339211    0.059211   0.000000  -0.468314   0.000000   0.000000   0.000000  -0.000020   0.032160
        9.9230 0   0.000185   0.000185   0.344365    0.041613   0.000000  -0.426209   0.000000   0.000000   0.000000   0.000000   0.028635
        9.9910 0   0.001916   0.001916   0.350606    0.057697   0.000000  -0.509748   0.000000   0.000000   0.000000   0.000000   0.028965
       10.5983 0   0.000311   0.000311   0.386109    0.038207   0.000666  -0.490161   0.000000   0.000000   0.000000   0.000000   0.028338
       10.8489 0   0.000341   0.000341   0.371574    0.074385   0.000000  -0.520580   0.000000   0.000000   0.000000   0.000000   0.035711
       10.8089 0   0.000903   0.000903   0.395066    0.056959   0.004377  -0.568416   0.000027   0.000000   0.000000   0.000000   0.034634
       11.1538 0   0.000174   0.000174   0.369700    0.038526   0.000000  -0.582790   0.000000   0.000000   0.000000   0.000000   0.026978
       11.3077 0   0.000829   0.000829   0.339741    0.063331   0.001509  -0.579379   0.000000   0.000000   0.000000   0.000000   0.027513
       11.8304 0   0.000333   0.000333   0.333283    0.046468   0.000434  -0.607797   0.000578   0.000000   0.000000   0.000000   0.029572
       11.7142 0   0.001867   0.001867   0.315874    0.057512   0.000000  -0.602643   0.000000   0.000000   0.000000   0.000000   0.026044
       12.2803 0   0.000126   0.000126   0.327644    0.043881   0.000000  -0.623991   0.001651   0.000000   0.000000   0.000000   0.033795
       12.3605 0   0.000286   0.000286   0.326883    0.048688   0.000000  -0.601857   0.000000   0.000000   0.000000   0.000000   0.030679
       12.7120 0   0.000001   0.000001   0.311534    0.057843   0.000000  -0.650211   0.000000   0.000000   0.000000   0.000000   0.022698
       12.5873 0   0.003823   0.003823   0.298546    0.035092   0.000005  -0.614934   0.000025   0.000000   0.000000  -0.012398   0.032066
       13.0752 0   0.000428   0.000428   0.319283    0.044004   0.000000  -0.630771   0.000000   0.000000   0.000000   0.000000   0.027019
       13.7731 0   0.003148   0.003148   0.285066    0.051191   0.000000  -0.690413   0.000000   0.000000  -0.000016   0.000000   0.026905
       13.7809 0   0.000247   0.000247   0.324915    0.032242   0.000000  -0.626369   0.000560   0.000000   0.000000   0.000000   0.023804
       13.6843 0   0.001800   0.001800   0.327589    0.068918   0.000000  -0.660583   0.000000   0.000000   0.000000   0.000000   0.035778
       14.2133 0   0.000032   0.000032   0.305554    0.058918   0.000000  -0.667719   0.000000   0.000000   0.000000   0.000000   0.024855
       14.4150 0   0.000003   0.000003   0.300174    0.041893   0.000000  -0.715259   0.000000  -0.000000  -0.000002   0.000000   0.032389
       14.3904 0   0.002273   0.002273   0.290570    0.036991   0.000000  -0.712018   0.000000   0.000000  -0.000000   0.000000   0.030187
       14.6633 0   0.001854   0.001854   0.316192    0.043128   0.000000  -0.759680   0.000000   0.000000   0.000000   0.000000   0.030351
       15.0419 0   0.000419   0.000419   0.324950    0.066269   0.000000  -0.741829   0.000000   0.000000   0.000000   0.000000   0.028069
       15.5938 0   0.000994   0.000994   0.314421    0.043889   0.000000  -0.736108   0.000000   0.000000   0.000000   0.000000   0.028071
       15.5036 0   0.000651   0.000651   0.355721    0.074492   0.000000  -0.779310   0.000000   0.000000   0.000000   0.000000   0.031737
       15.9796 0   0.000185   0.000185   0.396593    0.056999   0.000000  -0.799670   0.000000   0.000000  -0.000226   0.000000   0.026201
       16.3250 0   0.000932   0.000932   0.366336    0.038944   0.000000  -0.817945   0.000000   0.000000   0.000000   0.000000   0.028339
       16.0832 0   0.002732   0.002732   0.307667    0.073621   0.000000  -0.795136   0.000000   0.000000   0.000000   0.000000   0.028080
       16.3021 0   0.003229   0.003229   0.348053    0.057209   0.000000  -0.810647   0.000000   0.000000   0.000000   0.000000   0.028917
       16.8185 0   0.000117   0.000117   0.265389    0.039798   0.000000  -0.782616   0.000000   0.000000  -0.000645   0.000000   0.033976
       17.2675 0   0.000562   0.000562   0.291269    0.056183   0.000000  -0.813706   0.000000   0.000000   0.000000   0.000000   0.032501
       17.6610 0   0.002381   0.002381   0.339152    0.055931   0.000000  -0.891252   0.000000   0.000000   0.000000   0.000000   0.025259
       17.5178 0   0.000298   0.000298   0.301339    0.051135   0.000000  -0.818738   0.000000   0.000000   0.000000   0.000000   0.030713
       17.8306 0   0.000034   0.000034   0.320829    0.027912   0.000000  -0.802454   0.000000   0.000000   0.000000   0.000000   0.026611
       18.0943 0   0.000008   0.000008   0.322891    0.062344   0.000000  -0.799716   0.000000   0.000000  -0.000028   0.000000   0.027584
       18.1898 0   0.000801   0.000801   0.381997    0.059533   0.000000  -0.808468   0.000000   0.000000  -0.000000   0.000000   0.026728
       18.9368 0   0.003231   0.003231   0.360486    0.033743   0.000000  -0.773604   0.000000   0.000000   0.000000   0.000000   0.023147
       18.7528 0   0.000261   0.000261   0.324745    0.060989   0.000000  -0.739688   0.000000   0.000000  -0.000437   0.000000   0.029938
       18.8490 0   0.001725   0.001725   0.281884    0.040784   0.006893  -0.677474   0.000000   0.000000  -0.000032   0.000000   0.031361
       19.3134 0   0.000019   0.000019   0.333413    0.078075   0.000000  -0.741411   0.000000   0.000000   0.000000   0.000000   0.027435
       19.9209 0   0.003258   0.003258   0.331320    0.049362   0.000497  -0.705970   0.000000   0.000000  -0.000032   0.000000   0.032027
       19.5719 0   0.001930   0.001930   0.328878    0.056110   0.000000  -0.701595   0.000000   0.000000  -0.000000   0.000000   0.031339
       20.0429 0   0.000032   0.000032   0.300293    0.059800   0.000000  -0.664699   0.000000   0.000000   0.000000   0.000000   0.029834
       20.3740 0   0.000078   0.000078   0.330624    0.042167   0.000000  -0.671561   0.000000   0.000000   0.000000   0.000000   0.029939
       20.8185 0   0.001815   0.001815   0.324450    0.057787   0.000000  -0.715987   0.000000   0.000000   0.000000   0.000000   0.034981
       20.6387 0   0.000880   0.000880   0.319097    0.058681   0.000000  -0.701566   0.000000   0.000000  -0.001123  -0.000269   0.028660
       21.0667 0   0.000002   0.000002   0.305868    0.060215   0.000000  -0.693951   0.000000   0.000000   0.000000   0.000000   0.027281
       21.4064 0   0.000298   0.000298   0.336686    0.082170   0.000000  -0.705899   0.000000   0.000000   0.000000  -0.000009   0.025792
       21.5344 0   0.000007   0.000007   0.369963    0.054956   0.000000  -0.766456   0.000000   0.000000   0.000000   0.000000   0.029764
       21.8878 0   0.000242   0.000242   0.345395    0.042417   0.000000  -0.755232   0.000000   0.000000   0.000000   0.000000   0.035690
       22.0357 0   0.000001   0.000001   0.308519    0.067451   0.000000  -0.728417   0.000000   0.000000   0.000000   0.000000   0.029009
       22.0304 0   0.001906   0.001906   0.323313    0.046748   0.000000  -0.768073   0.000000   0.000000   0.000000   0.000000   0.027003
       22.7654 0   0.001556   0.001556   0.287284    0.076612   0.000000  -0.707125   0.000000   0.000000   0.000000   0.000000   0.029696
       22.9099 0   0.000496   0.000496   0.333668    0.043319   0.000000  -0.687695   0.000000   0.000000   0.000000  -0.004762   0.030790
       22.8905 0   0.000518   0.000518   0.321494    0.044758   0.000000  -0.664170   0.000000   0.000000   0.000000   0.000000   0.029698
       23.1204 0   0.000647   0.000647   0.354535    0.043250   0.000000  -0.678245   0.000000   0.000000   0.000000   0.000000   0.027626
       23.5889 0   0.000154   0.000154   0.377399    0.049911   0.000000  -0.662007   0.000000   0.000000   0.000000   0.000000   0.029280
       23.7713 0   0.000003   0.000003   0.353131    0.056952   0.000000  -0.628580   0.000000   0.000000  -0.000015   0.000000   0.031100
       23.9706 0   0.000039   0.000039   0.360776    0.067278   0.000000  -0.619785   0.000000   0.000000   0.000000   0.000000   0.025901
       24.2512 0   0.000000   0.000000   0.347339    0.051040   0.000000  -0.583174   0.000000   0.000000  -0.000009   0.000000   0.027970
       24.4971 0   0.000000   0.000000   0.308557    0.045159   0.000000  -0.519227   0.000000   0.000000   0.000000   0.000000   0.031325
       24.8906 0   0.000617   0.000617   0.336203    0.070429   0.000000  -0.546932   0.000000   0.000000   0.000000   0.000000   0.030444
       24.8778 0   0.000363   0.000363   0.357079    0.054678   0.000000  -0.549045   0.000000   0.000000   0.000000   0.000000   0.028029
