        0.1434 26   0.002227   0.002227   0.294518    0.011449   0.000000  -1.051915   0.000000  -0.455232  -0.172689   0.000000   0.061308
        0.2208 25   0.003728   0.003728   0.310664    0.040439   0.000000  -1.175370   0.000000  -0.320196  -0.106130   0.000000   0.058447
        0.2144 25   0.007945   0.007945   0.300374    0.042669   0.000000  -1.104807   0.000000  -0.324222  -0.121007   0.000000   0.056214
        0.2089 26   0.013708   0.013708   0.261554    0.046139   0.000000  -1.143364   0.000000  -0.322003  -0.108532   0.000000   0.058867
        0.1893 26   0.021729   0.021729   0.306750    0.046236   0.000000  -1.118927   0.000000  -0.327632  -0.117549   0.000000   0.057590
        0.2060 26   0.029442   0.029442   0.299376    0.057784   0.000000  -1.085258   0.000000  -0.332952  -0.124591   0.000000   0.056678
        0.1550 25   0.042949   0.042949   0.308773    0.042926   0.000000  -1.099472   0.000000  -0.325674  -0.115626   0.000000   0.059815
        0.2037 25   0.051067   0.051067   0.333778    0.058262   0.000000  -1.118684   0.000000  -0.335365  -0.118356   0.000000   0.057041
        0.2403 25   0.060896   0.060896   0.359883    0.047397   0.000000  -1.107342   0.000000  -0.313409  -0.114737   0.000000   0.057489
        0.1904 25   0.079661   0.079661   0.294031    0.068364   0.000000  -1.085615   0.000000  -0.309414  -0.097190   0.000000   0.058074
        0.1624 26   0.098593   0.098593   0.325071    0.045472   0.000000  -1.062339   0.000000  -0.312199  -0.118029   0.000000   0.056872
        0.2855 26   0.102465   0.102465   0.321320    0.045005   0.000000  -1.118383   0.000983  -0.308279  -0.111804   0.000000   0.057201
        0.2804 25   0.121078   0.121078   0.315627    0.046686   0.000000  -1.117328   0.000000  -0.316985  -0.103333   0.000000   0.057849
        0.2508 26   0.144392   0.144392   0.325434    0.057479   0.000000  -1.125728   0.000000  -0.339716  -0.112354   0.000000   0.058405
        0.2317 25   0.168302   0.168302   0.342366    0.036864   0.000000  -1.122391   0.000000  -0.284301  -0.103381   0.000000   0.058184
        0.3330 25   0.176434   0.176434   0.322681    0.039976   0.000000  -1.087424   0.000000  -0.280435  -0.110701   0.000000   0.058111
        0.2376 26   0.214594   0.214594   0.368357    0.055166   0.000000  -1.139372   0.000000  -0.305926  -0.105225   0.000000   0.057486
        0.3299 24   0.225208   0.225208   0.314118    0.039893   0.000000  -1.075639   0.000000  -0.283739  -0.100223   0.000000   0.058291
        0.3455 26   0.248922   0.248922   0.376470    0.075486   0.000000  -1.109198   0.000000  -0.328560  -0.106710   0.000000   0.058518
        0.3562 24   0.274687   0.274687   0.380558    0.047868   0.000130  -1.107705   0.000000  -0.300414  -0.109067   0.000000   0.058256
        0.3313 25   0.308397   0.308397   0.271624    0.037295   0.000000  -1.059735   0.000000  -0.263200  -0.088866   0.000000   0.055938
        0.4058 25   0.324538   0.324538   0.312797    0.061072   0.000000  -1.090764   0.000000  -0.301314  -0.104125   0.000000   0.057639
        0.3751 23   0.362293   0.362293   0.341276    0.037888   0.000000  -1.075010   0.000000  -0.267728  -0.100080   0.000000   0.056168
        0.4773 23   0.373988   0.373988   0.299994    0.061602   0.000000  -1.030109   0.000000  -0.280656  -0.100734   0.000000   0.057529
        0.5118 24   0.400289   0.400289   0.360981    0.049773   0.000000  -1.069936   0.004599  -0.300408  -0.097713   0.000000   0.058388
        0.4974 25   0.438422   0.438422   0.328796    0.066762   0.000000  -1.045518   0.000000  -0.290906  -0.090149   0.000000   0.058930
        0.5432 24   0.464266   0.464266   0.332075    0.048299   0.000000  -1.028968   0.000000  -0.311506  -0.108380   0.000000   0.056979
        3.0593 14   0.078978   0.078978   0.382752    0.065536   0.000000  -0.801167   0.000000  -0.191408  -0.066530   0.000000   0.051647
        3.8415 14   0.030687   0.030687   0.369062    0.057575   0.000000  -0.766930   0.000000  -0.174357  -0.059850   0.000000   0.044070
        3.9327 14   0.034854   0.034854   0.355721    0.058220   0.000071  -0.759914   0.000000  -0.174711  -0.065665   0.000000   0.044032
        3.9720 13   0.042856   0.042856   0.339071    0.040421   0.000000  -0.753740   0.000000  -0.155900  -0.062523   0.000000   0.041685
        5.0014 9   0.003503   0.003503   0.369367    0.045298   0.000000  -0.742106   0.000000  -0.097973  -0.042801   0.000000   0.040409
        5.0892 11   0.005080   0.005080   0.334216    0.072320   0.000000  -0.696457   0.000000  -0.136920  -0.041742   0.000000   0.037315
        5.2210 12   0.005761   0.005761   0.376193    0.058818   0.000000  -0.718310   0.000000  -0.136904  -0.050746   0.000000   0.039206
        5.0227 11   0.018655   0.018655   0.338178    0.056773   0.000000  -0.734396   0.000000  -0.140582  -0.043560   0.000000   0.040116
        5.7681 10   0.001368   0.001368   0.325458    0.054189   0.000000  -0.667549   0.000000  -0.140115  -0.047238   0.000000   0.037601
        5.8400 11   0.002680   0.002680   0.331388    0.062063   0.000000  -0.672182   0.000000  -0.128818  -0.040931   0.000000   0.040009
        5.4027 11   0.023422   0.023422   0.353235    0.039991   0.004028  -0.662139   0.000000  -0.128570  -0.055496   0.000000   0.041590
        5.7792 10   0.013482   0.013482   0.353813    0.060869   0.000000  -0.731425   0.000000  -0.118573  -0.049346   0.000000   0.039210
        6.0682 11   0.008839   0.008839   0.310999    0.057997   0.000000  -0.699196   0.000000  -0.132190  -0.048382   0.000000   0.037167
        6.2722 11   0.007462   0.007462   0.308953    0.050398   0.000000  -0.666685   0.000000  -0.133020  -0.045325   0.000000   0.037680
        6.1599 11   0.017546   0.017546   0.345950    0.062872   0.000000  -0.712680   0.000000  -0.131780  -0.047098   0.000000   0.039544
        6.2971 10   0.018540   0.018540   0.378243    0.046195   0.000000  -0.660770   0.000000  -0.121140  -0.042837   0.000000   0.036500
        6.8596 10   0.004573   0.004573   0.310193    0.054971   0.000000  -0.635793   0.000000  -0.114139  -0.036698   0.000000   0.035307
        6.8223 9   0.010193   0.010193   0.287387    0.058007   0.003188  -0.668197   0.000000  -0.106079  -0.038057   0.000000   0.038717
        6.6721 9   0.023552   0.023552   0.362207    0.064831   0.000000  -0.681149   0.000000  -0.100898  -0.041413   0.000000   0.034355
        6.9342 7   0.018485   0.018485   0.298964    0.047502   0.000000  -0.641065   0.000000  -0.078138  -0.026590   0.000000   0.034989
        7.5564 8   0.003281   0.003281   0.365956    0.061904   0.000000  -0.634488   0.000000  -0.098344  -0.032747   0.000000   0.035701
        7.5561 7   0.007113   0.007113   0.358384    0.039102   0.000342  -0.612717   0.000000  -0.079979  -0.029855   0.000000   0.033482
        7.6436 8   0.009310   0.009310   0.349767    0.044874   0.000000  -0.633012   0.000000  -0.104088  -0.031032   0.000000   0.031612
        8.2050 7   0.000791   0.000791   0.335198    0.044100   0.000000  -0.658708   0.000000  -0.081707  -0.031015   0.000000   0.039078
        8.0588 5   0.006395   0.006395   0.351248    0.040313   0.000000  -0.662690   0.000000  -0.084643  -0.032898   0.000000   0.035637
        8.1007 7   0.009971   0.009971   0.374659    0.041665   0.000000  -0.666441   0.000000  -0.086819  -0.029966   0.000000   0.033482
        8.1485 7   0.014098   0.014098   0.349213    0.060209   0.000000  -0.683913   0.001612  -0.086383  -0.025911   0.000000   0.033978
        8.4442 8   0.009124   0.009124   0.364088    0.055428   0.000000  -0.685399   0.000000  -0.102621  -0.031416   0.000000   0.032423
        8.6747 8   0.006950   0.006950   0.334903    0.033912   0.000000  -0.673543   0.000000  -0.095962  -0.024635   0.000000   0.030804
        8.7180 6   0.010613   0.010613   0.322062    0.032649   0.000000  -0.698244   0.000000  -0.081616  -0.030469   0.000000   0.033800
        9.1738 7   0.002767   0.002767   0.296293    0.050075   0.000000  -0.684373   0.000000  -0.082006  -0.029827   0.000000   0.030764
        9.2878 7   0.003629   0.003629   0.347028    0.038347   0.000000  -0.708522   0.000000  -0.081012  -0.031808   0.000000   0.029343
        8.9932 7   0.018850   0.018850   0.335426    0.039783   0.000000  -0.721416   0.000000  -0.083655  -0.026576   0.000000   0.033661
        9.7295 7   0.001540   0.001540   0.312734    0.052723   0.000000  -0.696744   0.000000  -0.069634  -0.025369   0.000000   0.029622
        9.7067 7   0.004916   0.004916   0.354192    0.056764   0.000000  -0.701917   0.000000  -0.080766  -0.029280   0.000000   0.029137
        9.9444 5   0.003219   0.003219   0.295001    0.072859   0.000000  -0.680074   0.000000  -0.046357  -0.020702   0.000000   0.029048
       10.1319 4   0.002694   0.002694   0.340258    0.043091   0.000000  -0.701507   0.000000  -0.056797  -0.024757   0.000000   0.031946
       10.2150 6   0.004198   0.004198   0.311739    0.057528   0.000000  -0.666831   0.000000  -0.076223  -0.024408   0.000000   0.026849
       10.4226 6   0.003196   0.003196   0.360168    0.079722   0.000000  -0.681268   0.000000  -0.078268  -0.021130   0.000000   0.026821
       10.5487 6   0.003859   0.003859   0.321143    0.069569   0.000000  -0.642020   0.000000  -0.070884  -0.023895   0.000000   0.028123
       10.7695 5   0.002665   0.002665   0.337947    0.059312   0.000000  -0.691161   0.000000  -0.057287  -0.022591   0.000000   0.027874
       10.5050 5   0.015262   0.015262   0.330805    0.049205   0.000000  -0.718873   0.000000  -0.058832  -0.023783   0.000000   0.028687
       10.9803 7   0.004875   0.004875   0.377672    0.048963   0.000000  -0.692411   0.000000  -0.092276  -0.030344   0.000000   0.030935
       10.7585 7   0.018088   0.018088   0.288914    0.060527   0.000000  -0.691818   0.000000  -0.080831  -0.028441   0.000000   0.031344
       11.2069 7   0.007283   0.007283   0.336917    0.064429   0.000000  -0.697673   0.000000  -0.086792  -0.022403   0.000000   0.025447
       11.7047 5   0.000773   0.000773   0.292689    0.043021   0.000301  -0.649878   0.000000  -0.061134  -0.021482   0.000000   0.025088
       12.0738 5   0.000062   0.000062   0.338984    0.045050   0.000000  -0.662859   0.000000  -0.071591  -0.021355   0.000000   0.024986
       11.4934 5   0.013852   0.013852   0.319114    0.056494   0.000000  -0.644817   0.000000  -0.059343  -0.017296   0.000000   0.025986
       12.0970 5   0.001778   0.001778   0.367637    0.046072   0.001558  -0.685193   0.000000  -0.046431  -0.014044   0.000000   0.024771
       12.4228 5   0.000192   0.000192   0.356746    0.035840   0.000000  -0.662421   0.000000  -0.050191  -0.017829   0.000000   0.026035
       12.2164 5   0.005761   0.005761   0.298235    0.058157   0.000000  -0.644149   0.000000  -0.055695  -0.019090   0.000000   0.023971
       12.2712 5   0.008761   0.008761   0.332720    0.050629   0.000000  -0.727646   0.000000  -0.067881  -0.018980   0.000000   0.027303
       12.4681 5   0.007595   0.007595   0.293663    0.057059   0.000000  -0.697695   0.000000  -0.067987  -0.019796   0.000000   0.025295
       12.6731 5   0.006297   0.006297   0.303620    0.081664   0.000000  -0.744400   0.000000  -0.051944  -0.016475   0.000000   0.024140
       12.8193 4   0.006644   0.006644   0.349684    0.034883   0.000000  -0.711722   0.000000  -0.049378  -0.017798   0.000000   0.024076
       12.8903 5   0.009306   0.009306   0.314553    0.064624   0.000000  -0.657715   0.000000  -0.057402  -0.018235   0.000000   0.024303
       13.0461 4   0.009408   0.009408   0.311175    0.039439   0.000000  -0.639287   0.000000  -0.041947  -0.007714   0.000000   0.022433
       13.1925 5   0.009827   0.009827   0.317038    0.049863   0.000000  -0.617751   0.000000  -0.057476  -0.022320   0.000000   0.023289
       13.2760 5   0.012534   0.012534   0.299643    0.055007   0.000000  -0.606822   0.000000  -0.053104  -0.016805   0.000000   0.024298
       14.0039 3   0.000235   0.000235   0.325584    0.051102   0.000000  -0.582272   0.000000  -0.034480  -0.011639   0.000000   0.023221
       14.1361 3   0.000395   0.000395   0.351848    0.057489   0.000000  -0.601486   0.000000  -0.026858  -0.009895   0.000000   0.022834
       14.1945 3   0.001367   0.001367   0.296644    0.055034   0.000002  -0.607627   0.000000  -0.026535  -0.010375   0.000000   0.021874
       14.3251 2   0.001746   0.001746   0.298433    0.037995   0.000000  -0.596861   0.000000  -0.023757  -0.003674   0.000000   0.022991
       14.3384 3   0.004426   0.004426   0.319469    0.046714   0.002033  -0.595940   0.000000  -0.030894  -0.007271   0.000000   0.024036
       14.5943 3   0.002507   0.002507   0.316224    0.057482   0.000000  -0.585364   0.000000  -0.035949  -0.010398   0.000000   0.021489
       14.5652 1   0.006726   0.006726   0.303843    0.044501   0.000000  -0.613847   0.000000  -0.010232  -0.005803   0.000000   0.021307
       15.0483 0   0.000727   0.000727   0.288184    0.048964   0.000000  -0.582489   0.000000   0.000000   0.000000   0.000000   0.024658
       15.4498 0   0.000202   0.000202   0.291568    0.045751   0.000339  -0.632501   0.000000   0.000000   0.000000   0.000000   0.028847
       16.0554 0   0.008112   0.008112   0.334041    0.040174   0.000002  -0.629154   0.000000   0.000000   0.000000  -0.000015   0.032890
       15.6491 0   0.000035   0.000035   0.350144    0.041084   0.000000  -0.606950   0.000000   0.000000   0.000000   0.000000   0.026497
       15.7583 0   0.000207   0.000207   0.347720    0.050087   0.000000  -0.653210   0.000000   0.000000   0.000000   0.000000   0.028722
       15.9299 0   0.000150   0.000150   0.308799    0.066151   0.000000  -0.579937   0.000000   0.000000   0.000000   0.000000   0.027585
       16.3564 0   0.001101   0.001101   0.328459    0.064235   0.000000  -0.552001   0.000000   0.000000  -0.000004   0.000000   0.026067
       16.3826 0   0.000113   0.000113   0.330388    0.052515   0.000000  -0.608124   0.000000   0.000000   0.000000   0.000000   0.031158
