0.999999238518982 
0.9999950550640044 
0.999991481900864 
0.9999981576034762 
0.9999982684781147 
0.9999913092869922 
0.999920635873653 
0.9999983590259625 
0.9999971308519181 
0.9999962559802305 
0.9999983673328765 
0.9999954073068148 
0.999998215951995 
0.9999980732895709 
0.9999938761451984 
0.9999799050358308 
0.9999961305038216 
0.9999965992193184 
0.9999987220763179 
0.9999947006264323 
0.9999934232904791 
0.9615230006619776 
0.9615353660843257 
0.9615305259011825 
0.9615279768090065 
0.9614943037498219 
0.9230641707652789 
0.6154165759047879 
0.538434657841915 
0.5460450704004567 
0.5384606170703425 
0.49205301812504015 
0.46153625873773324 
0.46153733658842006 
0.4613744625383815 
0.42289957153744717 
0.4230760857190611 
0.4230757924793224 
0.42307379088889835 
0.42307625399482585 
0.4230756650913896 
0.42307653053201655 
0.4230761808339047 
0.38461425649942166 
0.3846146575676105 
0.3846064369410772 
0.3247170385459141 
0.346153188639929 
0.30769198297744826 
0.30768890456107534 
0.3076902270817342 
0.2692306144098143 
0.26923026392407523 
0.3015640397821958 
0.30763278629442864 
0.307692099519672 
0.3461525158910054 
0.2692291203344859 
0.3076920028062822 
0.2692304264284242 
0.268383716816381 
0.2691334933770956 
0.30754999448670023 
0.23076911041291956 
0.2692258267427634 
0.23075404857385948 
0.2307656274680845 
0.2691985414555062 
0.2692279292690748 
0.2692303559256671 
0.26922862431483197 
0.26923034805894086 
0.19230730599278203 
0.19230739674684175 
0.1923073587015389 
0.19230726018371988 
0.19220153134212772 
0.19230138010730033 
0.19230744584479115 
0.19230680152296317 
0.1922981271243392 
0.1923070564666111 
0.19230756168088423 
0.1923060439910037 
0.19230672182648176 
0.1923052743182476 
0.11538279454470686 
0.11538443450573804 
0.1153807536069214 
0.11538451251245749 
0.11538258599727937 
0.11538450654363533 
0.11538372915294388 
5.277186194153931e-225 
1.0444460981211283e-245 
2.6892049453522744e-294 
0.0 
1.2778143693064872e-242 
5.525799810987043e-267 
5.21191893660096e-301 
0.0 
