2.19600220237081e-233 
0.0 
0.0 
3.0219380987400468e-263 
6.815425819691589e-302 
3.653902919500271e-262 
1.027874252415124e-219 
3.74230753254648e-287 
0.0 
0.0 
0.0 
7.360425700059491e-254 
6.893149798900313e-239 
8.349691534852855e-281 
0.0 
0.0 
0.0 
0.0 
1.734550556027551e-293 
3.0207863952543467e-239 
6.833186572211702e-258 
2.0953228540895756e-287 
1.9279438117319984e-255 
2.2058202024832332e-277 
2.0516652918262123e-300 
0.0 
3.702574596572833e-255 
3.7809035192026437e-262 
5.332677131137753e-270 
3.055008993923589e-281 
4.678696142810468e-177 
6.143803609220272e-304 
4.957990498686819e-292 
9.165413607574121e-289 
4.301077004750478e-227 
6.879031679515869e-286 
2.422452240369413e-299 
0.0 
0.0 
0.0 
0.0 
4.536307668309138e-293 
7.786075792177081e-187 
3.2971127436719283e-218 
5.366250417422525e-189 
0.0 
1.1882636701957405e-301 
7.1901773406036e-310 
1.6065423826742364e-291 
0.0 
0.0 
0.0 
0.0 
0.0 
1.625302490112024e-294 
0.0 
0.0 
3.9329414851679167e-308 
1.4961089122630951e-289 
2.6374667628529567e-146 
2.9965817865636986e-263 
0.0 
0.0 
0.0 
9.928040552411412e-259 
4.2899639385705554e-272 
2.5407249574392307e-236 
5.029272811590346e-139 
3.568268756230982e-241 
0.0 
2.8311296788215864e-307 
0.0 
1.2605968068343367e-307 
8.6949862742261e-310 
0.0 
1.40877887736977e-309 
0.0 
3.788505978240524e-297 
2.282316124221844e-296 
0.0 
0.0 
3.976290269695764e-254 
0.0 
0.0 
0.0 
8.92490996217108e-310 
0.0 
0.0 
2.1651785860103668e-256 
2.3694770863604796e-278 
4.771947155406764e-295 
3.4862481638137332e-307 
7.00235056426823e-309 
0.0 
0.0 
1.8970583791409346e-209 
0.0 
1.091866439753297e-298 
2.1565677767274437e-243 
1.696065519235053e-301 
0.0 
9.035529204453282e-294 
2.9455027606945184e-221 
5.16573841407299e-285 
0.0 
0.0 
0.0 
2.505552978490616e-306 
2.8422501140101268e-266 
1.172624816643264e-292 
0.0 
0.0 
9.65436456297606e-295 
0.0 
3.1733087421650384e-225 
0.0 
5.891132500963931e-242 
1.963781712180827e-268 
1.4955912074514683e-306 
6.01819070337348e-310 
1.0867105312862981e-287 
0.0 
0.0 
9.836824859415727e-298 
0.0 
0.0 
0.0 
0.0 
0.0 
8.217503943228599e-295 
7.045902424255285e-306 
2.48208395960021e-256 
1.0212598487631632e-258 
2.020955938768314e-284 
5.77351918537803e-228 
5.070923252501459e-187 
1.740033105826058e-268 
0.0 
0.0 
9.414540671286258e-261 
0.0 
2.7371147459978116e-302 
6.954692611054337e-305 
1.017662879218199e-308 
2.3112026833645356e-282 
0.0 
0.0 
2.3785456441665457e-295 
0.0 
0.0 
1.481881567692063e-306 
1.04820624925804e-124 
7.631511463440293e-299 
0.0 
2.3911120968818556e-240 
1.8324940374722165e-273 
1.4647344784253638e-235 
4.294964380395813e-282 
7.688920912444924e-297 
3.903132401773656e-307 
5.744046753886499e-293 
0.0 
3.86666945479407e-286 
1.6482156111751922e-264 
2.245489324042467e-230 
9.20343168296656e-306 
0.0 
0.0 
0.0 
3.366898636551861e-306 
3.012872500360585e-290 
8.896760638571978e-284 
1.5538030915115823e-285 
0.0 
6.502975224755492e-261 
1.5387348501256888e-255 
8.825742914455962e-288 
6.673668346913471e-284 
5.830998211003493e-306 
1.8155445697957411e-301 
9.754020558010177e-285 
7.461080188837869e-236 
4.248423281073785e-263 
2.4817592680390332e-210 
2.240184951701112e-274 
0.0 
2.2680239700785893e-300 
5.8636402726443805e-273 
0.0 
0.0 
0.0 
2.6080698412666945e-308 
3.5928297644237053e-172 
5.422629314771112e-279 
2.752574236971954e-291 
0.0 
2.14166053356835e-309 
0.0 
0.0 
2.4027573001277617e-255 
0.0 
0.0 
0.0 
1.2165890026472349e-301 
1.7161033200937285e-308 
1.24003329890311e-255 
0.0 
0.0 
1.8403405466792438e-307 
0.0 
1.25417567071421e-269 
0.0 
0.0 
0.0 
1.5289423546012169e-299 
1.352375003549492e-263 
3.6024001496925543e-196 
9.58685328253392e-305 
3.2545749586008026e-288 
9.575122609208883e-301 
0.0 
0.0 
0.0 
0.0 
4.889586724459401e-276 
6.831947910106884e-297 
1.8773079396929743e-187 
4.285105571539896e-260 
5.285163069801249e-231 
0.0 
2.66068585764466e-274 
0.0 
7.611979067256148e-301 
0.0 
0.0 
0.0 
1.8001848076066303e-265 
0.0 
0.0 
8.46788517537953e-303 
1.564992804951878e-265 
4.625192594486968e-246 
0.0 
0.0 
5.847336513063507e-296 
0.0 
0.0 
4.1013772907122565e-289 
0.0 
0.0 
1.3195569053772548e-232 
0.0 
0.0 
5.786079716022419e-289 
2.0180288239149822e-209 
1.7626964629488366e-257 
7.623528474659224e-249 
0.0 
0.0 
0.0 
0.0 
2.8984025077763814e-245 
5.27701605428851e-237 
1.728170514601131e-262 
0.0 
0.0 
0.0 
2.3497068979145332e-271 
0.0 
2.1184607114362488e-306 
0.0 
4.2300437627821775e-243 
2.2092513016517482e-271 
0.0 
3.9542234381801555e-294 
3.14324731713933e-309 
0.0 
0.0 
2.902885429371667e-281 
5.146514566417835e-301 
0.0 
0.0 
1.9631635270896488e-296 
1.6881103524874813e-307 
0.0 
1.3123998404743927e-307 
1.3112762905462428e-287 
0.0 
4.581362066215162e-271 
1.002742525721454e-260 
1.2835680048895441e-259 
8.732480283754492e-267 
0.0 
0.0 
1.99574429068554e-285 
2.61855000085316e-310 
1.8080399544706945e-236 
1.1101418011808127e-247 
2.20854328237174e-273 
4.31223494339659e-264 
3.3525764778158766e-306 
0.0 
1.4000913993644264e-273 
3.5669068399609945e-222 
0.0 
1.3283670296616856e-232 
2.7911219757038028e-297 
9.269477034896858e-263 
4.880911125031229e-246 
3.6569820248400823e-275 
5.893877291740925e-302 
4.7495570255445534e-250 
2.821420425837626e-202 
3.0265166321925027e-295 
2.5635328830980917e-268 
6.499832258110681e-287 
2.0525249398382965e-286 
1.6736418320739363e-272 
2.4838303310642264e-278 
0.0 
7.15646737908428e-309 
0.0 
8.997746640760212e-290 
0.0 
4.891800501146622e-263 
1.1034652976678896e-178 
1.0563992790458827e-254 
1.967740422259088e-242 
0.0 
1.315623505094113e-268 
6.055822546394978e-210 
7.545480533797415e-242 
4.3858088148722385e-234 
1.8123928700697143e-216 
6.209346659547232e-301 
0.0 
9.857726317568229e-200 
0.0 
1.976227485092196e-249 
1.2275015275697496e-283 
2.4959082291225946e-283 
0.0 
0.0 
3.0482091741127236e-251 
3.7546927517914494e-293 
2.1694810512011227e-170 
1.8625781739134755e-264 
0.0 
1.3328814988465913e-288 
1.25848069542367e-309 
0.0 
8.961961576819387e-294 
5.00181079742497e-309 
8.718102135870796e-306 
0.0 
0.0 
1.0341026674202498e-296 
1.4753584918142411e-298 
4.0842379607905667e-305 
0.0 
0.0 
4.442019384480445e-291 
2.9432714531416e-305 
1.0775361215385556e-202 
1.6075811513966736e-307 
0.0 
0.0 
1.16518130337223e-309 
0.0 
1.724003859607451e-245 
0.0 
0.0 
0.0 
0.0 
0.0 
0.0 
2.822607502466269e-297 
0.0 
0.0 
4.002269742572366e-273 
5.901429178515481e-268 
3.727322472808961e-300 
0.0 
0.0 
2.292317238172084e-307 
0.0 
1.830908692572482e-289 
6.443966344936958e-259 
8.030444637126236e-285 
5.709286419479834e-244 
3.607313116151262e-208 
1.1669664878941414e-251 
0.0 
0.0 
1.8997977057831744e-306 
1.2365738277954884e-270 
3.612723880851015e-281 
0.0 
0.0 
0.0 
1.4424291387605847e-238 
2.72165183577105e-310 
1.0256750446345962e-158 
7.208440836093593e-263 
3.0669608326888023e-208 
2.1761080744168545e-293 
6.450550533169158e-261 
0.0 
7.706894481909956e-238 
2.681591737630797e-273 
0.0 
1.6111596291198998e-272 
0.0 
0.0 
2.4396895850833836e-246 
0.0 
8.720908076931519e-251 
1.6765808774496256e-289 
0.0 
4.933316961334827e-265 
3.419848049578949e-256 
4.6143086452000474e-253 
1.7169219658481978e-247 
2.5476918702793102e-291 
0.0 
8.582610080947264e-300 
0.0 
8.696132524084524e-238 
0.0 
0.0 
0.0 
3.060463597022864e-237 
2.670917857170216e-291 
5.658228355196233e-279 
4.1678893643550903e-277 
0.0 
0.0 
1.5489872248030788e-243 
3.186262143258548e-304 
2.9912862797917786e-164 
5.549597654765078e-286 
0.0 
0.0 
0.0 
0.0 
0.0 
0.0 
9.473547785793616e-308 
7.114189577282308e-304 
2.629968601830151e-258 
1.032270575116499e-211 
3.5052061039590733e-208 
5.070884324774477e-299 
0.0 
0.0 
0.0 
0.0 
1.1480288093781417e-265 
1.2155854043775244e-279 
0.0 
1.8960035829845235e-306 
0.0 
0.0 
4.125302719377441e-254 
0.0 
0.0 
0.0 
7.564657847743596e-281 
9.688511159875698e-274 
0.0 
0.0 
0.0 
0.0 
0.0 
4.034456333399324e-290 
0.0 
0.0 
1.4538803810436731e-269 
3.661268158534195e-198 
0.0 
1.7563477215102245e-248 
1.1764190406864067e-275 
2.0511899826254845e-186 
3.812116576931661e-277 
1.1572451534775465e-303 
6.773306303990275e-268 
0.0 
0.0 
7.106728505920098e-305 
0.0 
1.03974946864769e-309 
4.482714326381502e-256 
0.0 
0.0 
7.572897580362296e-308 
3.120710327046563e-255 
1.404342112651939e-283 
0.0 
7.292791431968759e-290 
5.2195868549348775e-245 
0.0 
0.0 
3.492048952288147e-176 
1.9796399881755008e-192 
1.571350077066664e-192 
4.0515790566339987e-212 
1.4165247165421197e-272 
0.0 
1.4804382674997815e-267 
6.636673597134819e-305 
0.0 
1.7126558155108273e-272 
0.0 
0.0 
0.0 
2.9896608052960794e-302 
1.9489861817901537e-262 
0.0 
7.173367776318867e-307 
1.0077669356286996e-216 
0.0 
1.5820796391959714e-280 
0.0 
0.0 
4.992116751402577e-302 
5.6738361163911e-258 
0.0 
1.593052559121464e-291 
2.073138889825493e-254 
1.5324070869151684e-291 
0.0 
0.0 
2.512249388649724e-291 
0.0 
5.145302586174467e-221 
0.0 
1.5606473159736546e-294 
5.808826471579146e-289 
2.453515336678064e-175 
2.6950514977762665e-260 
0.0 
2.5295812609739166e-287 
3.1873221098966645e-244 
1.3449674476384119e-267 
0.0 
2.112322035956071e-243 
5.807831806191052e-189 
9.32521682861877e-239 
0.0 
2.262908130231221e-295 
1.5473036623172163e-255 
0.0 
3.663721359730744e-126 
1.9536470490434507e-292 
0.0 
0.0 
2.255151876879122e-182 
7.877594688425766e-236 
6.342292997952507e-286 
1.8044302379480267e-262 
1.9399102773307908e-234 
1.0564837109092764e-296 
2.3645312864636987e-298 
2.7794137952837874e-280 
4.729380241822201e-293 
1.2665887189496765e-264 
1.2764012280699112e-293 
0.0 
4.1566637904136566e-265 
6.861569327712081e-241 
1.1144887964339332e-285 
7.144788208718997e-192 
3.988817211407552e-260 
6.465799969498418e-296 
1.468959713140446e-278 
3.772604072672586e-258 
0.0 
0.0 
0.0 
0.0 
0.0 
7.228255927319531e-298 
0.0 
1.5188980308649423e-298 
8.847644840202091e-269 
0.0 
1.2793319395843337e-305 
8.079389684438634e-294 
0.0 
0.0 
0.0 
0.0 
1.0701244276909385e-279 
2.2686982214947554e-261 
0.0 
1.4773993333514722e-298 
0.0 
1.3727893179563385e-308 
0.0 
0.0 
2.539312521789781e-229 
9.524677523737956e-155 
3.643298645908668e-285 
4.29141436550523e-254 
7.610073822527374e-287 
3.1240213793064274e-298 
0.0 
0.0 
1.1399801783387152e-253 
1.0545715829650226e-300 
0.0 
1.2077291509475931e-273 
1.1963330328413893e-297 
4.532150860019311e-287 
1.4822536315233908e-302 
1.311903952947046e-216 
7.03537543888846e-293 
3.1652642467525215e-308 
0.0 
0.0 
5.9563776218690455e-266 
0.0 
0.0 
2.570343008224862e-307 
0.0 
0.0 
1.5709819777262037e-270 
2.2192581618274626e-179 
4.25016671877344e-280 
3.564926582415407e-287 
6.611061236563117e-258 
1.903907221528782e-252 
1.9676600604358167e-288 
8.290810774270587e-302 
0.0 
3.729994993538828e-226 
0.0 
9.974689989507231e-291 
0.0 
1.2505257885734839e-270 
5.883207631220511e-244 
0.0 
2.598672196260775e-278 
0.0 
1.2029949604663132e-222 
1.8716564373937842e-200 
2.2467465777958142e-288 
7.784084680807935e-288 
9.126718725192817e-277 
0.0 
0.0 
3.962746665668327e-301 
0.0 
0.0 
0.0 
1.972502586997259e-295 
1.7191364000463747e-228 
1.0780081613926292e-258 
1.2482439469095183e-296 
0.0 
0.0 
0.0 
1.6480220716545395e-307 
0.0 
3.4132216460902e-310 
0.0 
6.4764642396820795e-282 
0.0 
0.0 
2.918535093982101e-258 
3.7639040830608735e-298 
0.0 
0.0 
0.0 
0.0 
2.5739803391801045e-266 
0.0 
0.0 
0.0 
2.648694478042683e-252 
2.5310319844100743e-300 
0.0 
0.0 
0.0 
2.6981238992265613e-249 
0.0 
0.0 
2.79390989704493e-310 
6.051055336751584e-226 
7.632934888462397e-259 
5.711086091547301e-288 
3.9279487048611665e-219 
1.3984494573989773e-303 
0.0 
3.1158903519222993e-251 
1.1558866427795324e-274 
1.969789158604601e-307 
2.9612309648304203e-268 
2.925007843463563e-299 
1.8867559798923505e-189 
3.213685614363091e-304 
