t = 7000000
b = 105 105 105
E = -0.270673404810251 -0.608091385636925 0.337417980826674
-16.8624986288443 -30.3174329796412 2.99758344420233 -0.643131643896048 0.762875327011357 -0.0663545330520611 -0.702915100116079 -0.62251085072177 -0.344079355326885 0.354205269326395 -0.0508261624409353 0.474379282742983 -0.65769152279476 0.00647872782356141 0.108966431026096
-17.2567169575665 -30.4914380653197 3.14950249235889 -0.259744544226848 0.550138392407725 -0.793650125019632 -0.610626555986259 -0.730261773212692 -0.306354291154052 0.81630178684175 -0.487595421405832 0.177473261263516 0.150518128271442 -0.0834963413222544 0.579683868648089
-17.7852091649646 -30.6309007386983 3.02941541553754 0.436745912707625 0.196929723559384 -0.87776516888754 -0.5511053008214 -0.712633326565604 -0.434092950040298 0.741646960404144 -0.0684408846468079 0.172028830367037 0.404865570638189 0.0173163203484989 -0.0797030706901172
-18.8896484701556 -30.9856423643398 3.50750797336593 -0.485127129473875 -0.870886391735785 0.0787944219970548 -0.469982547268274 0.335664892416223 0.816361124296808 -0.230549209979623 -0.272096075804135 -0.340969455759974 -0.262301842105639 -0.309096726765085 -0.018934566672176
-18.3842141970701 -31.4393468050253 4.65887964783515 -0.246421248424118 -0.175107116702163 0.953212497822844 -0.641026601284869 -0.708220875379248 -0.295817660260843 -0.206298471598178 -0.28252135338005 0.15598056485763 0.235882227026072 0.157535623381299 0.627284303929257
-18.6155318160625 -31.8439552459396 4.6792396743707 -0.547985679568207 0.541580579383711 0.63749680079338 -0.824886524594266 -0.476356943379872 -0.304378520983592 -0.649193345410779 0.0731366703389715 0.472060203276931 0.409727046288639 -0.52346003492522 -0.10974681446978
-18.9198836054767 -32.1817996021001 4.76626362329084 -0.544347626827767 0.836111127580705 -0.0678516285944279 -0.817959414213023 -0.546988970272834 -0.178172565510313 0.00832183426210053 -0.540187289194904 0.881739236808191 0.87514292993611 -0.0373720994198879 -0.20761900475666
-19.4258830345604 -32.4419188877168 4.90905791791766 -0.19068535085088 0.916180111742719 -0.352495531628736 -0.952781497237683 -0.259178182473958 -0.158221642803228 -0.434237763171524 -0.110616650146448 -0.173904620529065 -0.231600517740766 -0.0789212469444883 -0.512670635309454
-19.7951347213063 -32.5091397069619 5.12150070653924 0.114152633312466 0.355932344175943 -0.927513526951094 -0.859155305683968 -0.43340182083632 -0.272057020513543 0.094680328304225 0.279225614890931 0.0474735571051739 0.0113194326637478 0.168269359209603 0.268978245040094
-19.6970355791718 -33.0590887026525 6.14923628336681 0.569255289661764 -0.670983879581386 0.475109512148627 0.469464430232436 -0.209122339896831 -0.857829234581295 0.11954655826713 0.000951885871789001 0.126894812131392 -0.468766060645245 0.480948102144927 0.389103707244028
-19.7771676516372 -32.5791063604905 7.0218691610937 -0.470140897469163 0.864511701826749 0.17772747095254 -0.873044157658248 -0.485067377199971 0.0500353710353413 0.0673637481244641 -0.468589389634383 0.246642576205348 -0.239968718865935 -0.28160751179684 -0.000596561954027361
-20.1603100472888 -32.7750882895004 7.20333611210721 -0.314784090365982 0.857413357449831 -0.40712812592583 -0.945358621479711 -0.321582997994405 0.0536791597814266 0.355938169235885 -0.231203823725698 0.106121097318467 0.090659867067669 0.17619435475236 -0.267046165079447
-20.5357887128219 -32.702712577772 7.45847727821943 -0.270945008062241 -0.0554652404224289 -0.960995530536618 -0.883642650287676 -0.38163656100512 0.271162685295018 -0.235644346821273 -0.0992061632953101 -0.312684107716316 -0.275920423773499 0.472837125454946 0.320839333594062
-20.8522482678108 -32.0679975683575 7.77252556230278 -0.693377493437916 0.396961066171986 0.601373065191417 0.477739623313697 0.878030878340976 -0.0287511564282196 0.213394295387115 0.215105545426698 -0.257476483485184 0.127132203855817 -0.190210303375437 -0.313955695020962
-21.0568034371487 -31.5417448026868 7.65432388125838 0.0421367294047861 0.196065430383599 0.979685073400441 0.389888004407578 0.899586215857671 -0.196804431499681 -0.448714465968029 -1.03810926804316 -0.288513935076073 -0.23591683403086 0.0512603197274043 0.0801637252587442
-20.2881544438358 -31.6040968494207 6.99764835456853 0.163243591859451 -0.141979236141655 -0.976316253178873 0.661569561977715 -0.718375910581155 0.215085484775404 0.372615565498782 -1.10196502591074 -0.273762405408971 0.0642156400563732 -0.323357919293683 0.0841789425577922
-18.844490899952 -31.2336345321296 7.02300541954345 0.216581345589262 -0.0937250865983023 -0.971755179499803 -0.470644102348112 0.862052862830402 -0.188039864418423 -0.297303027441496 -0.191354716510186 0.252124587429378 0.314541629235203 0.115463362041244 -0.217144041829639
-18.8428350658179 -30.7323737210123 6.78493198299974 -0.448347906281479 -0.594490840894244 -0.667506400737733 -0.619521727168323 0.74498239867801 -0.247374322084482 -0.0206826800598237 0.463498300427628 -0.279846031651961 0.0634657245755915 0.125494432121613 -0.100486611249643
-19.5756445769683 -30.1162855546092 7.37080981911685 -0.155380215471643 -0.466708896407343 -0.870654807977269 -0.920695186911595 -0.251004312615829 0.298859846492491 -0.374504142748625 -0.799546484055683 0.040302762177787 -0.277146428144149 -0.615633782545093 -0.182643865724838
-19.9767744945987 -29.9626924148105 7.32070224948465 0.00383725429329606 -0.981627798391449 -0.19076724274595 -0.991649927015748 -0.0283259783847163 0.125809622836181 -0.479317873460292 -0.0130762115208231 -0.20202278684125 0.00949084526646665 0.0304918132219375 -0.0346433855762239
-20.8500515888644 -30.3374799241139 7.91507701084048 -0.340726112685122 -0.672251222313341 0.657254905065498 -0.921781963851374 0.376428523638106 -0.0928416808861069 0.0811700324712477 -0.0778338372086533 -0.212844724699934 -0.617570021918196 -0.662358465247387 -0.482925648024243
-21.2365774551555 -29.0792861018287 7.33219626191964 0.34962309829521 -0.0318508922321888 -0.93634887184342 -0.729272312417621 -0.636661940171382 -0.250646101662586 0.0289672449153996 -0.0216210589687666 -0.0509862251142833 0.369461011007111 0.412306769224115 0.0155011441111699
-21.6215326610966 -29.1328933351233 6.90137973552556 0.574513452017933 -0.71503350657171 -0.398323207873244 -0.814464925091924 -0.547655187968402 -0.191626409679569 -0.16028840074651 0.140416187675805 -0.137300827968777 -0.143066543792341 -0.087638605645178 -0.388697298598415
-22.9177229191863 -29.0191990882238 8.01381836552694 -0.449781765102085 0.411493885644342 0.792697386055209 -0.550293956322112 0.571383704979761 -0.608849097329649 0.550696908904929 0.406910147793912 0.168320636958643 -0.0659878687319146 -0.560092032200711 0.0288511090326265
-23.6992590576824 -28.5720604848029 7.55517642389978 -0.65607177109204 -0.479464768504695 0.582823615632106 0.239550488534138 0.600025348415912 0.763272654234045 -0.294647358123785 -0.00404482482427343 -0.141327139218789 -0.0869036298703185 -0.195901818162326 0.644592590748693
-23.9579871474902 -28.2935059910535 7.90299916503562 0.164760863505923 -0.724229989382981 0.669585528767825 0.170888849859315 0.689556798728255 0.703781516041237 -0.335750209609927 -0.337245226605936 -0.142453941128078 -0.214023940619381 -0.500138744593081 0.556248635876044
-11.7987880078029 -20.1365769709365 17.6681331952537 -0.165420310252346 0.619040356912176 0.767740292983518 -0.776434817610583 0.398251903866663 -0.488410068557868 0.180319184184152 0.0234516939775059 0.208814816828836 0.168324621293075 0.045364209286664 0.198677169159873
-12.3339946530027 -20.1122996786588 17.7190103722278 0.301566641117249 0.922136842180218 0.242324586575944 -0.821480429776352 0.380305868146327 -0.424896870014448 0.192261288307869 -0.503170101620142 0.135070315852172 -0.101540029832436 -0.350413533869716 -0.092719007906975
-12.72182227297 -19.7433062735619 17.8345213418606 0.501207602917372 0.530961110572879 -0.683279765423461 -0.865071359139819 0.288253126394858 -0.410562636779334 0.225491681524779 -1.04951221853444 0.204760501434497 0.644489349969915 0.529703850734858 -0.218505274749183
-13.5680045022448 -20.5901747553698 18.2627061670312 0.24096902195511 0.748286029518164 0.618063061900861 -0.927344561795547 0.365378707535672 -0.0808112850288857 -0.0924366279366097 -0.0434905783968062 0.00810391404354438 0.125388003057555 0.159482275209357 -0.267618597911097
-13.8919085039173 -20.4669190210197 18.4925535088221 0.304299607282966 0.850338924069861 -0.429331414199959 -0.95254945894557 0.275020371154851 -0.130435132201409 0.438894675045447 0.0461087036852808 0.0583247351638921 -0.293155330381041 -0.26925738757429 -0.389371941099418
-14.4031176912753 -21.1463412642593 17.2699541324851 -0.0706327081636101 -0.838924553213657 -0.539644896717128 -0.972020306487241 -0.0636141696802426 0.226118909409867 0.117222597035325 0.0624300919730816 -0.462673588350211 -0.0508936201857144 0.424220753867079 0.490473228177954
-14.9601103454862 -21.1442593917209 17.1610943487924 0.0997150299904915 -0.968440559653309 -0.228428971919739 -0.990980408478821 -0.0760026501687211 -0.110369502936159 0.540982613157152 -0.0716353812824424 -0.0458682036138828 -0.321482342585312 -0.135017896525075 0.36314957742771
-15.1854533393638 -21.2405158931885 16.8421667828239 -0.311130976040882 -0.790117380271938 0.528121237160235 -0.93722697765734 0.163003850796231 -0.308278018964431 -0.761260005418868 0.288155597486457 -0.0766373266463676 -0.263273156081937 0.163996762870832 -0.0228954020967447
-15.6859901204688 -21.2736475239933 16.5667057107495 -0.0351102122088566 -0.3688923697551 0.928808749170167 -0.984690381175254 0.171549822672952 0.030911350048679 0.107224106554061 0.371182843981852 0.316958534936846 0.337060570803701 0.120898830414199 -0.689929183524442
-16.0913258827899 -21.565676284322 16.6371269655948 0.0779898442525912 0.606398688176111 0.791326869992242 -0.995973587589707 0.0121950602692424 0.0888138127129728 -0.134698461694656 -0.201169209113608 -0.516105308724868 0.0316199983147644 -0.34747556860858 -0.200541437424931
-16.4045503572655 -21.7201921222615 16.8828227937275 -0.125927775747604 0.98952392112006 0.0706017338738781 -0.961119659015968 -0.139323191658531 0.238407318090464 -0.0498265779870996 0.0742320989741874 0.28786445188723 -0.0918643513757516 -0.389448236245475 -0.341785003973264
-17.2085671801115 -21.9892372927469 16.63378563878 -0.500280701235586 0.1692770538743 0.849155167801109 0.706771751106768 -0.486699088929731 0.513417655201211 0.251639748857339 -0.0785221271425888 0.110490686963957 0.0220579403659223 0.1625642640241 0.140772381473887
-16.4482089473963 -22.8864613814046 16.3113921645507 0.895610220928176 -0.444274619220494 -0.0224141670744951 -0.444453279108503 -0.891595967326948 -0.0867059036988353 -0.172433824498613 0.272335356540155 0.178124983543028 -0.141328527087943 -0.00540041033338952 0.181539170150012
-16.8702360411752 -23.8352486397953 17.1476527849648 0.364127758314446 -0.905335218800076 0.21858434807914 0.107607764031691 0.274020801499775 0.955684660055722 0.0792109058455099 -0.349744777577792 0.156676489681812 -0.55302035787022 -0.115835362741678 -0.204961265313905
-15.861837916152 -22.9587719209568 17.4696280448317 0.783894964980228 0.48764137791215 0.384336532775834 -0.533538151186709 0.212444895572401 0.818660007312737 -0.249100640487928 -0.544377305977757 -0.351849894893197 0.0908241872593771 0.619149374909927 -0.0477085767927352
-15.8334379721325 -23.1303735382049 17.9240838860939 0.22064589705331 0.966705217598692 0.129600965973015 -0.498210034340319 -0.00252700288724764 0.86705269501885 0.0325272251114402 -0.348415440998931 0.0840318328822797 0.195502244955732 -0.423268775557717 0.283984117634242
-15.7375105835331 -23.0068328363895 18.4756791327699 -0.342692153607602 0.873733380847313 -0.345184106020413 -0.360562371220614 0.216967377282252 0.907149344735957 0.699079729673651 -0.120687445012289 0.0295092091181254 0.688111881835398 -0.0843824485909585 -0.146860675096403
-15.6236042677252 -22.7520124481479 18.8300612938432 -0.94263150292362 0.294057331530736 -0.158038398715844 -0.059195827294807 0.318669049385262 0.94601579849119 -0.0040115526663617 0.0285319817443903 0.216357463712834 0.15438489156744 -0.123036914335443 -0.0247177271090866
-15.7004660790797 -22.3216031128931 19.0552317500684 -0.781978126105526 -0.570612538600244 0.250821731683456 0.112226384172585 0.26693644707199 0.957157339166471 -0.169752229368654 -0.143812058761592 0.495228015910323 -0.517293567652704 -0.304468389883297 0.041246223093019
-15.9031804733437 -22.0490685315956 19.4593297616115 0.0376286829927926 -0.929094895505007 0.367922216457702 0.236817877512333 0.365985627386978 0.899984340662008 0.266553748544866 0.137712882812477 -0.113426154091985 -0.0924773398327763 0.0429107561704586 0.416206672358391
-16.067512278674 -21.9703062568738 19.961851529421 0.534871357023535 -0.841062189599107 0.0807900034828713 0.222877811472117 0.232673193266073 0.94667241762336 -0.0148415091348595 0.244441986911952 -0.57739403639581 -0.0230535232479508 0.159348955572619 -0.798784264800478
-15.9876157723153 -22.0257322010573 20.5292655517922 0.695799250766762 -0.679152766496869 -0.233698357701247 0.378487769719918 0.0701778166868641 0.922942079557362 0.181051595944628 -0.743070737012965 -0.520470657290735 0.231581261730634 -0.494497749385843 0.0481088501832927
-15.8381026265991 -22.1528610518304 20.9753064870708 0.823493539713445 -0.20392308756536 -0.529408882063965 0.447858360276844 -0.339157003032687 0.827281944940113 -0.0849192947016553 -0.0743473450599385 0.525736082472259 0.408274595326859 -0.199489333179587 -0.472616657500173
-16.3556652181424 -22.2773100321309 21.1199064720134 0.295861731196185 -0.588184953599717 -0.752664796820013 -0.860160352325557 -0.50672914760735 0.0578769319509666 -0.202191702223856 -0.252690662120446 -0.256007123181774 0.111196969257678 -0.0386180959136094 0.250487725677315
-16.7388717912144 -22.8236391084699 21.0230253853164 0.735210567046781 -0.537747701494956 -0.412665520294307 -0.574095087928707 -0.817674355243706 0.0427022106340304 -0.369620646076298 -0.463164283784701 -0.238994232023401 0.571189315468551 -0.0563601206514357 0.563145202413609
-16.9754167591059 -23.2354345003678 20.7642904784488 0.857770784771414 -0.410895277520204 0.308859760577578 -0.426420260347785 -0.904329277159129 -0.0188233907065776 0.0167927047541723 0.794007661594838 0.0733841326889843 0.135202312733287 0.0262841868969765 -0.503789925323845
