t = 1000000
b = 105 105 105
E = -0.226857312208871 -0.607327686186105 0.380470373977233
-2.47789888544465 38.2586179822564 -14.7082293818367 -0.62125408421176 -0.672766691510607 0.401781460055114 -0.669270861102432 0.18886370956544 -0.718614648952044 0.117565273555563 -0.447072784207233 -0.151970482251765 -0.199354042905616 -0.346750224091752 -0.0326340030852518
-3.20767160883709 39.3829025897949 -15.1164234045711 -0.960701323985461 0.0904265568054171 -0.262442382089862 -0.276250172157454 -0.218878043498077 0.935830243397509 0.0434241901321467 -0.555045135332675 0.47176004247205 -0.0699465289562696 0.39148263125601 0.17537000577191
-3.42119903791451 39.6759758255556 -14.7296480529098 -0.626865797510298 -0.733949941746874 -0.261451247695451 -0.220446241365257 -0.154776269629881 0.963040892707874 0.210912904386338 -0.6113069254755 0.355308254181362 -0.546921117876468 -0.279517216776001 0.0113154294238556
-3.35326783236527 40.2941769306136 -15.5249350571144 -0.925435097846533 0.288116794839075 -0.246086554296306 0.333140966755359 0.928117476866739 -0.166177752433233 -0.31658003771382 -0.900249464861646 -0.00804272284117019 -0.174540983642657 -0.457042871894881 0.24283610456199
-3.35458959836657 40.6767890027466 -15.7970637685329 -0.594070113563303 0.31462132997238 0.740333788839384 0.224650951777156 0.948611049219022 -0.222865491194289 -0.698449912451662 -0.038320681823872 -0.0998394378495604 0.0223040564696938 0.262306719608196 -0.269207520841649
-3.601979850062 41.1552222460455 -15.8618848438517 0.371218642877459 0.0452266902692593 0.927443402945745 0.339423956126351 0.923080045693937 -0.180871797827032 -0.399059957374622 0.0584182598779667 0.35438896262525 -0.393452670316231 -0.549473906317027 0.0118198247070908
-3.64315311443265 41.6441332187265 -15.7924180564133 0.836057194917348 -0.398833832759226 0.376749174748513 0.407861254433043 0.911108519834175 0.059417692801344 0.0196475409009889 0.175409811153116 0.472846475676283 0.203607070440641 -0.0194136447421602 -0.391714950080884
-4.55721999453587 41.0564185754093 -16.003275784037 0.470825044775857 -0.766224961181332 -0.437290619696341 0.632635389416618 -0.0522401298751175 0.772685856534384 0.580224163840497 0.370495340510413 0.0328230739018023 -0.245773312055491 0.123329479252876 -0.0749196011913116
-4.69515061597208 42.1070422028749 -15.618158291683 -0.92031135012512 -0.377059627755601 -0.104178001265745 -0.308020572715116 0.534317613951034 0.787164540744774 -0.969267753123094 0.0857148829445961 0.517936843873404 -0.476308099923315 0.112358595458026 0.151662684243039
-4.98196078008688 42.4547963687245 -15.4735116978005 -0.625418048865867 -0.715398474567162 0.311540184791305 -0.476819672146519 0.666440624796569 0.573149102655514 0.0388414764276565 -0.397178313059136 -0.580655559412778 -0.628872981974941 0.104992868902053 0.293097697648973
-4.80481373635424 43.0400712185461 -14.9893466090158 0.671518054444454 -0.590248589787725 0.447962168947937 0.0269432626911897 0.623597221545642 0.78128136153126 -0.196530014562705 0.0729465144936042 0.487922285441799 0.512252739434174 -0.157193052243432 -0.708542972430728
-4.96034817851506 43.1023337471628 -14.4938741718149 0.98188688724022 -0.065038835841755 -0.177955304776753 0.164353971187326 0.759670290318144 0.62919696611067 -0.308743044326412 -0.439353311212088 0.336943202586955 -0.626861388104557 0.0252292877073917 0.271048589230628
-4.6679917826606 43.2612532046667 -14.0540115226202 0.566096964247841 0.384501617032356 -0.729172636327522 0.167790329395861 0.812291193149757 0.558595938843482 0.414677182104504 0.24161367645903 0.234025679915861 -0.0131444203817204 0.3885132151175 0.0796589829868685
-4.51054174476338 42.5727073943955 -13.3339909538589 0.942205496997716 -0.335017877060464 -0.00343852835707132 0.315504752083273 0.890686177958788 -0.327314655653989 0.526749158005344 -0.331403247190317 -0.207111443446866 -0.0123493617103767 -0.119680247035727 -0.370661115070386
-4.11612717786242 42.9571146233098 -13.2533961125915 0.415162177885837 -0.578380562584884 -0.702222394172253 0.258188433137929 0.815057094471048 -0.51867202136431 -0.694661489593335 0.540532659805191 -0.326344637011497 0.464835529390282 -0.447594022454089 -0.431609342258908
-4.96018346602098 42.5592746215856 -12.2110489302755 0.423198294697927 -0.897831144129505 -0.121665278513449 0.875422882954758 0.370583608964683 0.310326545377585 0.178435442278757 -0.575450049859164 0.185650537827052 0.182281612765197 -0.321964017252124 -0.0626635322819697
-4.46070724974668 42.5874142336641 -11.8725899750114 0.218647204824302 -0.43842798298451 -0.871765050663702 0.894328919342279 0.447409529866614 -0.000704707465899767 -0.343437151564274 -0.0669428477035895 0.148314518647117 0.687851657490742 0.198217097900907 -0.181302293340047
-3.95052503578783 42.7634586621226 -12.047852048231 -0.205289384251813 -0.140322268222237 -0.968589660152552 0.948244657095866 0.216453792945798 -0.232335588768591 0.479405581133269 -0.14236948803237 0.0865381645479317 -0.71770753408241 -0.00705317360059822 0.0123861676339119
-2.99030395091012 43.394112420196 -11.2104122281828 -0.236765234463937 -0.232473706481476 0.943344157528836 0.366158504114187 -0.920708557396702 -0.134995193252878 0.130228663276624 -0.0118325133510597 -0.0296527599032315 -0.275183208407949 -0.179150589258567 -0.39289014415523
-2.65801987251446 43.0901277377641 -11.1734817290555 -0.671145338598278 -0.42698246832894 0.606011473668314 0.646644570811042 -0.736935976400159 0.196916646649632 -0.30557250467972 0.0463764474723614 0.0222362856155748 -0.141163383307885 0.230287979849948 0.383131411101827
-1.85940649559793 43.2313669733713 -12.1237889220062 0.0441945469534348 0.923803933911038 -0.380306631167461 0.898133154302884 -0.20344856976087 -0.389827547261863 -0.01093914094386 0.405090641431757 0.251993815807954 -0.335760022634862 -0.187473604577971 -0.216594623250099
-1.5418713495204 43.1307428485275 -11.1928798747596 0.571909761343731 -0.628200176851236 -0.527526077728668 0.806892765637096 0.314940999535216 0.499736161963659 -0.78576985086861 0.889336867680995 -0.172745698654452 0.214292326775475 0.209646170061408 -0.41044421823736
-1.19169821740618 43.0734739900712 -10.8421394850894 0.354444427048253 -0.0103857935695255 -0.935019402700509 0.874608123060327 0.357429839372694 0.327573718425418 -0.508417859113391 -0.720142424571971 -0.201608296815183 -0.198954211259025 -0.734614014814677 0.820100873501204
-2.10945217867087 44.1976994778015 -9.82762215984171 -0.191985603496583 0.954415206333995 0.228545710894647 -0.83411592744492 -0.0359837578511152 -0.550414197449229 -0.475735812590639 0.0876018232008521 -0.28145961680927 -0.0277827486541934 -0.407626083492956 -0.337874099292939
-2.61727178428974 44.3645031244856 -9.93369382187811 0.510693853045957 0.765357969910049 -0.39168733239171 -0.661481482666096 0.0587527909069167 -0.747656577347177 -0.225072250524854 0.0145350608925646 -0.0293070909660928 -0.397831466249264 -0.252226324868824 0.090442390334108
-2.93356152651556 44.5787876393026 -10.1117267940048 0.699510354532581 0.0741409847425363 -0.710766050316916 -0.713878798833208 0.0271345859845934 -0.69974336354122 -0.464677765900559 -0.0808604285681895 0.015958617717032 0.369644590811041 0.0374896133579689 -0.655426904101972
16.2464314325253 15.0905400283118 5.88871863610752 -0.228388232204203 0.809192515482841 -0.541337499419094 0.919829540978302 -0.0028334455242459 -0.392308025829346 0.58007151037431 0.131532950788167 -0.33345811852405 -0.0547815412103176 -0.0763681352393545 0.0572559187691149
16.551608901544 15.0740868857231 5.45777504941049 -0.0884718183153171 0.995802611830621 -0.0234498536262905 0.891479762134288 0.0686575151228565 -0.447828068930413 0.373348426632405 -0.030834309436195 -0.734951660008395 -0.0871392972090514 0.0360375949216519 0.115945568613366
16.1235487753313 13.8109318588658 5.5790481732097 -0.877302712769989 -0.428863045092958 -0.215444746327374 0.47254128569367 -0.693355081023007 -0.544025242920551 0.23902693750598 -0.768089645624277 0.497846745577939 -0.532637237862226 -0.512378463766569 0.275286808634251
16.3038523579141 13.3692861738963 5.53803142882557 -0.71010007524382 0.175217288072899 -0.681950720432901 0.558088186508353 -0.450463225390913 -0.696864734830398 0.662492430086178 0.326680591217037 -0.206307061777968 -0.00294044184101171 -0.5380248054008 -0.29954693070231
17.7523066675532 13.7417759185017 5.34413437507876 0.762719234523965 -0.186827098025044 0.619156688351704 0.433601050935001 -0.562596943600298 -0.703899714220554 -0.127914475030453 0.401799334670976 0.416725382559403 0.086176057661077 0.0455550094854134 -0.0137155091294514
18.1075501016485 13.5326451664128 4.968633368544 0.172966620444152 -0.493658211594515 0.852281713013561 0.535894037999943 -0.678858265496605 -0.50196517349592 0.415698460145271 -0.0301215803059281 0.104225927031698 0.429247961890353 -0.00224786975832615 0.59689493733971
18.5326530916478 13.2537785488468 4.91273335090079 -0.563341682228235 -0.556781569551409 0.61044281703698 0.41432045245013 -0.829593871735257 -0.374316137323565 0.104206733518038 0.375661183872155 0.142573088527436 -0.434859731391958 -0.551589518961889 0.0608097104690411
18.705486782798 12.8031170745554 5.02672544265437 -0.835916671125688 -0.226349319643312 -0.500009304344724 0.47903435573868 -0.745541007402762 -0.463351586058648 0.57881783556742 -0.579248447031659 -0.228217948346794 0.579002337614562 0.691764642502928 0.465064755386886
18.7501503082268 12.3319662800243 4.96941693626308 -0.439109866780054 0.238399508614319 -0.866226413352095 0.41874711850378 -0.798716063018691 -0.432092005735729 0.285668078735993 0.200128194176455 -0.0594319049826137 0.483783676056284 0.442669449052216 0.463382519574876
19.9703460407157 12.3030168270834 5.44884753380756 0.278048975846468 0.936975051201743 0.211581002115623 -0.950326238202674 0.300406236215636 -0.0814624712756118 -0.111276637240568 -0.202170698907492 -0.54656096355904 -0.273035493992897 -0.314911607241215 -0.601749176299773
21.0287737788699 11.6476195255578 5.10555930326076 0.550462928236941 -0.211472785830607 -0.807632234058076 0.7305851877374 0.590178964394215 0.343415307529003 0.0858019987696057 0.470581598033058 0.29005201534225 -0.0833415998680243 0.20761166399365 0.0371572730514743
21.495665306465 11.6630602029831 5.23488128312339 -0.00769270014547828 0.564951839359442 -0.825088020497717 0.733893412946941 0.563640038983231 0.379091499361484 -0.0479984993400701 -0.169421110575019 0.114919621335746 -0.59206321838816 -0.455379866193929 0.102650236000011
21.9270768028911 11.709065817814 5.20629702614962 -0.38515787936355 0.922422707596392 0.0281026061872197 0.833245640419012 0.334509800116479 0.440232775186941 0.0617720836115745 -0.168980989441819 0.619754809634502 -0.367913005090533 0.254690473162855 -0.218574524686801
22.6613162611802 11.9818110778206 5.57089812313215 0.136236247980942 -0.0450419996710644 0.989651910017711 -0.0265240367859496 -0.998773621753979 -0.0418058364469191 0.398408453933822 0.0439334879311735 -0.319961797442273 0.0996907257771997 -0.316792656791787 0.12396803023171
22.8444041342948 11.5130068276005 5.63410552723862 -0.518680628870572 0.1403413803442 0.843371034715695 -0.201877796673722 -0.978646021227002 0.0386952238223051 0.445908620593131 -0.235459937907376 0.0141985786217174 0.0540151574670533 -0.53757510469668 -0.340713438542254
22.8858517499737 11.1299487352167 5.98046160440319 -0.886310927233567 0.351761534021228 0.301192236701909 -0.215224158611735 -0.888777009650497 0.404665279789002 0.229565964572603 0.131362827318424 -0.258822972555313 -0.888620960178847 0.0886131147247763 0.244138374004424
22.8275097021145 10.9041304912088 6.40336262182947 -0.795797195864028 -0.0805233216744579 -0.600185652712196 -0.131279790029955 -0.944608754657557 0.300798798790658 0.026897267942443 -0.154296581028397 -0.14431954476904 0.459173443555144 -0.140612350560952 -0.389986085641547
23.7872415781279 11.1950229329053 6.29177187951207 -0.207218546069971 0.449219772147348 0.869058151378018 0.934440570689369 0.353878271124892 0.0398872044056828 -0.533281150896547 0.155321302163438 -0.371349347915457 0.0567332630948841 -0.608412584828008 -0.183162918848035
24.1849196562439 11.5865697909424 6.28265136321484 -0.180544049388154 0.0984701400820938 0.978625299970684 0.760240096400126 0.645260161375799 0.0753280821919576 0.267380620431287 0.0363242078371454 -0.175956189708524 -0.0483697215475885 -0.303345582917761 -0.135112800220578
24.4588890137851 11.429276446261 4.99836688592523 0.791567783408017 0.424418871332482 -0.439646523843311 -0.164989562899221 -0.544300342688872 -0.822505672371365 -0.0536581068545808 -0.112979548478392 0.260944919863318 0.204960748687602 0.143394156972616 -0.64183348667435
24.3472349299811 11.3527390382993 4.39247154747242 0.986932017186571 0.151346573564845 0.0553119166379254 0.128269997177236 -0.5301323837429 -0.838156586522636 0.454014030731191 0.360539443510965 -0.173609971884608 -0.490627543959928 0.387495016914642 -0.250347289404502
24.6226627277572 11.4655612345067 3.98872807710756 0.776820367861842 -0.529757214555435 0.34045177294505 0.205168712587171 -0.298221449022542 -0.932185478710341 0.338886098652608 -0.404385250375403 0.0386259877806454 0.259589490083785 -0.456322870705145 -0.252432969067293
24.5912350642574 12.2522061349213 3.12575875929927 -0.236357363290513 0.785563878966889 -0.571860637638927 -0.146859720759102 0.552893563277018 0.820207857866121 0.321484828480361 0.288568063312123 -0.0508874112962428 -0.241874136056392 0.00437458435304342 0.211340307961982
24.6965374877078 12.6473558943557 3.38952333680512 -0.811613014174071 0.264945680770912 -0.520661215632843 -0.259916993951719 0.634408775844168 0.727989465162094 0.212760633401668 -0.364347963788747 -0.129669159718545 0.312732335194297 0.00579890371780791 -0.297033278745286
24.5449463581135 13.0757490107442 3.58998703832405 -0.8089666508373 -0.586237909278176 -0.0435668630764266 -0.466914244804514 0.59574179208268 0.65351572679228 0.253217128829803 -0.675383838832764 -0.52450178675838 -0.497110070309073 0.357949674339157 -0.00893642201739954
25.6472052065878 12.6222793061042 4.5752492858766 0.31582195574073 -0.805571358130808 -0.501309564272753 0.458358452783596 0.592145386012996 -0.662775505420479 0.564818737697336 0.538311827723583 0.124993096682596 -0.0657236519366856 -0.216511958339622 -0.166644622481043
