t = 100000000
b = 105 105 105
E = -0.44167402620226 -0.782867569584916 0.341193543382656
155.220171901399 103.9188346826 -73.276410464757 0.174897039380315 -0.390047769808279 0.904031947933213 0.343010817875388 -0.836524936980755 -0.427281650236622 -0.0676079430392183 0.283860106524344 0.110761091548089 0.0572961160015397 0.0721599122821502 -0.561840108740594
155.238867953754 103.886513749629 -73.8587419995629 0.0535177604956355 0.929122336725503 -0.365879123083691 0.0234436274133199 -0.367472298247065 -0.929738945271162 -0.150885261339731 -0.154478240874223 0.498168368852897 -0.00613121237727353 -0.46957573234197 0.0205305222323863
155.041770317188 103.763414597313 -74.2289218855327 0.842357311736098 0.516978498441805 -0.152208381884275 0.106774245080078 -0.436932359135389 -0.893134577838096 -0.559996970786531 0.564142041033681 -0.699043529366385 -0.0690709143783999 0.108284087729185 0.132487018261457
153.970865797357 103.347096883539 -74.3814876855139 -0.582854259767086 0.188860906010153 0.790324281577275 0.57148656191228 0.786698822459339 0.23346963891217 -0.252750100891719 -0.289086188677551 0.554026164138241 0.0744923297621517 0.209281538837265 -0.0537999204209084
154.904322619091 103.755994723314 -74.8161608729023 0.41439349931243 0.24016549889419 0.877837434191911 0.838192489263419 0.275058413151426 -0.470931226717498 -0.227885483437891 0.221407516864579 0.200648427464378 0.134992950065229 0.470473609707178 -0.00797822550126534
155.164479256577 104.167999494469 -74.9386699689867 0.585869512834443 -0.577612120998414 0.56843746499125 0.796203884223358 0.279520179277944 -0.536589083121159 -0.0887114183984956 0.552512698334799 0.429668305270738 0.231415827695684 -0.202539755084546 0.404914610462024
155.655165611692 104.374361931783 -74.8197022203231 0.165420318537276 -0.978420156870436 -0.123814840966003 0.851897816154601 0.205013283036512 -0.48191250721385 0.284786253541996 -0.0438761526939214 0.00311761810600889 0.558985963938637 -0.175868670152319 0.114118955873007
156.127735983672 104.256013883711 -74.7486238003297 -0.191265127932781 -0.540468103328098 -0.81933624362708 0.886636428848065 0.26295722638709 -0.380433095472874 0.381195737660114 -0.301491795700946 -0.344973111058687 0.337865207264007 -0.338980643781349 -0.103607299979351
156.673201874415 104.158862631973 -74.9082133529662 -0.546487241692612 0.0720553888362264 -0.834361861309375 0.829879773039615 0.180402585251093 -0.527972034803653 0.184498126689356 0.361362277451938 0.144062303085605 0.281556799214358 -0.126453454085203 0.0399092075594159
156.933428913687 103.86425082982 -75.1032113808237 -0.211564667371986 0.804638104603686 -0.554795378619776 0.911666993381466 -0.0421354386433812 -0.408763865805758 -0.850406888305514 0.0143556545820288 0.42667098410621 -0.372249644509737 0.0706378006259421 0.0767946441505738
158.225633152106 103.208835372434 -74.5935519080114 0.96763291284796 0.05268695178021 0.24680079231575 -0.249887373440073 0.336654897300164 0.907865508057412 0.12539198610252 -0.0219052532243554 0.21728510075098 -0.171277160642892 0.0953626223320803 -0.634971253490309
158.191482867539 103.083523626057 -74.1278131419141 0.714388124090072 0.693254596510746 0.0951192544916594 -0.230816079435035 0.105132109787214 0.967300975377499 0.177200732176257 -0.489418187452937 -0.611189180990503 0.290423337763921 -0.00961115467406605 0.0242926336835498
158.103487349868 103.07409151443 -73.5953984010646 0.378890321610123 0.870130817123298 -0.315142008120926 -0.212163997102704 0.413133478954611 0.885611182687844 -0.0470424725123723 0.015579687297611 -0.00373359098006028 -0.247131917713831 0.111802352535384 -0.40928288926662
158.328545350594 103.192677174735 -73.1813080283985 -0.366299918916087 0.768472343521189 -0.524666204977761 -0.0835571852776888 0.534412389827502 0.841083583473064 0.0207705244733363 0.262550024716096 -0.0116993630675467 0.25811595244283 -0.146854042605239 -0.563586779611682
158.699523377121 103.452703800135 -72.8003105222772 -0.786246885430727 0.543399517430162 0.294164579117942 -0.289478252724246 -0.744510722482058 0.601586340693473 0.14733371536779 0.181223605344682 0.833288407302166 -0.139321572466132 -0.273798854284776 0.545945656184496
158.621553711749 103.362407385746 -72.2901005549093 -0.96521424323182 -0.0270273305134821 -0.260059585611715 -0.173304892937111 -0.678620431379649 0.713750463536419 -0.382954655343854 0.232439893462409 -0.555233319281775 0.019612627955995 0.20524296203857 0.120069947462852
158.426680634515 103.266471427111 -71.8540304584907 -0.427677774731503 -0.599155466787199 -0.676834135973403 -0.209426234531344 -0.66271668510346 0.718990436358151 0.431790149883849 0.0146759543698976 -0.450254811895498 -0.372837362082496 0.0965885081073683 -0.0978010336327213
158.156901735795 102.94006004094 -71.6118884907075 0.478391667007114 -0.598866640480209 -0.642261753382967 -0.113080114071389 -0.767305325839896 0.631233256996167 0.0978874700797288 0.505981015542313 -0.609651828963888 -0.0322247451667795 0.438621550318979 0.543522453145018
157.787599588811 103.341700187352 -70.5209946689897 -0.0575115489081253 0.067594270141995 0.996053932468399 -0.948253937462056 -0.315759422628801 -0.0333235218560687 0.100764279959799 -0.161714287692762 0.494097425691667 -0.101848213227035 -0.193374485613906 0.314603255180248
157.389490156868 102.965989966596 -70.4972753891251 -0.155245665141808 0.608639108313131 0.778111315485983 -0.946129282338674 -0.318162666070105 0.0600990766970076 -0.271874849546481 -0.0246780268603697 -0.305582872196611 -0.114120856205569 0.271477171671307 0.216039611839778
157.050048182885 102.749720619699 -70.1063934317098 -0.496093771458038 0.802371854790976 0.33179869885247 -0.782652932874349 -0.578703183009739 0.229253162761541 -0.17679097814151 -0.222590079638936 0.0900284932167825 -0.381724827357444 0.134263724640248 0.351929762627994
157.518560773354 102.304297480785 -70.0405166667523 0.863243643541716 0.209814037525359 -0.459117067361102 0.472871840559097 -0.654394429601299 0.590050974842652 0.0124773061482874 -0.474217624931733 0.301402057739807 -0.801714645377458 0.637697843296186 0.0398112101675906
157.730968302422 101.887073477868 -70.0259289451364 0.603343566879597 0.726685327017215 0.328488927977329 0.480861124410834 -0.660108480198149 0.577086972129065 0.119662900311393 0.206483263430749 0.00023365311265781 -0.150872617470199 -0.865642015534918 -0.176432378425392
158.114393043937 101.543714549479 -70.0009216889097 0.0460396819288048 0.681253185457288 0.73059868942658 0.368659412727726 -0.691333416654326 0.621408355610859 -0.0339044258543422 -0.308793669964303 0.277863141295227 0.375445935411323 0.00989646407560764 -0.0299736780734648
158.478101469106 101.450901114273 -69.7769826858479 -0.684156499445435 -0.0254597294853113 0.728890723250364 0.441131808703871 -0.810306141142095 0.385754695339876 -0.271850382818031 -0.182873756399927 -0.559150771365247 0.330551865599797 -0.165619729569516 0.531567364337284
159.331773923767 101.287863119353 -70.4966144020689 0.338092623831375 0.565783808484916 0.752051899650874 -0.628956836601015 -0.45860358146484 0.627770700782488 0.398100894266898 0.428735193509513 -0.324784018956317 0.203508859685231 -0.252105759009951 -0.791732056575186
151.722530406202 98.128884810998 -81.6898145183556 -0.310909897616579 0.251694006240216 -0.916507044591015 0.899910331100905 0.388187966434168 -0.198674353388652 0.20931917108447 -0.409369520318545 0.137534085431524 0.0112654962713543 -0.471196285834213 0.117537706903844
152.157922112096 98.1066244112892 -81.9934238848619 -0.427659584571857 0.888235878778676 -0.167762639983915 0.89923649852244 0.399135653618722 -0.179065490076556 -0.136901313342192 -0.170873004336785 0.0534713547404926 0.3630578104214 0.377488929415757 0.014314937664893
152.513441894656 98.3806961967464 -82.2765269183437 -0.654176623603162 0.686703136160829 0.317004334225468 0.710510909494193 0.701635934192482 -0.0536774006239245 -0.169066859993202 0.051814055363736 0.0316606673262259 0.195012177059662 0.237842261713322 0.770711264863631
152.787209349344 98.9641523419164 -82.3290092871612 -0.626643562694668 0.209757463256037 0.750546235711259 0.580002505086298 0.768778416194655 0.269400892512915 0.182906731083781 -0.258614802600746 0.254744265648904 0.644329078694199 0.487212599954372 0.673426768268124
152.82155595352 99.4567296783693 -82.2832442265548 -0.142602712586667 -0.160633166487407 0.976658308819738 0.355444823884865 0.912609394028604 0.201997700739341 0.407157625434655 -0.345799979695267 -0.023453366675385 -0.152047958485147 0.301049345182326 0.327386499877882
152.653801831392 99.846525900859 -82.2022978409635 0.615203594357484 -0.269892554266649 0.740731089290544 0.250252607320412 0.957835815502358 0.141153048392742 -0.376336909189812 0.0604822040415811 0.055576101073667 0.131834164172743 -0.511982767562116 0.329909511224266
152.701757308187 100.271840666391 -81.9283521856112 0.94516240414798 -0.324729850560755 0.034907791985785 0.324327644103776 0.945795908198279 0.016783304379997 0.266524281905886 0.107017987206387 -0.0906452202379998 -0.359074915871137 0.361945668857999 0.383586674563875
152.898213866716 100.572153776992 -81.6691297652829 0.675309408704519 -0.144624700110812 -0.723215665367334 0.115791498094769 0.989215283127542 -0.0896964469417031 -0.314408191906751 -0.0172061015066063 -0.133104257779904 0.767244138301464 0.0793037873533291 -0.143278460218536
153.247067563146 100.932206391009 -81.4723847202953 -0.0515790239447509 0.121598378350063 -0.991238335957358 0.172246772404493 0.978767880764734 0.111105737832115 0.338993384379806 -0.257309086272408 0.607399492118446 -1.03120234821065 -0.150667499645624 0.0380027425490487
153.50263816379 101.302922297576 -81.5048273076011 -0.724042984525319 0.148929576081642 -0.673484771860735 0.177607289696724 0.98374195178776 0.0265974235727024 -0.464396432503303 0.358231344927559 -0.134834490838293 -0.0359835679097811 0.55057913266152 -0.428485943554958
153.467371425043 101.803663879175 -80.1789335312475 -0.0276039001464485 0.635945130731971 0.771240439419064 0.987672854731951 -0.101571228485188 0.119103390256924 -0.202622849807128 -0.029066285120083 0.274140721704755 0.165997574114064 0.366493109242054 -0.233375346733565
153.926355648871 102.014105311899 -80.1028626034118 -0.181461394116716 -0.342560734575483 0.921804700342808 0.945375474510068 -0.318898871488031 0.067592321749609 -0.011835733205885 0.172917975957063 0.11324938418786 0.304253095284586 -0.0469513663304001 -0.188875742836208
154.377425053806 102.043637161824 -79.883372677916 -0.287675573901393 -0.900296246542242 0.326664097571013 0.955802730530963 -0.291496854507829 0.0383500211464831 0.525935563964931 -0.27213444482592 -0.324538404544635 0.349763121246993 -0.0568564400677678 -0.506366873386283
154.882145415077 101.763888339619 -79.601669807179 -0.538957285556421 -0.836522043345796 -0.0987720372495998 0.835618685901144 -0.54574875264864 0.0624476641163252 -0.43212450053997 0.189775426322139 -0.30464222690866 0.64921439291208 0.0127714173430731 0.0958105139363558
155.40129686145 102.85947042864 -80.361662785654 0.149074826981469 0.854633175160094 -0.497371925097597 0.524402944602608 -0.494762633808772 -0.69297293444811 0.0499099369822967 -0.19970328245053 0.452008183323715 0.15294977451897 -0.151783989472877 0.17435364869604
155.312160419642 102.80396896917 -80.8348170460276 0.660276730536831 0.746742503719617 -0.0800641758299391 0.364387016285085 -0.411750804653961 -0.835274432285016 -0.0116254055220659 0.113040764199474 0.0132254189091053 -0.501268835213291 0.0825365692715082 -0.0753542454157787
155.363800539145 102.803239222064 -81.3258151283507 0.935196164389817 0.130614656294355 0.329162491288522 0.350736831197031 -0.469990893818406 -0.809995206756052 -0.0817563095420577 -0.333371171766334 -0.980074447430491 0.104987645349727 0.298642150844001 0.150726766376064
155.617416880031 102.888189399255 -81.725165980024 0.421745723953659 -0.661946715319091 0.6196427118955 0.350508358684426 -0.511243621763096 -0.784712590506155 0.688915118098583 0.111811633491315 0.502092666279963 -0.0637279376263835 0.517734342796424 -0.163096797825997
155.963252903784 102.678581162356 -82.021371587778 -0.294068588160388 -0.716766355565891 0.632273403668981 0.136652494702787 -0.686256887569432 -0.714407152788753 0.535037468907255 -0.238741370056957 0.667542225666494 -0.159295951214504 0.330272460159318 0.0155548808265086
155.212944555222 102.838759872296 -82.938918057735 -0.579254183758367 -0.731294097497022 0.360102115467296 0.493912297723408 0.0365589736574295 0.868742817871225 -0.23407155602041 0.508932963169757 0.514692628763366 0.272323208724891 -0.516966872427474 -0.656675645790845
156.49086621021 102.602120162451 -83.2261042493743 0.815417787133075 -0.551263635188269 0.176641549319756 0.578608291478982 0.785396965658603 -0.219918283380493 0.343757272012783 -0.31527298870828 -0.202800683891029 0.260828326664782 0.19759681604064 0.48146717901345
156.714057779803 102.885155753542 -82.9490897613292 0.543576706236938 -0.364237355624685 -0.756211288731731 0.336147040561043 0.920001410162276 -0.201500800054025 0.159186102920422 -0.0677047602575753 0.305943964350772 -0.397877389266072 0.601335324038708 -0.0178321453528181
157.119927931334 103.141959604836 -82.9508407430612 -0.257762071395801 -0.164758589738611 -0.952057415106297 0.449797127014399 0.851609284500869 -0.269154548690064 -0.497588077352503 -0.21663717166245 -0.00243927258295795 0.322480960175798 -0.505732320771695 -0.218562262723863
157.527452566162 103.476798927578 -83.0586308993929 -0.599039244875443 -0.0230656754174356 -0.800387379782802 0.449192095059506 0.817801731787191 -0.359759349040097 0.0137042316536209 0.56518628248256 -0.183446405795742 0.653781208220167 0.00928237649913927 -0.382196952198704
157.778865019253 103.54912917829 -83.3705250940197 -0.840621536561828 0.505923968051334 -0.193381412808961 0.481475004768343 0.534488935364709 -0.694624645226481 -0.0851500717319713 0.543452259223435 -0.304468573767217 -0.118776291688456 0.154328604891062 -0.293996953742185
157.942743349924 103.853621174147 -83.8352585993977 -0.799926805148091 0.461004041800451 0.384177536887016 0.205361554733673 0.811834088169035 -0.546582148559351 0.413290368384796 -0.0273962683295511 0.13114737611755 -0.115002361788286 0.0181414748095994 0.182375468088692
