0.999999238518982 
0.9999989140221974 
0.9999946835377649 
0.9999982655749805 
0.9999956532821197 
0.9999930802930621 
0.9999962275902848 
0.9998233713458493 
0.9999984198498303 
0.9999958562660074 
0.9999985601699323 
0.999992965932309 
0.9999987974851532 
0.999998218205461 
0.9999974503233775 
0.9999957190775596 
0.8846120467012892 
0.8461493371067333 
0.6538421966693144 
0.6153829510805178 
0.5643190673810555 
0.4615305172613144 
0.461538060639131 
0.3881993081459293 
0.38458350473984493 
0.3845842799767579 
0.3461307026288102 
0.3461509432678954 
0.38460530082563643 
0.38461459289377803 
0.3461500896368849 
0.34615293124903856 
0.3452460441327853 
0.3076878532138495 
0.26922952243178305 
0.23078709223198413 
0.2692223833404418 
0.26922948192216467 
0.3392818789973037 
0.31474493644588863 
0.2307735594441832 
0.23074885847537432 
0.23076884746252221 
0.2692293382917212 
0.1675243810037208 
0.15384573173811067 
0.11538162223038487 
0.10574739345391586 
0.07589289269255645 
0.03858406838380831 
0.07692291037446199 
0.07692256416920863 
9.289913438473606e-119 
4.42891268030529e-139 
3.822757618396291e-254 
2.8229602391404386e-235 
1.269303182129658e-258 
4.580058871758749e-277 
6.548091611095914e-216 
1.0289400477374312e-216 
0.0 
8.008110305060116e-238 
7.496387401440275e-296 
0.0 
0.0 
2.9350761026770972e-282 
3.3913416613947193e-302 
1.5295533291249005e-278 
0.0 
0.0 
0.0 
0.0 
0.0 
0.0 
0.0 
0.0 
0.0 
0.0 
1.518811841876307e-303 
0.0 
0.0 
0.0 
0.0 
0.0 
0.0 
0.0 
0.0 
0.0 
0.0 
0.0 
0.0 
0.0 
0.0 
0.0 
0.0 
0.0 
0.0 
0.0 
0.0 
0.0 
0.0 
