        0.1434 26   0.002227   0.002227   0.309505    0.011449   0.000000  -1.051915   0.000000  -0.455232  -0.172689   0.000000   0.061308
        0.1633 26   0.004955   0.004955   0.277899    0.022140   0.000000  -1.136567   0.000000  -0.326245  -0.108949   0.000000   0.062728
        0.2351 26   0.007185   0.007185   0.330284    0.033616   0.000000  -1.129259   0.000000  -0.338372  -0.111526   0.000000   0.059091
        0.2434 24   0.012084   0.012084   0.292369    0.043599   0.000000  -1.135357   0.000000  -0.291859  -0.113883   0.000000   0.059788
        0.2655 26   0.017618   0.017618   0.359756    0.036036   0.000000  -1.074276   0.000000  -0.297991  -0.113529   0.000000   0.056779
        0.2005 25   0.029016   0.029016   0.301378    0.047699   0.000000  -1.096058   0.000000  -0.314529  -0.122944   0.000000   0.057973
        0.2243 25   0.037199   0.037199   0.318692    0.039848   0.000000  -1.087208   0.000000  -0.313034  -0.104326   0.000000   0.061194
        0.1988 25   0.050073   0.050073   0.353620    0.042901   0.000000  -1.106447   0.000000  -0.313973  -0.114205   0.000000   0.058098
        0.2188 25   0.060984   0.060984   0.314338    0.047104   0.000000  -1.119825   0.000000  -0.271920  -0.115594   0.000000   0.060322
        0.2336 25   0.073444   0.073444   0.305556    0.049958   0.000000  -1.101581   0.000000  -0.306651  -0.102898   0.000000   0.056285
        0.2633 25   0.085577   0.085577   0.319251    0.049004   0.000000  -1.122077   0.000000  -0.301444  -0.098269   0.000000   0.056615
        0.3155 22   0.096244   0.096244   0.374168    0.033037   0.000000  -1.085497   0.000000  -0.289292  -0.113025   0.000000   0.056852
        0.2181 24   0.124854   0.124854   0.367667    0.039763   0.000000  -1.093756   0.000000  -0.269151  -0.092872   0.000000   0.060057
        0.2947 25   0.134616   0.134616   0.331936    0.049381   0.000000  -1.069864   0.000000  -0.277687  -0.083329   0.000000   0.063478
        0.2609 25   0.159372   0.159372   0.368718    0.057526   0.000000  -1.095013   0.000000  -0.296725  -0.106715   0.000000   0.058577
        0.3574 23   0.167604   0.167604   0.374637    0.054349   0.000000  -1.057737   0.000000  -0.277244  -0.090166   0.000000   0.060222
        0.4011 24   0.183651   0.183651   0.375334    0.057063   0.000000  -1.043703   0.000000  -0.273008  -0.094184   0.000000   0.054637
        0.4247 24   0.203496   0.203496   0.368162    0.065918   0.000000  -1.053555   0.000000  -0.291751  -0.096076   0.000000   0.058407
        0.4287 24   0.227523   0.227523   0.345535    0.074432   0.000000  -1.041637   0.000000  -0.280166  -0.090079   0.000000   0.055700
        0.6041 23   0.224468   0.224468   0.352910    0.061844   0.000000  -1.001483   0.000000  -0.277782  -0.103733   0.000000   0.056244
        1.5409 20   0.116436   0.116436   0.295503    0.052775   0.000000  -0.876637   0.000000  -0.232729  -0.081068   0.000000   0.052813
        1.6536 20   0.121568   0.121568   0.356756    0.050876   0.000000  -0.855408   0.000000  -0.249680  -0.083999   0.000000   0.052907
        1.8426 18   0.117744   0.117744   0.338541    0.061027   0.000000  -0.870251   0.000000  -0.198277  -0.071427   0.000000   0.053663
        2.1118 18   0.104960   0.104960   0.363421    0.054290   0.000000  -0.837914   0.000000  -0.194301  -0.077467   0.000000   0.049846
        2.4788 17   0.083071   0.083071   0.337885    0.050987   0.000000  -0.772670   0.000000  -0.199199  -0.062561   0.000000   0.048509
        2.8806 14   0.060788   0.060788   0.330569    0.053149   0.000000  -0.765666   0.000000  -0.193569  -0.067521   0.000000   0.046617
        3.5262 14   0.026720   0.026720   0.402075    0.044892   0.000000  -0.800281   0.000000  -0.165847  -0.056834   0.000000   0.044350
        4.0218 15   0.011205   0.011205   0.402523    0.049931   0.000000  -0.737700   0.000000  -0.181386  -0.066343   0.000000   0.043658
        3.8154 15   0.028053   0.028053   0.395955    0.058074   0.000000  -0.699897   0.000000  -0.193046  -0.065297   0.000000   0.044776
        4.7346 13   0.001439   0.001439   0.366825    0.073994   0.000000  -0.665979   0.000000  -0.157163  -0.056327   0.000000   0.042083
        4.5597 14   0.008875   0.008875   0.374153    0.068468   0.000000  -0.702548   0.000000  -0.172851  -0.053865   0.000000   0.041720
        4.6103 14   0.012585   0.012585   0.359049    0.055948   0.000000  -0.672446   0.000000  -0.152846  -0.045213   0.000000   0.039104
        4.8782 13   0.008697   0.008697   0.355968    0.060726   0.000000  -0.653460   0.000000  -0.164108  -0.047832   0.000000   0.039093
        5.1104 12   0.006462   0.006462   0.317341    0.045785   0.000000  -0.659025   0.000000  -0.145249  -0.051725   0.000000   0.044912
        5.5467 12   0.001079   0.001079   0.324833    0.054637   0.000000  -0.660576   0.000000  -0.131642  -0.049129   0.000000   0.038800
        5.6343 11   0.001984   0.001984   0.310298    0.048355   0.000000  -0.659369   0.000000  -0.128561  -0.048699   0.000000   0.039738
        6.0099 11   0.000054   0.000054   0.346357    0.054321   0.000000  -0.636658   0.000359  -0.134686  -0.048768   0.000000   0.036096
        5.9348 12   0.002176   0.002176   0.356831    0.052564   0.000000  -0.661873   0.000000  -0.146529  -0.048610   0.000000   0.037746
        6.0418 12   0.003030   0.003030   0.330963    0.065799   0.000000  -0.657585   0.000000  -0.149187  -0.056995   0.000000   0.037584
        6.1799 12   0.003383   0.003383   0.336642    0.061250   0.000000  -0.652115   0.000000  -0.135940  -0.051584   0.000000   0.036900
        6.3325 11   0.003459   0.003459   0.339823    0.050660   0.000000  -0.644630   0.000000  -0.127662  -0.044001   0.000000   0.040807
        6.3724 11   0.006179   0.006179   0.334657    0.058230   0.000091  -0.617261   0.000000  -0.143381  -0.050271   0.000000   0.036325
        6.2382 10   0.016374   0.016374   0.349325    0.047127   0.000000  -0.634457   0.000000  -0.127890  -0.047929   0.000000   0.039221
        6.6040 10   0.008539   0.008539   0.364958    0.039673   0.000000  -0.553198   0.000000  -0.134799  -0.041511   0.000000   0.035458
        6.5678 11   0.015655   0.015655   0.361686    0.050381   0.000000  -0.579847   0.000000  -0.133947  -0.043509   0.000000   0.038622
        6.7785 10   0.013434   0.013434   0.396118    0.068958   0.000000  -0.634835   0.000000  -0.109732  -0.039089   0.000000   0.036045
        7.1812 9   0.005489   0.005489   0.327975    0.041359   0.000000  -0.607899   0.000000  -0.113941  -0.034364   0.000000   0.036729
        7.0743 9   0.014115   0.014115   0.362820    0.043267   0.000000  -0.639312   0.000000  -0.095502  -0.033584   0.000000   0.037209
        7.8846 10   0.000060   0.000060   0.427994    0.051989   0.000000  -0.654517   0.000000  -0.116382  -0.043394   0.000000   0.033496
        7.7916 9   0.002513   0.002513   0.340525    0.052978   0.000000  -0.626096   0.000001  -0.087552  -0.042261   0.000000   0.033575
        7.8389 9   0.004714   0.004714   0.341830    0.063583   0.000000  -0.646064   0.000000  -0.101437  -0.033285   0.000000   0.036443
        7.8549 9   0.008558   0.008558   0.353515    0.041607   0.000000  -0.634047   0.000002  -0.101174  -0.036010   0.000000   0.032685
        8.0368 8   0.007777   0.007777   0.343700    0.062518   0.000043  -0.655962   0.000000  -0.106256  -0.033982   0.000000   0.030809
        8.2654 9   0.005766   0.005766   0.325440    0.060216   0.000000  -0.623870   0.000000  -0.113042  -0.035721   0.000000   0.032852
        8.1193 9   0.016208   0.016208   0.409949    0.053568   0.000000  -0.716501   0.000000  -0.113042  -0.037485   0.000000   0.031690
        8.4004 8   0.011265   0.011265   0.337866    0.074176   0.000000  -0.675378   0.000000  -0.110316  -0.039565   0.000000   0.031873
        8.6922 9   0.006913   0.006913   0.320482    0.054520   0.000000  -0.697636   0.000000  -0.112473  -0.038754   0.000000   0.031403
        8.9792 9   0.003717   0.003717   0.339085    0.041775   0.000000  -0.769838   0.000000  -0.120916  -0.036773   0.000000   0.030791
        8.9240 9   0.009394   0.009394   0.313834    0.066565   0.000000  -0.751844   0.000000  -0.119271  -0.041430   0.000000   0.028325
        8.8488 9   0.018568   0.018568   0.311775    0.048570   0.000000  -0.751220   0.000000  -0.122144  -0.039607   0.000000   0.033201
        9.2299 8   0.009623   0.009623   0.298763    0.059249   0.000000  -0.735441   0.000000  -0.100100  -0.039351   0.000000   0.030545
        9.1761 9   0.017907   0.017907   0.330604    0.039906   0.000000  -0.735434   0.000000  -0.114705  -0.037618   0.000000   0.029255
        9.1074 9   0.029601   0.029601   0.343474    0.071293   0.000000  -0.713491   0.000000  -0.119229  -0.033918   0.000000   0.031700
       10.0644 7   0.001302   0.001302   0.326421    0.041216   0.000000  -0.667669   0.000000  -0.087189  -0.032246   0.000000   0.028597
       10.1650 7   0.002076   0.002076   0.317983    0.064389   0.000000  -0.721850   0.000000  -0.094029  -0.033114   0.000000   0.030174
       10.1509 7   0.005555   0.005555   0.340614    0.042738   0.000000  -0.718759   0.000000  -0.089234  -0.027617   0.000000   0.026938
       10.4170 7   0.003126   0.003126   0.307669    0.067200   0.000000  -0.683154   0.000000  -0.090977  -0.033542   0.000000   0.028515
       10.4295 7   0.006455   0.006455   0.315377    0.040245   0.000000  -0.672527   0.000000  -0.099178  -0.026086   0.000000   0.028542
       10.6129 7   0.005740   0.005740   0.338837    0.056515   0.000000  -0.736792   0.000000  -0.084184  -0.026131   0.000000   0.028294
       10.6474 6   0.009309   0.009309   0.345107    0.090443   0.000000  -0.774824   0.000000  -0.079137  -0.025678   0.000000   0.027541
       10.9214 6   0.005855   0.005855   0.327828    0.055063   0.000000  -0.738105   0.000000  -0.068470  -0.027911   0.000000   0.029455
       10.9668 6   0.009096   0.009096   0.289743    0.046511   0.000000  -0.659340   0.000000  -0.057079  -0.021599   0.000000   0.026759
       11.0268 6   0.012486   0.012486   0.308203    0.053832   0.000000  -0.654140   0.000137  -0.069988  -0.019578   0.000000   0.030145
       11.5064 6   0.003233   0.003233   0.328143    0.055227   0.000000  -0.655299   0.000000  -0.067309  -0.024807   0.000000   0.026878
       11.3909 6   0.010621   0.010621   0.322633    0.038306   0.000000  -0.649566   0.000000  -0.067537  -0.024233   0.000000   0.026394
       11.6063 6   0.008655   0.008655   0.375280    0.048290   0.000424  -0.661598   0.000000  -0.074823  -0.020385   0.000000   0.026241
       11.9167 5   0.004474   0.004474   0.336987    0.062524   0.000000  -0.619855   0.000000  -0.059218  -0.022867   0.000000   0.024994
       11.7019 6   0.016882   0.016882   0.361025    0.035570   0.000000  -0.610912   0.000000  -0.067500  -0.020525   0.000000   0.027685
       11.9538 4   0.012935   0.012935   0.348125    0.059466   0.000000  -0.622382   0.000000  -0.032800  -0.016168   0.000000   0.027576
       12.7528 5   0.000021   0.000021   0.313853    0.061249   0.000000  -0.567502   0.000000  -0.040463  -0.002920   0.000000   0.025081
       12.5361 5   0.004620   0.004620   0.383675    0.031191   0.000000  -0.572404   0.000000  -0.055596  -0.015823   0.000000   0.025693
       12.7892 4   0.002656   0.002656   0.351457    0.059479   0.000000  -0.596474   0.000000  -0.042830  -0.012050   0.000000   0.025892
       13.2955 4   0.000062   0.000062   0.319751    0.044292   0.000000  -0.589134   0.000000  -0.046213  -0.017944   0.000000   0.022263
       13.1713 4   0.001584   0.001584   0.315712    0.050828   0.000000  -0.614020   0.000000  -0.046444  -0.018491   0.000000   0.023058
       13.3399 4   0.001423   0.001423   0.354734    0.069612   0.000000  -0.618429   0.000000  -0.050168  -0.013231   0.000000   0.022359
       13.2572 2   0.006138   0.006138   0.331884    0.050818   0.000000  -0.558459   0.000000  -0.018749  -0.013187   0.000000   0.025448
       13.4424 4   0.005396   0.005396   0.382038    0.071733   0.000000  -0.625232   0.000000  -0.037346  -0.012273   0.000000   0.024871
       13.3628 2   0.012893   0.012893   0.308955    0.053709   0.000000  -0.549123   0.000000  -0.024517  -0.012802   0.000000   0.024931
       14.0510 4   0.000539   0.000539   0.305845    0.044415   0.000000  -0.499348   0.000000  -0.034663  -0.016237   0.000000   0.024202
       14.3071 3   0.000040   0.000040   0.263156    0.034247   0.000147  -0.484428   0.000000  -0.038328  -0.012719   0.000000   0.024834
       14.1696 3   0.003161   0.003161   0.286594    0.056678   0.000000  -0.493095   0.000000  -0.034461  -0.008680   0.000000   0.022285
       14.1237 3   0.008205   0.008205   0.368107    0.051821   0.000000  -0.531079   0.000000  -0.036213  -0.012457   0.000000   0.023264
       14.7490 2   0.000120   0.000120   0.339014    0.056563   0.002620  -0.480485   0.000000  -0.030458  -0.007748   0.000000   0.023953
       14.5992 2   0.003964   0.003964   0.367965    0.041615   0.000000  -0.502257   0.000000  -0.021777  -0.005359   0.000000   0.025631
       15.1190 0   0.000002   0.000002   0.355144    0.038755   0.000000  -0.533500   0.000000   0.000000  -0.000000   0.000000   0.031452
       15.6503 0   0.003896   0.003896   0.340071    0.036318   0.000000  -0.538418   0.000000   0.000000   0.000000   0.000000   0.027314
       15.1586 0   0.002272   0.002272   0.355119    0.046915   0.000000  -0.577070   0.000000   0.000000   0.000000   0.000000   0.026453
       15.6867 0   0.000239   0.000239   0.324325    0.043629   0.000000  -0.550376   0.000000   0.000000   0.000000   0.000000   0.024598
       15.7802 0   0.000023   0.000023   0.317483    0.050346   0.000000  -0.588105   0.000000   0.000000   0.000000   0.000000   0.029451
       15.7854 0   0.000438   0.000438   0.349676    0.051209   0.000000  -0.593759   0.000000   0.000000   0.000000   0.000000   0.026897
       16.2535 0   0.001025   0.001025   0.344769    0.048857   0.000000  -0.614097   0.000000   0.000000  -0.001819   0.000000   0.034974
