t = 7000000
b = 105 105 105
E = -0.335485324822947 -0.716677602933209 0.381192278110262
-28.0686598173923 -1.34681240737154 5.42452827200213 -0.768771265535863 -0.184312406015389 -0.612388502729497 -0.620825821551037 -0.014772587460326 0.78380933265373 0.093033215594894 0.345877661621832 -0.380132763986998 0.0927894211909404 -0.0792760809444896 0.11058765527215
-28.4245740440801 -1.24586709985661 5.64475350519875 -0.406381417469339 -0.794569258901933 -0.451125078380494 -0.725009082095308 -0.0200680225896194 0.688446879104029 -0.00703655502303023 0.0788780252505392 -0.31531025734509 -0.504034521985876 -0.309005590489948 0.0406614042806799
-28.8852143699264 -1.11961327189237 5.83965561625067 0.236118199866728 -0.966058112501618 -0.104785108491397 -0.714811250536913 -0.245725684470498 0.654724189333123 -0.221820734638959 -0.0613718690835159 0.0280086490524566 -0.191580800055498 0.222731492450638 -0.199832639960817
-29.2714843126963 -1.41616035805218 5.94082167571476 0.701696632879621 -0.487911437440408 0.519195786404479 -0.678213878081296 -0.234161068853793 0.69655906383534 0.0832468156601681 0.0463659415876847 0.129099653947495 -0.136282329373995 -0.463220434217255 0.219911400464153
-29.477584907233 -1.76661583408185 6.08239843537708 0.354540343922609 0.257377003726703 0.898920587417982 -0.852164063931838 -0.306757624925155 0.423929437163055 0.223918792128952 0.233813251911942 -0.598906320134788 0.130790020267414 -0.386769040621754 0.00230327367401637
-29.9277411887573 -1.96861943383489 6.36853422909248 0.298449128616519 0.651494934764967 0.697482951478629 -0.753656921032748 -0.287517299903793 0.591045723810851 0.25127955147595 -0.193399259104631 -0.103063343056149 0.0458744229594237 0.311710948634961 0.14566574914472
-30.0822502298662 -1.99310983624136 6.88034894749673 0.0647310375835515 0.979348827722434 0.191535287642791 -0.47745954093959 -0.138146531427171 0.867725718542947 -0.14633273513438 0.592340007657245 0.490875252521438 0.11683240439636 -0.28049315374677 -0.325788998340771
-30.0988112849239 -1.88304820061233 7.37970430609582 -0.611326920134966 0.676715127016732 -0.410287744863317 -0.559031296504242 -0.00231047199638256 0.829143335767748 0.249284864354857 -0.730715730411734 -0.290276010026231 -0.0959456192939042 -0.103583895742285 -0.368146006893139
-30.4393424410078 -1.5214224226568 7.73332663109184 -0.671270677358679 0.120114948506352 -0.731415119383933 -0.686326126261728 0.271926903532774 0.67454592693564 -0.4657121508799 -0.275590675425448 0.0787699210616006 -0.216097780487629 0.816749271831277 -0.302476787157541
-30.4607419259519 -1.19164227715873 7.89906312429509 -0.798812837275086 -0.597257822204789 0.0719801696250261 -0.299397345498823 0.498482351862008 0.813557972360054 -0.109755487233148 -0.00363754523401496 0.260144563223866 0.177049473680309 0.397384175796353 -0.06265309274487
-29.8437928053304 -0.640790519039966 7.8887951431889 0.639815695822061 -0.474485328596308 -0.604565586455908 0.148693213878699 0.848216844833067 -0.508348809665631 0.0917633958019815 0.161131047600737 0.0594439196460274 -0.351175978151588 -0.689681991740125 0.150786140903775
-29.5055766767983 -0.31050254474049 7.63096527408088 -0.334670045714 -0.676118799710023 -0.656398757753571 -0.00436303934224888 0.697670284350455 -0.716405707837385 -0.407126237097036 -0.308480378718732 -0.00612529683638383 0.187405264221161 -0.000173534134042929 -0.46791550934012
-29.6570929067018 0.594859534257588 7.12376877281497 0.240606688671616 0.0373772068400295 -0.969902760989582 0.273564938754193 -0.961359762442958 0.0308160906060862 -0.069559611426522 0.106575513172149 0.285299800432106 -0.107187481037728 0.0510185935452718 -0.130770841524328
-29.0139304992495 0.965691931774757 6.5609819974169 -0.701953551050422 -0.525330263915149 -0.480925489013299 -0.535719167965738 0.834404235585775 -0.129516580833549 -0.0094421758483921 0.225303551074918 0.195916626633031 -0.040446634157001 -0.209103426600404 -0.43028859521326
-29.1919768394986 1.24991436844927 6.24716222983831 -0.862631984704728 -0.480005262177573 0.159565056470061 -0.505787187072527 0.814314044094291 -0.28473138039913 -0.248878003370177 0.211136192637836 0.242831415382481 0.309291804571279 -0.658584291161971 0.0187918373139221
-29.5054896034913 1.57467953488331 5.95628154421334 -0.624829116483232 -0.481242784608962 0.614812131839065 -0.776352977205205 0.466518161522626 -0.423835887761166 0.131356890219342 0.375483677909982 -0.406366099405515 0.307044917540304 -0.311864262900759 0.305010113542523
-29.9304966078398 1.51200212403118 5.67705733537755 -0.376800052829471 0.114793232410142 0.919154086092808 -0.770378239630506 0.512143034988703 -0.379772141706723 0.0223750448608357 -0.734685250441428 -0.878438755921435 -0.0353042299513958 -0.0471508062225735 -0.238807347422706
-30.4831070883904 1.45482052058905 5.60397674313486 0.0747888539475531 0.807848692000409 0.584625622221935 -0.655941898940982 0.481434198610976 -0.581344422542752 0.0925665637522364 0.103821153337294 0.203698364662306 -0.0100318427956343 0.132131080314212 -0.171621555049949
-30.9372419200373 1.63915681891669 5.53600002873659 0.587679839511978 0.791361873860663 0.168460057078524 -0.539195493375023 0.538293544806091 -0.647694588169284 -0.0919054535613501 0.188408836772877 -0.121868152221427 -0.65031375863766 -0.405766978309264 -0.194660734039628
-31.2999345210619 1.94068059672086 5.46049369463478 0.861390566619386 0.152091498337888 -0.484638491942575 -0.499883792364625 0.423120808141109 -0.755701644731103 -0.00177887675368723 -0.841405215863554 0.0433860363738207 0.682011544418065 -0.0581114362907719 0.162247239788924
-31.4018995241582 2.37960966022631 5.24566918995339 0.384181593398811 -0.5501048948067 -0.741477651721955 -0.666813058198571 0.390139949545058 -0.634941859688921 0.273019945566454 0.408184989363891 0.208833070706838 -0.100285599162634 -0.0203629414215797 0.245652009375649
-31.356975961136 2.6210659628955 4.80127565426097 -0.379944891243859 -0.881847877158916 -0.279260095910875 -0.595776552849205 0.464236765737449 -0.655388834519578 -0.0246771721394877 0.0548117522183669 -0.16781385079635 0.657019847154717 -0.355561146191942 0.0520516625780826
-32.5450946945921 3.16428509122325 5.44319395182849 -0.652832968520014 0.569622799685231 0.499338543767568 -0.256119920892759 0.454385174102575 -0.853192064940704 -0.740770522063406 -0.398900593375081 0.160783772404993 0.0438904843928333 -0.577820345691797 -0.817294127796426
-32.4983555111733 3.98878146930959 6.18491372472288 -0.217519099427021 -0.276877539331519 0.935961681693353 0.806201986899202 0.489579087651107 0.332190718193854 -0.645709853257063 -0.0441145976077927 0.335966253170062 -0.717702855799233 0.180531217270197 -0.243735390398567
-32.3567093549716 4.34081677646468 6.4795571670016 0.155390270432982 -0.758519481287487 0.632852321132207 0.631553841133494 0.568890812712854 0.526785524630624 -0.0105800603327938 0.173850219979295 1.08455780594154 0.731591597381805 0.07706395474666 -0.0405255265464768
-33.1326010555018 4.99843813243379 5.9876816023923 -0.070650957024657 0.421149455995337 -0.90423535541705 0.175080116260442 -0.887192605548763 -0.426891360360032 0.0387440302864805 0.0119323390373286 0.48369779683505 -0.562457639056174 -0.0387177347738997 -0.094294381514079
-31.1107320129044 36.3766232882411 -23.2471077583277 0.0287248036242747 0.58354250439838 -0.811574415083152 -0.997842005921964 0.0646981119873697 0.0112020320770559 -0.37633523717574 -0.620568295035793 -0.242755270795685 -0.356370161723782 -0.18013558428245 -0.311513456865612
-31.4631054024924 36.6731465098551 -23.1157041611436 -0.143781639399153 -0.168695630002141 -0.975124927683555 -0.989050627841249 0.0576054987804674 0.135869283053009 0.319652493098436 -0.125536175975014 0.350117609190147 0.453242800907735 -0.158641675108702 0.115359731012987
-31.9292844747854 36.9197210171787 -23.3329493945908 -0.0711379172806327 -0.824024429706716 -0.562070401259574 -0.993329908106358 0.00725869156242643 0.115078256238348 0.269316454282026 -0.0148471079600026 0.291574673420988 -0.102025706788533 0.0131387558782997 -0.570606151043156
-32.3531522250779 37.0139049393669 -23.544560396479 -0.0757044341529525 -0.988033358241249 0.134383487273335 -0.980126274474004 0.0985173156372703 0.172182532811548 0.40164017160435 0.0201706643646754 0.240062669235714 -0.308428540524512 -0.437616815676659 0.127505894865184
-32.8948310967947 36.8238097671785 -23.679838574977 0.306148588028505 -0.569160874023897 0.76310480376444 -0.93559878425337 -0.0318047372063433 0.351629597154032 0.31724392478712 0.163849826773114 0.428723073953234 0.205674661046777 0.544588589750994 -0.137991028088587
-33.635242831053 37.5020672128933 -24.1788562543957 -0.412629480148538 -0.134525444254169 0.900910548811814 0.0226131097115132 0.987216938122811 0.157769972910903 0.0614795637345617 0.0728765810445598 0.0749165370808447 0.0526679632363936 0.270077723416037 -0.341972633747188
-33.9650963916707 37.9524390406499 -24.0541922677 0.240376697671993 -0.295073296639136 0.924743636272355 -0.0859010665604891 0.942472139873338 0.323059239654181 0.430873766445202 0.133650907194801 0.0934269528950977 0.651827264733721 0.107000407155881 0.276141010517957
-34.5246283516194 38.6084118528883 -24.7439689501672 -0.500752078868963 0.729748196285285 0.46552650357111 0.79338599219223 0.171908730073943 0.583940113297776 0.705557745654231 0.31772902145397 -0.658624873927892 -0.00444060180738126 -0.258838311472835 0.000644226376426845
-34.3111086380247 38.9147064168888 -24.6283650154267 -0.252898091272732 -0.164978366720217 0.953322974623312 0.962918964199766 0.0527801093156488 0.264577641618625 0.0830647845760639 -0.550685087917974 0.164765722510593 -0.250427537868848 0.229392866785267 -0.318389472744217
-34.1339627134582 39.5934417218694 -25.0325601754227 0.607866543666538 0.165168653809711 0.776670831748909 0.627312264640231 0.499769126570891 -0.597252160111826 0.234262187891417 0.479069207334743 0.758686113171248 0.0789175952461128 -0.614918537740084 -0.143784236991586
-33.6751540257094 39.7825182365127 -25.2744482440234 0.193331698037992 -0.218705985264237 0.956446834143754 0.802899221999245 0.595542501073349 -0.0261145309775432 -0.118604182120362 -0.135836545583562 -0.0828080727573847 -0.719647679782911 -0.403057526557459 -0.0318469110158976
-33.4630409690917 40.2032545475373 -25.0561509860337 0.461001621308886 -0.750524576787075 0.473487449452496 0.816926623268754 0.567312534616662 0.10386231396119 0.185955732758832 -0.0417314471733222 -0.723629407060749 -0.388536706493718 -0.0256488895506829 0.0128912282861856
-33.3497527537928 40.3332672914188 -24.8922648999456 0.515941857016013 0.620032566267766 -0.591069891761077 -0.125515733461494 0.737270870719144 0.663835419243832 -0.190608999243555 -0.405566530823543 -0.325833770890695 -0.221354496779554 -0.726513553953726 0.099000436092115
-34.2855722217036 39.6239747749022 -24.7336950495566 0.368047322629362 0.209631351685546 -0.905867465303645 0.628410707074278 -0.774143447950733 0.0761702384738263 0.0672190331832456 -0.0792966909960032 1.0102750316167 0.309352340862346 0.398465687442079 0.707557447973395
-33.9232703258882 40.0005607484437 -23.10464089184 0.523324054925947 0.497838457594641 0.691584270841564 -0.754017256608495 0.648624658073768 0.103653411307614 -0.0797195197920694 0.293495896886476 0.373263966008817 -0.109849932514224 0.098081791570268 0.491372221699132
-34.2146068346888 40.2000004248878 -22.7639799424996 0.683568974832414 0.724247614971584 -0.0905474950202095 -0.70567388518298 0.687475886978957 0.171467992911692 0.305842649754234 -0.0873361356019373 0.535988556081468 -0.39303646869554 -0.0517336759401096 0.746248161417258
-34.3626335435278 40.5755991064713 -22.456492448423 0.378774120603689 0.461974822785481 -0.801941038152366 -0.663612122201041 0.739554451804221 0.112597353805197 -0.46653480326987 0.256087023668432 0.254565216191324 -0.323068944971213 0.0349823127224951 0.164853294741555
-34.4785088145744 41.0390401281867 -22.3810733187022 -0.191166549995902 -0.336944007344 -0.921913274705111 -0.793234533045827 0.606234531807861 -0.0570847442612203 0.202058843138669 -0.422991428403807 0.453896247107682 -0.146995836402114 0.19284779981925 0.46415179549248
-34.0512817196305 40.7722118875274 -21.6781052021904 0.270617133862341 -0.35534791115369 -0.89470343069599 0.960369715391938 0.0352034215098464 0.27649724930241 0.279372395813705 0.462509657330342 -0.587155919095059 -0.0679406734196586 0.0622454695474174 -0.00579919705965171
-33.6749732473843 40.5700298124498 -21.4469901977481 0.24989263985566 0.119439920364581 -0.96087864684857 0.966081391969876 -0.0974938448312599 0.239126941831454 0.694849493246732 -0.556849841122634 0.0529231485227071 -0.573654128793424 0.889879166843473 -0.389287133794129
-33.4507890738731 40.7105092473903 -19.9455465564818 0.87899000499401 0.365029195824598 0.306806547055848 -0.468140180676276 0.538258687334093 0.700801224846161 -0.165015898455854 -1.22395004375361 0.218714758815943 -0.01866735173822 0.00517821808888291 -0.0849237126452975
-33.5334148161657 40.9457337565826 -19.4587384131606 0.584733443324913 0.677890060165514 -0.445591591691246 -0.430900365854395 0.724930794926257 0.537401355854435 -0.304659224358499 -0.00398384649066743 0.0512532185095255 0.311927996485606 -0.640336839584299 -0.190700943292284
-33.5421374297541 41.2606217272278 -19.0544493641363 0.0829438206440314 0.587291037219325 -0.805114625515565 -0.500200669470266 0.72329259145414 0.47607469729965 -0.0890942945739809 -0.203255351478285 -0.333825936387981 0.539735896853645 0.0873806131778615 -0.195399422260996
-33.5911080426768 41.7617335636526 -18.9401234643243 -0.63390373682447 -0.0686439365843294 -0.770359696771767 -0.525437807026579 0.769117122138111 0.363832328663853 0.332964289406667 -0.05241033311154 0.173179539523575 0.524263117523971 -0.182340967657569 0.460447822447706
-33.7075441122342 42.2470065509149 -18.9443388819271 -0.858193543520434 -0.45236985117749 -0.24262184486513 -0.511007138544278 0.797745217258291 0.320116030055232 -0.125310901502085 -0.0481237533084425 0.0218895829949066 -0.211803354875892 -0.50897384905016 -1.08442428941271
-33.1704520593673 42.511012734045 -18.0689118399923 0.542330308319264 -0.159088003051692 -0.824965965336569 0.473978669615073 0.868669214599359 0.144076425404552 0.330278135464916 -0.131187942345786 0.518859772695345 -0.0439043451554235 -0.271918272622926 0.513038812956495
