       22.0219 0   0.000244   0.000244   0.329886    0.038323   0.000103  -0.697265   0.000000   0.000000   0.000000   0.000000   0.022797
       22.1392 0   0.001262   0.001262   0.330158    0.054862   0.000000  -0.727199   0.000000   0.000000   0.000000   0.000000   0.033701
       21.9380 0   0.000002   0.000002   0.330137    0.055009   0.000000  -0.696935   0.000000   0.000000  -0.000000   0.000000   0.025092
       21.6529 0   0.002215   0.002215   0.322888    0.040156   0.000000  -0.699685   0.000000   0.000000   0.000000   0.000000   0.026378
       21.9470 0   0.000008   0.000008   0.358870    0.053138   0.000000  -0.734641   0.000000   0.000000   0.000000  -0.010429   0.025726
       21.8821 0   0.000066   0.000066   0.297690    0.053784   0.000000  -0.685953   0.000086   0.000000  -0.000001   0.000000   0.027475
       22.1275 0   0.001126   0.001126   0.297267    0.052274   0.000000  -0.718294   0.000000   0.000000  -0.002134   0.000000   0.032477
       22.2750 0   0.003433   0.003433   0.307571    0.059105   0.000000  -0.723741   0.000000   0.000000   0.000000   0.000000   0.030794
       22.0121 0   0.000195   0.000195   0.365997    0.051896   0.000758  -0.717747   0.000000   0.000000   0.000000   0.000000   0.027384
       21.8191 0   0.000355   0.000355   0.331379    0.047602   0.000000  -0.737149   0.000000   0.000000  -0.003130   0.000000   0.027887
       21.9150 0   0.000007   0.000007   0.321842    0.033284   0.000000  -0.686500   0.000000   0.000000   0.000000   0.000000   0.027025
       21.9464 0   0.000008   0.000008   0.272333    0.065212   0.000000  -0.641875   0.000000   0.000000   0.000000   0.000000   0.031047
       22.1672 0   0.001624   0.001624   0.307321    0.056296   0.000000  -0.638939   0.000013   0.000000   0.000000   0.000000   0.030477
       22.1862 0   0.001893   0.001893   0.391803    0.051095   0.000000  -0.633223   0.000000   0.000000   0.000000   0.000000   0.032477
       21.8204 0   0.000347   0.000347   0.349175    0.045297   0.000000  -0.597974   0.000000   0.000000   0.000000   0.000000   0.025882
       22.0529 0   0.000436   0.000436   0.343398    0.047748   0.000000  -0.594262   0.000000   0.000000  -0.000118   0.000000   0.033065
       21.8902 0   0.000046   0.000046   0.382712    0.054829   0.000000  -0.634829   0.000000   0.000000  -0.000081   0.000000   0.031258
       21.7736 0   0.000706   0.000706   0.327900    0.050193   0.000000  -0.636366   0.000027   0.000000   0.000000   0.000000   0.034596
       21.9504 0   0.000012   0.000012   0.329421    0.049337   0.000169  -0.652402   0.000000   0.000000   0.000000   0.000000   0.034041
       21.7475 0   0.000961   0.000961   0.316364    0.040147   0.000000  -0.639435   0.000000   0.000000   0.000000   0.000000   0.029481
       21.8742 0   0.000090   0.000090   0.326771    0.040619   0.000000  -0.659676   0.000000   0.000000   0.000000   0.000000   0.026440
       22.0135 0   0.000201   0.000201   0.322136    0.060053   0.000000  -0.709285   0.000000   0.000000  -0.000000   0.000000   0.024908
       21.9374 0   0.000002   0.000002   0.363561    0.045741   0.000000  -0.714189   0.000000   0.000000   0.000000   0.000000   0.024891
       22.0564 0   0.000461   0.000461   0.298967    0.052046   0.000000  -0.718910   0.000000   0.000000   0.000000   0.000000   0.032100
       21.9623 0   0.000030   0.000030   0.292037    0.064758   0.000000  -0.710462   0.000400   0.000000   0.000000   0.000000   0.025570
       22.0164 0   0.000215   0.000215   0.376677    0.050641   0.000000  -0.796124   0.000000  -0.000036   0.000000   0.000000   0.031523
       22.1241 0   0.001087   0.001087   0.341192    0.040425   0.000000  -0.729037   0.000000   0.000000  -0.000000   0.000000   0.026022
       21.9203 0   0.000003   0.000003   0.366051    0.050562   0.000000  -0.714904   0.000000   0.000000   0.000000   0.000000   0.031233
       21.6408 0   0.002412   0.002412   0.318554    0.043875   0.000000  -0.635707   0.000000   0.000000   0.000000   0.000000   0.028298
       22.0842 0   0.000686   0.000686   0.343554    0.062837   0.000000  -0.672279   0.000000   0.000000   0.000000   0.000000   0.027771
       21.9395 0   0.000003   0.000003   0.350134    0.051835   0.000000  -0.664869   0.000000   0.000000   0.000000   0.000000   0.029264
       22.1142 0   0.000978   0.000978   0.352383    0.057095   0.000000  -0.713428   0.000000   0.000000   0.000000   0.000000   0.026662
       21.6783 0   0.001828   0.001828   0.318064    0.028058   0.000430  -0.711370   0.000000   0.000000  -0.000360   0.000000   0.030437
       22.1599 0   0.001524   0.001524   0.261293    0.042626   0.000555  -0.696504   0.000000   0.000000   0.000000   0.000000   0.030453
       21.9927 0   0.000114   0.000114   0.325164    0.042302   0.000000  -0.728415   0.000000   0.000000   0.000000   0.000000   0.030410
       21.8682 0   0.000110   0.000110   0.315835    0.058300   0.000000  -0.718400   0.000000   0.000000   0.000000   0.000000   0.024806
       21.9159 0   0.000006   0.000006   0.274413    0.038636   0.000000  -0.683482   0.000000   0.000000  -0.000026   0.000000   0.027576
       21.9614 0   0.000028   0.000028   0.315645    0.048629   0.000000  -0.658178   0.000369   0.000000   0.000000   0.000000   0.028002
       22.1780 0   0.001774   0.001774   0.290039    0.044770   0.000000  -0.666405   0.000000   0.000000   0.000000   0.000000   0.034887
       21.9348 0   0.000001   0.000001   0.347802    0.054764   0.000079  -0.713629   0.000000   0.000000   0.000000  -0.000000   0.031141
       21.6874 0   0.001697   0.001697   0.304039    0.039107   0.000000  -0.717503   0.000000   0.000000   0.000000   0.000000   0.026696
       22.1592 0   0.001516   0.001516   0.343902    0.046115   0.000000  -0.718758   0.000007   0.000000  -0.000000   0.000000   0.026123
       22.0316 0   0.000298   0.000298   0.320015    0.055735   0.000000  -0.728152   0.000000   0.000000   0.000000   0.000000   0.026982
       21.9108 0   0.000011   0.000011   0.392043    0.037617   0.000000  -0.779117   0.000000   0.000000   0.000000   0.000000   0.028735
       22.0528 0   0.000435   0.000435   0.323859    0.040879   0.000000  -0.752320   0.000000   0.000000   0.000000   0.000000   0.026811
       21.8911 0   0.000044   0.000044   0.344731    0.050495   0.000000  -0.747240   0.000000   0.000000   0.000000   0.000000   0.028796
       21.9159 0   0.000006   0.000006   0.365204    0.036200   0.000000  -0.727877   0.000000   0.000000   0.000000   0.000000   0.026211
       21.9128 0   0.000009   0.000009   0.351759    0.060589   0.000000  -0.707991   0.000000  -0.011793  -0.002003   0.000000   0.029953
       21.8070 0   0.000437   0.000437   0.307856    0.068580   0.000000  -0.730076   0.000000   0.000000   0.000000   0.000000   0.027473
       22.0031 0   0.000154   0.000154   0.319220    0.052352   0.000000  -0.725617   0.000000   0.000000   0.000000   0.000000   0.029788
       22.2662 0   0.003261   0.003261   0.288955    0.061057   0.000000  -0.709418   0.000000   0.000000   0.000000   0.000000   0.028195
       21.6824 0   0.001769   0.001769   0.353771    0.057784   0.000000  -0.724268   0.000000   0.000000   0.000000   0.000000   0.030172
       22.0049 0   0.000162   0.000162   0.319851    0.047262   0.000000  -0.719263   0.000000   0.000000   0.000000   0.000000   0.031989
       21.6274 0   0.002642   0.002642   0.325625    0.043774   0.000000  -0.688975   0.000000   0.000000   0.000000   0.000000   0.032608
       22.1159 0   0.000996   0.000996   0.372658    0.030583   0.000005  -0.714386   0.000000   0.000000  -0.000605   0.000000   0.026637
       22.2328 0   0.002645   0.002645   0.368319    0.038655   0.000000  -0.730477   0.000000   0.000000   0.000000   0.000000   0.027804
       21.8271 0   0.000305   0.000305   0.271770    0.047909   0.000000  -0.719389   0.000000   0.000000   0.000000   0.000000   0.028644
       21.7889 0   0.000574   0.000574   0.291267    0.059598   0.000000  -0.719596   0.000000   0.000000   0.000000   0.000000   0.023707
       21.9191 0   0.000003   0.000003   0.357520    0.040024   0.000000  -0.757205   0.000000   0.000000   0.000000   0.000000   0.026332
       21.7734 0   0.000707   0.000707   0.340984    0.043111   0.000000  -0.714645   0.000357   0.000000   0.000000   0.000000   0.030892
       22.0423 0   0.000364   0.000364   0.339017    0.032380   0.000000  -0.698202   0.000000   0.000000   0.000000   0.000000   0.026249
       21.9618 0   0.000029   0.000029   0.350841    0.053449   0.000000  -0.733681   0.000000   0.000000  -0.000001   0.000000   0.032184
       21.8657 0   0.000119   0.000119   0.365825    0.047756   0.000000  -0.738368   0.000000   0.000000   0.000000   0.000000   0.024461
       21.8971 0   0.000031   0.000031   0.323863    0.055403   0.000000  -0.723038   0.001408   0.000000   0.000000   0.000000   0.027648
       22.1056 0   0.000889   0.000889   0.333993    0.027092   0.000000  -0.720224   0.000000   0.000000   0.000000  -0.000189   0.028470
       21.9206 0   0.000003   0.000003   0.343331    0.062175   0.000000  -0.727442   0.000000   0.000000   0.000000   0.000000   0.026278
       21.9741 0   0.000056   0.000056   0.304877    0.061146   0.001092  -0.700188   0.000000   0.000000   0.000000   0.000000   0.024736
       21.8991 0   0.000028   0.000028   0.318301    0.035496   0.000000  -0.656416   0.000001   0.000000   0.000000   0.000000   0.033513
       21.9204 0   0.000003   0.000003   0.356731    0.057559   0.000000  -0.696971   0.000000   0.000000   0.000000   0.000000   0.026645
       22.2521 0   0.002994   0.002994   0.379956    0.055162   0.000000  -0.750146   0.000000   0.000000   0.000000   0.000000   0.026502
       21.6101 0   0.002952   0.002952   0.321114    0.034757   0.000000  -0.688598   0.000000   0.000000  -0.000002   0.000000   0.025115
       21.9425 0   0.000004   0.000004   0.372185    0.055782   0.000000  -0.713246   0.000000   0.000000   0.000000   0.000000   0.028080
       22.0653 0   0.000528   0.000528   0.298778    0.048120   0.000000  -0.705349   0.000000   0.000000  -0.000000   0.000000   0.028807
       21.6817 0   0.001778   0.001778   0.317479    0.043329   0.000004  -0.720566   0.000000   0.000000  -0.000003   0.000000   0.025533
       21.9074 0   0.000015   0.000015   0.339105    0.045344   0.000000  -0.793465   0.000000   0.000000   0.000000   0.000000   0.027622
       21.8504 0   0.000183   0.000183   0.303928    0.034438   0.000000  -0.748270   0.000000   0.000000   0.000000   0.000000   0.029307
       22.3039 0   0.004033   0.004033   0.308838    0.032203   0.000000  -0.738213   0.000000   0.000000   0.000000   0.000000   0.027388
       21.7120 0   0.001371   0.001371   0.300048    0.024325   0.000683  -0.744470   0.000000   0.000000   0.000000   0.000000   0.024227
       22.1252 0   0.001099   0.001099   0.321212    0.042842   0.000000  -0.798619   0.000000   0.000000   0.000000   0.000000   0.028243
       22.1804 0   0.001809   0.001809   0.340116    0.046489   0.000000  -0.820105   0.000000   0.000000   0.000000   0.000000   0.030652
       21.8652 0   0.000121   0.000121   0.311417    0.059916   0.000000  -0.798110   0.000000   0.000000   0.000000   0.000000   0.028034
       22.0237 0   0.000253   0.000253   0.320959    0.057914   0.000000  -0.771742   0.000000   0.000000  -0.000000   0.000000   0.028413
       21.9799 0   0.000072   0.000072   0.352422    0.039932   0.000000  -0.776681   0.000000   0.000000   0.000000   0.000000   0.030112
       21.9173 0   0.000005   0.000005   0.303902    0.053828   0.000000  -0.717641   0.000000   0.000000   0.000000   0.000000   0.032233
       22.2483 0   0.002922   0.002922   0.292182    0.034189   0.000000  -0.675338   0.000000   0.000000  -0.000000   0.000000   0.029444
       21.9758 0   0.000060   0.000060   0.312084    0.042726   0.000000  -0.739489   0.000000   0.000000   0.000000   0.000000   0.036802
       21.7040 0   0.001473   0.001473   0.316384    0.050182   0.000000  -0.744947   0.002159   0.000000  -0.000250   0.000000   0.029694
       21.7408 0   0.001033   0.001033   0.330509    0.043617   0.000000  -0.683195   0.000000   0.000000   0.000000   0.000000   0.033164
       21.8316 0   0.000280   0.000280   0.289793    0.070171   0.000000  -0.635035   0.000000   0.000000   0.000000   0.000000   0.029162
       22.0446 0   0.000379   0.000379   0.353467    0.064396   0.000000  -0.620966   0.000000   0.000000  -0.000004  -0.000377   0.030914
       21.8841 0   0.000061   0.000061   0.304973    0.054377   0.000000  -0.525780   0.000000   0.000000  -0.000001   0.000000   0.028320
       22.0447 0   0.000379   0.000379   0.346365    0.034424   0.000000  -0.612339   0.000000   0.000000   0.000000   0.000000   0.028443
       22.0021 0   0.000150   0.000150   0.329285    0.027482   0.000000  -0.624577   0.000000   0.000000   0.000000   0.000000   0.030115
       22.0792 0   0.000642   0.000642   0.345096    0.057913   0.000000  -0.658225   0.000000   0.000000   0.000000   0.000000   0.026203
       21.7270 0   0.001188   0.001188   0.358885    0.059635   0.000000  -0.650623   0.000328   0.000000   0.000000   0.000000   0.027100
       22.1612 0   0.001542   0.001542   0.355289    0.056377   0.000000  -0.621143   0.000000   0.000000   0.000000   0.000000   0.030928
       22.2563 0   0.003071   0.003071   0.335054    0.044750   0.000000  -0.590394   0.000000   0.000000   0.000000   0.000000   0.029114
       21.7384 0   0.001059   0.001059   0.343381    0.056249   0.000000  -0.616778   0.000000   0.000000   0.000000   0.000000   0.027166
       21.5734 0   0.003668   0.003668   0.341026    0.047129   0.001470  -0.627749   0.000000   0.000000  -0.000000   0.000000   0.025328
       22.1635 0   0.001573   0.001573   0.379262    0.045368   0.000000  -0.632997   0.000000   0.000000   0.000000   0.000000   0.030638
       22.0437 0   0.000373   0.000373   0.340496    0.053538   0.000000  -0.609644   0.000000   0.000000   0.000000   0.000000   0.026874
       21.7717 0   0.000723   0.000723   0.352116    0.033853   0.000000  -0.574937   0.000000   0.000000  -0.000086   0.000000   0.029730
       22.1852 0   0.001879   0.001879   0.306474    0.037285   0.002083  -0.571877   0.000000   0.000000   0.000000   0.000000   0.031616
       22.0349 0   0.000318   0.000318   0.366817    0.035960   0.000000  -0.634783   0.000000   0.000000   0.000000   0.000000   0.026695
       22.0498 0   0.000414   0.000414   0.334013    0.043080   0.000000  -0.576418   0.000000   0.000000   0.000000   0.000000   0.027417
       21.8266 0   0.000309   0.000309   0.318944    0.043226   0.000000  -0.658914   0.000000   0.000000   0.000000   0.000000   0.027568
       22.0683 0   0.000552   0.000552   0.310709    0.036671   0.000000  -0.672601   0.000000   0.000000   0.000000   0.000000   0.025025
       21.9174 0   0.000005   0.000005   0.316653    0.049802   0.000000  -0.731160   0.001228   0.000000   0.000000   0.000000   0.028217
       22.0422 0   0.000363   0.000363   0.346165    0.046097   0.000000  -0.702810   0.000000   0.000000   0.000000   0.000000   0.024202
       22.0994 0   0.000828   0.000828   0.281135    0.048343   0.000000  -0.709489   0.000000   0.000000   0.000000   0.000000   0.032370
       21.7057 0   0.001451   0.001451   0.301025    0.052916   0.000000  -0.732758   0.000000   0.000000   0.000000   0.000000   0.028523
       21.8757 0   0.000085   0.000085   0.358874    0.037187   0.000000  -0.813286   0.001924   0.000000   0.000000   0.000000   0.028411
       21.7840 0   0.000615   0.000615   0.311250    0.051399   0.000000  -0.753522   0.000000   0.000000   0.000000   0.000000   0.029505
       21.8121 0   0.000401   0.000401   0.318872    0.079538   0.000000  -0.775763   0.000000   0.000000   0.000000   0.000000   0.028121
       22.4765 0   0.008615   0.008615   0.322265    0.060373   0.000000  -0.744111   0.000000   0.000000   0.000000   0.000000   0.025952
       21.6600 0   0.002102   0.002102   0.270770    0.045646   0.000000  -0.693544   0.000000   0.000000   0.000000   0.000000   0.026646
       22.0735 0   0.000594   0.000594   0.364211    0.058883   0.000000  -0.800078   0.000000   0.000000   0.000000   0.000000   0.026522
       22.0895 0   0.000734   0.000734   0.364676    0.044369   0.000000  -0.764001   0.000000   0.000000   0.000000   0.000000   0.028640
       21.7012 0   0.001510   0.001510   0.328609    0.044781   0.000000  -0.746618   0.000000   0.000000   0.000000   0.000000   0.027399
       22.0184 0   0.000225   0.000225   0.367165    0.061071   0.000000  -0.818303   0.000000   0.000000   0.000000   0.000000   0.032117
       22.2695 0   0.003325   0.003325   0.342543    0.048399   0.000000  -0.756454   0.000000   0.000000   0.000000   0.000000   0.030376
       21.9095 0   0.000012   0.000012   0.302924    0.072058   0.000000  -0.660141   0.000000   0.000000   0.000000   0.000000   0.025828
       22.0432 0   0.000370   0.000370   0.321031    0.047507   0.000000  -0.691361   0.000000   0.000000   0.000000   0.000000   0.029226
       21.9560 0   0.000019   0.000019   0.317794    0.046257   0.000000  -0.665791   0.000000   0.000000  -0.000000   0.000000   0.036211
       21.9127 0   0.000009   0.000009   0.329701    0.052562   0.000000  -0.690287   0.000000   0.000000   0.000000   0.000000   0.029830
       21.7558 0   0.000876   0.000876   0.300678    0.042794   0.000000  -0.649825   0.000000   0.000000   0.000000   0.000000   0.028570
       21.7786 0   0.000661   0.000661   0.286190    0.046269   0.000000  -0.617438   0.000000   0.000000   0.000000   0.000000   0.025859
       21.7099 0   0.001398   0.001398   0.292432    0.040048   0.000000  -0.604553   0.000000   0.000000   0.000000   0.000000   0.030254
       22.0479 0   0.000401   0.000401   0.294815    0.042482   0.000000  -0.616448   0.000000   0.000000   0.000000   0.000000   0.027020
       21.7764 0   0.000681   0.000681   0.319349    0.052819   0.000000  -0.587135   0.000000   0.000000   0.000000   0.000000   0.032768
       21.9084 0   0.000013   0.000013   0.287390    0.057473   0.003901  -0.583692   0.000000   0.000000  -0.000000   0.000000   0.034086
       22.2145 0   0.002335   0.002335   0.347119    0.042726   0.000000  -0.631455   0.000000   0.000000  -0.000000   0.000000   0.029823
       22.1682 0   0.001636   0.001636   0.335661    0.062066   0.000000  -0.682386   0.001745   0.000000   0.000000   0.000000   0.024034
       21.9207 0   0.000002   0.000002   0.350489    0.063020   0.000000  -0.663239   0.000000   0.000000   0.000000   0.000000   0.029005
       21.6939 0   0.001607   0.001607   0.282690    0.084540   0.000000  -0.642895   0.000000   0.000000   0.000000   0.000000   0.026768
       21.9012 0   0.000024   0.000024   0.296778    0.040756   0.000000  -0.600880   0.000000   0.000000   0.000000   0.000000   0.031713
       22.0870 0   0.000711   0.000711   0.361200    0.047708   0.000000  -0.650454   0.000000   0.000000   0.000000   0.000000   0.024841
       22.0674 0   0.000544   0.000544   0.311512    0.045557   0.000000  -0.607256   0.000000   0.000000   0.000000   0.000000   0.023256
       21.9042 0   0.000019   0.000019   0.334617    0.041553   0.000000  -0.593334   0.000000   0.000000   0.000000   0.000000   0.026623
       21.7869 0   0.000591   0.000591   0.333060    0.054821   0.000000  -0.612914   0.000000   0.000000   0.000000   0.000000   0.032292
       21.9623 0   0.000030   0.000030   0.418818    0.049756   0.000000  -0.660790   0.000000   0.000000   0.000000   0.000000   0.029869
       21.7892 0   0.000572   0.000572   0.318563    0.046848   0.000000  -0.603738   0.000000   0.000000   0.000000   0.000000   0.034424
       22.0997 0   0.000831   0.000831   0.327965    0.058444   0.000000  -0.615755   0.000000   0.000000   0.000000   0.000000   0.031292
       21.7913 0   0.000555   0.000555   0.317455    0.039863   0.000000  -0.630429   0.000000   0.000000   0.000000   0.000000   0.031951
       21.5649 0   0.003845   0.003845   0.343053    0.062088   0.000000  -0.703318   0.000000   0.000000   0.000000   0.000000   0.031583
       21.4878 0   0.005640   0.005640   0.320766    0.053011   0.000000  -0.654057   0.000000   0.000000   0.000000   0.000000   0.024458
       21.8785 0   0.000077   0.000077   0.396438    0.036794   0.000000  -0.687004   0.000000   0.000000   0.000000   0.000000   0.025555
       21.9044 0   0.000019   0.000019   0.311946    0.051246   0.000000  -0.599055   0.000855   0.000000  -0.000039   0.000000   0.030183
       22.1434 0   0.001314   0.001314   0.320998    0.049454   0.000000  -0.613479   0.000000   0.000000  -0.000534   0.000000   0.029845
       21.9784 0   0.000067   0.000067   0.355395    0.070725   0.000000  -0.657624   0.000000   0.000000   0.000000   0.000000   0.029479
       22.0266 0   0.000269   0.000269   0.351733    0.060513   0.000000  -0.679272   0.000000   0.000000   0.000000   0.000000   0.025565
       21.8541 0   0.000166   0.000166   0.323248    0.054079   0.000000  -0.664023   0.000000  -0.000002   0.000000   0.000000   0.032392
       21.6805 0   0.001796   0.001796   0.349670    0.042659   0.000000  -0.734070   0.000000  -0.000000   0.000000   0.000000   0.027703
       21.8366 0   0.000252   0.000252   0.325932    0.041061   0.000000  -0.746872   0.001112   0.000000   0.000000  -0.009183   0.033183
       22.3547 0   0.005202   0.005202   0.296397    0.035692   0.000000  -0.758517   0.000000   0.000000   0.000000   0.000000   0.027179
       21.7004 0   0.001521   0.001521   0.327757    0.052269   0.000000  -0.769879   0.000000   0.000000   0.000000   0.000000   0.029744
       21.9839 0   0.000084   0.000084   0.358687    0.043733   0.000000  -0.771560   0.000000   0.000000   0.000000   0.000000   0.024851
       22.3955 0   0.006250   0.006250   0.310952    0.054913   0.000000  -0.773236   0.000000   0.000000   0.000000   0.000000   0.026418
       21.6668 0   0.001998   0.001998   0.308728    0.052580   0.000000  -0.822484   0.000000   0.000000   0.000000   0.000000   0.029587
       21.8012 0   0.000478   0.000478   0.369144    0.052742   0.000000  -0.815102   0.000000   0.000000   0.000000   0.000000   0.025171
       21.9180 0   0.000004   0.000004   0.306691    0.054644   0.000000  -0.795334   0.000000   0.000000   0.000000   0.000000   0.028745
       22.2485 0   0.002926   0.002926   0.353253    0.034073   0.000000  -0.795418   0.000000   0.000000   0.000000   0.000000   0.025549
       21.8278 0   0.000301   0.000301   0.330427    0.042066   0.000000  -0.776015   0.000000   0.000000  -0.000072   0.000000   0.028909
       21.7701 0   0.000737   0.000737   0.296602    0.045350   0.000000  -0.721659   0.000000   0.000000   0.000000   0.000000   0.028060
       21.8850 0   0.000058   0.000058   0.298044    0.040556   0.000000  -0.683009   0.000000   0.000000  -0.000195   0.000000   0.024980
       21.9913 0   0.000108   0.000108   0.331905    0.047174   0.000000  -0.706129   0.000000   0.000000  -0.000000   0.000000   0.026773
       22.1506 0   0.001404   0.001404   0.327648    0.041563   0.000000  -0.696824   0.000000   0.000000   0.000000   0.000000   0.028371
       21.8214 0   0.000340   0.000340   0.328028    0.058987   0.000544  -0.711807   0.000000   0.000000   0.000000   0.000000   0.026506
       21.9638 0   0.000033   0.000033   0.352281    0.049613   0.000000  -0.688632   0.000000   0.000000   0.000000   0.000000   0.029429
       21.8321 0   0.000276   0.000276   0.331476    0.068257   0.000000  -0.674079   0.000000   0.000000   0.000000   0.000000   0.029878
       22.0032 0   0.000155   0.000155   0.290944    0.038486   0.000000  -0.638893   0.001112   0.000000   0.000000   0.000000   0.023858
       22.3470 0   0.005015   0.005015   0.312395    0.056947   0.000000  -0.659653   0.000000   0.000000   0.000000   0.000000   0.032534
       21.7564 0   0.000869   0.000869   0.344443    0.061944   0.000000  -0.674637   0.000000   0.000000  -0.000001   0.000000   0.029331
       21.6171 0   0.002825   0.002825   0.367284    0.060717   0.000000  -0.655727   0.000000   0.000000   0.000000   0.000000   0.034244
       22.0002 0   0.000142   0.000142   0.352443    0.054522   0.000000  -0.687837   0.000000   0.000000   0.000000   0.000000   0.028491
       21.7570 0   0.000864   0.000864   0.317389    0.054753   0.000000  -0.640815   0.000000   0.000000   0.000000   0.000000   0.028273
       22.2610 0   0.003161   0.003161   0.337814    0.046312   0.000000  -0.640827   0.000000   0.000000  -0.002776   0.000000   0.030247
       22.0340 0   0.000312   0.000312   0.285838    0.049968   0.000000  -0.592171   0.000000   0.000000   0.000000   0.000000   0.036769
       22.1270 0   0.001120   0.001120   0.288999    0.050390   0.000000  -0.647291   0.000000   0.000000   0.000000   0.000000   0.031283
       21.7342 0   0.001106   0.001106   0.376546    0.034861   0.000000  -0.692678   0.000000   0.000000   0.000000   0.000000   0.027691
       21.8015 0   0.000476   0.000476   0.304108    0.063667   0.000065  -0.675279   0.000000   0.000000  -0.002805   0.000000   0.031055
       21.8209 0   0.000344   0.000344   0.313927    0.067928   0.000000  -0.696585   0.000000   0.000000   0.000000   0.000000   0.032276
       21.7969 0   0.000511   0.000511   0.333254    0.075859   0.000236  -0.721681   0.000000   0.000000   0.000000   0.000000   0.029129
       21.6010 0   0.003123   0.003123   0.367837    0.061342   0.000000  -0.701006   0.000000   0.000000   0.000000   0.000000   0.028025
       21.7227 0   0.001240   0.001240   0.341279    0.068115   0.000000  -0.673026   0.000000   0.000000   0.000000   0.000000   0.039493
       21.9397 0   0.000003   0.000003   0.389414    0.042420   0.000000  -0.620423   0.000000   0.000000   0.000000   0.000000   0.026244
       21.8339 0   0.000266   0.000266   0.321207    0.049717   0.000000  -0.636636   0.000000   0.000000   0.000000   0.000000   0.028818
       21.5029 0   0.005263   0.005263   0.325539    0.045281   0.000000  -0.615030   0.000000   0.000000   0.000000   0.000000   0.024688
       22.2473 0   0.002904   0.002904   0.396424    0.037698   0.000000  -0.686920   0.000000   0.000000  -0.000016   0.000000   0.026394
       22.2219 0   0.002458   0.002458   0.334034    0.035898   0.000000  -0.640102   0.000000   0.000000   0.000000   0.000000   0.023305
       21.8584 0   0.000148   0.000148   0.344886    0.059474   0.000000  -0.700001   0.000000   0.000000   0.000000   0.000000   0.032082
       22.0138 0   0.000203   0.000203   0.326917    0.038104   0.000000  -0.696996   0.000000   0.000000   0.000000   0.000000   0.030826
       22.1158 0   0.000996   0.000996   0.343715    0.072738   0.000000  -0.705272   0.000000   0.000000   0.000000   0.000000   0.029041
       21.7950 0   0.000526   0.000526   0.337393    0.036407   0.000000  -0.634726   0.000000   0.000000   0.000000   0.000000   0.028180
       21.9484 0   0.000010   0.000010   0.364625    0.063620   0.000000  -0.708895   0.000000   0.000000  -0.000345  -0.000000   0.032311
       21.9921 0   0.000111   0.000111   0.342243    0.063226   0.000000  -0.695686   0.000000   0.000000   0.000000   0.000000   0.027145
       22.1458 0   0.001343   0.001343   0.352351    0.072366   0.000000  -0.766680   0.000000   0.000000   0.000000   0.000000   0.027451
       22.0703 0   0.000567   0.000567   0.316493    0.052316   0.000082  -0.772906   0.000000   0.000000   0.000000   0.000000   0.028963
       22.0171 0   0.000219   0.000219   0.312980    0.052712   0.000000  -0.782580   0.000006   0.000000  -0.000095   0.000000   0.027931
       22.0714 0   0.000577   0.000577   0.307765    0.042172   0.000000  -0.766298   0.000000   0.000000   0.000000   0.000000   0.025893
       21.9294 0   0.000000   0.000000   0.333126    0.035083   0.000000  -0.782025   0.000000   0.000000   0.000000   0.000000   0.031731
       21.9187 0   0.000004   0.000004   0.325787    0.033838   0.000000  -0.798783   0.000000   0.000000   0.000000   0.000000   0.028012
       21.6051 0   0.003045   0.003045   0.320638    0.052593   0.000000  -0.770589   0.000000  -0.000000   0.000000   0.000000   0.026805
       21.6591 0   0.002117   0.002117   0.327611    0.036888   0.000000  -0.748625   0.000000   0.000000   0.000000   0.000000   0.032823
       22.3210 0   0.004409   0.004409   0.339403    0.063455   0.000000  -0.782552   0.000000   0.000000   0.000000   0.000000   0.025634
       22.1122 0   0.000958   0.000958   0.317779    0.049669   0.000000  -0.771268   0.000000   0.000000  -0.000685   0.000000   0.027383
       22.2535 0   0.003018   0.003018   0.314595    0.046644   0.000000  -0.760342   0.000000   0.000000   0.000000   0.000000   0.026781
       21.7966 0   0.000513   0.000513   0.320894    0.056519   0.000000  -0.822861   0.000000   0.000000   0.000000   0.000000   0.032907
       22.0721 0   0.000582   0.000582   0.336297    0.049544   0.000000  -0.824529   0.000000   0.000000   0.000000   0.000000   0.030431
       22.2162 0   0.002362   0.002362   0.320712    0.041310   0.000000  -0.749450   0.000000   0.000000   0.000000   0.000000   0.027931
       22.1154 0   0.000992   0.000992   0.318451    0.053243   0.000000  -0.787156   0.001084   0.000000   0.000000   0.000000   0.028820
       21.9318 0   0.000000   0.000000   0.313924    0.037342   0.000000  -0.812263   0.000000   0.000000   0.000000   0.000000   0.035044
       21.6719 0   0.001922   0.001922   0.335403    0.061819   0.000000  -0.840190   0.000000   0.000000   0.000000   0.000000   0.030897
       22.0387 0   0.000341   0.000341   0.302499    0.050367   0.000000  -0.786176   0.000000   0.000000   0.000000   0.000000   0.030874
       22.0088 0   0.000179   0.000179   0.289061    0.048467   0.000000  -0.837459   0.000000   0.000000   0.000000   0.000000   0.026148
       21.9214 0   0.000002   0.000002   0.295973    0.064672   0.000000  -0.791690   0.000000   0.000000  -0.000296   0.000000   0.029250
       21.9746 0   0.000057   0.000057   0.343942    0.041887   0.000000  -0.809229   0.000000   0.000000  -0.001704   0.000000   0.029706
       22.0475 0   0.000398   0.000398   0.297878    0.066148   0.000000  -0.828208   0.000000   0.000000  -0.001285   0.000000   0.031355
       22.1345 0   0.001206   0.001206   0.275933    0.076776   0.000000  -0.847335   0.000000   0.000000   0.000000   0.000000   0.032798
       22.2178 0   0.002389   0.002389   0.294598    0.048553   0.000000  -0.825339   0.000000   0.000000   0.000000   0.000000   0.025729
       21.9595 0   0.000025   0.000025   0.309157    0.039507   0.000000  -0.837027   0.000000   0.000000   0.000000   0.000000   0.026819
       21.6184 0   0.002801   0.002801   0.303130    0.038231   0.000000  -0.861280   0.000000   0.000000   0.000000   0.000000   0.025363
       22.2131 0   0.002312   0.002312   0.291128    0.064315   0.000000  -0.866117   0.000000   0.000000   0.000000   0.000000   0.028288
       22.0034 0   0.000155   0.000155   0.291001    0.054989   0.000000  -0.865834   0.000000   0.000000   0.000000   0.000000   0.024273
       21.4911 0   0.005556   0.005556   0.331630    0.048589   0.000000  -0.902411   0.000000   0.000000   0.000000   0.000000   0.036550
       22.1267 0   0.001116   0.001116   0.312146    0.056958   0.001916  -0.866281   0.000000   0.000000  -0.001442   0.000000   0.026619
       22.2425 0   0.002818   0.002818   0.315302    0.046835   0.000000  -0.889115   0.000141   0.000000   0.000000   0.000000   0.027393
       21.9680 0   0.000042   0.000042   0.292627    0.033956   0.000000  -0.882381   0.000000   0.000000   0.000000  -0.014421   0.028535
       22.0906 0   0.000744   0.000744   0.346950    0.044461   0.000000  -0.926719   0.000000   0.000000   0.000000   0.000000   0.026066
       21.7269 0   0.001190   0.001190   0.304453    0.051266   0.000000  -0.964172   0.000000   0.000000   0.000000   0.000000   0.029721
       21.7708 0   0.000731   0.000731   0.316280    0.031580   0.000000  -0.914992   0.000000   0.000000   0.000000   0.000000   0.023934
       22.0728 0   0.000588   0.000588   0.338993    0.036566   0.000000  -0.932290   0.003590   0.000000   0.000000   0.000000   0.027552
       21.9458 0   0.000007   0.000007   0.302417    0.053743   0.000000  -0.933210   0.000000   0.000000   0.000000   0.000000   0.028684
       22.2663 0   0.003262   0.003262   0.292038    0.064524   0.000000  -0.929346   0.001162   0.000000   0.000000   0.000000   0.032116
       21.8590 0   0.000145   0.000145   0.328499    0.046704   0.000000  -0.929440   0.000000   0.000000   0.000000   0.000000   0.027690
       21.5963 0   0.003212   0.003212   0.299688    0.042783   0.000000  -0.868135   0.000000   0.000000   0.000000   0.000000   0.027241
       21.9916 0   0.000109   0.000109   0.328475    0.037483   0.000000  -0.875913   0.000000  -0.000000  -0.000000   0.000000   0.024606
       22.0280 0   0.000277   0.000277   0.339220    0.052324   0.004945  -0.904035   0.000000   0.000000   0.000000   0.000000   0.025220
       21.7867 0   0.000592   0.000592   0.308617    0.042475   0.000000  -0.855914   0.000000   0.000000  -0.000025   0.000000   0.028664
       22.1215 0   0.001058   0.001058   0.309564    0.055641   0.000000  -0.897970   0.000000   0.000000   0.000000   0.000000   0.025659
       21.9643 0   0.000034   0.000034   0.304098    0.058469   0.000000  -0.856051   0.000000   0.000000  -0.000000   0.000000   0.029184
       21.8873 0   0.000053   0.000053   0.303286    0.068596   0.000000  -0.868166   0.000000   0.000000   0.000000   0.000000   0.028667
       21.9597 0   0.000025   0.000025   0.345242    0.032873   0.000000  -0.856537   0.000000   0.000000   0.000000   0.000000   0.027724
       21.7787 0   0.000660   0.000660   0.287835    0.040480   0.001130  -0.833392   0.000000   0.000000   0.000000   0.000000   0.028978
       22.1372 0   0.001239   0.001239   0.291519    0.052395   0.000000  -0.835134   0.000000   0.000000   0.000000   0.000000   0.029986
       22.1427 0   0.001305   0.001305   0.268087    0.041719   0.000000  -0.804027   0.000000   0.000000   0.000000   0.000000   0.027111
       21.5160 0   0.004944   0.004944   0.333862    0.047287   0.000000  -0.866439   0.000000   0.000000  -0.000001   0.000000   0.032571
       21.6987 0   0.001544   0.001544   0.343655    0.039524   0.000003  -0.887766   0.000000   0.000000   0.000000   0.000000   0.032202
       21.8597 0   0.000143   0.000143   0.326129    0.067356   0.000000  -0.849907   0.000000   0.000000   0.000000   0.000000   0.026537
       21.9677 0   0.000041   0.000041   0.343043    0.039534   0.000000  -0.850540   0.000000   0.000000   0.000000   0.000000   0.025274
       22.0490 0   0.000408   0.000408   0.303602    0.044940   0.000000  -0.808275   0.000000   0.000000   0.000000   0.000000   0.029394
       22.0036 0   0.000156   0.000156   0.307254    0.058615   0.000000  -0.780090   0.000000   0.000000   0.000000   0.000000   0.027855
       21.7092 0   0.001406   0.001406   0.345881    0.038833   0.000000  -0.777586   0.000000   0.000000   0.000000   0.000000   0.030777
       21.7847 0   0.000609   0.000609   0.276153    0.061820   0.000000  -0.742404   0.000000   0.000000  -0.000520   0.000000   0.029516
       21.9759 0   0.000061   0.000061   0.286668    0.066085   0.000000  -0.745560   0.000000   0.000000   0.000000   0.000000   0.030052
       21.7465 0   0.000971   0.000971   0.349414    0.052841   0.000000  -0.782658   0.000000   0.000000   0.000000   0.000000   0.028320
       22.0451 0   0.000382   0.000382   0.328640    0.038279   0.000000  -0.762417   0.000000   0.000000   0.000000   0.000000   0.029694
       22.1534 0   0.001440   0.001440   0.299677    0.058394   0.000000  -0.759914   0.000000   0.000000   0.000000   0.000000   0.028604
       21.7878 0   0.000583   0.000583   0.314752    0.045081   0.000000  -0.754480   0.000000   0.000000   0.000000   0.000000   0.027780
       22.1543 0   0.001451   0.001451   0.322639    0.037403   0.000000  -0.803337   0.000000   0.000000   0.000000   0.000000   0.027344
       22.2660 0   0.003257   0.003257   0.342284    0.047222   0.000000  -0.795280   0.000000   0.000000   0.000000   0.000000   0.028478
       21.7946 0   0.000529   0.000529   0.301963    0.046547   0.000000  -0.799771   0.000264   0.000000   0.000000   0.000000   0.028134
       21.7481 0   0.000954   0.000954   0.309614    0.041554   0.000000  -0.784897   0.000000   0.000000   0.000000   0.000000   0.027644
       22.1361 0   0.001226   0.001226   0.288141    0.041222   0.000000  -0.751174   0.000000   0.000000   0.000000   0.000000   0.027897
       22.0895 0   0.000734   0.000734   0.338532    0.044079   0.000000  -0.783274   0.000000   0.000000   0.000000   0.000000   0.028457
       22.2355 0   0.002692   0.002692   0.260347    0.038348   0.000000  -0.757047   0.000000   0.000000   0.000000   0.000000   0.027199
       21.9038 0   0.000020   0.000020   0.297489    0.038664   0.000000  -0.763766   0.000000   0.000000   0.000000   0.000000   0.027374
       22.0832 0   0.000677   0.000677   0.293554    0.034468   0.000000  -0.761674   0.000000   0.000000   0.000000   0.000000   0.032281
       21.8990 0   0.000028   0.000028   0.298760    0.050540   0.000000  -0.724397   0.000000   0.000000   0.000000   0.000000   0.028352
       21.8558 0   0.000159   0.000159   0.324454    0.069381   0.000000  -0.737568   0.000000   0.000000   0.000000   0.000000   0.027381
       21.8532 0   0.000170   0.000170   0.304851    0.056468   0.000000  -0.714122   0.000000   0.000000   0.000000   0.000000   0.027201
       21.9532 0   0.000016   0.000016   0.334757    0.046862   0.000000  -0.734535   0.000000   0.000000   0.000000   0.000000   0.033264
       22.1021 0   0.000855   0.000855   0.343352    0.041789   0.000000  -0.716277   0.000000   0.000000   0.000000   0.000000   0.029926
       21.9728 0   0.000053   0.000053   0.302578    0.038812   0.002519  -0.696148   0.000000   0.000000   0.000000   0.000000   0.027446
       21.7596 0   0.000838   0.000838   0.295227    0.057112   0.000000  -0.707072   0.000000   0.000000   0.000000   0.000000   0.028095
       21.6853 0   0.001728   0.001728   0.346272    0.044736   0.000000  -0.696927   0.000000   0.000000   0.000000   0.000000   0.029225
       21.9583 0   0.000023   0.000023   0.303679    0.039135   0.000000  -0.667250   0.000000   0.000000   0.000000   0.000000   0.025537
       21.9820 0   0.000078   0.000078   0.351517    0.058086   0.000000  -0.700839   0.001566   0.000000   0.000000   0.000000   0.027429
       22.1014 0   0.000847   0.000847   0.331829    0.053879   0.000000  -0.676721   0.000000   0.000000   0.000000   0.000000   0.027050
       22.1969 0   0.002055   0.002055   0.372037    0.040826   0.000000  -0.725439   0.000000   0.000000   0.000000   0.000000   0.026533
       21.8752 0   0.000087   0.000087   0.349508    0.043788   0.000000  -0.787466   0.000000   0.000000   0.000000   0.000000   0.025705
       21.8491 0   0.000189   0.000189   0.318253    0.044342   0.000000  -0.736185   0.000000   0.000000   0.000000   0.000000   0.026681
       22.1284 0   0.001135   0.001135   0.322367    0.049079   0.000000  -0.722431   0.000000   0.000000   0.000000   0.000000   0.027206
       21.9390 0   0.000002   0.000002   0.340345    0.061799   0.000000  -0.780086   0.002579   0.000000   0.000000   0.000000   0.033887
       21.8132 0   0.000393   0.000393   0.314464    0.061433   0.000000  -0.793954   0.000000   0.000000   0.000000   0.000000   0.024442
       21.9669 0   0.000039   0.000039   0.306557    0.049802   0.000000  -0.788815   0.000000   0.000000   0.000000   0.000000   0.030574
       21.9058 0   0.000017   0.000017   0.330736    0.068011   0.000000  -0.798231   0.000000   0.000000   0.000000   0.000000   0.027715
       21.8495 0   0.000187   0.000187   0.356172    0.070480   0.000000  -0.805511   0.000000   0.000000   0.000000   0.000000   0.028342
       21.9969 0   0.000129   0.000129   0.333833    0.043931   0.000000  -0.759621   0.000000   0.000000   0.000000   0.000000   0.030340
       22.1601 0   0.001528   0.001528   0.311457    0.042845   0.000000  -0.757528   0.000000   0.000000   0.000000   0.000000   0.030308
       21.7755 0   0.000688   0.000688   0.315157    0.045875   0.000000  -0.775837   0.000000   0.000000   0.000000   0.000000   0.026940
       21.6712 0   0.001933   0.001933   0.348557    0.051766   0.000000  -0.800167   0.000000   0.000000   0.000000   0.000000   0.028107
       22.0803 0   0.000652   0.000652   0.296271    0.082565   0.000000  -0.674189   0.000000   0.000000   0.000000   0.000000   0.029195
       22.1014 0   0.000847   0.000847   0.297580    0.047066   0.000000  -0.686725   0.000000   0.000000   0.000000   0.000000   0.026219
       21.9045 0   0.000019   0.000019   0.325171    0.058850   0.000000  -0.660663   0.000000   0.000000   0.000000   0.000000   0.033837
       21.6850 0   0.001732   0.001732   0.379741    0.055698   0.000000  -0.694737   0.000000   0.000000   0.000000   0.000000   0.029308
       21.9718 0   0.000050   0.000050   0.362962    0.058663   0.000000  -0.689237   0.000000   0.000000  -0.000001   0.000000   0.030062
       21.8616 0   0.000135   0.000135   0.334398    0.039268   0.000000  -0.679084   0.001862   0.000000   0.000000   0.000000   0.028860
       21.9842 0   0.000085   0.000085   0.358338    0.049264   0.000000  -0.731694   0.002383   0.000000   0.000000   0.000000   0.030893
       22.1282 0   0.001133   0.001133   0.298344    0.055983   0.000000  -0.699018   0.000000   0.000000   0.000000   0.000000   0.026924
       21.9600 0   0.000026   0.000026   0.319232    0.040337   0.000000  -0.674054   0.000000  -0.000646   0.000000   0.000000   0.030463
       21.8545 0   0.000164   0.000164   0.309845    0.048919   0.000000  -0.692348   0.000000   0.000000   0.000000   0.000000   0.025906
       21.8993 0   0.000027   0.000027   0.287159    0.035970   0.000000  -0.686306   0.001227   0.000000   0.000000   0.000000   0.028925
       22.0264 0   0.000268   0.000268   0.274970    0.046123   0.000000  -0.661029   0.000000   0.000000   0.000000   0.000000   0.024771
       21.8604 0   0.000140   0.000140   0.266735    0.048061   0.000000  -0.631285   0.000000   0.000000   0.000000   0.000000   0.027660
       21.9475 0   0.000009   0.000009   0.299628    0.051002   0.000000  -0.620792   0.000000   0.000000   0.000000   0.000000   0.030597
       22.1563 0   0.001477   0.001477   0.318890    0.039728   0.000000  -0.628510   0.000000   0.000000   0.000000  -0.004722   0.032619
       21.7044 0   0.001469   0.001469   0.320059    0.064141   0.000000  -0.657069   0.000000   0.000000  -0.000004   0.000000   0.034589
       22.0047 0   0.000161   0.000161   0.359456    0.053082   0.000000  -0.656663   0.000000   0.000000   0.000000   0.000000   0.027627
       21.9134 0   0.000008   0.000008   0.320482    0.058245   0.000000  -0.662128   0.000000   0.000000   0.000000   0.000000   0.029369
       21.8675 0   0.000113   0.000113   0.346413    0.054263   0.001835  -0.708243   0.000000   0.000000   0.000000   0.000000   0.034590
       21.7951 0   0.000525   0.000525   0.322564    0.045436   0.000000  -0.703806   0.000000   0.000000   0.000000   0.000000   0.032154
       21.6131 0   0.002897   0.002897   0.332163    0.050169   0.000000  -0.720991   0.000000   0.000000   0.000000   0.000000   0.031569
       22.2891 0   0.003719   0.003719   0.315014    0.049062   0.000000  -0.756814   0.000000   0.000000  -0.002024   0.000000   0.032098
       21.8037 0   0.000460   0.000460   0.317926    0.052556   0.000000  -0.747371   0.000000   0.000000   0.000000   0.000000   0.028546
       21.7738 0   0.000704   0.000704   0.298894    0.046324   0.000000  -0.725764   0.000000   0.000000  -0.000855   0.000000   0.028998
       22.1289 0   0.001141   0.001141   0.300225    0.041088   0.000000  -0.736389   0.000000   0.000000   0.000000   0.000000   0.031956
       21.7618 0   0.000816   0.000816   0.310852    0.046840   0.000000  -0.684911   0.000000   0.000000   0.000000   0.000000   0.028322
       21.8031 0   0.000464   0.000464   0.294114    0.040747   0.000000  -0.649221   0.000000   0.000000   0.000000   0.000000   0.030935
       21.8042 0   0.000456   0.000456   0.344018    0.049118   0.000000  -0.706219   0.000000   0.000000   0.000000   0.000000   0.028702
       21.7843 0   0.000612   0.000612   0.276973    0.073735   0.000000  -0.678851   0.000000   0.000000   0.000000   0.000000   0.030037
       22.0066 0   0.000169   0.000169   0.291416    0.058027   0.000000  -0.683717   0.000000   0.000000   0.000000   0.000000   0.029069
       21.8130 0   0.000395   0.000395   0.295054    0.070838   0.000000  -0.665920   0.000000   0.000000   0.000000   0.000000   0.026542
       21.9949 0   0.000122   0.000122   0.349753    0.056766   0.000000  -0.661156   0.000095   0.000000   0.000000   0.000000   0.025846
       21.8071 0   0.000436   0.000436   0.365086    0.055961   0.000000  -0.712037   0.000000   0.000000   0.000000   0.000000   0.030391
       21.7682 0   0.000756   0.000756   0.312087    0.050413   0.000000  -0.679755   0.000000   0.000000   0.000000   0.000000   0.032871
       21.9379 0   0.000002   0.000002   0.359566    0.043634   0.003230  -0.730014   0.000000   0.000000   0.000000   0.000000   0.024935
       21.8493 0   0.000188   0.000188   0.333867    0.064718   0.000000  -0.709860   0.000000   0.000000   0.000000   0.000000   0.026245
       21.7459 0   0.000977   0.000977   0.352128    0.038678   0.000000  -0.722855   0.000000   0.000000  -0.000006  -0.000695   0.031725
       21.7408 0   0.001033   0.001033   0.295068    0.036551   0.000000  -0.687448   0.000000   0.000000   0.000000   0.000000   0.038989
       21.9026 0   0.000022   0.000022   0.315084    0.047234   0.000000  -0.691886   0.000000  -0.009503  -0.000001   0.000000   0.029730
       21.6728 0   0.001908   0.001908   0.328876    0.046777   0.000000  -0.762073   0.000000   0.000000   0.000000   0.000000   0.028320
       22.1509 0   0.001408   0.001408   0.358107    0.035232   0.000260  -0.816561   0.000000   0.000000   0.000000   0.000000   0.028379
       22.1213 0   0.001055   0.001055   0.311913    0.041125   0.000000  -0.786154   0.000000   0.000000  -0.000000   0.000000   0.030763
       21.9922 0   0.000111   0.000111   0.275840    0.045684   0.004084  -0.752925   0.000000   0.000000   0.000000   0.000000   0.029577
       21.6413 0   0.002405   0.002405   0.325888    0.056384   0.000000  -0.776901   0.000000   0.000000   0.000000   0.000000   0.036007
       21.7894 0   0.000570   0.000570   0.357527    0.060109   0.000000  -0.793713   0.000000   0.000000   0.000000   0.000000   0.026570
       21.9441 0   0.000006   0.000006   0.349735    0.066948   0.000000  -0.805581   0.000000   0.000000   0.000000   0.000000   0.026477
       22.0114 0   0.000191   0.000191   0.359851    0.028519   0.000000  -0.744597   0.000000   0.000000   0.000000   0.000000   0.030042
       21.8470 0   0.000199   0.000199   0.306813    0.044646   0.000000  -0.767090   0.000000   0.000000  -0.000000   0.000000   0.026830
       21.8598 0   0.000142   0.000142   0.357311    0.063581   0.000000  -0.858896   0.000000   0.000000   0.000000  -0.000001   0.027980
       21.9590 0   0.000024   0.000024   0.304612    0.068824   0.000000  -0.811200   0.000379   0.000000   0.000000   0.000000   0.028742
       21.8878 0   0.000051   0.000051   0.343133    0.055691   0.000000  -0.867244   0.000000   0.000000  -0.000000   0.000000   0.031075
       21.9370 0   0.000001   0.000001   0.324713    0.045437   0.000000  -0.838828   0.000000   0.000000   0.000000   0.000000   0.028430
       21.9201 0   0.000003   0.000003   0.348188    0.044193   0.000000  -0.828391   0.000000   0.000000   0.000000   0.000000   0.027297
       22.0420 0   0.000362   0.000362   0.369757    0.041852   0.000000  -0.781713   0.000000   0.000000   0.000000   0.000000   0.031673
       21.9874 0   0.000095   0.000095   0.365156    0.066582   0.000150  -0.753445   0.000000   0.000000  -0.000002   0.000000   0.034358
       21.9867 0   0.000093   0.000093   0.337406    0.046670   0.000000  -0.748575   0.000000   0.000000   0.000000   0.000000   0.026866
       21.8329 0   0.000272   0.000272   0.299425    0.032325   0.000000  -0.694644   0.000000   0.000000   0.000000   0.000000   0.030465
       22.0982 0   0.000816   0.000816   0.334095    0.051027   0.000000  -0.695390   0.000000   0.000000   0.000000   0.000000   0.025589
       21.9929 0   0.000114   0.000114   0.298648    0.042276   0.000000  -0.681783   0.000000   0.000000   0.000000   0.000000   0.028863
       21.8244 0   0.000321   0.000321   0.277420    0.046305   0.000000  -0.674403   0.000000   0.000000   0.000000   0.000000   0.025616
       21.5701 0   0.003737   0.003737   0.290842    0.045048   0.000000  -0.711198   0.000000   0.000000   0.000000   0.000000   0.028685
       21.8851 0   0.000058   0.000058   0.324978    0.043444   0.000000  -0.723188   0.000000   0.000000   0.000000   0.000000   0.032996
       22.0324 0   0.000302   0.000302   0.349429    0.046060   0.002046  -0.699751   0.000000   0.000000   0.000000   0.000000   0.030143
       21.8792 0   0.000074   0.000074   0.350337    0.053500   0.000000  -0.732091   0.000000   0.000000   0.000000   0.000000   0.029980
       22.1228 0   0.001072   0.001072   0.347040    0.031361   0.000000  -0.662563   0.000000   0.000000  -0.000000   0.000000   0.030094
       21.9757 0   0.000060   0.000060   0.359370    0.057532   0.000367  -0.675056   0.000000   0.000000   0.000000   0.000000   0.028696
       22.0041 0   0.000158   0.000158   0.370391    0.057050   0.000000  -0.667315   0.000000   0.000000  -0.000045   0.000000   0.025781
       21.9701 0   0.000046   0.000046   0.319626    0.050047   0.000000  -0.692892   0.000000   0.000000   0.000000   0.000000   0.031379
       22.2718 0   0.003369   0.003369   0.342798    0.037259   0.000000  -0.686099   0.000000   0.000000   0.000000   0.000000   0.025499
       21.5563 0   0.004029   0.004029   0.328415    0.052321   0.000000  -0.683053   0.000000   0.000000   0.000000   0.000000   0.026443
       21.9699 0   0.000046   0.000046   0.322430    0.033244   0.000000  -0.677205   0.000000   0.000000   0.000000   0.000000   0.036428
       21.9670 0   0.000040   0.000040   0.355583    0.051444   0.000000  -0.698444   0.000000   0.000000   0.000000   0.000000   0.026930
       22.0500 0   0.000416   0.000416   0.297275    0.048907   0.000682  -0.675644   0.000000   0.000000   0.000000   0.000000   0.027662
       21.5840 0   0.003453   0.003453   0.362894    0.038800   0.000000  -0.667314   0.000000   0.000000   0.000000   0.000000   0.028208
       22.1963 0   0.002046   0.002046   0.318291    0.055743   0.000000  -0.647052   0.000000   0.000000   0.000000   0.000000   0.030815
       21.9208 0   0.000002   0.000002   0.314313    0.044545   0.000000  -0.628427   0.000000   0.000000  -0.000001   0.000000   0.029686
       22.0093 0   0.000181   0.000181   0.373597    0.068082   0.000000  -0.650224   0.000000   0.000000   0.000000   0.000000   0.028460
       21.6737 0   0.001895   0.001895   0.375157    0.049019   0.000000  -0.630645   0.000000   0.000000   0.000000   0.000000   0.031244
       21.8082 0   0.000428   0.000428   0.363359    0.043576   0.000000  -0.607089   0.000000   0.000000   0.000000   0.000000   0.034309
       21.8751 0   0.000087   0.000087   0.334883    0.069033   0.000000  -0.584697   0.000000   0.000000   0.000000   0.000000   0.028466
       21.8593 0   0.000144   0.000144   0.340447    0.043425   0.000000  -0.606343   0.000000   0.000000   0.000000   0.000000   0.027178
       22.3597 0   0.005326   0.005326   0.344920    0.065981   0.000000  -0.700109   0.000000   0.000000   0.000000   0.000000   0.027935
       21.5046 0   0.005220   0.005220   0.314818    0.034022   0.000000  -0.650791   0.000000   0.000000   0.000000   0.000000   0.029405
       21.6664 0   0.002005   0.002005   0.367810    0.056327   0.000000  -0.698142   0.000000   0.000000   0.000000   0.000000   0.029724
       22.4416 0   0.007551   0.007551   0.329650    0.057075   0.000000  -0.669629   0.000000   0.000000   0.000000   0.000000   0.027972
       21.8523 0   0.000174   0.000174   0.361234    0.049037   0.000000  -0.662521   0.000000   0.000000  -0.000117   0.000000   0.027402
       21.6254 0   0.002676   0.002676   0.353053    0.037060   0.000000  -0.667147   0.000000   0.000000   0.000000   0.000000   0.026773
       22.1792 0   0.001791   0.001791   0.323034    0.057114   0.000000  -0.631682   0.000000   0.000000   0.000000   0.000000   0.031573
       22.1594 0   0.001518   0.001518   0.346834    0.050832   0.000000  -0.693737   0.000000   0.000000   0.000000   0.000000   0.032794
       21.7928 0   0.000543   0.000543   0.326946    0.054691   0.000000  -0.711618   0.000000   0.000000   0.000000   0.000000   0.032209
       22.2116 0   0.002287   0.002287   0.359952    0.051658   0.000000  -0.710843   0.000000   0.000000  -0.000189   0.000000   0.025927
       21.8021 0   0.000472   0.000472   0.380728    0.071183   0.000000  -0.768369   0.000000   0.000000   0.000000   0.000000   0.028275
       21.9746 0   0.000057   0.000057   0.359856    0.052060   0.000000  -0.681702   0.000000   0.000000   0.000000   0.000000   0.029570
       22.2324 0   0.002639   0.002639   0.316634    0.048971   0.000000  -0.638714   0.000000   0.000000   0.000000   0.000000   0.029160
       22.0132 0   0.000200   0.000200   0.369427    0.048351   0.000065  -0.651082   0.000000   0.000000   0.000000   0.000000   0.027301
       21.8147 0   0.000383   0.000383   0.352273    0.055677   0.000401  -0.681254   0.000000   0.000000   0.000000   0.000000   0.024586
       21.9368 0   0.000001   0.000001   0.334177    0.044658   0.000000  -0.682868   0.000000   0.000000   0.000000   0.000000   0.027945
       22.0478 0   0.000400   0.000400   0.330862    0.051879   0.000000  -0.701605   0.000000   0.000000   0.000000   0.000000   0.032067
       21.8612 0   0.000136   0.000136   0.306961    0.062759   0.000000  -0.674059   0.000000   0.000000   0.000000   0.000000   0.033575
       21.8244 0   0.000321   0.000321   0.353303    0.053069   0.000000  -0.683433   0.000000   0.000000  -0.000002   0.000000   0.028347
       22.2177 0   0.002388   0.002388   0.303629    0.057936   0.000000  -0.666081   0.000000   0.000000   0.000000   0.000000   0.027274
       21.6644 0   0.002036   0.002036   0.370168    0.049471   0.000000  -0.685864   0.000000   0.000000  -0.000000   0.000000   0.032268
       21.9002 0   0.000026   0.000026   0.339123    0.052285   0.000000  -0.629398   0.000000   0.000000   0.000000   0.000000   0.029248
       21.8264 0   0.000309   0.000309   0.341996    0.037935   0.000000  -0.623534   0.000000   0.000000   0.000000   0.000000   0.030183
       21.7503 0   0.000932   0.000932   0.340181    0.047435   0.000000  -0.628645   0.000000  -0.019277  -0.007602   0.000000   0.030553
       21.9461 0   0.000008   0.000008   0.339036    0.051477   0.000000  -0.604105   0.000000  -0.016833  -0.005114   0.000000   0.026972
       22.0504 0   0.000419   0.000419   0.312520    0.045566   0.000000  -0.604959   0.000000   0.000000   0.000000   0.000000   0.027117
       21.8963 0   0.000033   0.000033   0.333177    0.036743   0.003991  -0.587528   0.004144   0.000000   0.000000   0.000000   0.030741
       21.9660 0   0.000037   0.000037   0.337970    0.062122   0.000000  -0.594957   0.000000   0.000000   0.000000   0.000000   0.030842
       21.6672 0   0.001992   0.001992   0.323747    0.054855   0.000000  -0.576151   0.000000   0.000000   0.000000   0.000000   0.026609
       21.7877 0   0.000584   0.000584   0.347680    0.055069   0.000000  -0.608590   0.000000   0.000000   0.000000   0.000000   0.030777
       21.8943 0   0.000037   0.000037   0.300353    0.048567   0.000000  -0.592273   0.000000   0.000000   0.000000   0.000000   0.030844
       21.7794 0   0.000654   0.000654   0.313744    0.048909   0.000000  -0.643414   0.000000   0.000000   0.000000   0.000000   0.034164
       22.1851 0   0.001878   0.001878   0.311316    0.024735   0.003673  -0.656644   0.000000   0.000000   0.000000   0.000000   0.030404
       22.1221 0   0.001064   0.001064   0.336796    0.046377   0.000000  -0.686208   0.000000   0.000000   0.000000   0.000000   0.026707
       21.7615 0   0.000819   0.000819   0.341305    0.036770   0.000000  -0.692343   0.000000   0.000000   0.000000   0.000000   0.030448
       22.1138 0   0.000974   0.000974   0.365524    0.047706   0.000000  -0.708879   0.000000   0.000000   0.000000   0.000000   0.028303
       22.0917 0   0.000755   0.000755   0.397792    0.047623   0.000000  -0.744124   0.000000   0.000000   0.000000   0.000000   0.030966
       22.0562 0   0.000459   0.000459   0.328753    0.072787   0.000000  -0.708824   0.000000   0.000000   0.000000   0.000000   0.033912
       21.4804 0   0.005830   0.005830   0.352595    0.046524   0.000000  -0.664815   0.000000   0.000000  -0.000011   0.000000   0.025756
       22.0121 0   0.000194   0.000194   0.291086    0.048414   0.000000  -0.657246   0.000000   0.000000   0.000000   0.000000   0.026574
       21.9772 0   0.000064   0.000064   0.356139    0.053889   0.000000  -0.686864   0.000000   0.000000  -0.000003   0.000000   0.029379
       21.9622 0   0.000030   0.000030   0.359629    0.059155   0.000000  -0.640412   0.000000   0.000000   0.000000   0.000000   0.032505
       22.0977 0   0.000811   0.000811   0.348605    0.040655   0.000000  -0.584372   0.000011   0.000000   0.000000   0.000000   0.031654
       21.9684 0   0.000043   0.000043   0.326374    0.054901   0.000000  -0.565847   0.000000   0.000000   0.000000   0.000000   0.026513
       21.5908 0   0.003318   0.003318   0.345094    0.052942   0.000000  -0.615317   0.000235   0.000000  -0.000232  -0.008632   0.026613
       21.6738 0   0.001893   0.001893   0.339225    0.034939   0.000000  -0.604977   0.000000  -0.000035  -0.000003   0.000000   0.032732
       21.7520 0   0.000914   0.000914   0.383294    0.051671   0.000000  -0.685221   0.000000   0.000000   0.000000   0.000000   0.032116
       22.1139 0   0.000976   0.000976   0.321392    0.037689   0.000000  -0.641663   0.000000   0.000000   0.000000   0.000000   0.030070
       22.0597 0   0.000486   0.000486   0.319516    0.052959   0.000000  -0.625843   0.000000   0.000000   0.000000   0.000000   0.028811
       21.7778 0   0.000668   0.000668   0.297468    0.066889   0.000000  -0.636108   0.000000   0.000000   0.000000   0.000000   0.028440
       22.2076 0   0.002223   0.002223   0.328217    0.039181   0.000000  -0.638075   0.000000   0.000000   0.000000   0.000000   0.025238
       22.0232 0   0.000251   0.000251   0.322335    0.053792   0.000000  -0.703968   0.000000   0.000000   0.000000   0.000000   0.030553
       21.7481 0   0.000955   0.000955   0.340399    0.051716   0.000000  -0.710913   0.000000   0.000000   0.000000   0.000000   0.028953
       21.7616 0   0.000818   0.000818   0.349883    0.057220   0.000000  -0.760028   0.000000   0.000000  -0.000191   0.000000   0.039758
       22.2194 0   0.002416   0.002416   0.329819    0.043942   0.000000  -0.713528   0.000000   0.000000   0.000000   0.000000   0.023477
       21.8727 0   0.000095   0.000095   0.355541    0.052216   0.000000  -0.690045   0.000000   0.000000   0.000000   0.000000   0.027821
       22.0122 0   0.000195   0.000195   0.324797    0.050351   0.000000  -0.621681   0.000000   0.000000  -0.000000   0.000000   0.029544
       21.9898 0   0.000103   0.000103   0.309624    0.060012   0.000000  -0.621837   0.000000   0.000000   0.000000   0.000000   0.025855
       22.0609 0   0.000494   0.000494   0.321109    0.035500   0.000000  -0.625558   0.000000   0.000000  -0.000000   0.000000   0.030395
       22.5282 0   0.010322   0.010322   0.284972    0.062205   0.001097  -0.580864   0.000000   0.000000   0.000000   0.000000   0.033838
       21.6739 0   0.001891   0.001891   0.332857    0.044262   0.000000  -0.602472   0.000000   0.000000   0.000000   0.000000   0.028853
       21.9552 0   0.000018   0.000018   0.301964    0.056600   0.000000  -0.574768   0.000000   0.000000   0.000000   0.000000   0.032235
       21.6800 0   0.001803   0.001803   0.290346    0.049551   0.000001  -0.557990   0.000000   0.000000   0.000000   0.000000   0.030433
       22.0493 0   0.000410   0.000410   0.318175    0.057658   0.000000  -0.540552   0.000000   0.000000   0.000000   0.000000   0.026366
       22.3909 0   0.006127   0.006127   0.331157    0.049877   0.000000  -0.496825   0.000000   0.000000  -0.000720  -0.000286   0.028228
       21.7120 0   0.001371   0.001371   0.332571    0.037865   0.000000  -0.459210   0.000000   0.000000   0.000000   0.000000   0.028963
       21.9040 0   0.000019   0.000019   0.377788    0.048858   0.000000  -0.519109   0.000000   0.000000   0.000000   0.000000   0.029015
       22.0744 0   0.000602   0.000602   0.299482    0.059609   0.000000  -0.506661   0.000899   0.000000   0.000000   0.000000   0.033294
       21.7707 0   0.000732   0.000732   0.347720    0.047805   0.000000  -0.508058   0.000000   0.000000   0.000000   0.000000   0.024867
       21.7224 0   0.001243   0.001243   0.348329    0.052694   0.000000  -0.545875   0.000000   0.000000   0.000000   0.000000   0.032297
       22.0826 0   0.000672   0.000672   0.298448    0.058113   0.000000  -0.519617   0.000000   0.000000   0.000000   0.000000   0.029137
       21.9071 0   0.000015   0.000015   0.321899    0.056770   0.000000  -0.537629   0.000000   0.000000   0.000000   0.000000   0.027701
       22.1011 0   0.000844   0.000844   0.323119    0.048958   0.000000  -0.549489   0.000000   0.000000  -0.000000   0.000000   0.027190
       22.1612 0   0.001542   0.001542   0.354529    0.067046   0.002458  -0.569361   0.000000   0.000000  -0.000024   0.000000   0.026950
       22.1475 0   0.001365   0.001365   0.351356    0.065169   0.000000  -0.564441   0.000000   0.000000   0.000000   0.000000   0.026643
       22.0489 0   0.000408   0.000408   0.369198    0.078951   0.000000  -0.622728   0.000273   0.000000   0.000000   0.000000   0.030570
       21.4292 0   0.007236   0.007236   0.384893    0.045782   0.000000  -0.653819   0.000000   0.000000   0.000000   0.000000   0.032815
       21.8871 0   0.000053   0.000053   0.357707    0.057782   0.000557  -0.641770   0.000000   0.000000   0.000000   0.000000   0.026028
       21.9771 0   0.000064   0.000064   0.336736    0.048036   0.001770  -0.588623   0.000000   0.000000  -0.000015   0.000000   0.027980
       21.7912 0   0.000556   0.000556   0.327399    0.047582   0.000000  -0.619174   0.000000   0.000000   0.000000   0.000000   0.034591
       22.0076 0   0.000174   0.000174   0.358199    0.036078   0.000000  -0.604488   0.000000   0.000000   0.000000   0.000000   0.027705
       21.6319 0   0.002564   0.002564   0.331125    0.046634   0.000000  -0.581516   0.000000   0.000000   0.000000   0.000000   0.025312
       21.4965 0   0.005420   0.005420   0.377945    0.051881   0.000000  -0.596201   0.000000   0.000000   0.000000   0.000000   0.037190
       22.0021 0   0.000150   0.000150   0.342712    0.043264   0.000000  -0.565941   0.000000   0.000000   0.000000   0.000000   0.027332
       22.0902 0   0.000740   0.000740   0.363908    0.051791   0.000000  -0.607145   0.000000   0.000000  -0.000030   0.000000   0.031696
       21.9531 0   0.000015   0.000015   0.362984    0.058179   0.000000  -0.630359   0.000000   0.000000  -0.000413   0.000000   0.026940
       21.7798 0   0.000651   0.000651   0.375389    0.049196   0.000000  -0.608043   0.000000   0.000000   0.000000   0.000000   0.029980
       21.8355 0   0.000258   0.000258   0.336637    0.052100   0.000000  -0.578644   0.000000   0.000000   0.000000   0.000000   0.023308
       21.7577 0   0.000856   0.000856   0.349763    0.052247   0.000000  -0.590154   0.000000   0.000000   0.000000   0.000000   0.031317
       21.8456 0   0.000206   0.000206   0.402505    0.061928   0.000000  -0.597091   0.000000   0.000000   0.000000   0.000000   0.028284
       21.9289 0   0.000000   0.000000   0.346700    0.070246   0.000000  -0.589388   0.000000   0.000000  -0.000003   0.000000   0.030193
       21.7908 0   0.000559   0.000559   0.372961    0.066981   0.000000  -0.622623   0.000000   0.000000   0.000000   0.000000   0.031412
       22.1709 0   0.001674   0.001674   0.375446    0.066213   0.001878  -0.627969   0.000000   0.000000   0.000000   0.000000   0.023146
       22.0344 0   0.000314   0.000314   0.346768    0.063328   0.000000  -0.577656   0.000000   0.000000   0.000000   0.000000   0.036327
       21.9213 0   0.000002   0.000002   0.339598    0.046452   0.000000  -0.555410   0.000000   0.000000   0.000000   0.000000   0.032071
       21.9153 0   0.000006   0.000006   0.308941    0.043741   0.000690  -0.538390   0.000000   0.000000   0.000000   0.000000   0.027079
       22.1189 0   0.001029   0.001029   0.317619    0.050570   0.000000  -0.557689   0.000000   0.000000   0.000000   0.000000   0.027124
       21.8062 0   0.000442   0.000442   0.370019    0.058213   0.000556  -0.590763   0.000000   0.000000   0.000000   0.000000   0.029556
       21.9120 0   0.000009   0.000009   0.322250    0.043149   0.000000  -0.541244   0.000000   0.000000   0.000000   0.000000   0.030927
       21.7901 0   0.000564   0.000564   0.342770    0.046348   0.000000  -0.552346   0.001552   0.000000   0.000000   0.000000   0.026003
       21.9469 0   0.000008   0.000008   0.357085    0.049058   0.000000  -0.550594   0.000000   0.000000   0.000000   0.000000   0.028689
       21.9512 0   0.000013   0.000013   0.332634    0.049506   0.000000  -0.537671   0.000000   0.000000   0.000000   0.000000   0.029083
       21.8257 0   0.000314   0.000314   0.339274    0.047280   0.000000  -0.572893   0.000000   0.000000   0.000000   0.000000   0.028136
       21.8594 0   0.000144   0.000144   0.311980    0.034451   0.000000  -0.546138   0.000000   0.000000   0.000000   0.000000   0.037003
       21.7069 0   0.001436   0.001436   0.308458    0.049874   0.000000  -0.565044   0.000000   0.000000   0.000000   0.000000   0.026683
       21.9622 0   0.000030   0.000030   0.371682    0.057824   0.000000  -0.614337   0.000000   0.000000   0.000000   0.000000   0.027170
       21.9051 0   0.000018   0.000018   0.362041    0.045070   0.000000  -0.597418   0.000000   0.000000   0.000000   0.000000   0.036146
       22.0341 0   0.000313   0.000313   0.377772    0.062129   0.000000  -0.626727   0.000000   0.000000   0.000000   0.000000   0.029361
       22.0385 0   0.000339   0.000339   0.353398    0.057994   0.000000  -0.572641   0.000610   0.000000   0.000000   0.000000   0.032186
       21.8298 0   0.000290   0.000290   0.346070    0.072674   0.000000  -0.539467   0.000000   0.000000   0.000000   0.000000   0.035926
       22.0439 0   0.000374   0.000374   0.334217    0.063063   0.000000  -0.539112   0.000000   0.000000   0.000000   0.000000   0.040522
       22.0410 0   0.000356   0.000356   0.355746    0.046035   0.000000  -0.616941   0.002220   0.000000   0.000000   0.000000   0.027246
       21.7938 0   0.000535   0.000535   0.351863    0.053383   0.000179  -0.628513   0.000000   0.000000   0.000000   0.000000   0.033042
       22.1355 0   0.001219   0.001219   0.305728    0.058414   0.000000  -0.632183   0.000000   0.000000   0.000000   0.000000   0.026574
       22.0459 0   0.000388   0.000388   0.326680    0.065269   0.000000  -0.704695   0.000000   0.000000   0.000000   0.000000   0.028117
       21.6771 0   0.001846   0.001846   0.336305    0.057885   0.000000  -0.721752   0.000298   0.000000   0.000000   0.000000   0.026713
       21.6518 0   0.002233   0.002233   0.332565    0.059213   0.000000  -0.747339   0.000138   0.000000   0.000000   0.000000   0.030770
       22.1746 0   0.001725   0.001725   0.295381    0.054238   0.000270  -0.746465   0.000000   0.000000  -0.000023   0.000000   0.027743
       22.0946 0   0.000781   0.000781   0.283609    0.038162   0.000000  -0.731876   0.000000   0.000000   0.000000   0.000000   0.029591
       21.8336 0   0.000268   0.000268   0.317195    0.054099   0.000000  -0.758289   0.000000   0.000000   0.000000   0.000000   0.027040
       21.7217 0   0.001252   0.001252   0.300855    0.036966   0.000000  -0.748162   0.000000   0.000000   0.000000   0.000000   0.029150
       22.0602 0   0.000489   0.000489   0.361003    0.025545   0.000000  -0.760532   0.000000   0.000000   0.000000   0.000000   0.027347
       21.9261 0   0.000000   0.000000   0.308461    0.054932   0.000000  -0.756880   0.000000   0.000000   0.000000   0.000000   0.028494
       21.9691 0   0.000044   0.000044   0.320501    0.042934   0.000000  -0.753021   0.000000   0.000000   0.000000   0.000000   0.022579
       21.8930 0   0.000039   0.000039   0.311238    0.059231   0.000000  -0.752946   0.000000   0.000000   0.000000   0.000000   0.029509
       21.6830 0   0.001760   0.001760   0.325723    0.057089   0.000000  -0.779437   0.000000   0.000000   0.000000   0.000000   0.026707
       22.0907 0   0.000745   0.000745   0.320293    0.049575   0.000005  -0.760546   0.000000   0.000000   0.000000   0.000000   0.029724
       22.1635 0   0.001573   0.001573   0.317660    0.037967   0.000000  -0.719541   0.000000   0.000000  -0.000166   0.000000   0.024475
       22.0177 0   0.000222   0.000222   0.310009    0.034118   0.000000  -0.711631   0.000000   0.000000   0.000000   0.000000   0.027204
       21.8497 0   0.000186   0.000186   0.346031    0.050101   0.000000  -0.773107   0.000000   0.000000   0.000000   0.000000   0.027919
       21.5433 0   0.004314   0.004314   0.301529    0.055811   0.000000  -0.745865   0.000000   0.000000   0.000000   0.000000   0.030442
       21.9259 0   0.000000   0.000000   0.303626    0.051591   0.000000  -0.724404   0.000004   0.000000   0.000000   0.000000   0.031585
       22.1628 0   0.001563   0.001563   0.316654    0.064403   0.000000  -0.763439   0.000000   0.000000   0.000000   0.000000   0.027671
       21.9251 0   0.000001   0.000001   0.293782    0.041198   0.000000  -0.669431   0.000000   0.000000   0.000000   0.000000   0.031907
       21.7220 0   0.001248   0.001248   0.295905    0.053130   0.000000  -0.682957   0.000000   0.000000   0.000000   0.000000   0.026654
       21.8837 0   0.000062   0.000062   0.373523    0.055205   0.000000  -0.707687   0.000000   0.000000   0.000000   0.000000   0.030159
       21.7341 0   0.001107   0.001107   0.327117    0.043419   0.000000  -0.666095   0.000000   0.000000   0.000000   0.000000   0.028431
       22.1546 0   0.001456   0.001456   0.301958    0.062213   0.000000  -0.691315   0.000000   0.000000  -0.001094   0.000000   0.027227
       22.2273 0   0.002550   0.002550   0.349594    0.044087   0.000000  -0.690995   0.000000   0.000000   0.000000   0.000000   0.027516
       22.0900 0   0.000738   0.000738   0.322040    0.058636   0.003514  -0.671539   0.000000   0.000000   0.000000   0.000000   0.029391
       21.9872 0   0.000094   0.000094   0.342960    0.060611   0.000000  -0.640207   0.004738   0.000000   0.000000   0.000000   0.028103
       21.8329 0   0.000272   0.000272   0.376496    0.046186   0.000268  -0.619017   0.000000   0.000000   0.000000   0.000000   0.030745
       21.8360 0   0.000255   0.000255   0.342276    0.046982   0.000000  -0.566732   0.000000   0.000000   0.000000   0.000000   0.029373
       21.7880 0   0.000581   0.000581   0.333136    0.052154   0.000000  -0.546624   0.000000  -0.016985  -0.013318   0.000000   0.027797
       22.1800 0   0.001803   0.001803   0.323548    0.049722   0.000000  -0.628986   0.000000  -0.010532  -0.011778   0.000000   0.032230
       22.1158 0   0.000996   0.000996   0.349283    0.037511   0.000000  -0.623952   0.000000   0.000000   0.000000   0.000000   0.034314
       21.8642 0   0.000125   0.000125   0.343853    0.075081   0.000000  -0.631231   0.002269   0.000000   0.000000   0.000000   0.025470
       22.1380 0   0.001248   0.001248   0.324136    0.054398   0.000000  -0.602732   0.000000   0.000000   0.000000   0.000000   0.029852
       21.9121 0   0.000009   0.000009   0.307631    0.041564   0.000000  -0.577646   0.000000   0.000000  -0.000000   0.000000   0.031866
       21.8176 0   0.000365   0.000365   0.338164    0.042178   0.000000  -0.615093   0.000000   0.000000  -0.000003   0.000000   0.027350
       21.7782 0   0.000664   0.000664   0.319964    0.059555   0.000337  -0.629093   0.000000   0.000000   0.000000   0.000000   0.024890
       22.0837 0   0.000681   0.000681   0.330943    0.040150   0.000000  -0.637148   0.000000   0.000000   0.000000   0.000000   0.029845
       22.1521 0   0.001423   0.001423   0.349027    0.051544   0.000000  -0.621042   0.000000   0.000000   0.000000   0.000000   0.034148
       21.6696 0   0.001956   0.001956   0.344711    0.044473   0.000000  -0.569769   0.000000   0.000000  -0.000001   0.000000   0.030674
       21.9309 0   0.000000   0.000000   0.382521    0.040323   0.000000  -0.587398   0.000000   0.000000   0.000000   0.000000   0.033540
       22.3022 0   0.003996   0.003996   0.355276    0.039573   0.000000  -0.568695   0.000000   0.000000   0.000000   0.000000   0.025729
       21.7253 0   0.001209   0.001209   0.341800    0.043872   0.000000  -0.587049   0.000000   0.000000   0.000000   0.000000   0.030049
       21.9546 0   0.000017   0.000017   0.353458    0.045628   0.000000  -0.612277   0.000000   0.000000  -0.000013   0.000000   0.032028
       21.8285 0   0.000297   0.000297   0.302621    0.035206   0.000137  -0.532098   0.000000   0.000000  -0.000000   0.000000   0.037626
       22.3184 0   0.004352   0.004352   0.344114    0.030790   0.000831  -0.588765   0.000000   0.000000  -0.000000   0.000000   0.036068
       21.8589 0   0.000146   0.000146   0.312781    0.055709   0.000000  -0.514085   0.000000   0.000000   0.000000   0.000000   0.027201
       21.7748 0   0.000695   0.000695   0.383285    0.056717   0.000000  -0.540875   0.000000   0.000000   0.000000   0.000000   0.031081
       22.0017 0   0.000148   0.000148   0.339475    0.053723   0.000000  -0.483093   0.000000   0.000000  -0.001473   0.000000   0.029076
       21.8321 0   0.000277   0.000277   0.324671    0.048698   0.000000  -0.429439   0.000000   0.000000   0.000000   0.000000   0.032958
       22.1048 0   0.000881   0.000881   0.392186    0.044136   0.000000  -0.472133   0.000000   0.000000   0.000000   0.000000   0.026876
       21.6255 0   0.002675   0.002675   0.343138    0.044434   0.000000  -0.492300   0.000000   0.000000   0.000000   0.000000   0.028628
       21.9367 0   0.000001   0.000001   0.336126    0.054640   0.000000  -0.532860   0.000000   0.000000   0.000000   0.000000   0.030622
       22.0258 0   0.000265   0.000265   0.333805    0.048487   0.000000  -0.506049   0.000000   0.000000   0.000000   0.000000   0.026259
       21.9633 0   0.000032   0.000032   0.303566    0.038058   0.000000  -0.501643   0.000000   0.000000   0.000000   0.000000   0.030111
       22.0430 0   0.000368   0.000368   0.350922    0.057535   0.000000  -0.550825   0.000000   0.000000   0.000000   0.000000   0.024278
       21.9858 0   0.000090   0.000090   0.340925    0.044908   0.000000  -0.577570   0.000000   0.000000   0.000000   0.000000   0.023458
       22.0388 0   0.000341   0.000341   0.331990    0.035126   0.000000  -0.526375   0.000000   0.000000   0.000000   0.000000   0.029129
       22.2192 0   0.002413   0.002413   0.322939    0.051209   0.000171  -0.582055   0.000003   0.000000   0.000000   0.000000   0.029662
       21.7565 0   0.000869   0.000869   0.320734    0.070853   0.000000  -0.598728   0.000000   0.000000   0.000000   0.000000   0.033377
       21.9885 0   0.000099   0.000099   0.338345    0.061173   0.000000  -0.674325   0.000000   0.000000   0.000000   0.000000   0.028182
       21.8879 0   0.000051   0.000051   0.290635    0.051831   0.000000  -0.635752   0.000000   0.000000   0.000000   0.000000   0.030139
       21.9933 0   0.000116   0.000116   0.341983    0.039691   0.000000  -0.633589   0.000000   0.000000   0.000000   0.000000   0.026401
       22.0744 0   0.000601   0.000601   0.318660    0.065720   0.000000  -0.659058   0.000000   0.000000   0.000000   0.000000   0.030598
       21.8008 0   0.000481   0.000481   0.367991    0.039490   0.000000  -0.662126   0.000000   0.000000   0.000000   0.000000   0.028708
       21.7424 0   0.001016   0.001016   0.361016    0.057310   0.000000  -0.634975   0.000000   0.000000   0.000000   0.000000   0.033542
       21.8861 0   0.000056   0.000056   0.313060    0.055268   0.000782  -0.556056   0.000000   0.000000   0.000000   0.000000   0.026789
       22.1976 0   0.002065   0.002065   0.308352    0.054714   0.000000  -0.604308   0.000000   0.000000   0.000000   0.000000   0.029116
       21.9240 0   0.000001   0.000001   0.334062    0.054240   0.000000  -0.613878   0.000000   0.000000  -0.000000   0.000000   0.027634
       21.5720 0   0.003697   0.003697   0.364356    0.039279   0.000000  -0.663913   0.000000   0.000000   0.000000   0.000000   0.027364
       21.6496 0   0.002268   0.002268   0.359060    0.071341   0.000000  -0.677402   0.000000   0.000000   0.000000   0.000000   0.026457
       22.2508 0   0.002968   0.002968   0.346578    0.055603   0.000000  -0.664565   0.000000   0.000000   0.000000   0.000000   0.026848
       21.8971 0   0.000031   0.000031   0.304378    0.047160   0.000000  -0.680562   0.000000   0.000000  -0.000078   0.000000   0.029373
       21.9020 0   0.000023   0.000023   0.305661    0.070433   0.000000  -0.675577   0.001701   0.000000   0.000000   0.000000   0.028951
       22.1289 0   0.001141   0.001141   0.313939    0.059781   0.000000  -0.636101   0.000000   0.000000   0.000000   0.000000   0.027908
       21.9819 0   0.000078   0.000078   0.364272    0.049966   0.000000  -0.728606   0.000000   0.000000   0.000000   0.000000   0.032066
       22.1317 0   0.001174   0.001174   0.338463    0.048329   0.000000  -0.719367   0.000000   0.000000   0.000000   0.000000   0.028401
       21.7964 0   0.000515   0.000515   0.325541    0.053524   0.000000  -0.728658   0.000000   0.000000   0.000000   0.000000   0.028201
       21.7652 0   0.000783   0.000783   0.355860    0.042303   0.001955  -0.713216   0.000000   0.000000   0.000000   0.000000   0.028481
       21.9977 0   0.000132   0.000132   0.350368    0.044896   0.000000  -0.717585   0.000000   0.000000   0.000000   0.000000   0.029017
       21.9400 0   0.000003   0.000003   0.328601    0.052179   0.000000  -0.711608   0.001416   0.000000   0.000000   0.000000   0.029998
       21.9381 0   0.000002   0.000002   0.358308    0.040371   0.000000  -0.685626   0.000000   0.000000   0.000000   0.000000   0.028698
       21.9272 0   0.000000   0.000000   0.303951    0.065323   0.000000  -0.656190   0.000000   0.000000   0.000000   0.000000   0.027817
       21.9250 0   0.000001   0.000001   0.382721    0.035588   0.000000  -0.671084   0.000000   0.000000   0.000000   0.000000   0.031038
       22.0858 0   0.000700   0.000700   0.365453    0.060041   0.000000  -0.656308   0.000000   0.000000   0.000000   0.000000   0.032231
       21.9484 0   0.000010   0.000010   0.355581    0.041582   0.001940  -0.622101   0.000000   0.000000   0.000000   0.000000   0.033287
       21.9214 0   0.000002   0.000002   0.309299    0.057505   0.000000  -0.586094   0.000000   0.000000   0.000000   0.000000   0.030418
       22.0169 0   0.000218   0.000218   0.352450    0.046592   0.000000  -0.610363   0.000000   0.000000   0.000000   0.000000   0.027415
       21.8075 0   0.000433   0.000433   0.359201    0.054991   0.000000  -0.636976   0.000000   0.000000  -0.000634   0.000000   0.031185
       21.9144 0   0.000007   0.000007   0.357164    0.050472   0.000000  -0.628762   0.000000   0.000000   0.000000   0.000000   0.032632
       21.9973 0   0.000131   0.000131   0.343923    0.048059   0.000000  -0.656119   0.000000   0.000000   0.000000   0.000000   0.028485
       22.0042 0   0.000159   0.000159   0.288650    0.060105   0.000000  -0.647591   0.000000   0.000000   0.000000   0.000000   0.030905
       21.6399 0   0.002427   0.002427   0.324686    0.038087   0.000000  -0.677983   0.000000   0.000000   0.000000   0.000000   0.025220
       22.1023 0   0.000856   0.000856   0.310924    0.060620   0.000000  -0.653403   0.000000   0.000000   0.000000   0.000000   0.030696
       22.0950 0   0.000785   0.000785   0.314312    0.039263   0.000000  -0.616966   0.000000   0.000000   0.000000   0.000000   0.029250
       21.6502 0   0.002258   0.002258   0.351731    0.063781   0.000000  -0.670030   0.000000   0.000000  -0.000000   0.000000   0.029746
       21.9663 0   0.000038   0.000038   0.338553    0.047811   0.000000  -0.631838   0.000000   0.000000   0.000000   0.000000   0.025538
       22.1678 0   0.001631   0.001631   0.327056    0.054082   0.000000  -0.679910   0.000000   0.000000   0.000000   0.000000   0.034054
       22.0266 0   0.000269   0.000269   0.298068    0.043341   0.000000  -0.621967   0.000572   0.000000   0.000000   0.000000   0.030925
       22.0677 0   0.000547   0.000547   0.335423    0.049132   0.000000  -0.646565   0.000000   0.000000   0.000000   0.000000   0.029708
       22.0931 0   0.000767   0.000767   0.343640    0.027791   0.000000  -0.663626   0.000000   0.000000  -0.000212   0.000000   0.025806
       21.3611 0   0.009335   0.009335   0.299109    0.050440   0.000000  -0.678320   0.000000   0.000000   0.000000   0.000000   0.031513
       21.7228 0   0.001239   0.001239   0.299397    0.047854   0.000000  -0.681150   0.000054   0.000000   0.000000   0.000000   0.026217
       22.0495 0   0.000412   0.000412   0.366046    0.054909   0.000000  -0.723750   0.000000   0.000000  -0.000000   0.000000   0.030575
       21.7876 0   0.000585   0.000585   0.371807    0.051178   0.000000  -0.746278   0.000000   0.000000   0.000000  -0.012719   0.028019
       22.0346 0   0.000315   0.000315   0.306450    0.050223   0.000000  -0.716032   0.000000   0.000000   0.000000   0.000000   0.029388
       21.7651 0   0.000784   0.000784   0.336966    0.063580   0.000246  -0.711155   0.000216   0.000000   0.000000   0.000000   0.033519
       22.1030 0   0.000863   0.000863   0.363410    0.055017   0.000000  -0.720073   0.000000   0.000000   0.000000   0.000000   0.023345
       21.9061 0   0.000016   0.000016   0.354390    0.044516   0.000000  -0.716403   0.000000   0.000000  -0.000004   0.000000   0.026566
       21.9761 0   0.000061   0.000061   0.330318    0.041813   0.000201  -0.684340   0.000000   0.000000   0.000000   0.000000   0.026310
       21.8537 0   0.000168   0.000168   0.357328    0.040520   0.000000  -0.696863   0.000000   0.000000   0.000000   0.000000   0.028635
       21.9710 0   0.000048   0.000048   0.322197    0.038614   0.000000  -0.692311   0.000000   0.000000   0.000000   0.000000   0.027304
       21.5990 0   0.003161   0.003161   0.311038    0.045329   0.000000  -0.758436   0.000000   0.000000   0.000000   0.000000   0.029402
       22.2925 0   0.003791   0.003791   0.364547    0.030063   0.000000  -0.777259   0.000000   0.000000   0.000000   0.000000   0.025586
       22.0307 0   0.000292   0.000292   0.341248    0.037323   0.000000  -0.784438   0.000000   0.000000  -0.000007   0.000000   0.032555
       21.7524 0   0.000910   0.000910   0.328827    0.066675   0.000000  -0.797443   0.005421   0.000000  -0.000246   0.000000   0.038012
       22.0919 0   0.000756   0.000756   0.309192    0.063988   0.000000  -0.736490   0.000000   0.000000   0.000000   0.000000   0.026695
       22.2784 0   0.003502   0.003502   0.355968    0.044746   0.000000  -0.691152   0.000000   0.000000   0.000000   0.000000   0.025493
       21.6129 0   0.002900   0.002900   0.253947    0.050928   0.000000  -0.670559   0.000000   0.000000   0.000000   0.000000   0.028214
       22.0450 0   0.000382   0.000382   0.282461    0.039208   0.000233  -0.670239   0.000000   0.000000   0.000000   0.000000   0.030642
       21.8393 0   0.000237   0.000237   0.349042    0.050705   0.000000  -0.687186   0.000000   0.000000   0.000000   0.000000   0.034009
       21.9433 0   0.000005   0.000005   0.311864    0.038495   0.000000  -0.640893   0.000000   0.000000   0.000000   0.000000   0.029304
       21.7847 0   0.000609   0.000609   0.352544    0.043204   0.000000  -0.681040   0.000000   0.000000   0.000000   0.000000   0.026672
       22.2793 0   0.003519   0.003519   0.322842    0.039924   0.000000  -0.669876   0.000000   0.000000  -0.001671   0.000000   0.026514
       21.7586 0   0.000848   0.000848   0.313000    0.060332   0.000000  -0.700463   0.000000   0.000000   0.000000   0.000000   0.035169
       21.8418 0   0.000224   0.000224   0.304360    0.048678   0.000000  -0.702173   0.000000   0.000000  -0.000000   0.000000   0.028648
       22.0432 0   0.000370   0.000370   0.320390    0.046669   0.000000  -0.713605   0.000000   0.000000   0.000000   0.000000   0.030140
       22.1700 0   0.001662   0.001662   0.357027    0.035585   0.000000  -0.780318   0.000132   0.000000  -0.002144   0.000000   0.033758
       21.7974 0   0.000507   0.000507   0.302739    0.049054   0.000000  -0.751593   0.000000   0.000000   0.000000   0.000000   0.028831
       22.0112 0   0.000190   0.000190   0.262931    0.038000   0.000000  -0.683598   0.000509   0.000000   0.000000   0.000000   0.030457
       22.0053 0   0.000164   0.000164   0.326525    0.037699   0.000000  -0.839359   0.000000   0.000000   0.000000   0.000000   0.031672
       22.0224 0   0.000246   0.000246   0.311778    0.041762   0.000000  -0.849711   0.000000   0.000000   0.000000   0.000000   0.028287
       21.8878 0   0.000051   0.000051   0.356349    0.039232   0.000012  -0.862586   0.000000   0.000000   0.000000   0.000000   0.028155
       21.7923 0   0.000547   0.000547   0.319458    0.033547   0.000000  -0.856501   0.000000   0.000000   0.000000   0.000000   0.029572
       22.0496 0   0.000413   0.000413   0.350705    0.043867   0.000000  -0.857921   0.000000   0.000000   0.000000   0.000000   0.027704
       21.7691 0   0.000747   0.000747   0.349892    0.052717   0.000000  -0.836661   0.000000   0.000000  -0.000576   0.000000   0.028876
       22.2528 0   0.003006   0.003006   0.309610    0.048837   0.000000  -0.834814   0.000000   0.000000   0.000000   0.000000   0.030882
       21.8417 0   0.000225   0.000225   0.323918    0.071066   0.000000  -0.891678   0.000164   0.000000   0.000000   0.000000   0.030272
       21.9133 0   0.000008   0.000008   0.316441    0.047898   0.000000  -0.876274   0.000000   0.000000   0.000000   0.000000   0.025640
       21.8752 0   0.000087   0.000087   0.291507    0.052417   0.001079  -0.833532   0.000000   0.000000   0.000000   0.000000   0.027144
       21.9619 0   0.000029   0.000029   0.269868    0.041896   0.000000  -0.803045   0.000000   0.000000   0.000000   0.000000   0.027201
       21.5982 0   0.003176   0.003176   0.321627    0.044420   0.000000  -0.802494   0.000000   0.000000   0.000000   0.000000   0.026950
       21.7556 0   0.000878   0.000878   0.307421    0.039291   0.000000  -0.751207   0.000000   0.000000   0.000000   0.000000   0.027582
       21.6385 0   0.002451   0.002451   0.276319    0.046011   0.000000  -0.713319   0.000000   0.000000   0.000000   0.000000   0.030667
       22.1518 0   0.001420   0.001420   0.327276    0.036172   0.000000  -0.739737   0.001420   0.000000   0.000000   0.000000   0.028494
       21.7860 0   0.000598   0.000598   0.314476    0.038749   0.000000  -0.730849   0.000000   0.000000   0.000000  -0.000000   0.029968
       21.7359 0   0.001087   0.001087   0.308852    0.054447   0.000000  -0.755123   0.000000   0.000000   0.000000   0.000000   0.028966
       22.2493 0   0.002942   0.002942   0.351979    0.035381   0.000000  -0.775697   0.000000   0.000000   0.000000   0.000000   0.029599
       21.6947 0   0.001597   0.001597   0.335792    0.029514   0.000000  -0.777549   0.000000   0.000000   0.000000   0.000000   0.029647
       21.9583 0   0.000023   0.000023   0.304714    0.046701   0.000000  -0.764962   0.000000   0.000000  -0.001312   0.000000   0.030287
       22.0453 0   0.000384   0.000384   0.326597    0.056834   0.000000  -0.788019   0.000000   0.000000   0.000000   0.000000   0.024910
       21.8070 0   0.000437   0.000437   0.269840    0.051976   0.000000  -0.771235   0.000000   0.000000   0.000000   0.000000   0.026735
       22.0410 0   0.000355   0.000355   0.309325    0.048104   0.000000  -0.755618   0.000000   0.000000   0.000000   0.000000   0.025097
       22.0385 0   0.000339   0.000339   0.306660    0.051314   0.000099  -0.782738   0.000000   0.000000   0.000000   0.000000   0.030973
       21.7363 0   0.001082   0.001082   0.303557    0.035232   0.000000  -0.730865   0.008862   0.000000   0.000000   0.000000   0.034722
       22.1187 0   0.001027   0.001027   0.366552    0.036860   0.000000  -0.780330   0.000000   0.000000   0.000000   0.000000   0.029193
       21.7896 0   0.000569   0.000569   0.337133    0.063986   0.000492  -0.765376   0.000000   0.000000   0.000000   0.000000   0.025923
       21.7072 0   0.001432   0.001432   0.335963    0.050760   0.003052  -0.772881   0.001671   0.000000   0.000000   0.000000   0.032047
       22.0791 0   0.000641   0.000641   0.332926    0.039427   0.000000  -0.766603   0.000000   0.000000   0.000000   0.000000   0.025381
       22.0527 0   0.000434   0.000434   0.276975    0.058708   0.000000  -0.764686   0.000000   0.000000   0.000000   0.000000   0.028576
       21.8455 0   0.000206   0.000206   0.360476    0.064000   0.000000  -0.829008   0.000338   0.000000   0.000000   0.000000   0.035440
       21.9684 0   0.000043   0.000043   0.328425    0.056266   0.000000  -0.780103   0.000000   0.000000   0.000000   0.000000   0.026576
       21.8424 0   0.000221   0.000221   0.303211    0.065333   0.000000  -0.734070   0.000000   0.000000   0.000000   0.000000   0.029959
       21.9608 0   0.000027   0.000027   0.279658    0.042706   0.000000  -0.703784   0.000000   0.000000   0.000000   0.000000   0.028940
       21.6963 0   0.001575   0.001575   0.306980    0.075778   0.000000  -0.676792   0.000000   0.000000   0.000000   0.000000   0.027187
       22.0345 0   0.000315   0.000315   0.395850    0.061931   0.000000  -0.716266   0.000867   0.000000   0.000000   0.000000   0.033339
       21.8103 0   0.000414   0.000414   0.322016    0.053253   0.000000  -0.699593   0.000000   0.000000   0.000000   0.000000   0.025122
       21.8873 0   0.000052   0.000052   0.293528    0.050931   0.000000  -0.636244   0.000000   0.000000   0.000000   0.000000   0.023981
       21.9549 0   0.000018   0.000018   0.312847    0.061101   0.000000  -0.727365   0.001853   0.000000  -0.000484   0.000000   0.030737
       22.1069 0   0.000903   0.000903   0.317921    0.053697   0.002524  -0.688518   0.000000   0.000000   0.000000   0.000000   0.031645
       22.1765 0   0.001753   0.001753   0.364399    0.056865   0.000000  -0.710829   0.000000   0.000000   0.000000   0.000000   0.027883
       21.8825 0   0.000065   0.000065   0.327444    0.034752   0.000000  -0.663787   0.000000   0.000000   0.000000   0.000000   0.025413
       21.6280 0   0.002631   0.002631   0.358468    0.068332   0.000000  -0.740580   0.000000   0.000000   0.000000   0.000000   0.028903
       22.0925 0   0.000762   0.000762   0.298512    0.048412   0.000000  -0.702920   0.000000   0.000000   0.000000   0.000000   0.034755
       22.1248 0   0.001094   0.001094   0.303104    0.048124   0.000000  -0.672320   0.000000   0.000000  -0.002044   0.000000   0.028884
       21.9906 0   0.000106   0.000106   0.319704    0.057031   0.000000  -0.631558   0.000000   0.000000   0.000000   0.000000   0.032290
       22.0987 0   0.000821   0.000821   0.340904    0.062669   0.000000  -0.609309   0.000000   0.000000   0.000000   0.000000   0.031372
       21.7510 0   0.000924   0.000924   0.309456    0.063141   0.000000  -0.596624   0.000001   0.000000   0.000000   0.000000   0.028414
       21.8544 0   0.000165   0.000165   0.361243    0.053065   0.000000  -0.632256   0.000000   0.000000  -0.000002   0.000000   0.033854
       21.6777 0   0.001836   0.001836   0.375771    0.045548   0.000000  -0.619656   0.000000   0.000000   0.000000   0.000000   0.030205
       21.7632 0   0.000803   0.000803   0.360008    0.043586   0.000000  -0.626330   0.000000   0.000000   0.000000   0.000000   0.026930
       21.7430 0   0.001009   0.001009   0.308974    0.057988   0.000000  -0.601640   0.000000   0.000000   0.000000   0.000000   0.038745
       22.2151 0   0.002344   0.002344   0.343765    0.037901   0.000489  -0.622324   0.000000   0.000000   0.000000   0.000000   0.025790
       22.1825 0   0.001839   0.001839   0.379285    0.053637   0.000000  -0.715443   0.000000   0.000000   0.000000   0.000000   0.025003
       21.7497 0   0.000937   0.000937   0.350812    0.050762   0.000000  -0.740687   0.000000   0.000000   0.000000   0.000000   0.029639
       21.7242 0   0.001222   0.001222   0.355424    0.068556   0.000000  -0.751255   0.000000   0.000000   0.000000   0.000000   0.029776
       21.9985 0   0.000135   0.000135   0.339456    0.037195   0.000000  -0.708304   0.000000   0.000000   0.000000   0.000000   0.028294
       22.2110 0   0.002277   0.002277   0.332304    0.048651   0.000000  -0.715310   0.000000  -0.000012   0.000000  -0.000006   0.030283
       21.9946 0   0.000120   0.000120   0.281175    0.051537   0.000000  -0.695611   0.000000   0.000000  -0.000049   0.000000   0.033593
       21.6523 0   0.002225   0.002225   0.328228    0.054666   0.000000  -0.698411   0.000000   0.000000   0.000000   0.000000   0.033074
       21.7315 0   0.001136   0.001136   0.322910    0.037976   0.000000  -0.651317   0.000000   0.000000   0.000000   0.000000   0.030179
       22.0273 0   0.000273   0.000273   0.301371    0.046981   0.000000  -0.697883   0.000000   0.000000   0.000000   0.000000   0.028409
       21.7622 0   0.000812   0.000812   0.309068    0.063692   0.000000  -0.722106   0.000000   0.000000   0.000000   0.000000   0.027098
       21.6576 0   0.002141   0.002141   0.345484    0.052072   0.000000  -0.768706   0.000000   0.000000   0.000000   0.000000   0.030589
       21.9238 0   0.000001   0.000001   0.317634    0.043501   0.000000  -0.745225   0.000000   0.000000   0.000000   0.000000   0.026344
       21.9792 0   0.000070   0.000070   0.304866    0.046552   0.000000  -0.751667   0.000000   0.000000  -0.000000   0.000000   0.030152
       22.2452 0   0.002866   0.002866   0.305040    0.058010   0.001117  -0.794467   0.000000   0.000000   0.000000   0.000000   0.027526
       21.8185 0   0.000359   0.000359   0.347350    0.049851   0.000000  -0.788140   0.000000   0.000000  -0.000071   0.000000   0.028470
       21.6807 0   0.001793   0.001793   0.317445    0.041188   0.000000  -0.786855   0.000000   0.000000  -0.000000   0.000000   0.026481
       21.8773 0   0.000080   0.000080   0.352936    0.034330   0.000000  -0.834059   0.000000   0.000000   0.000000   0.000000   0.029585
       21.8946 0   0.000036   0.000036   0.324003    0.050501   0.000000  -0.843641   0.000000   0.000000   0.000000   0.000000   0.029716
       21.8889 0   0.000049   0.000049   0.319485    0.042323   0.000000  -0.805100   0.000000   0.000000   0.000000   0.000000   0.029305
       21.9242 0   0.000001   0.000001   0.306521    0.060815   0.000000  -0.805057   0.000000   0.000000  -0.000002   0.000000   0.024318
       21.9592 0   0.000025   0.000025   0.299263    0.045791   0.000000  -0.771400   0.000000   0.000000  -0.000001   0.000000   0.030593
       21.6738 0   0.001893   0.001893   0.376817    0.047199   0.000000  -0.830724   0.000000   0.000000   0.000000   0.000000   0.027247
       21.9185 0   0.000004   0.000004   0.337905    0.042088   0.000000  -0.789002   0.000000   0.000000   0.000000   0.000000   0.028726
       21.8416 0   0.000226   0.000226   0.312947    0.050011   0.000000  -0.813825   0.000000   0.000000   0.000000   0.000000   0.031317
       22.2063 0   0.002201   0.002201   0.331219    0.036946   0.000000  -0.818703   0.000000  -0.000000   0.000000   0.000000   0.027876
       22.2966 0   0.003876   0.003876   0.287009    0.035779   0.000000  -0.837670   0.000000   0.000000  -0.000470   0.000000   0.026080
       21.4805 0   0.005827   0.005827   0.290576    0.057866   0.000000  -0.833573   0.000000   0.000000   0.000000  -0.008834   0.028941
       21.6347 0   0.002515   0.002515   0.314727    0.048539   0.000000  -0.870837   0.000000   0.000000   0.000000   0.000000   0.027822
       21.9862 0   0.000091   0.000091   0.336263    0.046160   0.000000  -0.892201   0.000000   0.000000   0.000000   0.000000   0.029748
       22.0795 0   0.000644   0.000644   0.295930    0.048586   0.000000  -0.828268   0.000024   0.000000   0.000000   0.000000   0.027295
       21.8998 0   0.000026   0.000026   0.342349    0.039076   0.000000  -0.896618   0.000043   0.000000   0.000000   0.000000   0.028867
