t = 7000000
b = 105 105 105
E = -0.27060271859727 -0.575789718748186 0.305187000150916
10.480685213609 3.09117569725519 -72.6605505511636 0.90789081729855 -0.193929319736955 0.37165263729899 -0.397294630463326 -0.115166886204254 0.910435920275031 -0.139946256719281 0.0333483825568586 0.396165300177755 0.0927637639214242 -0.26851103710817 0.649815305653463
9.80353618444824 4.50143876604193 -72.718009806142 -0.547836962291968 0.835846163053309 0.0351547216712611 0.767927875258175 0.485761004675542 0.417520089023797 0.224420052175395 -0.130158208208596 0.328254409039365 -0.083732461091493 -0.0609344685194092 0.0739462176963234
10.1386838493627 4.75251953005506 -72.875829743438 -0.473826117793244 0.462520234762627 0.749375635133627 0.850194634668601 0.462012121454483 0.252416090631921 -0.172649208420208 -0.729766725642359 0.287545626522258 0.141836112022122 -0.0939574382284197 0.0243761639392598
10.3790827483538 4.99331296932281 -73.5646140744909 0.490106276235961 0.22437577689658 -0.842289349770087 0.440044184956101 -0.897817407346982 0.0168824865084936 -0.183447456058559 0.164626617080419 -0.634117534483086 0.0416935229540298 0.146574984464924 -0.584222790590725
9.97186618396904 5.97991498578955 -72.695692853176 0.468321303888167 0.228787271749463 0.853423423987414 0.546782338216666 0.68368038595938 -0.483332395426665 0.128362876563211 0.661447829887534 0.360890123164339 0.052573294000932 -0.281990040879243 -0.12915859141999
10.2434300595634 6.4534030656978 -72.7154852077307 0.616229964092071 -0.115756400933318 0.779012892703276 0.418469278062905 0.886080791526915 -0.199359710584994 0.498423480383278 -0.381863387866455 0.612805003570638 -0.232713459872552 0.122272144388545 0.0516159008205353
10.2149735003556 6.90099279007932 -72.5496040939961 0.934791549260843 -0.347451966278035 -0.0737691707968088 0.330914023118296 0.92736766922912 -0.174599872199802 -0.139702530527048 0.503508049876438 -0.556333764563895 -0.0246877780328742 0.0502017164698596 -0.188477636515893
10.38112975614 7.68084637666145 -72.925447857553 0.669804723741708 -0.546236841781553 -0.502978075797882 0.20804537958072 0.788301061739865 -0.579049700884498 0.44941952863561 -0.338216763149343 -0.588781227083284 -0.118835425816439 0.00256914217694035 -0.111102003633166
9.09827263745523 7.28213915944596 -73.4129683775803 0.107544109794646 0.441822144093983 -0.890633177821756 0.878570869499793 -0.461536784895665 -0.122869945285891 0.0214567973704444 -0.775921845776928 -0.0613070403620327 -0.0509805918143846 -0.410047058621179 0.143311390275059
9.24553941841034 8.29220160872216 -72.638391189023 0.680380010342007 0.658561921760021 0.321526416853976 0.724236374958266 -0.537104329427002 -0.432435674404788 -0.217482362127228 -0.00338208434037758 0.110175617179817 0.0382773137844149 0.423911954498053 -0.113900183557081
8.77595764865811 8.83453876638704 -72.0123272200101 -0.650003974440713 0.653389937678965 0.388041779388946 0.574042584932067 0.0875641167676176 0.814129987249751 0.116514687801004 -0.144530306801613 0.00593216893765772 0.89219632012171 0.203439261930934 -0.172339383952163
8.9718250131755 9.57551216077299 -71.9949485979885 -0.783678345089462 0.514778659597855 0.347636567495811 0.197020462497132 -0.324760531626333 0.925047855224522 0.450038064109081 0.402089228303313 0.24113222550026 -0.227185729116628 -0.177795689178513 -0.108740972610386
9.02818133911599 9.72128364409867 -71.4862573757941 -0.998874328451113 -0.00145046058768278 -0.0474127844105449 -0.0473965767608566 -0.00968599398470686 0.998829187615228 0.0338132318300617 -0.185675095823026 0.572137139833253 0.280659869165198 0.225179518921856 0.314715356799739
8.9310297938642 9.97911719505212 -71.1082802395869 -0.496058204032902 -0.867287104084863 -0.0417053629589255 -0.0320774218330501 -0.029694010672131 0.999044195588322 0.872237397417331 -0.291430852092043 0.0450714141794704 0.29708075218787 -0.128194689921888 0.401910112788831
10.270779918801 10.0146253552914 -71.8164002065141 -0.352200787650193 -0.511651334661594 -0.78368840550164 0.026780574389181 0.831489268100014 -0.55489494309319 0.362473622605342 -0.139750783574122 0.0981249274764591 0.0392593818151181 -0.0486848105125035 -0.574481609316024
10.5016212222283 10.1751698965647 -72.1823632502847 -0.951462424186072 -0.14022468310248 -0.273964037075649 0.00211009626376306 0.887179867696164 -0.461418930960448 -0.344095569299558 0.114585975045511 0.466986304260552 -0.686468686700977 -0.0845240505069173 -0.0596546416024628
10.5341110096449 10.6250139266383 -72.5372234544324 -0.890768035790455 -0.416712948781267 -0.181335668671001 -0.18689362077483 0.699610658492998 -0.68964896943064 0.268336768773478 0.360252442990993 -0.421454166973405 0.181132312840132 0.189815329146586 0.0435507944618452
10.4541339137451 10.6586980238034 -73.0347707603612 -0.942647752274121 0.0704680503615493 0.326265948285249 -0.259093359414913 0.461780639663988 -0.848309655691006 0.134805964839724 -0.473481288468694 0.23393412928464 -0.577920828423681 -0.484890101834048 -0.315895459993781
10.1440626786379 10.7019112862117 -73.4535152655966 -0.363067949325905 0.690440314119137 0.625678700941164 -0.30953851600314 0.543987699624241 -0.779912360312344 0.0238319947200885 0.493201347454212 -0.382293479359345 0.145208826929829 -0.0422156608389833 -0.0390948941898679
9.74180816977278 10.9695444957086 -73.6023360507959 0.411369507431627 0.880756221229001 0.234613740266048 -0.353566506898974 0.391443584325695 -0.849566151332351 0.464869713847135 -0.0939241940256705 -0.276262498614727 0.0272047000275076 -0.665427923358684 0.448221645881753
9.4017660068658 11.3951274363511 -73.7933267924478 0.931847655500233 0.242453210183975 -0.269956270182307 -0.339920904839568 0.323028662967222 -0.883236243230134 -0.188564553772555 0.424030020202855 -0.101697695304836 0.134239315120855 0.3839539146813 0.592794945966047
9.02234989268231 12.2235020616054 -74.3117069785912 0.145285135827657 0.909800184395076 0.388787671849685 0.984224286973646 -0.173002485169341 0.0370498725474343 -0.0113053832239378 -0.287941560608557 -0.159937399657701 -0.228166564592967 0.0928075319165287 -0.0174007577218426
8.35113026782331 11.8064386492986 -75.0312620915517 -0.323175814832711 -0.703141076331778 -0.633364049723717 -0.818952828958314 0.543174506494771 -0.185142430132701 0.388406872556976 0.177173293096649 -0.38906304595503 0.141139701093348 -0.0825052815602 -0.0648638773552052
8.15582276164736 12.0278543723559 -75.2710688490087 -0.631543743954473 -0.768833778702351 0.100235324105119 -0.748662682636094 0.571076111715791 -0.33671391752658 -0.0550086598769765 -0.258656550845844 -0.171074369722234 -0.0594593623552787 0.10171055418124 -0.0535311712892846
7.78316698512325 12.3628696407173 -75.5112819759439 -0.388463019182239 -0.918162320488934 0.0779386679519919 -0.745609629786487 0.263502034044282 -0.612072673809622 -0.238699214570035 -0.248832141580057 -0.467145705345636 0.333850615060504 0.128754675784511 -0.465040601960857
7.63598546432892 12.503295814127 -75.9273480136142 0.530553203803369 0.770756329661956 -0.352771850096016 0.434628552915499 0.109943880425229 0.893873796543584 0.234441132618728 0.658967222485591 -0.115581825950177 0.15989407766908 -0.0825499925101059 -0.338605608178659
-7.65469513412491 1.86972312044253 -37.8812416691277 -0.959159533143363 -0.0824180364344002 -0.27059241905562 -0.227525169779036 0.793158666620779 0.564917362701338 0.381077023415569 -0.538207409466191 -0.354485845974306 -0.380896102046675 0.0152393377879549 -0.281115427973241
-6.72575543232817 2.51664593039623 -37.7084109979193 0.533375328098519 0.845878689274759 4.90570359429832e-05 0.771939598767994 -0.48677617600262 0.408849862822872 0.280575873301921 0.459177457478566 -0.0738534534239186 0.502550454522215 0.402795382436042 -0.0873615296764809
-6.21157000297663 2.37133844360319 -37.8256138283009 0.0305910736793885 0.645735490897386 0.762948138477691 0.794131382403302 -0.479226534571324 0.373760987858285 0.219497543413811 -0.19731850416576 -0.306828945428743 -0.213608228193928 -0.0465632229265506 0.608334828244613
-6.0150911747075 1.70958586547663 -38.7559653483924 0.0351597132425753 -0.993058326390246 0.112245066490417 -0.997983748450362 -0.028949828734143 0.0564831412467988 0.111062635867087 -0.542622244211387 0.205892029506958 -0.0437939372908289 -0.248491515225258 0.050003986013905
-6.38522809779408 1.82594235818252 -38.9936241346538 -0.278490471398693 -0.764653269374719 0.581161281379959 -0.9536228384159 0.148184335954556 -0.262001688219196 0.0444199469473655 -0.112438318287251 0.258779541776065 0.675483967218444 0.47524546060401 0.134633477686644
-6.67862745746315 1.53511488544445 -39.2619036399413 -0.484509331672914 0.0599620606103946 0.872728628388779 -0.872817694969862 0.0337529155278138 -0.486877820444128 -0.152105907844164 0.0865392159990618 -0.151167890114547 0.291442642418382 -0.102683889862655 -0.428713096977293
-7.17142849900501 1.37441208840208 -39.4081831992148 -0.0709466372520182 0.764484362145062 0.64072633370157 -0.917515372955223 0.201982498325567 -0.342591025511736 -0.387698788114615 -0.0509935238801666 0.193474313942489 0.621463449667503 -0.126507673723397 0.147186388370833
-6.25738760728304 1.55825619884277 -40.3340533410312 0.69150728686403 -0.603394639544481 0.397155613309273 0.417214749815019 -0.115213078785349 -0.90147534576021 0.0388681891324036 0.0151349327652446 0.569691943373558 0.180738587711574 0.309583949852063 -0.235764878543351
-5.87248390637065 1.6025549629983 -40.6079424810526 -0.0412861952372512 -0.988747848337142 0.14378157911159 0.365108298391622 -0.148882027441055 -0.918983173050901 0.551644018007573 -0.380522710690628 -0.260862959163571 0.0616509866066414 -0.191227414708102 -1.01436834055198
-6.61441025920786 2.59897469740787 -40.9201790761235 -0.800358159147758 0.429067071018909 -0.418722181945481 0.246086473187227 -0.401758233110095 -0.882061091899611 -0.00196554020569869 0.145764243455894 0.0849484223848129 -0.26680587136013 -0.186413166853836 -0.0645403577606832
-5.59523051317859 3.59267406878336 -41.0339340713509 0.527295837251835 -0.474136971501685 -0.705090939008669 -0.684377384128944 0.254812096206229 -0.683153271030525 0.276824786745397 0.202698759953866 0.337737015312787 0.0152218624977001 0.0129309565424924 0.414477899649957
-5.70125586218217 3.79064550146456 -41.5268855106527 0.0804626376291231 -0.966452030018186 -0.243918506103472 -0.774021204855331 0.0936027977528249 -0.62620259556074 0.0469839340924094 0.028693886954587 -0.613231952636642 0.672488363788618 0.097091510407482 -0.374863774337649
-5.79461576378984 3.77565953119406 -42.033916100982 -0.371522893666005 -0.86048088913161 0.348630719990889 -0.925661559440459 0.314365405937944 -0.210535196401617 -0.147004662034134 -0.415507170131641 -0.367974962952347 -0.0641470821812769 -0.165799002441393 0.397326523658437
-6.13590790924906 3.78105736772561 -42.3352678467762 -0.476031534216972 -0.380488540544133 0.792857142835458 -0.873813399696238 0.102927767022612 -0.475243113877114 0.518035495467671 -0.0457752987538204 -0.119632707085017 0.522102345366399 0.285045675003232 -0.0661906574767429
-6.52980765047445 3.61231187461107 -42.4871390372893 -0.339669573926348 0.563870783872262 0.752777735884895 -0.935899116197133 -0.123179722483822 -0.330029696043681 0.232307845088663 0.159343090195646 0.375176739892016 -0.572225034150171 0.0601194564437428 0.00908676162532535
-6.92935111860009 4.77767793929336 -43.2005629843158 0.296525732306712 0.942633316769219 0.15334575376195 0.43399995577499 0.0100255922580945 -0.900857106253253 -0.00436713902167832 0.228312638809108 0.163951848578673 0.498247273278039 0.0955965813962622 0.201294011901362
-6.9985029560383 4.99040538157285 -43.6435447499461 0.865252034118029 0.380130330529003 0.326863655469981 0.412461969685967 -0.169143752871058 -0.895134355517529 -0.199695271019967 0.0673740716355554 0.27941831967719 -0.60157138205718 0.295328859205419 -0.255579058850726
-6.81952288860408 5.27281533555934 -43.944457862157 0.775752823007273 -0.610312416348338 0.160394239446208 0.138970198428694 -0.0827058817535958 -0.986836876627831 -0.412693792267856 -0.0623399321374827 0.288562608266191 0.81649048577764 -0.188768420670644 0.255609798071768
-6.54245354023234 5.31781149586048 -44.318135884911 -0.183906414918363 -0.980793634370395 0.0649790530131347 -0.0414687290483581 -0.0583059988011093 -0.997437093261907 -0.0839155096522475 0.34201611187864 0.256448990387742 -0.694471911149142 -0.245405932216357 -0.157880736576561
-6.88941222178718 5.29426010743503 -45.0519416718778 -0.692483524333486 -0.694099682551043 0.196703327905416 -0.227319590663954 -0.0488367544056494 -0.972594866899572 -0.322943879188958 -0.340841441782521 -0.28549022347716 0.416988531140638 0.0424632549918645 0.214757631721676
-6.9611549452301 4.96881482761963 -45.4922933498165 -0.922054429016032 -0.119580492274065 0.368125163224311 -0.333780534927432 -0.235895043178386 -0.912657703143634 -0.690824667098048 0.364571429978997 -0.132824885708435 -0.162782444347042 -0.362708567437351 0.0660783536001043
-7.13291337151028 4.72038102325354 -45.9467244785212 -0.696702259858701 0.586512557475541 0.413048400348979 -0.481106242654774 0.0450752328154412 -0.875502716538102 0.108466221307886 0.0115371792454108 0.207700658605889 -0.269007358990168 -0.2724505400522 0.43360824242992
-7.55907946868343 4.61161676144426 -46.0981208894286 0.00161715125516675 0.985475130902069 -0.169812105562446 -0.474943056729825 -0.14868069751121 -0.867365634004366 -0.396242716182881 0.366563464482205 -0.11668697917458 -0.356543536831437 0.00512652516450259 0.337954672556294
-7.14151952138982 4.07870234382891 -45.2023214218036 -0.470987570060046 -0.117799854556446 0.874239042319214 -0.719423806065269 -0.522218413238211 -0.457949032253279 0.0889198043426876 0.0589557860987825 -0.1578001354226 0.0304376033197631 -0.0889446386773881 -0.0351473097073532
-7.51519017449376 3.72645199078562 -45.2512844163789 -0.483553530582099 0.712417597250604 0.508563811324448 -0.875314788042823 -0.393517164324701 -0.28101292357301 -0.0851404982583359 -0.692425350144038 -0.182382390177874 -0.147826710931958 0.237962647228487 0.223213936706976
-7.18804018114781 2.75062331356874 -44.9122599039287 -0.808764173192361 -0.385920912501556 0.443808023197863 -0.212464189379803 -0.511930593582477 -0.832337693238744 0.24308991585617 -0.181513845250009 0.132347163835952 0.00269753288411134 0.291218385436527 0.117690986260749
