        0.1434 26   0.002227   0.002227   0.327896    0.011449   0.000000  -1.051915   0.000000  -0.455232  -0.172689   0.000000   0.061308
        0.1407 26   0.014640   0.014640   0.292433    0.023030   0.000000  -1.157104   0.000000  -0.323013  -0.103661   0.000000   0.061584
        0.2218 26   0.032603   0.032603   0.289319    0.034145   0.000000  -1.133232   0.000000  -0.326639  -0.112923   0.000000   0.058595
        0.1854 26   0.067655   0.067655   0.294293    0.059148   0.000000  -1.102069   0.000000  -0.336520  -0.115801   0.000000   0.056976
        0.2411 26   0.104965   0.104965   0.340497    0.037042   0.000000  -1.081150   0.000000  -0.326979  -0.105778   0.000000   0.056462
        0.3166 26   0.147840   0.147840   0.334039    0.056314   0.000000  -1.066224   0.000000  -0.308698  -0.102402   0.000000   0.053865
        0.3322 26   0.207197   0.207197   0.318837    0.059152   0.000000  -1.087730   0.000000  -0.278655  -0.096306   0.000000   0.056164
        0.3877 24   0.269481   0.269481   0.353070    0.051950   0.000000  -1.075644   0.000000  -0.272031  -0.089000   0.000000   0.056504
        0.7086 23   0.289392   0.289392   0.335652    0.055389   0.000000  -1.072202   0.000000  -0.273539  -0.084452   0.000000   0.053427
        3.0490 16   0.045712   0.045712   0.358630    0.060746   0.000000  -0.895145   0.000000  -0.206083  -0.063761   0.000000   0.045410
        3.8234 13   0.024219   0.024219   0.269471    0.043616   0.000000  -0.828196   0.000000  -0.156595  -0.056373   0.000000   0.043925
        3.9038 15   0.046361   0.046361   0.298152    0.062709   0.000000  -0.850042   0.000000  -0.182736  -0.056627   0.000000   0.043049
        4.5482 14   0.032113   0.032113   0.320589    0.053467   0.000000  -0.765994   0.000000  -0.184481  -0.072670   0.000000   0.038645
        5.0820 14   0.026208   0.026208   0.335554    0.062679   0.000000  -0.807354   0.000000  -0.167422  -0.051594   0.000000   0.039943
        5.5115 13   0.026335   0.026335   0.309709    0.079666   0.000000  -0.745922   0.000000  -0.171208  -0.055645   0.000000   0.037367
        5.7017 13   0.041340   0.041340   0.313873    0.064283   0.000745  -0.731540   0.000000  -0.155911  -0.050706   0.000000   0.037168
        6.3884 12   0.025612   0.025612   0.335695    0.054101   0.000000  -0.716273   0.000000  -0.155183  -0.051611   0.000000   0.035763
        7.1315 10   0.011486   0.011486   0.300929    0.073115   0.000000  -0.691519   0.000000  -0.118223  -0.049988   0.000000   0.034323
        7.4400 9   0.016416   0.016416   0.318800    0.054698   0.000000  -0.665098   0.000000  -0.109309  -0.039722   0.000000   0.032741
        7.9300 8   0.013981   0.013981   0.304617    0.048575   0.000000  -0.603831   0.000000  -0.096412  -0.038530   0.000000   0.033880
        8.3800 8   0.013262   0.013262   0.349515    0.045277   0.000000  -0.610546   0.000000  -0.087952  -0.025523   0.000000   0.030985
        8.8158 9   0.013108   0.013108   0.329289    0.041662   0.000000  -0.600777   0.000000  -0.097951  -0.030542   0.000000   0.030782
        9.1630 7   0.016607   0.016607   0.309387    0.072823   0.000000  -0.628304   0.000000  -0.093223  -0.038705   0.000000   0.027508
        9.9211 7   0.005395   0.005395   0.288317    0.050267   0.000000  -0.593116   0.000000  -0.081544  -0.029918   0.000000   0.028707
        9.9421 7   0.020513   0.020513   0.362066    0.068792   0.000913  -0.718164   0.000000  -0.085999  -0.033697   0.000000   0.027277
       10.6355 6   0.009763   0.009763   0.346718    0.051268   0.000000  -0.633007   0.000000  -0.074335  -0.021661   0.000000   0.026892
       10.9142 6   0.015577   0.015577   0.340660    0.067781   0.000000  -0.671232   0.000000  -0.072380  -0.022020   0.000000   0.028285
       11.3872 5   0.013882   0.013882   0.344029    0.045098   0.000000  -0.636255   0.000000  -0.059590  -0.017840   0.000000   0.024426
       11.5929 5   0.024407   0.024407   0.341164    0.057401   0.000000  -0.635894   0.000000  -0.059976  -0.025170   0.000000   0.025828
       12.7875 3   0.000712   0.000712   0.348600    0.044445   0.000000  -0.608247   0.000000  -0.030645  -0.013909   0.000000   0.024909
       12.9438 4   0.005399   0.005399   0.330123    0.035333   0.000000  -0.615043   0.000000  -0.041731  -0.015316   0.000000   0.023348
       13.4024 4   0.004751   0.004751   0.418588    0.056457   0.000000  -0.688291   0.000000  -0.046802  -0.015844   0.000000   0.025449
       13.8497 3   0.004397   0.004397   0.342803    0.041521   0.000000  -0.666898   0.000000  -0.023125  -0.013325   0.000000   0.024025
       14.2353 3   0.005500   0.005500   0.299066    0.055662   0.000037  -0.624879   0.000000  -0.032445  -0.006220   0.000000   0.023817
       14.7459 2   0.003695   0.003695   0.307789    0.064449   0.000000  -0.644101   0.000000  -0.029692  -0.008382   0.000000   0.023385
       15.1159 2   0.005082   0.005082   0.329036    0.047680   0.000000  -0.670810   0.000000  -0.028057  -0.007753   0.000000   0.022454
       15.6083 1   0.003720   0.003720   0.340563    0.047348   0.000000  -0.641050   0.000000  -0.015470  -0.007790   0.000000   0.021727
       15.9404 1   0.006073   0.006073   0.348488    0.052805   0.000000  -0.642397   0.000000  -0.018274  -0.005995   0.000000   0.020653
       16.8358 0   0.000001   0.000001   0.289301    0.046400   0.000000  -0.645637   0.000000   0.000000   0.000000   0.000000   0.033801
       16.7997 0   0.006189   0.006189   0.363371    0.044591   0.000000  -0.743959   0.000000   0.000000   0.000000   0.000000   0.028089
       17.6892 0   0.000001   0.000001   0.370326    0.035337   0.000000  -0.775985   0.000000   0.000000   0.000000   0.000000   0.030323
       18.5898 0   0.006188   0.006188   0.351420    0.048002   0.000000  -0.772348   0.000000   0.000000   0.000000   0.000000   0.027799
       18.5700 0   0.000004   0.000004   0.325055    0.043853   0.000000  -0.744788   0.000000   0.000000   0.000000   0.000000   0.024374
       18.8540 0   0.000536   0.000536   0.307433    0.061903   0.000000  -0.729345   0.000000   0.000000   0.000000   0.000000   0.030530
       19.5083 0   0.000214   0.000214   0.363274    0.035209   0.000000  -0.777488   0.000000   0.000000   0.000000   0.000000   0.032154
       19.6273 0   0.001482   0.001482   0.335760    0.061314   0.000000  -0.705581   0.000000   0.000000   0.000000   0.000000   0.033768
       20.2829 0   0.000000   0.000000   0.272184    0.050903   0.000000  -0.637124   0.000000   0.000000   0.000000   0.000000   0.034571
       20.8076 0   0.000233   0.000233   0.324081    0.034540   0.000000  -0.643040   0.002043   0.000000  -0.000179   0.000000   0.035842
       21.1131 0   0.000038   0.000038   0.320940    0.052882   0.001215  -0.620389   0.000000   0.000000   0.000000   0.000000   0.031144
       21.6333 0   0.000078   0.000078   0.324509    0.072479   0.000000  -0.641232   0.000000   0.000000   0.000000   0.000000   0.029424
       22.3341 0   0.002972   0.002972   0.320447    0.058985   0.000000  -0.685369   0.000000   0.000000   0.000000   0.000000   0.031705
       22.4201 0   0.000018   0.000018   0.296939    0.037434   0.000000  -0.702376   0.000000   0.000000   0.000000   0.000000   0.027437
       22.4150 0   0.006152   0.006152   0.348530    0.068099   0.000000  -0.732949   0.000000   0.000000   0.000000   0.000000   0.027490
       23.5990 0   0.002431   0.002431   0.314544    0.050550   0.000000  -0.674988   0.000000   0.000000   0.000000   0.000000   0.026314
       23.9042 0   0.000773   0.000773   0.323917    0.062051   0.000441  -0.703124   0.000000   0.000000   0.000000   0.000000   0.025851
       24.1323 0   0.000046   0.000046   0.312498    0.039812   0.000000  -0.654397   0.000000   0.000000   0.000000   0.000000   0.029322
       24.8169 0   0.001305   0.001305   0.348898    0.045355   0.000000  -0.657480   0.000000   0.000000   0.000000  -0.011910   0.030404
       25.0096 0   0.000020   0.000020   0.313143    0.050608   0.000000  -0.615445   0.000000   0.000000   0.000000   0.000000   0.023785
       25.4715 0   0.000000   0.000000   0.368087    0.047134   0.000001  -0.656828   0.000000   0.000000  -0.000435   0.000000   0.030442
       25.6563 0   0.001708   0.001708   0.347887    0.056798   0.000000  -0.655090   0.000010   0.000000   0.000000   0.000000   0.031319
       26.2845 0   0.000064   0.000064   0.346376    0.052589   0.000000  -0.625081   0.000000   0.000000   0.000000  -0.013388   0.024392
       27.1935 0   0.005336   0.005336   0.340019    0.025231   0.000000  -0.641000   0.000000   0.000000   0.000000   0.000000   0.034519
       26.8377 0   0.003688   0.003688   0.317912    0.045276   0.000029  -0.634752   0.000000   0.000000   0.000000   0.000000   0.025690
       27.8443 0   0.001362   0.001362   0.326341    0.052870   0.000000  -0.638634   0.000086   0.000000   0.000000   0.000000   0.027387
       28.3153 0   0.001896   0.001896   0.321490    0.054004   0.000000  -0.641839   0.000000   0.000000   0.000000   0.000000   0.030011
       28.5075 0   0.000008   0.000008   0.372401    0.044185   0.000000  -0.627559   0.000000   0.000000   0.000000   0.000000   0.028255
       28.8849 0   0.000041   0.000041   0.323576    0.037090   0.000000  -0.600248   0.000000   0.000000  -0.000000   0.000000   0.028486
       29.2604 0   0.000255   0.000255   0.373032    0.055266   0.000000  -0.630190   0.000000   0.000000   0.000000   0.000000   0.030501
       29.8336 0   0.000065   0.000065   0.299433    0.053171   0.000000  -0.554342   0.000000   0.000000   0.000000   0.000000   0.026954
       29.8959 0   0.002993   0.002993   0.337157    0.044525   0.000000  -0.604606   0.001923   0.000000   0.000000   0.000000   0.029421
       30.6390 0   0.000003   0.000003   0.320000    0.057471   0.000000  -0.583965   0.000000   0.000000   0.000000   0.000000   0.027889
       31.0247 0   0.000094   0.000094   0.305200    0.045222   0.000034  -0.552807   0.000954   0.000000   0.000000   0.000000   0.031224
       31.2262 0   0.002381   0.002381   0.305772    0.039877   0.000000  -0.549750   0.000000   0.000000   0.000000   0.000000   0.025774
       32.0626 0   0.000396   0.000396   0.347870    0.058568   0.000016  -0.620630   0.000000   0.000000  -0.000038   0.000000   0.030168
       32.3159 0   0.000109   0.000109   0.342900    0.047052   0.000000  -0.612953   0.000000   0.000000  -0.000239   0.000000   0.030951
       32.9564 0   0.000626   0.000626   0.322440    0.037245   0.000000  -0.611616   0.000183   0.000000  -0.000000  -0.005330   0.031467
       33.3916 0   0.000655   0.000655   0.287296    0.040995   0.000373  -0.570299   0.000000   0.000000   0.000000  -0.000705   0.031679
       33.4033 0   0.002095   0.002095   0.303432    0.042712   0.000000  -0.602970   0.000000   0.000000   0.000000   0.000000   0.031155
       33.9409 0   0.000773   0.000773   0.294029    0.046438   0.000000  -0.606441   0.000000   0.000000   0.000000   0.000000   0.030628
       34.2928 0   0.001713   0.001713   0.304684    0.056361   0.000000  -0.619664   0.000529   0.000000  -0.000000   0.000000   0.029448
       35.1405 0   0.000855   0.000855   0.332797    0.045562   0.000000  -0.627323   0.000618   0.000000   0.000000   0.000000   0.030194
       35.2508 0   0.000643   0.000643   0.325776    0.048395   0.000000  -0.637505   0.000000   0.000000   0.000000   0.000000   0.029348
       35.5799 0   0.001832   0.001832   0.381537    0.059826   0.000000  -0.659646   0.000000   0.000000   0.000000   0.000000   0.030658
       36.4094 0   0.000612   0.000612   0.349795    0.055356   0.000000  -0.607768   0.000000   0.000000   0.000000   0.000000   0.028232
       36.8675 0   0.000852   0.000852   0.388652    0.036830   0.000000  -0.624266   0.000000   0.000000   0.000000   0.000000   0.036866
       36.9412 0   0.001000   0.001000   0.359283    0.048935   0.000000  -0.668718   0.000000   0.000000   0.000000   0.000000   0.024510
       37.4899 0   0.000139   0.000139   0.333151    0.046431   0.000171  -0.594207   0.000000   0.000000   0.000000   0.000000   0.030238
       38.0966 0   0.000321   0.000321   0.338614    0.049644   0.000000  -0.579786   0.000553   0.000000  -0.000347   0.000000   0.028496
       38.4656 0   0.000053   0.000053   0.333820    0.054925   0.000000  -0.594566   0.000000   0.000000   0.000000   0.000000   0.028618
       38.5494 0   0.002690   0.002690   0.317101    0.049377   0.000000  -0.552733   0.000000   0.000000   0.000000   0.000000   0.029213
       39.3740 0   0.000220   0.000220   0.329508    0.043687   0.002011  -0.556287   0.000000   0.000000   0.000000   0.000000   0.030642
       39.8750 0   0.000707   0.000707   0.300916    0.045955   0.000000  -0.505340   0.000019   0.000000   0.000000   0.000000   0.029175
       40.2338 0   0.000201   0.000201   0.355602    0.051776   0.000000  -0.547886   0.000000   0.000000   0.000000   0.000000   0.026055
       40.6562 0   0.000158   0.000158   0.355965    0.059577   0.000000  -0.532951   0.000420   0.000000   0.000000  -0.000000   0.028868
       41.3488 0   0.003235   0.003235   0.383435    0.062718   0.000000  -0.541484   0.000000   0.000000   0.000000   0.000000   0.026961
       41.2261 0   0.001393   0.001393   0.352253    0.069099   0.000000  -0.556293   0.000275   0.000000   0.000000   0.000000   0.032901
       41.4403 0   0.005518   0.005518   0.371023    0.054602   0.001124  -0.613339   0.000000   0.000000   0.000000   0.000000   0.030666
       42.4544 0   0.000605   0.000605   0.365000    0.076915   0.000970  -0.618979   0.000001   0.000000   0.000000   0.000000   0.027432
       42.7522 0   0.000003   0.000003   0.323473    0.030058   0.000000  -0.545098   0.000000   0.000000   0.000000   0.000000   0.031605
       43.1733 0   0.000000   0.000000   0.358910    0.046100   0.000000  -0.570028   0.000000   0.000000  -0.000442   0.000000   0.029418
       43.6890 0   0.000204   0.000204   0.333423    0.051239   0.000000  -0.571256   0.000000   0.000000  -0.000000   0.000000   0.027118
