t = 7000000
b = 105 105 105
E = -0.187172294190355 -0.531583026194751 0.344410732004396
-73.0174097482969 82.8504586312556 6.30661524659284 -0.276878186097223 -0.117262359818617 0.953723235028597 0.305767445620415 0.930183789282314 0.203136376248076 -0.400569703416593 0.418110890930663 0.444585359056392 -0.189858362610052 0.496457851789578 0.354257125049449
-73.0337845321215 83.158115853943 7.03251850219594 0.344802291583752 -0.680970119680131 0.646058105607783 0.502469328480729 0.715252495530731 0.485734949919469 0.272204219586711 -0.129360542886179 0.187008181511795 0.188833181234578 -0.200152823084374 -0.167786948965593
-72.9647412825031 83.3502663443375 7.49623316884926 0.815969163887928 -0.569940196561564 -0.0967599913568335 0.529269045413845 0.669189165671346 0.52159384401537 0.439868805659557 -0.481921020667594 0.207832934092288 0.0233294989707289 0.00555779609347173 -0.0302126517538171
-73.588775005662 82.7258364815307 7.56673423331665 -0.241372278376558 -0.816106312630729 0.525080860169095 -0.770412136018069 0.490161286143465 0.40768499388885 0.19864717303353 -0.36596780156286 -0.123894545624521 -0.435801024858992 -0.624963208808623 -0.299723818344134
-72.3810576977569 83.5477133635528 8.3726052149151 0.267186231410017 0.39421397854124 0.879321816440161 0.0296185864331155 -0.915424069818047 0.40139944162364 0.0185181807040192 0.149283608756847 -0.294018506939714 0.385934622259845 0.026565303789164 0.114722775581244
-72.1524403766989 83.1325709554795 8.65804713779401 -0.413774329082061 0.414303511577457 0.810643821222993 0.371488601806447 -0.736098469973338 0.565822641143405 0.15514746508533 -0.198801224920779 -0.010101410660921 0.376024886772629 0.33617558068357 -0.749102145029426
-71.9901636324832 82.9184540579575 9.13859674071613 -0.951211100203456 0.222726429203722 0.213519040330474 -0.0200586927317872 -0.73520469179318 0.677548308248983 0.230893200634784 -0.798795840272146 -0.705463434994483 -0.0355522437243128 0.396698649520231 -0.0463657135556675
-72.0954951271012 82.7755581501123 9.63161709060519 -0.773081212506693 -0.268434047753445 -0.574707404577336 -0.0558698573087467 -0.873701829806724 0.48324287023898 0.366894425069816 -0.0888308344283393 0.314197257882057 -0.960742457673591 -0.0790555900724982 -0.177594263539173
-72.4103895257812 82.5697974107025 9.84964421913899 0.100415746095101 -0.601357696780476 -0.792644686135628 -0.119044634204069 -0.798210114518657 0.590498931537659 0.0661009417376405 -0.126232160116293 0.563167087630145 0.190254047929678 -0.114404914924707 0.175769106162662
-72.4858781453744 82.4567770681995 10.6029256380761 -0.662443383563184 0.00196448342975823 -0.749109407481582 0.71586253541044 0.296277919890055 -0.63226594450507 0.120573718428991 0.134981104356498 -0.207630484711562 0.804178647329469 -0.518072000692752 -0.553968511026641
-72.0497950744509 83.3447641771521 11.7422758545216 0.254611223198999 -0.600341923873449 0.758131056916445 0.849753613795483 0.513119551067416 0.12094263993269 0.171794604881304 0.600848446028932 0.130277459269041 -0.094625809490251 0.0180720204007497 0.415557822187203
-71.7500442245991 84.266305503239 10.7639200035996 -0.51421252133412 0.380622189938888 -0.768578058123704 -0.857490409343874 -0.2461231343171 0.451811465810188 -0.410982854734906 -0.27114234292007 0.0982918763787694 0.266404593997066 0.344642457175629 -0.289908368344606
-70.9843627724418 83.5096799402717 11.0156232862225 -0.0688003630604413 0.738014905264021 0.671267837491765 0.647123682397163 -0.479086006809694 0.593049355247432 0.201723336055839 0.240943265988409 -0.118550935877882 -0.060827920694464 -0.253773644699866 0.00512356241734108
-70.5618672398589 83.3773674414377 11.2110934802607 -0.628811095783474 0.383731622027652 0.676274092417975 0.629500328854885 -0.259304978063863 0.732454957197175 0.07652443223253 0.949683378539044 0.277651215353759 -0.114977451105727 -0.255051275466377 0.521327226319045
-70.2912352692294 83.4740817184494 11.673590233599 -0.939023577956665 -0.244123136774781 0.242154112359584 0.278036589339114 -0.124714292191112 0.952440024522025 -0.121332220898816 -0.559773886385909 0.270990455841672 -0.111594765422538 -0.608532433527017 0.12121255316203
-69.5401939463937 82.8593706675875 12.3008607638745 -0.363826941434594 -0.734692623545445 -0.572587727421622 0.810167433021376 0.0537317806128104 -0.583730782316053 -0.355364588233472 -0.198776176878609 0.23795523799709 -0.10661648843209 -0.407790323622162 -0.0466567004784846
-69.2316638268279 82.5368763207643 12.0743615099454 -0.533367732800298 0.262106805475153 -0.80425051080534 0.845551911118931 0.138586819990517 -0.515592531877402 0.193429226072655 -0.801246320240057 -0.169215030620472 0.244359346109336 -0.212116218666578 -0.496630803898555
-69.0524823579987 82.3478112013044 11.5778949406658 -0.232984028377376 0.947234473907284 -0.220148345355496 0.895955506706394 0.12105528364672 -0.427328150610355 -0.0037823504463812 -0.363330570033892 0.31044134155788 -0.174879529106889 -0.190497799700129 0.167766495229659
-68.2017965771451 82.6380757421231 12.2988665692734 0.446684146353263 0.730797727403464 0.516147222232803 0.795564811555734 -0.060497937998804 -0.602840468210371 0.36051452759212 0.372719031942434 -0.494595131597405 0.0442193240520665 0.0380272482370378 0.130541627173601
-67.9585374270556 82.9036991654976 11.9764698686693 0.770108737604926 -0.120120627611827 0.626501051146108 0.637334864868134 0.103091918075293 -0.763659823776677 0.462778134213708 -0.42625837254298 0.592968034028951 0.123576090731678 -0.222588528079837 0.15529419196965
-68.1367122329653 83.0073447721373 11.7397037621182 -0.951458063924411 0.226617575428928 0.208259518629443 -0.307762147274989 -0.69356563903254 -0.651344121841848 0.362944864291039 -0.288420284399448 -0.325246205539709 0.493387914179179 0.14712344351165 -0.164005498544578
-67.7282398215594 83.4801499652175 12.4671129926108 -0.417979224293868 -0.548717575691662 0.724018225037133 0.467851656489325 -0.813179928151506 -0.346198255298965 -0.344233518818335 -0.28997966722756 -0.116407761090061 -0.384983567299151 -0.037606331629822 -0.43013245734819
-67.3809475748993 83.1479149714483 12.6860712639518 -0.600881804800374 -0.770896124457467 0.211329652334764 0.790167572582257 -0.612785328539322 0.0113731423200251 0.199009535082808 0.0571128118736622 0.114673529898008 0.00851402183810395 0.350691203707999 -0.651253593684737
-67.0269059311845 82.7335338305745 13.2957350853634 -0.210840809004673 -0.0339406638048308 0.976931002987963 -0.939445220877246 -0.269175156235076 -0.212102362637638 -0.664439732019427 -0.118818843661103 0.0159590456295566 0.45354147773408 -0.84872650595782 -0.51617929390722
-66.7288415804064 82.8795990401707 13.340453709155 0.74163798196392 0.594467169056371 0.310776267791306 0.220385752437909 0.221642316464993 -0.949897259536376 0.101247738592445 -0.30542359378577 -0.00893274566192797 -0.0928986023836874 0.462609209512146 -0.559071263034916
-66.2749012255 82.0132327031616 13.4761982827035 0.936169418935668 0.255260899323988 0.241720277026152 0.122620626777664 0.407304214130434 -0.90502345772927 -0.269499091420011 -0.327377950364089 -0.371298323174762 0.198274213777937 -0.331516164266564 0.15033804435532
-92.5879699813837 37.4962155173596 5.56467442271674 -0.391681479718812 -0.0701339474809085 0.917424028383817 -0.588267564782728 0.785766092680076 -0.19108354146465 0.518302780846762 -0.45009084260326 -0.0401318189482661 -0.12250630033748 0.179306441462478 0.0265977919142825
-91.7918555158559 37.4860984142809 4.88160681559874 -0.858365831707381 0.416632837770085 -0.299374643964402 0.469981817162419 0.404569185046533 -0.784500392637142 -0.135493510662005 0.213066288189998 -0.154437945528755 -0.243516765805151 0.443729047543688 0.324791370043679
-90.8816783147337 36.8090162844077 4.94493012765011 0.452732139787669 0.116620463668925 -0.883987147563119 0.829573537850682 -0.418529464295342 0.36964960816191 0.15941822406681 -0.330027836283133 -0.0687632517071231 -0.245366077478983 0.617641120998913 0.389819758921462
-90.8095865775093 37.2004819245654 5.78410482034234 -0.86558621771174 0.295393464704644 0.404355290205508 0.497394230876853 0.600632206037438 0.625971191159147 -0.124381148915862 -0.370277039406874 -0.41473199164544 -0.24114148187625 -0.211239687964119 0.79946197734237
-90.5480175864175 37.6449977874606 5.84934463028983 -0.643659436792721 -0.32645968525317 0.692189716286037 0.541998042558838 0.444101347938562 0.7134508494786 0.0796277297104392 -0.293951110459064 -0.166682400434982 0.565458238421935 -0.429081472036828 -0.13270951721596
-90.489733436276 38.0080510487332 6.22859186163069 -0.179158827173914 -0.862725720736387 0.472870431963962 0.471692179679955 0.346476470446117 0.810839406452142 -0.483019851378349 -0.255108063952635 0.0717296970809603 0.114051965982331 0.073345262747921 -0.36081664563293
-91.1316413198379 38.1485821914101 5.72615642780666 -0.656091598173433 -0.671852732275221 0.343740775789978 -0.723946291858319 0.688958158614679 -0.0351912230960768 -0.114394727703327 0.511255430843761 0.182574611966189 -0.103955915398263 0.118581164814682 0.764564079807223
-89.8778453145369 38.5563647062871 6.4374413835432 0.986788064253249 -0.127765128701098 -0.0996262421989851 0.159766391138389 0.665243436174408 0.729332483089309 -0.194525790903154 0.694457620365517 0.358556434983846 0.591669588968308 0.0253824969256367 0.251551300314882
-89.6971592737636 38.7717234268723 6.8826547403457 0.798552243737519 0.126931540722852 -0.588389920028847 0.420105578112529 0.582526366975957 0.695826368439879 0.0286309299811081 0.0414158627975146 0.393291565751601 -0.174773750695234 -0.474376330343305 -0.475669871450733
-89.4394830653852 38.9548981566513 7.34069787792088 0.362761618965368 0.457522937434881 -0.81183543253945 0.44909148514949 0.677508716163261 0.582493585792443 0.2192823229461 0.0611523566872461 0.110380630692925 0.0421682239872503 0.189172267340495 -0.104572208705774
-88.9164381095733 39.1137348292691 7.5035566464088 -0.279574081089297 0.697871054766024 -0.659404522355334 0.470929102852847 0.698174560905636 0.539238409787981 0.425272835826326 -0.666138220390761 0.754371237629662 0.120493827848786 0.111639664038686 -0.113214154732518
-88.5525515422936 39.3999842645833 7.55119460048883 -0.822762135957905 0.563758924914664 -0.0723763926515404 0.39848401315672 0.662928171612811 0.633827050969394 -0.0556977812936145 -0.120435916356981 0.541106568533101 0.314417170856738 -0.000946860504766425 -0.584153506463542
-88.3789652384741 39.826203463076 7.58786842958248 -0.80279702188949 0.00838942027641364 0.596193390832735 0.539857046489455 0.434708582904229 0.720820932898915 0.341264755610455 -0.106252366158978 -0.0732550782615564 -0.188692788747348 0.616987537056058 -0.350563298174891
-88.3990088506825 40.2912690193362 7.70078653011208 -0.094806770220371 -0.492038597551696 0.865395686862062 0.548959969244315 0.699349488274853 0.457769860756201 -0.435924197942451 0.20799172552573 0.140373582275883 -0.0307354394812791 -0.0749580068832118 -0.256858412248031
-88.2476279167623 40.759687230542 8.03834791405792 0.160603070058077 -0.872803194753362 0.460891784604828 0.526176117181277 0.470777448494982 0.708171792502961 0.0269608903604221 0.296229930849579 -0.576450471235275 0.231548154943127 -0.704730774151073 -0.138137693281916
-88.1988271078886 40.9595532080144 8.49889999959559 0.509074788749366 -0.837958822951208 0.19664147705474 0.363280639593053 0.416295020119021 0.833502029464507 -0.21374619964184 -0.130357215424749 0.467151066303332 0.11311569550919 0.0539307213809602 0.0447616642354159
-88.0760108935874 40.9037322660482 9.04198518240415 0.768487379057075 -0.539920524408611 -0.343384588402338 0.526343418090086 0.228244891263159 0.819064634717619 0.296896509038967 -0.234511908847276 0.214161458703244 0.355014620823491 -0.237877759046847 0.259746799409804
-87.8700988181339 40.7010645288098 9.45494389474744 0.813427460707915 0.203571511137718 -0.544880175836048 0.488927620674903 0.268158963924262 0.830084665445939 -0.0702745959851262 0.0206641247551527 0.112550659628791 0.358474064309588 -0.181369758697707 0.0968309907338328
-87.4719708971464 40.6860444000206 9.73216126529035 0.264516456429557 0.78972222729714 -0.55350686354476 0.483672656565438 0.387907396502926 0.784594553275413 0.55880385964189 -0.419752424038412 -0.442615784694258 -0.407637893590554 0.147694484044027 -0.100065337846155
-88.0329866759046 41.1359275375359 10.3385967330775 0.297895872221699 0.780444971674358 -0.549694183616397 -0.1182795943608 0.601577750156732 0.790008954426533 0.0129477437367963 -0.27768194692483 0.208040934525647 -0.336888998793738 -0.643307276824074 -0.0487854827964111
-87.5857455026753 41.4321596361948 11.0028833862977 0.884786243915604 -0.360285828980539 -0.295545976140974 0.329784211056972 0.932204792084466 -0.149119414404515 0.265476104349525 -0.173170798858668 -0.388020304308921 0.13407410845456 -0.170826787493484 -0.019020323207794
-87.2965824901065 41.8148739231903 11.1486399210811 0.548229827879697 -0.401139882745488 -0.733846612238654 0.55150839368409 0.833042119474517 -0.0433511115999258 0.414126022065173 -0.351618717839873 0.167585763086641 -0.00985283544090376 0.0760504679488806 0.729335036699851
-86.8225978562675 42.1331184859723 10.9622787320883 -0.154779796792757 -0.371477240753398 -0.915449547548638 0.696911886315009 0.61572851829574 -0.367684939139987 0.393291845912819 0.460044108338944 -0.068187532700033 0.471609356890125 -0.0820709925141086 -0.398944956972754
-86.4825575754518 42.1612057884798 10.662020962207 -0.558954530037306 0.649608662300662 -0.515343011221325 0.784251535553709 0.615998447115408 -0.0741312493714808 0.0963062000491278 -0.0880669805124947 -0.264143039338562 0.206474590119674 0.0660875419034584 0.315155004517292
-85.3898029188314 42.5769147100864 11.0597705023071 0.280432685719375 -0.170664306663097 -0.944579908324999 -0.836980712045719 0.438282843790608 -0.327675810065678 0.773827349677917 0.341726938244707 0.0125928838589223 -0.329593200154765 0.138390276110094 0.0292772483314771
-85.2742934523445 42.0119991187549 11.9745609471111 0.653587892557208 0.194423195242005 0.731452314135489 0.591841212252567 0.47109651658149 -0.654058140797834 0.0142693342013943 -0.237429187815256 0.580751503943265 0.536142025867636 0.219598746251561 0.139749915227274
