        0.1434 26   0.002227   0.002227   0.346228    0.011449   0.000000  -1.051915   0.000000  -0.455232  -0.172689   0.000000   0.061308
        0.2257 26   0.012396   0.012396   0.274441    0.044128   0.000000  -1.148232   0.000000  -0.340604  -0.122794   0.000000   0.058583
        0.2274 25   0.035777   0.035777   0.274472    0.043086   0.000000  -1.147569   0.000000  -0.337726  -0.110826   0.000000   0.060421
        0.2850 25   0.066290   0.066290   0.255723    0.051834   0.000177  -1.097195   0.000000  -0.309074  -0.108468   0.000000   0.055206
        0.2160 25   0.120621   0.120621   0.280800    0.047785   0.000000  -1.112015   0.000000  -0.315372  -0.112326   0.000000   0.056471
        0.3131 26   0.167212   0.167212   0.318054    0.044295   0.000000  -1.104735   0.000000  -0.307456  -0.106689   0.000000   0.057927
        0.3937 25   0.224039   0.224039   0.303721    0.056201   0.000000  -1.105206   0.000000  -0.324107  -0.111392   0.000000   0.057751
        0.3450 25   0.313283   0.313283   0.313897    0.046129   0.000000  -1.058597   0.000000  -0.317640  -0.104933   0.000000   0.056144
        0.4045 25   0.394033   0.394033   0.315814    0.052867   0.000000  -1.033711   0.000000  -0.321479  -0.092438   0.000000   0.055405
        0.4950 24   0.476723   0.476723   0.323906    0.062259   0.000000  -1.040303   0.000000  -0.287710  -0.099932   0.000000   0.055766
        0.4189 25   0.610712   0.610712   0.342511    0.057938   0.001182  -1.059154   0.000000  -0.296421  -0.096646   0.000000   0.057008
        0.4974 25   0.716147   0.716147   0.324676    0.072207   0.000000  -1.020465   0.000000  -0.271669  -0.091775   0.000000   0.056407
        3.7655 13   0.136389   0.136389   0.534050    0.067869   0.000000  -0.714864   0.000000  -0.146619  -0.054410   0.000000   0.049259
        5.8308 9   0.009340   0.009340   0.375949    0.056443   0.000031  -0.519194   0.000000  -0.118939  -0.043192   0.000000   0.043449
        6.4551 10   0.004723   0.004723   0.339826    0.073459   0.000000  -0.506428   0.000000  -0.121932  -0.042579   0.000000   0.039260
        6.5580 10   0.016733   0.016733   0.336880    0.037877   0.000000  -0.539939   0.001381  -0.104780  -0.048102   0.000000   0.038882
        7.4043 10   0.004060   0.004060   0.332102    0.052105   0.000052  -0.519048   0.000000  -0.119275  -0.037472   0.000000   0.036613
        7.6056 9   0.011586   0.011586   0.318303    0.042492   0.000000  -0.488422   0.000000  -0.103627  -0.039155   0.000000   0.034842
        8.2216 8   0.006581   0.006581   0.366670    0.062777   0.000000  -0.505614   0.000000  -0.110645  -0.041044   0.000000   0.033459
        8.7489 8   0.004856   0.004856   0.396406    0.060253   0.000036  -0.530125   0.000000  -0.111703  -0.038935   0.000000   0.031190
        9.0223 6   0.010270   0.010270   0.320883    0.056339   0.000000  -0.525676   0.000000  -0.080829  -0.032143   0.000000   0.032768
        8.9871 9   0.034385   0.034385   0.344508    0.072910   0.000021  -0.580507   0.000000  -0.100096  -0.026860   0.000000   0.031443
        9.7415 7   0.018338   0.018338   0.322955    0.071516   0.000000  -0.552984   0.000000  -0.078090  -0.033651   0.000000   0.029909
       10.6591 7   0.003327   0.003327   0.344334    0.037395   0.000000  -0.538016   0.000000  -0.075098  -0.025989   0.000000   0.026843
       10.6871 7   0.017169   0.017169   0.398560    0.052645   0.000000  -0.642380   0.000000  -0.070888  -0.025950   0.000000   0.028052
       11.0039 7   0.024131   0.024131   0.392398    0.054518   0.000000  -0.637220   0.000000  -0.079652  -0.024360   0.000000   0.026503
       12.1392 3   0.001649   0.001649   0.348353    0.032637   0.000000  -0.567209   0.000000  -0.037943  -0.020368   0.000000   0.025791
       12.3258 4   0.007576   0.007576   0.303321    0.075461   0.000000  -0.624057   0.000000  -0.049205  -0.014265   0.000000   0.028906
       12.9876 3   0.002782   0.002782   0.351838    0.056209   0.000000  -0.650501   0.000000  -0.034786  -0.013647   0.000000   0.023362
       13.3534 3   0.004723   0.004723   0.358174    0.060811   0.000000  -0.700512   0.000000  -0.039566  -0.016455   0.000000   0.024142
       14.1024 2   0.000385   0.000385   0.328983    0.048416   0.000000  -0.661591   0.000000  -0.023732  -0.006497   0.000000   0.023372
       14.4624 1   0.001339   0.001339   0.302569    0.039586   0.000000  -0.668124   0.000000  -0.015415  -0.005813   0.000000   0.025556
       14.8080 2   0.003135   0.003135   0.324855    0.048531   0.000000  -0.646722   0.000000  -0.020749  -0.006994   0.000000   0.022010
       15.6755 0   0.000175   0.000175   0.347599    0.049437   0.000000  -0.667776   0.000000   0.000000   0.000000   0.000000   0.022084
       16.3085 0   0.001817   0.001817   0.343107    0.046185   0.000000  -0.695087   0.000000   0.000000   0.000000   0.000000   0.029019
       16.3625 0   0.000691   0.000691   0.335569    0.062871   0.000000  -0.685446   0.000000   0.000000   0.000000   0.000000   0.030611
       16.8551 0   0.000430   0.000430   0.370425    0.045900   0.000000  -0.685570   0.000000   0.000000   0.000000   0.000000   0.028692
       17.8622 0   0.005212   0.005212   0.405385    0.057065   0.000000  -0.685215   0.000000   0.000000   0.000000   0.000000   0.031124
       17.9617 0   0.000121   0.000121   0.349199    0.054216   0.000000  -0.593365   0.000000   0.000000   0.000000   0.000000   0.025334
       18.0694 0   0.002385   0.002385   0.383910    0.050423   0.000000  -0.633984   0.000000  -0.013538  -0.002964   0.000000   0.029188
       18.6109 0   0.001223   0.001223   0.352076    0.048432   0.000000  -0.631388   0.000000   0.000000   0.000000   0.000000   0.029456
       19.0790 0   0.001127   0.001127   0.330257    0.047664   0.000000  -0.642013   0.000000   0.000000  -0.000007   0.000000   0.029191
       19.8840 0   0.000627   0.000627   0.298528    0.044276   0.000000  -0.624770   0.000000   0.000000   0.000000   0.000000   0.033317
       19.8373 0   0.003721   0.003721   0.307754    0.043706   0.000000  -0.654138   0.000000   0.000000   0.000000   0.000000   0.026765
       20.7111 0   0.000087   0.000087   0.378955    0.059714   0.000000  -0.688197   0.000000   0.000000   0.000000   0.000000   0.035959
       21.1069 0   0.000003   0.000003   0.420698    0.052959   0.000468  -0.677277   0.000000   0.000000  -0.000162   0.000000   0.029928
       21.3839 0   0.001066   0.001066   0.343263    0.046592   0.000000  -0.670277   0.000000   0.000000   0.000000   0.000000   0.028246
       22.2234 0   0.001013   0.001013   0.402087    0.041932   0.000000  -0.687304   0.000000   0.000000  -0.000000   0.000000   0.033239
       22.3145 0   0.000949   0.000949   0.339133    0.052447   0.000000  -0.661811   0.000000   0.000000   0.000000   0.000000   0.031478
       22.8449 0   0.000354   0.000354   0.305197    0.043429   0.000000  -0.602478   0.000000   0.000000  -0.000062   0.000000   0.032739
       23.7171 0   0.002622   0.002622   0.334259    0.047345   0.000000  -0.577240   0.000000   0.000000   0.000000   0.000000   0.026213
       23.6351 0   0.001668   0.001668   0.373910    0.061519   0.000000  -0.626908   0.000000   0.000000   0.000000   0.000000   0.024725
       24.6136 0   0.002232   0.002232   0.365350    0.038145   0.000000  -0.626506   0.000000   0.000000   0.000000   0.000000   0.028634
       24.6650 0   0.000490   0.000490   0.351174    0.075030   0.000000  -0.636446   0.000000   0.000000   0.000000   0.000000   0.030169
       25.1840 0   0.000146   0.000146   0.331050    0.058468   0.000000  -0.618383   0.000000   0.000000   0.000000   0.000000   0.029424
       25.5461 0   0.000824   0.000824   0.348105    0.048351   0.000000  -0.630400   0.000000   0.000000  -0.000005   0.000000   0.028323
       26.1977 0   0.000015   0.000015   0.311911    0.043954   0.000001  -0.644103   0.000000   0.000000  -0.000165   0.000000   0.027365
       26.8814 0   0.001753   0.001753   0.350388    0.040965   0.000000  -0.642762   0.000000   0.000000   0.000000   0.000000   0.032775
       27.3160 0   0.001413   0.001413   0.335734    0.065324   0.000000  -0.639262   0.000000   0.000000   0.000000  -0.012997   0.028873
       27.4479 0   0.000329   0.000329   0.313426    0.041710   0.000000  -0.635678   0.000000   0.000000   0.000000   0.000000   0.029210
       28.1814 0   0.000803   0.000803   0.350912    0.050366   0.000000  -0.644275   0.000000   0.000000   0.000000   0.000000   0.029902
       28.5448 0   0.000143   0.000143   0.311231    0.029847   0.000000  -0.614919   0.000000   0.000000   0.000000   0.000000   0.028776
       28.4909 0   0.005671   0.005671   0.359836    0.029874   0.000000  -0.615908   0.000000   0.000000  -0.000000   0.000000   0.028874
       29.6943 0   0.002599   0.002599   0.337787    0.036034   0.000000  -0.583168   0.000000   0.000000   0.000000  -0.000219   0.026126
       29.7513 0   0.000305   0.000305   0.360077    0.036132   0.000000  -0.565666   0.000000   0.000000   0.000000   0.000000   0.027272
       30.4201 0   0.000325   0.000325   0.331230    0.037979   0.000000  -0.556883   0.000586   0.000000   0.000000   0.000000   0.033661
       30.6036 0   0.000836   0.000836   0.321501    0.050221   0.000000  -0.541539   0.000000   0.000000   0.000000   0.000000   0.026888
       31.3188 0   0.000209   0.000209   0.338239    0.054229   0.000000  -0.537592   0.000000   0.000000   0.000000   0.000000   0.026092
       31.6032 0   0.000236   0.000236   0.356611    0.052618   0.000000  -0.545863   0.001007   0.000000   0.000000   0.000000   0.033968
       32.3616 0   0.001250   0.001250   0.346294    0.063560   0.000048  -0.580257   0.000000   0.000000  -0.001662   0.000000   0.032577
       32.4375 0   0.000893   0.000893   0.328614    0.048447   0.000000  -0.543235   0.000000   0.000000   0.000000   0.000000   0.030408
       33.0455 0   0.000022   0.000022   0.339746    0.046963   0.000000  -0.566659   0.000000   0.000000   0.000000   0.000000   0.027841
       33.7020 0   0.000822   0.000822   0.327463    0.049869   0.000000  -0.559794   0.000000   0.000000   0.000000   0.000000   0.033048
       34.0582 0   0.000122   0.000122   0.344174    0.065598   0.000000  -0.588445   0.000000   0.000000   0.000000   0.000000   0.030723
       34.3903 0   0.000113   0.000113   0.302936    0.057347   0.000000  -0.534932   0.000000   0.000000   0.000000  -0.008764   0.035167
       34.9644 0   0.000077   0.000077   0.307857    0.044552   0.000000  -0.480879   0.000000   0.000000   0.000000   0.000000   0.031234
       35.4065 0   0.000033   0.000033   0.301216    0.053125   0.000000  -0.537879   0.000000   0.000000  -0.000008   0.000000   0.037186
       35.8628 0   0.000026   0.000026   0.295352    0.066067   0.000002  -0.531826   0.000000   0.000000   0.000000   0.000000   0.027431
       36.1285 0   0.000776   0.000776   0.324557    0.054695   0.000000  -0.527913   0.000000   0.000000  -0.000000   0.000000   0.028750
       36.7692 0   0.000008   0.000008   0.334312    0.034736   0.000000  -0.557596   0.000382   0.000000   0.000000   0.000000   0.034626
       37.5489 0   0.003269   0.003269   0.337295    0.047326   0.000000  -0.544677   0.000000   0.000000   0.000000   0.000000   0.030311
       37.6994 0   0.000021   0.000021   0.347876    0.057364   0.000000  -0.573642   0.000000   0.000000   0.000000   0.000000   0.028459
       37.9051 0   0.001485   0.001485   0.327162    0.054116   0.000000  -0.554681   0.000000   0.000000   0.000000   0.000000   0.032786
       38.2663 0   0.003059   0.003059   0.342572    0.074205   0.000000  -0.586566   0.000000   0.000000  -0.000000   0.000000   0.027935
       39.3379 0   0.002361   0.002361   0.313066    0.036509   0.000000  -0.544017   0.000000   0.000000   0.000000   0.000000   0.034544
       39.6431 0   0.000498   0.000498   0.322321    0.046005   0.000000  -0.523580   0.000000   0.000000   0.000000   0.000000   0.030987
       40.1277 0   0.000703   0.000703   0.276789    0.042086   0.000000  -0.498252   0.000471   0.000000   0.000000   0.000000   0.033324
       40.4699 0   0.000043   0.000043   0.338687    0.057399   0.000000  -0.563707   0.000000   0.000000   0.000000   0.000000   0.035602
       40.6396 0   0.001828   0.001828   0.320752    0.062447   0.000000  -0.519703   0.000000   0.000000   0.000000   0.000000   0.029436
       41.3867 0   0.000036   0.000036   0.321637    0.063040   0.000000  -0.556029   0.000000   0.000000   0.000000   0.000000   0.030294
       41.6725 0   0.000554   0.000554   0.378789    0.045077   0.000000  -0.584709   0.000000   0.000000   0.000000   0.000000   0.032120
       42.0364 0   0.001588   0.001588   0.347104    0.049476   0.000000  -0.592302   0.000000   0.000000   0.000000   0.000000   0.027205
       42.8343 0   0.000309   0.000309   0.360452    0.054804   0.000000  -0.595632   0.000000   0.000000   0.000000   0.000000   0.029839
       43.1991 0   0.000002   0.000002   0.431041    0.046165   0.000000  -0.656186   0.000000   0.000000   0.000000   0.000000   0.029406
       43.6263 0   0.000017   0.000017   0.321339    0.066295   0.000000  -0.569161   0.000000   0.000000   0.000000   0.000000   0.031086
       43.7358 0   0.004052   0.004052   0.313838    0.047734   0.000000  -0.572660   0.000000   0.000000   0.000000   0.000000   0.025137
       44.7474 0   0.000903   0.000903   0.326963    0.038783   0.001773  -0.587259   0.001030   0.000000   0.000000   0.000000   0.035757
       45.0694 0   0.000044   0.000044   0.353408    0.058262   0.003163  -0.640844   0.000000   0.000000   0.000000   0.000000   0.026039
       45.2962 0   0.001086   0.001086   0.331180    0.049468   0.000000  -0.626065   0.000000   0.000000   0.000000   0.000000   0.026870
       45.7171 0   0.001566   0.001566   0.366565    0.057270   0.000000  -0.612989   0.000000   0.000000   0.000000   0.000000   0.027093
       46.4527 0   0.000053   0.000053   0.349889    0.045881   0.000000  -0.569191   0.000000   0.000000   0.000000   0.000000   0.030518
