t = 7000000
b = 105 105 105
E = -0.0808969403709785 -0.480462648272165 0.399565707901186
14.3470962898232 26.9655296459885 -34.6206943139519 -0.723842058908589 -0.675722554047251 -0.139469364761817 0.608475568978144 -0.529874406567307 -0.590754259588129 -0.0502547642090896 0.59758470298236 -0.323888182007773 -0.0569710435599164 -0.752812073426807 0.275791066776315
15.049201535916 27.7681013783138 -33.9196560832125 0.222184929441506 -0.654105806107981 0.72303488957634 0.540545396141641 -0.534532766662617 -0.649680995623159 0.0224856495497843 -0.287117117222555 -0.00251645474415584 -0.00179781392617166 0.529882070904792 -0.248836480034827
15.5502222109819 27.7135980312938 -33.9743486024643 -0.292043552565488 -0.939379287352229 0.179658336568244 0.647673805829562 -0.332468795621838 -0.685553164371327 -0.187907086155477 -0.550600452138337 0.344997532579464 0.012735640982331 0.294852728049536 -0.0904876686184919
15.9010408950693 27.3594415841005 -34.1561947647687 -0.835706377946747 -0.406015189816128 -0.369792530343151 0.471140396760742 -0.184077923917257 -0.862636681614269 -0.213494408180394 -1.2260943568293 0.211137664787452 -0.247118807008953 -0.324467981165157 0.0296228824421334
15.9871004258926 27.5049227045862 -34.4980877602322 -0.874028252211131 0.361178859808504 -0.324999147020538 -0.433147271833689 -0.276156241452752 0.857975041134443 0.397970597195992 0.369697441339568 -0.730675600997691 -0.39290610482453 -0.177151212772683 0.270410306917695
16.5716829141658 26.2542957539048 -34.1332518840452 -0.229257102663195 0.357903260096828 0.905177572242132 -0.973327139470436 -0.0925929782805138 -0.209906693422561 0.84708369629664 0.0856658612525984 -0.331112254938588 -0.101561258230047 -0.0791421207848176 -0.0875323856219583
16.1223281236925 26.109719726486 -34.1721870497537 -0.025296686671942 0.841303631926428 0.539970625636835 -0.999175677314155 -0.0041233837629444 -0.0403851899871066 -0.474003995182771 -0.284448276839395 -0.324475123054953 -0.194311215052495 -0.109985991728213 -0.093256481471671
15.6664915731361 26.1555035509017 -33.8742076083863 -0.0138861348941376 0.98072459956411 -0.194901090473494 -0.998614433838235 -0.0234969505195178 -0.0470861534488874 -0.475373128883676 -0.315606459883088 -0.104224441237118 -0.266586683583687 -0.289996495349244 -0.0627366256986554
14.8316037231032 26.2149710969672 -33.2805617649119 -0.963817865081608 0.20754460668247 -0.167273306857392 -0.217373352012484 -0.975160250538598 0.0425595066276627 0.0283900094937224 0.338155335415878 0.496107129476849 -0.219978601986662 0.0105550951219521 0.0447458107089858
15.4974431448832 25.2290235935404 -33.6742971866708 0.115897453351059 -0.729878547845375 -0.673680254795585 -0.137003363312901 -0.683514905307416 0.716964052560004 0.519922367403198 -0.0958859172160827 0.0753782838653423 -0.398434726070979 -0.037124929884685 -0.228780955496433
15.0754752036966 24.9203147807197 -33.5418835692693 0.826227687892076 -0.553481382335417 -0.104910281520418 -0.231220151846158 -0.503011186276233 0.832776673461303 -0.372049911454265 -0.570835852247486 0.197943892026529 0.118439377347151 0.57083706806975 0.0852933130341273
15.0263738621469 24.3947687520856 -33.3765639208921 0.947847645903271 0.204317759203283 0.244620304613358 -0.142789836511836 -0.413952689115523 0.89902960672217 -0.49144745791524 -0.173665559624496 0.17361490027992 -0.104256635489482 -0.316738300960528 -0.365634022102276
13.55878840458 24.7014356004235 -33.839027075733 -0.531388595395874 0.823407959130076 -0.199061532004738 0.135001690571858 -0.149667874835148 -0.979476426865373 -0.3665796381975 0.177296218209433 0.0941775952916518 -0.0213913388469633 -0.216025446414741 0.221581485053777
13.4844830116602 24.5267818573206 -34.3575655435542 -0.329685759883279 0.943716520616434 0.0265787216683572 -0.147725191226519 -0.0237607022300557 -0.988742988296983 -0.409888685189374 -0.122341407762355 0.41976686201957 -0.425178185992257 0.494410400702397 0.0348577716414295
13.0914589129956 24.6167965578868 -34.6792013424677 0.600734689426567 0.793600635619701 -0.0965187239005384 -0.11539948739273 -0.0333861302097453 -0.992757938582815 0.0338826275198974 -0.0125740812478974 0.439740257301034 -0.0942947135531289 0.00640079520062833 -0.709736463203544
13.1486932674628 24.7896426047385 -35.2129573661704 0.889554331665439 0.327824469788388 0.318157520771345 0.336743156727251 7.53038087618473e-05 -0.941596538187695 -0.384545876677559 0.320157195578474 -0.118909951995287 -0.213720997594619 0.244746555381651 0.439065502543568
13.2412788129569 25.0032559655739 -36.3169495019798 0.410194934003904 -0.249246827312727 -0.877277684198158 -0.911997364260577 -0.113118939920932 -0.394290391732569 -0.35828921212173 0.414045364380782 -0.520050138187082 0.451276032698054 0.154502117125032 0.204161138631595
13.049206875754 25.1499203360258 -36.7352750280365 0.122990854814419 -0.931555785746361 -0.342165263687781 -0.91264235348325 0.0292603745078076 -0.407710393676253 0.716056830257746 0.0675357107870531 0.157518076474411 -0.634133992229571 0.592680941819977 0.200468073979905
12.8022458100231 25.0787826187082 -37.189279190456 -0.341896581988517 -0.802032182006986 0.489745960932421 -0.845944157067586 0.0357145592879252 -0.532074199128605 -0.330805858702039 0.180545099568514 0.273926281552705 -0.213559468570894 -0.0479167363854096 0.29514611926716
11.7821383420892 25.7164614322291 -37.8241599201863 -0.994621473897572 -0.00623311823791177 0.103388935090538 -0.0157594314765526 0.995672865001557 -0.0915815823138111 -0.356672878550026 -0.394864656907262 0.0510066162658237 0.0755598513587365 -0.153560835593822 0.082951551834684
11.7336764477182 26.1646838550608 -37.9835360066046 -0.552061298883569 -0.171287721746991 0.816020121476162 0.0466282542458206 0.970798312186618 0.235321998465573 0.25556887972156 0.0435522591742445 0.325819502741777 -0.22601972433193 0.505170451001645 -0.286376549552802
11.2902792599962 25.8725538623327 -38.5727571311456 -0.874614671461434 -0.129986077976375 -0.467068299070475 -0.0565974234861263 -0.929425624330282 0.364643305838464 -0.551647672120693 -0.0332471198537551 0.373196375299645 0.394102362728753 -0.256805183925341 0.0615531606266353
11.3927797174419 24.9247788927274 -38.7065779151354 -0.291683993385732 -0.954513005808469 0.0618495735229181 0.462916930700887 -0.197453060949058 -0.864129737940106 0.214531877715322 0.211731929306422 0.253837690068039 0.0972337760851142 0.222340301607106 -0.0677265016876121
10.4057612973628 25.2788154217568 -39.1120968284714 0.173584232506587 -0.368475411040901 0.913287679585813 0.0420671327400726 0.929293836697697 0.366937762323173 -0.651019573055938 -0.590012882950683 -0.0387304144487189 -0.0833019794185327 0.513345641232773 0.43569343076387
10.8303927479509 24.7150617071681 -39.7175892468602 0.284291329393127 -0.916651934215988 0.280940690413548 0.686791824008722 0.399172647205192 0.607435748205215 0.244628891639222 -0.764702974224599 0.234072434440869 0.481542739511016 0.678813814832323 0.935401216480153
11.7111547089947 25.3039938356054 -40.2903795832985 0.374193248545581 0.635060165206945 0.675779549343284 0.924902849257954 -0.202662095386065 -0.321687417423094 -0.276423030331947 0.184205817620828 0.304842492226551 -0.0202988235288125 -0.461246234482321 0.570712968760002
-21.3022278696346 7.00885052496356 -50.6556965335537 -0.579009404303606 0.720956211230228 0.380749591223572 -0.156462098635001 0.360060851485568 -0.91971506180895 -0.33463467025306 0.596175898781962 0.670848060261801 0.508088327126931 0.133588423252155 0.372386142979612
-20.4228955261286 6.44240509771164 -50.7254342836733 0.542185366977497 0.30690425199692 0.78220509327286 -0.708335831835344 0.667694367269677 0.229007819199701 -0.19469693435849 0.213428778367149 -0.206950426546706 -0.458958897511399 -0.446772339888125 -0.54139979296099
-19.8966156672586 6.847363637039 -51.3194813600794 0.0160039896839945 0.891295394309303 0.453140587893946 0.909362397961452 0.175442665327179 -0.377200080006169 -0.00666324856487371 0.546492821925752 0.187963900674417 -0.284695053198701 0.187573250523803 -0.308630978471846
-19.2153422371847 6.4370245398812 -51.7579861908228 -0.693687509331182 0.696851925160393 0.182195043286189 0.716083064305759 0.639966916578204 0.278688698550762 -0.0949616354059199 -0.274689753986317 -0.00451482759116714 0.696429042045877 0.059328802117166 0.102166587402874
-18.6380171150814 5.47654838189861 -50.9898179448441 0.5658408558461 -0.652646034459106 -0.503862361722137 0.51416545312403 -0.198421287661104 0.834423681001844 -0.304569453039537 -0.207625186936918 0.118806732618252 0.110735317450885 0.26818692979294 -0.163892808131065
-18.4729948506431 5.03866326231717 -50.753571464041 0.877819510737847 0.145845595410319 -0.456247705602186 0.477457010441844 -0.190242084098187 0.857812772473107 -0.0389916274869377 -0.0899940493517676 -0.236203997846956 0.46483126876471 -0.00654331332364915 -0.0629282930991487
-18.048954961207 4.74583303993306 -50.5319443841798 0.531269194613839 0.831592735327595 -0.161884419897094 0.50816245111182 -0.159898227664214 0.846288059746922 -0.453239313465484 -0.179970310430442 -0.122441811151167 -0.0415316300444817 -0.048841595798225 0.139998605845138
-17.5683800018591 4.71156617666238 -50.2953142377692 -0.302393991444772 0.919656925053877 0.250577361584872 0.348766737962375 -0.137901847945091 0.927008545173475 -0.114771355777361 0.403370642463859 0.303727868787993 -0.0553096512750947 -0.152755179892238 0.779283917186667
-17.4917960079102 3.27658844154369 -50.7535197599977 0.225657445837768 -0.673675268813028 0.703733152073641 -0.917383039599745 0.0961564606430905 0.386215346317533 -0.309210294460561 -0.0983108754400983 -0.440935525860971 -0.793859341489833 0.624244407179903 0.144836071605562
-17.8861298740865 3.01412323641002 -50.7086745419868 0.377284623312268 -0.0331097624887543 0.925505298007821 -0.912534015359592 -0.183701576719354 0.365424960179749 0.236562853871325 0.189784546543228 -0.183275257090673 0.403919167769466 -0.02618411037799 -0.878704618801596
-17.7534519765558 2.47843974295657 -51.0773279960114 0.678319615658742 -0.691358857926191 0.248808015504868 0.354660223691989 0.604634260679134 0.71318548537093 -0.625478666224112 0.261265975498321 -0.081071897619153 0.60336771546269 -0.109938580228916 0.451501424969599
-17.743081168991 2.44788586126454 -50.580602029956 0.972224731826091 0.0525340443432827 -0.228077278593688 0.174739989513723 0.485379694590836 0.856663579325997 -0.0317756621830196 -0.0248038019355101 0.326305406605091 -0.261392468504325 0.592709530407616 0.120164614978886
-17.4757090933286 2.44157172066864 -50.1482464004703 0.534870047053068 0.634562451396287 -0.557892936004429 0.332424336754563 0.448989578502494 0.829398829712846 0.328281536522505 0.0237876979166976 -0.476263611903059 0.0587408279611344 -0.406236680551295 0.165619813534219
-18.1214474747256 1.92599863059837 -49.0714215741326 0.0884823583460113 -0.974408751502275 0.206636050237099 0.933396409889394 0.00868229452683527 -0.358741912476546 0.531358469733468 0.651182109014415 -0.213820983035603 0.0540693427342073 0.0118450059865933 -0.0310837916996804
-17.6531356602645 1.82958451984222 -49.0222993491307 -0.143175689438909 -0.853110365495072 -0.501700534421582 0.945479906137991 0.0319270402040564 -0.324111726405076 1.11874215687666 0.528565315510796 0.86012139267535 -0.0390625757367776 0.414069856336743 -0.491566146520882
-17.2054579165282 1.69489713896202 -49.1459574146069 -0.502482663462068 -0.538655448685146 -0.676285058626739 0.85407246490879 -0.187628784671417 -0.485134686295911 0.33897663278059 0.319123936271805 0.0623934210725051 0.613261461002182 -0.545946061826367 0.154727325926633
-16.8730271323363 1.33988049856687 -49.1448023391264 -0.199444983906534 0.328437630948013 -0.923228260492417 0.924452599326208 -0.249390426041623 -0.288429899625334 0.139224901934515 -0.454074800306747 -0.199763878005834 -0.610919231268557 0.242010319327465 -0.326346715401041
-17.1170767140744 1.41036060945655 -47.9156784643409 -0.618147477387633 0.542762196311879 -0.568597304297521 -0.257755338300988 -0.823312379311305 -0.50568657452042 -0.300191060055663 0.497792625675398 0.131621782863549 -0.118949221016337 -0.229158216939793 0.255146677831015
-17.3371826929597 0.670267041654601 -47.2339843694662 -0.244066811101963 -0.955554320599921 0.165370287843781 0.245969872868413 0.103952355334561 0.963687049545598 0.549026210671939 0.0220668855433238 0.130239187926458 0.513172780448493 0.229166486096345 0.664024934525693
-17.5410946148866 0.679316672520087 -46.7470189017468 0.495894133626955 -0.868005395624683 0.0256054955219351 0.127189811246177 0.101769162409783 0.986643699365335 -0.440465716090323 0.00990190082271055 -0.146619473678641 -0.53260231812604 0.00712714407793357 -0.434733058256365
-17.7579465082002 0.477969416157747 -46.3310642915515 0.984371273432903 -0.0323889097433469 0.173101572972213 -0.162503280340134 0.21174133850639 0.96372106412908 -0.410589331144986 -0.296287865006655 -0.605576396747464 0.246892129745744 -0.125242895332046 -0.225097351052582
-18.9664974870551 0.590930012921717 -47.2015193356084 -0.140931632416509 -0.069650911619924 -0.98756621322068 0.602722185396084 -0.797395451458404 -0.0297734987004019 0.14955385781716 0.0568671875359524 -0.80837331537787 -0.143284967997564 0.211144039470251 -0.0748079592007643
-19.2164456334712 1.64412754285416 -46.75979501269 -0.320459490200684 0.389990880528522 -0.863257104369902 -0.855770998309419 0.271551745581528 0.440358544738387 -0.443916444380543 0.137519184245297 0.471626765361416 -0.573404955702802 0.0122941185347883 0.35582884098555
-19.752234069956 1.66392055676239 -46.2050770684628 0.100035361367979 -0.743550678453516 0.661154531896452 0.966906487260977 -0.0840956594925439 -0.240872922818881 -0.303408222108717 -0.524998544521564 0.424003858479308 -0.756937527715424 -0.219258919142928 -0.128570131504172
-19.9935717442176 2.120432537976 -45.5572617511543 -0.725748996259077 0.516523698050595 0.454413538289901 -0.335468746366193 -0.842377854262733 0.421734834771001 0.634854643125366 0.00323518703608701 -0.54212268599373 0.12449581631225 0.313965736325105 0.0270452030653372
-20.0418899195422 1.87528349232745 -45.1220459748055 -0.950830489683073 0.0921549898214591 -0.295683678514071 -0.167004251482281 -0.95657468091793 0.238902615752486 0.102510544996824 -0.0955756425396226 -0.207040834629917 0.441775320232006 -0.105303908400139 0.0786881854846562
