t = 7000000
b = 105 105 105
E = -0.445102064279924 -0.770508754408829 0.325406690128905
-7.55858955464145 4.19957901572254 47.8520051103084 -0.684486044880941 0.162084450214449 0.710779491376706 0.40187526093465 -0.729567853151504 0.553377829603469 -0.292859826852409 -0.396749691610109 -0.0111611969970458 0.454250948334997 0.1063726507503 -0.341320978398558
-7.34154565365519 4.05399561060117 48.2768430914939 -0.944238810278369 -0.170390191867074 0.281745011810198 0.324720513606885 -0.62351836774994 0.711183122072829 -0.0751168678316667 0.330715463163825 0.00621168034714812 -0.439617542537661 -0.0797070885616421 0.253295820003599
-6.47744398703866 3.68275588476349 47.0258086834964 0.630268142951913 -0.768309391361778 0.111636674640795 -0.776242534830174 -0.626291265401379 0.0721580071931581 -0.0947308450401767 0.350141606374631 -0.0694001631641586 -0.165869392680087 -0.390237314295728 -0.512247541762081
-5.7632375977926 4.18973906947341 48.0401454726685 0.958004655973239 0.240402381640076 0.15631306418622 -0.178595080511566 0.926698964194315 -0.330655148119113 0.347012939748935 -0.713312573401438 0.252927524951384 -0.0145808761658628 0.411308557397125 -0.16546573435573
-5.7853898081315 4.73050143016541 48.1794412793236 0.780801634042071 -0.126079535459498 -0.611925452171991 -0.167403643786668 0.901396748681888 -0.399324331230849 -0.108074162089676 -0.154451454659428 0.1520940633547 0.388201633360145 -0.0749309893628253 -0.148725499984012
-5.59775935825487 5.2080837623917 48.2248252864246 0.175002597600262 -0.36685932305409 -0.91366751497574 -0.199818997008191 0.895441858030094 -0.397814337753948 0.183272492903426 -0.338094696672981 -0.148324766091353 -0.240720658860215 0.391380088513521 0.311358711337266
-5.33900279960986 5.53841513009084 48.0949961034925 -0.763881605713872 -0.162526206610144 -0.624555941943665 -0.111850640143756 0.986464827132691 -0.119902373328357 0.482281440459391 -0.0671392384842738 -0.161843053272941 -0.154615072395391 -0.00141501626359763 0.422543156126336
-5.02225828246479 6.05814100370954 49.016746954248 0.286009037067476 0.910920247360723 -0.297360275867859 0.712057239904662 0.00562235758108505 0.702098907700839 0.2118776407829 -0.331615620986921 -0.164477379526557 0.52791427738993 -0.123735153253682 0.0932949914421321
-4.48256439595337 6.20184545644282 49.1202692772027 -0.35192810756859 0.88893320760452 0.293162684393579 0.553353481453615 -0.0550263693956187 0.831126959756571 0.365876289067049 0.47880660567037 -0.370171127820898 0.193330747277169 0.0741161061519103 0.303444979862348
-4.15611686255341 6.46646898805337 49.3330045428942 -0.727929621973744 0.255151770568959 0.636408704708356 0.68301021394214 0.188442949447196 0.705681445451558 -0.4139911292465 -0.391565322000056 -0.0269154082471365 -0.12021046360885 -0.491197210123368 0.107094633713748
-3.92876647580568 6.83116782045444 49.5033093791758 -0.555718742667449 -0.30543518580465 0.773230901038364 0.618399391806767 0.46976322996598 0.630003730135687 0.190342455887751 -0.288833103120013 0.346218102063231 -0.0792842401485768 0.280842217908578 0.705544456356367
-3.75106688085006 6.97703214230344 49.9561576501269 -0.669874600419989 -0.497852493849334 0.550827481232252 0.226941340320662 0.569084175819216 0.790342222638825 -0.546765960479023 0.638562703958114 0.344910533671274 -0.0899318721270213 0.399141641244742 -0.0783072918368247
-3.83936714953895 7.25833384436638 50.3904610441928 -0.188536184576986 -0.89244815760883 0.40986631123555 0.130901787962693 0.390789727088041 0.911124640820631 -0.187326668682449 -0.159675932748249 0.0269261667556782 0.346119418069198 -1.36323804184008 -0.031084179160072
-4.05024905966361 7.32115037471636 50.8402972901586 0.681720614180697 -0.72931650078836 0.0579175783213216 0.367748072635173 0.410030751750755 0.834647313355535 0.518560944746556 0.179707694236943 0.0352453476227617 -0.243538848225496 0.371324972484148 -0.56843452721029
-4.45186646947827 7.95290030147687 50.9194386073167 -0.409094299377863 -0.910287696329507 0.0633889905882623 -0.769700283842595 0.381555016552622 0.511837124870912 0.195253635555557 0.217814619494523 0.264243034640448 0.173505201851028 -0.123357507772292 0.145734385322608
-3.67459980178863 8.76755068193351 51.0397879025469 0.319624005352295 -0.255585115295182 -0.912423555177115 -0.839966984538444 -0.522063611660162 -0.148003548152776 0.277245066813954 -0.402457365729067 0.560960622463553 0.268664497141837 -0.3347643495709 -0.17172710132321
-2.99520194742122 9.37614800224335 51.8621764517942 0.893661854640531 -0.185895088984504 0.408425642500565 0.407465316122767 0.717447692875039 -0.565014003494664 0.268364138982153 -0.110401027559272 0.0974359250921586 -0.0676523230637407 -0.153123107101381 0.478572861315485
-2.8167482993684 9.91575294756059 51.7290063584766 0.797222795767788 -0.601026225939676 0.0565976116213451 0.536668704522903 0.662666990593386 -0.522359226168747 -0.789522118219479 0.346454587791448 0.113826940245955 0.483477380122071 0.272749107118126 -0.0206531313383106
-2.41171786912728 10.2839332524951 51.833919356836 0.484333158192806 -0.726940293395101 -0.486805096228036 0.540671662993868 0.686150631007777 -0.486694426106989 -0.046167081177034 -0.201522787782489 -0.0010997780140945 -0.408806640329163 0.389230870744607 0.0536174773172878
-1.89644291461837 10.579242955884 51.6155933562824 -0.0591367649425597 -0.767604848278989 -0.638189344889647 0.527932103994498 0.518538731221052 -0.672610792208377 0.265570889080275 0.26099632098035 -0.193590839794527 0.538674848775292 0.0945682667590314 0.107009390901537
-1.40484280528354 10.5979006940854 51.3625014039075 -0.596888325055839 -0.462742004408871 -0.655434332917923 0.489586180836323 0.437127480821372 -0.754469970936609 0.277546579677085 0.105985854333252 0.50496910144875 -0.108185592300938 0.0517514617104345 0.106723300537075
-1.04976563039128 10.5499546136794 51.0450636308769 -0.855241307870921 0.0397311327620004 -0.516704695547149 0.496539762850458 0.348263223411044 -0.795085524411096 0.0503852250626488 0.0644528152231183 0.0570251901384135 0.0591427297295129 -0.26313895520929 -0.216348666699152
-0.888377404869006 10.3989248509878 50.5965928765658 -0.756209307041993 0.62161717477953 -0.204302647957397 0.51038006112453 0.364971016206638 -0.778658044674188 0.217482827421125 0.116126366863131 -0.29070836193033 0.789114865294585 0.526277514957864 -0.564372742657274
-0.957712395765921 10.5541366289924 50.1323032873343 -0.0784905431520744 0.926389019438192 0.368296917309683 0.606255650790193 0.337627956528742 -0.720042671551728 0.0556056315529694 -0.00835774332341925 -0.148473605954668 0.301057312645585 0.38880870145904 -0.328619963489432
-0.960663642651927 10.8877662559777 49.7151175054182 0.520580975478382 0.534468071102016 0.665837314170974 0.538277453379664 0.399898669027193 -0.741847988265423 -0.112397251348648 0.100121055490585 -0.577966979986429 -0.477917032114351 0.000110734787050124 0.539434855476401
-1.22938734082132 9.73882417453551 49.1437715134831 0.187283999026975 -0.287787507921402 0.939203414598264 -0.912126011609543 0.303955919721571 0.275021704255428 0.314327031397485 0.247875409191825 0.498759010510632 -0.0252671021392477 0.123728163271307 0.10595780115436
-1.28618747479897 12.402956123662 48.5058525096603 0.703359708244563 0.636045507443682 -0.317381841444791 0.334963723356726 -0.690381393072306 -0.641227600883456 0.267120506174104 -0.48464443243708 -0.437763880086869 -0.802733051124959 0.0544499346638961 -0.0785608430125391
-1.46838965855007 11.1473993681558 48.9552946738851 -0.645428108338381 -0.759960625596878 0.076696835070004 -0.728611133509357 0.642699302784145 0.236777157528521 -0.339140649551297 0.452050701526126 0.0922233489917993 -0.299812949999567 -0.6274671369025 0.193955324979783
-1.50179231583576 11.1641444736582 49.8181921484814 0.627259623348158 -0.463359047565513 0.625974247039315 -0.771326577170663 -0.258450338138803 0.581600149644241 -0.612907077911951 -0.0412832911936895 -0.048946259713485 0.248433779495628 -0.522325478952355 0.261085718899692
-1.91970450756779 10.9785018802963 50.1788000210334 0.824713777355191 -0.418198884253329 0.38073202997643 -0.556767755224135 -0.482187624775317 0.676390982536088 -0.126575525596854 -0.178406213048207 0.127360173514507 0.015276938559929 0.11811034971169 0.678427648296801
-2.08686213372226 10.5553320651797 50.3603578176311 0.82621419973848 0.032825162142749 0.562398973043737 -0.430893259701289 -0.606270501094266 0.668406372087163 -0.100758742286506 0.160343423685199 -0.0236590163448834 0.850256649716487 -0.183346138649732 -0.250710386218144
-2.0884056535736 10.0854152903944 50.5296660758253 0.584831627163333 0.420912888725955 0.69340053935229 -0.215054669590888 -0.743784125682924 0.63287965954762 -0.662599857521171 0.138106846936984 -0.153880379022453 -0.570336460257314 -0.0288007483440698 0.0500300830168502
-1.9200481745968 9.67438088718323 50.8857024300921 0.0960971040936021 0.723952186034212 0.68312413141494 -0.251874340220334 -0.64627814300397 0.720335948439101 0.377096496241242 -0.0916930555622665 -0.122417573581126 -0.492651852112426 0.231465477840164 -0.354157637098449
-1.88202739965506 9.38646048431641 51.2859701345266 -0.362788625392804 0.813469045100248 0.454590503584551 -0.28930387668014 -0.562039873230369 0.774864147987868 -0.224318917407456 0.0855519238985702 -0.241957747847369 -0.214851301798837 0.435726111418474 0.00206934392429657
-1.8814794410578 9.14240757756644 51.7802725871312 -0.732959788221334 0.674425945266377 -0.0889920962894606 -0.539991598998794 -0.497251562327824 0.679080228524686 0.286635007222568 0.0887323715089329 -0.0574245662046537 0.32561131868034 0.13972507082206 -0.00162608497796745
-1.98143443116513 9.12965897888255 52.3516366245415 -0.86093050669882 0.26251890769882 -0.435755075398335 -0.508721828379824 -0.445741736429051 0.736557129986901 0.052506245010941 -0.205397962130984 0.0586707872254173 0.0516709687835294 -0.0436363660364733 0.00819126466554209
-2.26946550345263 9.26913454214309 52.6569748533718 -0.446669295587078 -0.710723349148193 -0.543469282807999 -0.248408364296204 -0.485036342443714 0.838470650086803 -0.0929474445332184 -0.677656716229566 -0.289734177586838 -0.166572421932595 -0.0411545472966593 -0.468619551143564
-1.77404312443099 10.3982632429085 52.9961092987416 -0.66828934400109 -0.0857861847263213 0.738938484046437 0.743891582324841 -0.0719518760726891 0.664415714200151 0.425036959264756 -0.0962836608821957 0.248347231234435 -0.705369493416135 -0.113701287028305 0.169871874061255
-1.55322021526003 10.6274596094726 53.3763129629259 -0.472991864829977 -0.705851663258172 0.527306481356194 0.644724348107137 0.130626353168423 0.753171475041048 -0.410428861852807 -0.618968478068334 -0.0954434988278379 0.125426779658276 -0.0709086221094171 -0.148581553295655
-1.48049249008195 10.9668474027217 53.8421865732436 0.229109713422392 -0.972556294443123 0.0405338544242582 0.76302881255927 0.205294379800249 0.612895789532819 0.355893878977563 -0.133383730900673 -0.0132079884822368 -0.536254529481295 0.33922604126741 0.315142363974828
-1.30890944954272 10.9547988752559 54.2702594744084 0.56476759391405 -0.723879401759426 -0.396277903210839 0.638776684972951 0.0794279866357841 0.765281348050334 -0.34995152402577 0.117853801161291 0.323710761921814 0.573254366856174 -0.364865662909471 0.0768106360764384
-0.474313101612314 10.9905459078239 54.8328649257691 0.969973702150005 0.198492421816178 -0.140541010453095 0.0861364055820959 0.260036003489106 0.961749341836456 0.054122882507481 -0.746516868291981 0.349244685856679 -0.661378979568182 -0.2045045272532 -0.0214521605385044
-0.372472704473449 10.984212040872 55.4131348877789 0.679827010655827 0.531804603880592 -0.504994157267512 0.231141125596636 0.498122369224042 0.835731945863532 -0.109608202179137 0.100277475007518 0.0287879290857672 0.303841749567969 -0.00446303766956498 -0.619888595499886
-0.271379600332853 11.3510125886672 55.8838768227608 0.628939592283101 0.134876647482261 -0.765665252719939 0.626433969814385 0.49535796731171 0.601831343220956 -0.284206234547538 -0.0904434790584332 0.0338783082537601 -0.0769760517010518 0.0406366537249336 -0.023317831823105
-1.48397485733991 11.1764041727315 56.2814126662962 -0.508021976399502 -0.731189868494744 -0.455274694778915 -0.67808211561576 0.0135628212618807 0.734861003429529 0.0221330340603153 -0.207505046649352 0.325101677734978 0.198220077362495 0.399098830539856 -0.271947382691293
-1.87902204219984 11.2244268560727 56.5848338476945 -0.380114891994619 -0.714401832451315 -0.587488460034649 -0.860010202349861 0.0392033853263391 0.508768657085939 -0.311839821787937 -0.0845467534243312 -0.0361704349113318 0.317490038136345 0.337531652897472 0.714924567669604
-1.8199333077329 11.2364693670466 57.8540787096368 0.104208480529268 0.937102652272198 -0.333135425450266 -0.994239790478718 0.0897185959904884 -0.0586328624768224 0.941120705505396 -0.498590754532036 -0.176283465703148 -0.0198900715183841 0.246720337924166 0.672362745606419
-2.1047049347725 11.3831486962545 58.5115501403263 0.80358613851782 -0.0424698760468079 0.593671312773789 0.423045337978949 0.742381940981873 -0.519520640319949 0.0515544656922726 0.315790493996327 0.489746058228399 0.133071481811884 -0.0716642515970179 -0.257976498792247
-1.9410665366491 11.8613622970125 58.6682023717837 0.894465587565157 -0.438023757406647 -0.0898136994469557 0.397493953780635 0.870938945652751 -0.288901210888309 0.0233720360086967 -0.156045014228862 -0.0558247233658079 -0.0927546627154031 -0.214519293271759 -0.194256714493729
-2.75349052509172 12.7884296018359 58.8498357717085 -0.5935544969188 0.800190194178134 -0.0859576193753454 -0.498500507789534 -0.449403258331621 -0.741305574735976 -0.0530765570005432 0.31034737250688 -0.586043777470411 0.0449256352459331 -0.0187960821640528 0.266452801638696
-1.76578948071862 13.3652776874492 57.7782632618682 0.740079356592508 0.67130744438097 -0.0403591509364524 0.657251912239216 -0.734689090556969 -0.168082908336019 -0.299701757959304 0.444230460669513 0.213525930989432 0.513780302152947 -0.517940608963148 -0.223760607228297
-1.06108776856537 13.0779674730295 58.9081978796916 0.929032498553888 -0.335926386582244 -0.155087328393727 0.365453770500648 0.767629256081516 0.526487290288022 0.0061255972606878 0.199565271234994 -0.377309423071982 -0.4675560530839 0.258444482722464 0.377098576968349
