        6.1374 12   0.007000   0.007000   0.304492    0.050451   0.000000  -0.757308   0.000000  -0.134385  -0.047691   0.000000   0.035034
        6.0533 11   0.009595   0.009595   0.341014    0.048881   0.000000  -0.755695   0.000000  -0.133194  -0.046612   0.000000   0.039110
        6.2385 11   0.004421   0.004421   0.342140    0.054602   0.000000  -0.746306   0.000000  -0.132220  -0.043792   0.000000   0.036350
        6.1526 12   0.006574   0.006574   0.367450    0.055040   0.000000  -0.769816   0.000000  -0.134059  -0.035545   0.000000   0.037270
        6.3373 11   0.002472   0.002472   0.338239    0.062050   0.000000  -0.756514   0.000000  -0.127909  -0.048527   0.000000   0.037062
        6.2794 10   0.003545   0.003545   0.315632    0.036871   0.000000  -0.718862   0.000000  -0.122155  -0.049260   0.000000   0.036426
        6.1935 10   0.005497   0.005497   0.310225    0.040399   0.000000  -0.711666   0.000000  -0.118711  -0.036127   0.000000   0.037434
        6.2630 10   0.003886   0.003886   0.351615    0.059670   0.000000  -0.723935   0.000000  -0.128507  -0.046835   0.000000   0.035722
        5.9840 11   0.012040   0.012040   0.351364    0.046456   0.000000  -0.737463   0.000000  -0.108849  -0.031413   0.000000   0.037230
        6.0999 10   0.008105   0.008105   0.337674    0.065561   0.000000  -0.722701   0.000000  -0.113009  -0.038544   0.000000   0.037141
        6.0861 9   0.008534   0.008534   0.318739    0.048245   0.000000  -0.662935   0.000000  -0.113560  -0.033199   0.000000   0.040540
        6.5693 10   0.000106   0.000106   0.324884    0.075425   0.000000  -0.712944   0.000000  -0.107896  -0.045926   0.000000   0.038120
        6.2096 9   0.005098   0.005098   0.383872    0.050019   0.000000  -0.691908   0.000000  -0.111817  -0.038621   0.000000   0.039153
        6.4268 9   0.001191   0.001191   0.388301    0.058631   0.000000  -0.667107   0.000000  -0.114818  -0.043696   0.000000   0.038860
        6.6102 10   0.000011   0.000011   0.403882    0.045744   0.000000  -0.673910   0.000000  -0.121700  -0.044710   0.000000   0.035461
        6.5661 8   0.000118   0.000118   0.355813    0.047698   0.003021  -0.665296   0.000000  -0.096050  -0.041893   0.000000   0.034591
        6.4656 10   0.000780   0.000780   0.343029    0.039714   0.000000  -0.648152   0.000000  -0.119666  -0.045264   0.000000   0.037382
        6.4639 9   0.000796   0.000796   0.309415    0.044788   0.000000  -0.668889   0.000000  -0.111926  -0.040846   0.000000   0.035263
        6.3777 9   0.001836   0.001836   0.297003    0.045743   0.000832  -0.654844   0.000000  -0.115820  -0.047748   0.000000   0.032927
        6.0905 10   0.008395   0.008395   0.371398    0.063115   0.000000  -0.639286   0.000000  -0.130791  -0.049888   0.000000   0.041091
        6.5066 10   0.000439   0.000439   0.361676    0.056897   0.000000  -0.665762   0.000000  -0.126222  -0.032655   0.000000   0.036400
        6.5045 10   0.000455   0.000455   0.377983    0.052795   0.000000  -0.684020   0.000158  -0.121060  -0.044212   0.000000   0.034816
        6.3957 10   0.001584   0.001584   0.366897    0.057591   0.000000  -0.686692   0.000000  -0.126080  -0.040827   0.000000   0.035206
        6.4984 8   0.000500   0.000500   0.335308    0.051140   0.000000  -0.648593   0.000138  -0.099747  -0.040138   0.000000   0.037987
        6.4310 9   0.001142   0.001142   0.389133    0.051397   0.000000  -0.692895   0.000000  -0.109433  -0.037190   0.000000   0.036535
        6.2123 9   0.005033   0.005033   0.318912    0.054554   0.000000  -0.705189   0.000000  -0.107269  -0.037631   0.000000   0.039703
        6.4610 9   0.000824   0.000824   0.341642    0.044862   0.000000  -0.727922   0.000000  -0.124070  -0.045234   0.000000   0.040090
        6.4856 8   0.000601   0.000601   0.331317    0.057932   0.000000  -0.738899   0.000000  -0.101157  -0.042651   0.000000   0.037187
        6.4621 9   0.000814   0.000814   0.298418    0.068346   0.000000  -0.742852   0.000000  -0.122859  -0.044767   0.000000   0.033763
        6.5551 8   0.000162   0.000162   0.351953    0.043465   0.000000  -0.797303   0.000000  -0.086254  -0.031701   0.000000   0.035562
        6.3726 9   0.001911   0.001911   0.350851    0.049503   0.000000  -0.797766   0.000000  -0.119467  -0.040881   0.000000   0.035994
        6.4966 9   0.000514   0.000514   0.341596    0.050543   0.000000  -0.781060   0.000000  -0.113944  -0.046018   0.000000   0.034626
        6.5848 8   0.000059   0.000059   0.299693    0.051308   0.000000  -0.807140   0.001907  -0.083091  -0.034221   0.000000   0.035514
        6.4346 8   0.001101   0.001101   0.342622    0.050401   0.000000  -0.792868   0.000000  -0.092197  -0.040139   0.000000   0.035467
        6.3711 8   0.001934   0.001934   0.335224    0.055602   0.000000  -0.779443   0.000000  -0.093767  -0.037109   0.000000   0.037164
        6.5894 8   0.000048   0.000048   0.308032    0.053410   0.000000  -0.803692   0.000684  -0.093347  -0.038625   0.000000   0.036573
        6.8496 8   0.001391   0.001391   0.310473    0.042904   0.000000  -0.815691   0.000000  -0.098373  -0.039795   0.000000   0.033819
        6.5120 8   0.000402   0.000402   0.305053    0.063342   0.000000  -0.812194   0.000000  -0.100024  -0.035353   0.000000   0.036353
        6.2347 7   0.004507   0.004507   0.389207    0.062159   0.000000  -0.899384   0.000000  -0.089409  -0.030689   0.000000   0.037359
        6.5602 7   0.000140   0.000140   0.315670    0.055227   0.000000  -0.803863   0.000000  -0.095604  -0.037185   0.000000   0.034379
        6.1487 8   0.006682   0.006682   0.372797    0.052002   0.000000  -0.859452   0.000000  -0.113076  -0.040873   0.000000   0.037042
        6.3429 9   0.002378   0.002378   0.317626    0.045150   0.000000  -0.783155   0.000000  -0.108186  -0.039612   0.000000   0.033748
        6.4949 9   0.000527   0.000527   0.368716    0.050126   0.000000  -0.802993   0.000000  -0.122103  -0.037363   0.000000   0.036496
        6.5945 8   0.000036   0.000036   0.342620    0.058596   0.000000  -0.817584   0.000000  -0.106933  -0.035331   0.000000   0.033794
        6.3519 8   0.002231   0.002231   0.349302    0.047145   0.000000  -0.843210   0.000000  -0.101491  -0.035691   0.000000   0.035249
        6.7577 8   0.000471   0.000471   0.323317    0.078420   0.000000  -0.827012   0.000000  -0.099115  -0.041807   0.000000   0.035203
        6.6166 9   0.000005   0.000005   0.345427    0.053512   0.000000  -0.833969   0.000000  -0.116235  -0.034537   0.000000   0.037970
        6.3490 9   0.002277   0.002277   0.374970    0.046293   0.000000  -0.830302   0.000000  -0.101426  -0.036245   0.000000   0.038728
        6.3187 9   0.002795   0.002795   0.322234    0.052759   0.000000  -0.825593   0.000014  -0.104490  -0.047297   0.000000   0.039053
        6.5045 8   0.000454   0.000454   0.365553    0.053975   0.000000  -0.812899   0.000000  -0.114649  -0.040089   0.000000   0.037499
        6.1420 9   0.006870   0.006870   0.387771    0.063460   0.000000  -0.777868   0.000000  -0.109388  -0.034024   0.000000   0.039335
        6.9099 9   0.002259   0.002259   0.339962    0.053376   0.000000  -0.754186   0.000000  -0.111299  -0.029734   0.000000   0.041156
        6.4616 8   0.000818   0.000818   0.318071    0.042957   0.000000  -0.750148   0.000000  -0.098265  -0.032986   0.000000   0.037115
        6.4865 8   0.000594   0.000594   0.350373    0.044484   0.000000  -0.794305   0.000000  -0.089623  -0.027758   0.000000   0.036837
        6.4007 7   0.001517   0.001517   0.362397    0.038385   0.000023  -0.818754   0.000000  -0.084742  -0.036917   0.000000   0.038841
        6.5117 8   0.000404   0.000404   0.375634    0.049918   0.000000  -0.800060   0.000000  -0.096597  -0.033833   0.000000   0.038258
        6.3403 9   0.002421   0.002421   0.325998    0.050512   0.000000  -0.769763   0.000000  -0.102746  -0.039350   0.000000   0.035630
        6.7337 8   0.000310   0.000310   0.304472    0.073477   0.000000  -0.806964   0.000000  -0.095659  -0.033456   0.000000   0.035345
        6.2524 8   0.004114   0.004114   0.310988    0.050921   0.001224  -0.814213   0.000000  -0.100358  -0.036599   0.000000   0.041509
        6.4889 9   0.000575   0.000575   0.349934    0.035699   0.000000  -0.801900   0.000000  -0.103490  -0.036505   0.000000   0.035348
        6.2415 8   0.004354   0.004354   0.344274    0.046275   0.000000  -0.774577   0.000000  -0.103219  -0.040022   0.000000   0.035303
        6.4029 8   0.001488   0.001488   0.319091    0.043303   0.000000  -0.796970   0.000000  -0.107118  -0.030790   0.000000   0.039156
        6.5833 9   0.000063   0.000063   0.329475    0.057176   0.000000  -0.811979   0.000000  -0.117437  -0.041258   0.000000   0.034237
        6.6521 8   0.000014   0.000014   0.309618    0.063581   0.000000  -0.804699   0.000000  -0.086052  -0.030316   0.000000   0.034663
        6.5286 8   0.000297   0.000297   0.333015    0.049715   0.000003  -0.817333   0.000000  -0.087349  -0.034986   0.000000   0.036563
        6.4452 9   0.000985   0.000985   0.362181    0.035878   0.000000  -0.861567   0.000000  -0.114510  -0.038876   0.000000   0.037088
        6.6686 9   0.000043   0.000043   0.352671    0.047341   0.000000  -0.855399   0.000000  -0.109926  -0.036909   0.000000   0.036842
        6.6987 9   0.000136   0.000136   0.337728    0.055513   0.000000  -0.853787   0.000000  -0.115405  -0.036661   0.000000   0.034166
        6.3084 8   0.002984   0.002984   0.335756    0.048546   0.000000  -0.827632   0.000000  -0.103325  -0.034669   0.000000   0.036265
        6.4231 8   0.001234   0.001234   0.312472    0.048283   0.000000  -0.787492   0.000000  -0.086429  -0.027454   0.000000   0.035704
        6.7007 8   0.000144   0.000144   0.314004    0.053349   0.000000  -0.735557   0.000000  -0.110733  -0.032057   0.000000   0.035249
        6.5282 9   0.000299   0.000299   0.351460    0.048932   0.000000  -0.736984   0.000000  -0.103269  -0.032745   0.000000   0.038337
        6.5568 9   0.000155   0.000155   0.341300    0.058631   0.000000  -0.760496   0.000000  -0.091824  -0.031840   0.000000   0.043022
        6.2122 8   0.005034   0.005034   0.401235    0.048195   0.000000  -0.757263   0.000000  -0.102317  -0.038513   0.000000   0.035070
        6.2994 8   0.003152   0.003152   0.294066    0.033141   0.000000  -0.645116   0.000000  -0.094818  -0.029900   0.000000   0.038166
        6.7975 8   0.000809   0.000809   0.351394    0.053573   0.000000  -0.711908   0.000000  -0.096159  -0.035314   0.000000   0.035270
        6.5110 9   0.000408   0.000408   0.338174    0.040613   0.000000  -0.688424   0.000000  -0.111742  -0.044298   0.000000   0.036231
        6.3437 9   0.002364   0.002364   0.350722    0.034048   0.000000  -0.759455   0.000000  -0.105809  -0.043129   0.000000   0.037411
        6.4030 9   0.001486   0.001486   0.309040    0.041636   0.000000  -0.779085   0.000000  -0.096718  -0.037932   0.000000   0.037030
        6.4328 9   0.001122   0.001122   0.356713    0.051640   0.000000  -0.808627   0.000000  -0.109452  -0.028504   0.000000   0.038854
        6.4493 8   0.000942   0.000942   0.349382    0.062703   0.000000  -0.853090   0.000000  -0.099565  -0.031837   0.000000   0.039065
        6.6554 8   0.000019   0.000019   0.334033    0.070276   0.000000  -0.795112   0.000000  -0.102417  -0.038737   0.000000   0.038912
        6.7091 8   0.000180   0.000180   0.345399    0.064350   0.000000  -0.784903   0.000000  -0.091145  -0.039146   0.000000   0.036938
        6.7490 9   0.000409   0.000409   0.346178    0.038709   0.000000  -0.796972   0.000000  -0.108320  -0.035711   0.000000   0.034662
        6.6480 9   0.000009   0.000009   0.306318    0.040379   0.000000  -0.774774   0.000000  -0.119693  -0.037669   0.000000   0.033265
        6.5367 8   0.000251   0.000251   0.327325    0.049913   0.000000  -0.841188   0.000000  -0.113289  -0.045317   0.000000   0.037028
        6.3428 8   0.002379   0.002379   0.340579    0.059551   0.000000  -0.859540   0.000000  -0.091930  -0.042477   0.000000   0.031875
        6.4415 9   0.001025   0.001025   0.296657    0.042343   0.000000  -0.788879   0.000000  -0.124223  -0.043495   0.000000   0.035511
        6.9944 9   0.003830   0.003830   0.314230    0.035113   0.000000  -0.767564   0.000000  -0.111420  -0.033748   0.000000   0.038267
        6.4778 9   0.000669   0.000669   0.299255    0.061089   0.000000  -0.753168   0.000000  -0.110116  -0.038461   0.000000   0.039457
        6.6790 8   0.000069   0.000069   0.304746    0.045949   0.000000  -0.735896   0.000000  -0.099550  -0.031206   0.000000   0.033064
        6.4570 9   0.000863   0.000863   0.304350    0.045716   0.000000  -0.769300   0.000000  -0.087010  -0.033719   0.000000   0.040622
        6.6716 9   0.000050   0.000050   0.366202    0.049656   0.005829  -0.809618   0.000000  -0.112520  -0.034748   0.000000   0.034226
        6.6290 8   0.000000   0.000000   0.382027    0.051396   0.000000  -0.838277   0.000000  -0.110698  -0.031443   0.000000   0.038824
        6.9563 9   0.003071   0.003071   0.370870    0.036702   0.001592  -0.798455   0.000000  -0.099058  -0.034165   0.000000   0.036974
        6.4235 9   0.001229   0.001229   0.321075    0.049932   0.000000  -0.770934   0.000000  -0.112241  -0.047947   0.000000   0.034664
        6.7924 8   0.000761   0.000761   0.338043    0.049594   0.000000  -0.799432   0.000000  -0.094505  -0.042236   0.000000   0.034335
        6.5386 9   0.000241   0.000241   0.340279    0.054992   0.000000  -0.781629   0.000000  -0.101871  -0.032110   0.000000   0.036010
        6.4532 9   0.000901   0.000901   0.378177    0.046714   0.000000  -0.817096   0.000000  -0.121213  -0.034632   0.000000   0.036423
        6.7878 8   0.000719   0.000719   0.350619    0.058866   0.000000  -0.867560   0.000000  -0.099920  -0.043871   0.000000   0.038511
        6.2081 7   0.005134   0.005134   0.287629    0.043100   0.000000  -0.840058   0.000000  -0.088755  -0.041165   0.000000   0.037233
        6.4988 9   0.000497   0.000497   0.282401    0.045066   0.000000  -0.826650   0.000000  -0.104986  -0.038594   0.000000   0.037157
        6.4234 8   0.001232   0.001232   0.316831    0.042825   0.000000  -0.865084   0.000000  -0.097551  -0.041670   0.000000   0.038131
        6.4551 8   0.000883   0.000883   0.311920    0.050823   0.000000  -0.866779   0.000000  -0.091609  -0.028227   0.000000   0.040527
        6.2377 7   0.004440   0.004440   0.328053    0.071476   0.000000  -0.847861   0.000000  -0.087311  -0.039090   0.000000   0.042835
        6.5311 9   0.000282   0.000282   0.372975    0.041744   0.000000  -0.826184   0.000000  -0.106793  -0.039507   0.000000   0.037838
        6.6893 8   0.000101   0.000101   0.291531    0.069459   0.000000  -0.768825   0.000000  -0.098628  -0.034066   0.000000   0.036451
        6.5298 9   0.000290   0.000290   0.367232    0.033894   0.000000  -0.779846   0.000000  -0.100039  -0.041245   0.000000   0.032329
        6.6020 8   0.000023   0.000023   0.334061    0.042358   0.000000  -0.713684   0.000000  -0.116777  -0.037749   0.000000   0.033463
        6.6805 9   0.000074   0.000074   0.336580    0.051483   0.000000  -0.761337   0.000000  -0.111188  -0.035373   0.000000   0.034104
        6.5682 9   0.000110   0.000110   0.376238    0.052244   0.000000  -0.827821   0.000000  -0.103349  -0.031871   0.000000   0.035100
        6.7613 9   0.000497   0.000497   0.288706    0.050463   0.000000  -0.814621   0.000000  -0.116116  -0.035010   0.000000   0.034634
        6.5671 7   0.000114   0.000114   0.286038    0.041544   0.000000  -0.866509   0.000000  -0.075360  -0.029046   0.000000   0.038718
        6.5377 9   0.000246   0.000246   0.328597    0.059518   0.000000  -0.846958   0.000000  -0.115214  -0.033718   0.000000   0.035729
        6.3404 9   0.002420   0.002420   0.321440    0.046747   0.000000  -0.838115   0.000000  -0.096324  -0.033246   0.000000   0.039508
        6.4250 8   0.001212   0.001212   0.348286    0.048689   0.000000  -0.832966   0.000000  -0.081856  -0.029696   0.000000   0.037742
        6.4679 9   0.000758   0.000758   0.331021    0.053889   0.000000  -0.809419   0.000000  -0.096422  -0.032821   0.000000   0.034041
        6.3207 9   0.002760   0.002760   0.331392    0.048344   0.000000  -0.853610   0.000000  -0.107696  -0.037218   0.000000   0.033461
        6.2845 8   0.003443   0.003443   0.281255    0.049311   0.000000  -0.869256   0.000000  -0.082695  -0.029745   0.000000   0.036696
        6.4647 8   0.000788   0.000788   0.313584    0.055726   0.000000  -0.863677   0.000000  -0.071104  -0.022980   0.000000   0.036933
        6.3701 8   0.001949   0.001949   0.323567    0.044383   0.000246  -0.837275   0.000000  -0.094731  -0.032222   0.000000   0.035029
        6.2444 8   0.004288   0.004288   0.340140    0.053731   0.000000  -0.851754   0.000000  -0.100477  -0.036972   0.000000   0.034501
        6.4762 8   0.000682   0.000682   0.358698    0.064963   0.000000  -0.837444   0.000000  -0.113015  -0.032395   0.000000   0.033582
        6.6853 8   0.000088   0.000088   0.298599    0.054768   0.000178  -0.828065   0.000000  -0.101277  -0.029533   0.000000   0.038572
        6.4018 8   0.001502   0.001502   0.310722    0.044279   0.000000  -0.840383   0.000000  -0.091269  -0.030981   0.000000   0.037276
        6.7212 8   0.000240   0.000240   0.360858    0.051506   0.000075  -0.848298   0.000000  -0.107268  -0.036190   0.000000   0.033065
        6.4426 9   0.001013   0.001013   0.333707    0.067637   0.000000  -0.835409   0.000000  -0.111446  -0.029117   0.000000   0.038835
        6.5471 8   0.000198   0.000198   0.318218    0.070770   0.000000  -0.829203   0.000000  -0.092209  -0.034112   0.000000   0.037457
        6.6045 7   0.000019   0.000019   0.293967    0.047194   0.000000  -0.822870   0.000000  -0.086954  -0.034202   0.000000   0.035609
        6.8311 8   0.001167   0.001167   0.309423    0.059142   0.000000  -0.852970   0.000000  -0.089239  -0.035127   0.000000   0.038626
        6.6059 8   0.000017   0.000017   0.371083    0.048093   0.002289  -0.896124   0.000000  -0.082374  -0.023750   0.000000   0.033054
        6.3459 8   0.002328   0.002328   0.316483    0.055889   0.000000  -0.878671   0.000000  -0.084188  -0.034342   0.000000   0.036153
        6.1155 6   0.007636   0.007636   0.349128    0.048380   0.000000  -0.904426   0.000000  -0.061204  -0.027961   0.000000   0.041216
        6.2456 7   0.004262   0.004262   0.364394    0.041659   0.000000  -0.883664   0.000000  -0.077831  -0.021509   0.000000   0.037965
        6.6828 8   0.000081   0.000081   0.337952    0.041853   0.000216  -0.815734   0.000000  -0.085882  -0.036246   0.000000   0.038244
        6.6499 8   0.000011   0.000011   0.322596    0.039664   0.000000  -0.785218   0.000000  -0.098341  -0.031671   0.000000   0.034298
        6.4421 6   0.001018   0.001018   0.338508    0.063019   0.000000  -0.812701   0.000000  -0.068964  -0.032565   0.000000   0.034998
        6.6813 7   0.000076   0.000076   0.358244    0.060051   0.000000  -0.816799   0.000000  -0.067293  -0.036990   0.000000   0.035363
        6.8311 6   0.001167   0.001167   0.365475    0.051049   0.000000  -0.819418   0.000000  -0.074840  -0.031137   0.000000   0.034657
        6.6004 8   0.000025   0.000025   0.354993    0.057237   0.000000  -0.766984   0.000000  -0.091577  -0.031255   0.000000   0.039611
        6.4437 8   0.001001   0.001001   0.335219    0.043323   0.001258  -0.740768   0.000000  -0.088342  -0.033185   0.000000   0.037828
        6.7307 8   0.000292   0.000292   0.387671    0.030421   0.000000  -0.768342   0.000000  -0.092819  -0.026332   0.000000   0.037857
        6.7406 8   0.000353   0.000353   0.333996    0.047567   0.000000  -0.746581   0.000000  -0.089778  -0.030411   0.000000   0.037109
        6.6484 8   0.000010   0.000010   0.304494    0.054894   0.000000  -0.709428   0.000000  -0.089289  -0.037715   0.000000   0.038385
        6.5039 6   0.000459   0.000459   0.306452    0.048423   0.000000  -0.682951   0.000000  -0.073723  -0.033995   0.000000   0.036274
        6.5970 8   0.000031   0.000031   0.343530    0.035371   0.000000  -0.695702   0.000000  -0.099186  -0.031253   0.000000   0.036506
        6.5389 8   0.000239   0.000239   0.334381    0.049838   0.000000  -0.688179   0.000000  -0.080522  -0.027556   0.000000   0.038005
        6.4596 7   0.000837   0.000837   0.340805    0.047675   0.000000  -0.707924   0.000000  -0.074808  -0.035181   0.000000   0.035802
        6.6525 8   0.000015   0.000015   0.333341    0.046168   0.000000  -0.714533   0.000005  -0.079315  -0.024209   0.000000   0.037593
        6.5436 8   0.000215   0.000215   0.326275    0.056931   0.000000  -0.715366   0.000000  -0.084216  -0.034048   0.000000   0.039494
        6.7440 7   0.000375   0.000375   0.316467    0.038373   0.000000  -0.665347   0.000000  -0.088850  -0.033400   0.000000   0.037731
        6.6857 8   0.000089   0.000089   0.346488    0.065910   0.000000  -0.736951   0.000000  -0.089144  -0.031135   0.000000   0.036985
        6.5910 8   0.000044   0.000044   0.357510    0.035468   0.000000  -0.697130   0.000000  -0.104029  -0.035201   0.000000   0.042121
        6.4931 8   0.000541   0.000541   0.364702    0.066428   0.000000  -0.720434   0.000000  -0.102035  -0.033548   0.000000   0.038077
        6.7987 8   0.000821   0.000821   0.321546    0.060324   0.000000  -0.719079   0.000000  -0.095361  -0.032300   0.000000   0.033371
        6.6548 8   0.000018   0.000018   0.347454    0.050245   0.000000  -0.730364   0.001396  -0.085346  -0.023151   0.000000   0.037426
        6.4760 7   0.000684   0.000684   0.299145    0.077539   0.000000  -0.714842   0.000000  -0.068487  -0.026244   0.000000   0.036250
        6.4342 7   0.001106   0.001106   0.374291    0.056446   0.000000  -0.759332   0.000000  -0.094439  -0.030525   0.000000   0.034697
        6.9305 6   0.002605   0.002605   0.294608    0.052183   0.000000  -0.645183   0.000519  -0.073238  -0.027680   0.000000   0.035481
        6.3102 6   0.002950   0.002950   0.326574    0.059639   0.000000  -0.695663   0.000000  -0.071633  -0.026964   0.000000   0.033738
        6.2673 6   0.003795   0.003795   0.337859    0.070063   0.000000  -0.759725   0.000000  -0.064662  -0.025201   0.000000   0.034607
        6.7830 6   0.000675   0.000675   0.327491    0.047539   0.000000  -0.740992   0.000000  -0.062835  -0.028093   0.000000   0.034857
        6.8591 5   0.001514   0.001514   0.317853    0.050963   0.000000  -0.715826   0.000120  -0.050320  -0.032803   0.000000   0.037203
        6.4277 6   0.001180   0.001180   0.369010    0.041102   0.000000  -0.785060   0.000000  -0.063296  -0.025403  -0.009993   0.040931
        6.4471 5   0.000965   0.000965   0.307409    0.030398   0.000000  -0.774318   0.000000  -0.066609  -0.028781   0.000000   0.034212
        6.4941 5   0.000533   0.000533   0.355736    0.042602   0.000000  -0.791774   0.000000  -0.060003  -0.027870   0.000000   0.032674
        6.4901 5   0.000564   0.000564   0.309880    0.040098   0.000000  -0.783911   0.000000  -0.058691  -0.020333   0.000000   0.040461
        6.6067 6   0.000016   0.000016   0.343560    0.039645   0.000000  -0.755778   0.000000  -0.059515  -0.031557   0.000000   0.036201
        6.4274 5   0.001184   0.001184   0.341413    0.039083   0.000000  -0.762575   0.000000  -0.061527  -0.029874   0.000000   0.033839
        6.4712 6   0.000727   0.000727   0.330943    0.036459   0.000000  -0.763020   0.000000  -0.050999  -0.023508   0.000000   0.034602
        6.6243 6   0.000001   0.000001   0.378024    0.048154   0.000000  -0.825451   0.000000  -0.050702  -0.021632   0.000000   0.036518
        6.8213 6   0.001056   0.001056   0.357566    0.057158   0.000000  -0.855334   0.000000  -0.072113  -0.021209   0.000000   0.040579
        6.5453 6   0.000207   0.000207   0.335698    0.050059   0.000000  -0.858779   0.000000  -0.058101  -0.028171   0.000000   0.036352
        6.3518 5   0.002232   0.002232   0.324949    0.055512   0.000000  -0.860756   0.000000  -0.040546  -0.024114   0.000000   0.037100
        6.7901 5   0.000739   0.000739   0.338285    0.057895   0.000040  -0.828576   0.000000  -0.051274  -0.017782   0.000000   0.034610
        6.2813 6   0.003507   0.003507   0.376819    0.026559   0.000000  -0.864023   0.000000  -0.070659  -0.024710   0.000000   0.035731
        6.2716 6   0.003706   0.003706   0.385073    0.051029   0.000000  -0.902785   0.000094  -0.072492  -0.031177   0.000000   0.037529
        6.4691 6   0.000747   0.000747   0.325815    0.033175   0.000000  -0.829900   0.000000  -0.065304  -0.023192   0.000000   0.036213
        6.7362 6   0.000325   0.000325   0.318741    0.049202   0.000000  -0.822869   0.000000  -0.065784  -0.029900   0.000000   0.038558
        6.7623 6   0.000505   0.000505   0.335793    0.050597   0.000000  -0.839745   0.000000  -0.072539  -0.025153   0.000000   0.035506
        6.9107 6   0.002274   0.002274   0.351666    0.049775   0.000000  -0.830101   0.000000  -0.073213  -0.023008   0.000000   0.035287
        6.8276 6   0.001127   0.001127   0.290080    0.057402   0.000000  -0.821378   0.000000  -0.070148  -0.023733   0.000000   0.031452
        6.4652 6   0.000783   0.000783   0.338530    0.035146   0.000000  -0.814753   0.000193  -0.061228  -0.030807   0.000000   0.040882
        6.3373 6   0.002471   0.002471   0.316191    0.050552   0.000000  -0.765062   0.000000  -0.070359  -0.022142   0.000000   0.034815
        6.7318 7   0.000299   0.000299   0.310592    0.037829   0.000000  -0.747592   0.000000  -0.086127  -0.032686   0.000000   0.037628
        6.4644 7   0.000791   0.000791   0.306380    0.052088   0.000000  -0.751334   0.000000  -0.092057  -0.031046   0.000000   0.038106
        6.4728 6   0.000713   0.000713   0.342281    0.055908   0.000000  -0.809266   0.000000  -0.071589  -0.030376   0.000000   0.041482
        6.2078 6   0.005141   0.005141   0.320092    0.047227   0.000000  -0.775384   0.000000  -0.070685  -0.035884   0.000000   0.040255
        6.6287 7   0.000000   0.000000   0.345783    0.046441   0.000000  -0.821749   0.000000  -0.076856  -0.029634   0.000000   0.037446
        6.3771 7   0.001845   0.001845   0.368276    0.070485   0.000000  -0.821803   0.000000  -0.084660  -0.030065   0.000000   0.035359
        6.8914 8   0.001971   0.001971   0.356881    0.065800   0.000000  -0.859314   0.000249  -0.089124  -0.029465   0.000000   0.037290
        6.6333 7   0.000000   0.000000   0.343405    0.057459   0.000000  -0.862109   0.000000  -0.083964  -0.033217   0.000000   0.036046
        6.7036 8   0.000156   0.000156   0.323296    0.044063   0.000000  -0.831575   0.000000  -0.096141  -0.031875   0.000000   0.033439
        6.6739 7   0.000055   0.000055   0.297809    0.042454   0.000000  -0.748737   0.000000  -0.095790  -0.032547   0.000000   0.036865
        6.6183 8   0.000004   0.000004   0.322336    0.062092   0.000000  -0.794292   0.000000  -0.099047  -0.038242   0.000000   0.035692
        6.3565 7   0.002158   0.002158   0.276246    0.051864   0.000000  -0.782305   0.000000  -0.079115  -0.031613   0.000000   0.040027
        6.5250 7   0.000318   0.000318   0.395024    0.054194   0.000000  -0.842604   0.000000  -0.077346  -0.029211   0.000000   0.037384
        6.4904 6   0.000562   0.000562   0.269090    0.053860   0.000000  -0.730405   0.000000  -0.058270  -0.020422   0.000000   0.032501
        6.4144 7   0.001341   0.001341   0.298778    0.040760   0.000036  -0.768281   0.000000  -0.067770  -0.025782   0.000000   0.038586
        6.6540 6   0.000017   0.000017   0.320570    0.060586   0.000000  -0.802302   0.000000  -0.063247  -0.024745   0.000000   0.034050
        6.3857 7   0.001722   0.001722   0.354349    0.066021   0.002270  -0.801786   0.000000  -0.077588  -0.025769   0.000000   0.034098
        6.5190 4   0.000356   0.000356   0.368281    0.066196   0.000000  -0.786881   0.000000  -0.036233  -0.015061   0.000000   0.038690
        6.4901 4   0.000565   0.000565   0.329044    0.048052   0.000000  -0.733589   0.000000  -0.041866  -0.018540   0.000000   0.035861
        6.5674 4   0.000113   0.000113   0.315473    0.039059   0.000000  -0.686709   0.000000  -0.047983  -0.020920   0.000000   0.035849
        6.4336 5   0.001112   0.001112   0.371872    0.031951   0.000000  -0.677995   0.000000  -0.060536  -0.025856   0.000000   0.033545
        6.1435 5   0.006827   0.006827   0.365798    0.038684   0.000000  -0.656278   0.000000  -0.055429  -0.024045   0.000000   0.037455
        6.3855 5   0.001724   0.001724   0.320770    0.063255   0.000000  -0.657460   0.000000  -0.053689  -0.015607   0.000000   0.033445
        6.9129 4   0.002308   0.002308   0.293830    0.060415   0.000000  -0.632477   0.000000  -0.046959  -0.016231   0.000000   0.037639
        7.0439 5   0.004942   0.004942   0.360720    0.060006   0.000000  -0.640058   0.000000  -0.060520  -0.022018   0.000000   0.034701
        6.2177 4   0.004903   0.004903   0.301894    0.054241   0.000000  -0.593267   0.000000  -0.045336  -0.014510   0.000000   0.034444
        6.5687 4   0.000108   0.000108   0.357231    0.063266   0.000000  -0.672654   0.000000  -0.041468  -0.020474   0.000000   0.034194
        6.6469 4   0.000008   0.000008   0.352099    0.031940   0.000000  -0.614992   0.000000  -0.037784  -0.016898   0.000000   0.034202
        6.3641 4   0.002040   0.002040   0.340959    0.033916   0.000000  -0.605810   0.000000  -0.046810  -0.019439   0.000000   0.039242
        6.5944 3   0.000037   0.000037   0.364849    0.042444   0.000000  -0.634042   0.000000  -0.038259  -0.021028   0.000000   0.031657
        6.7236 5   0.000253   0.000253   0.326688    0.048430   0.000000  -0.681384   0.000000  -0.047766  -0.013737   0.000000   0.032128
        6.5673 5   0.000113   0.000113   0.339000    0.048481   0.000000  -0.725884   0.000000  -0.039878  -0.015051   0.000000   0.032764
        6.6207 5   0.000002   0.000002   0.372651    0.047892   0.000000  -0.745187   0.000000  -0.055879  -0.024396   0.000000   0.030581
        6.9005 4   0.002110   0.002110   0.377173    0.045152   0.000335  -0.757696   0.000000  -0.051453  -0.020176   0.000000   0.038044
        6.7529 4   0.000436   0.000436   0.380188    0.052825   0.000000  -0.782619   0.000000  -0.048633  -0.024187   0.000000   0.034016
        6.4593 4   0.000840   0.000840   0.389010    0.052786   0.000000  -0.762885   0.000000  -0.043037  -0.017458   0.000000   0.033774
        6.4576 5   0.000857   0.000857   0.329164    0.045282   0.000004  -0.715954   0.000000  -0.053566  -0.025478   0.000000   0.034488
        6.4107 6   0.001387   0.001387   0.366459    0.056867   0.000000  -0.756594   0.000000  -0.067091  -0.021528   0.000000   0.031509
        6.4484 5   0.000952   0.000952   0.349844    0.040687   0.000000  -0.739221   0.000000  -0.042776  -0.018551   0.000000   0.037999
        6.5428 5   0.000219   0.000219   0.377488    0.043745   0.000000  -0.751901   0.000000  -0.050150  -0.020184   0.000000   0.031932
        6.9734 5   0.003401   0.003401   0.348891    0.050734   0.000000  -0.732530   0.000000  -0.057122  -0.014802   0.000000   0.034131
        6.8337 4   0.001197   0.001197   0.318157    0.046006   0.000000  -0.733228   0.000000  -0.040343  -0.017892   0.000000   0.031963
        6.4575 4   0.000859   0.000859   0.325775    0.054071   0.000000  -0.758211   0.000000  -0.056952  -0.024219   0.000000   0.034880
        6.7019 4   0.000149   0.000149   0.279276    0.062324   0.000000  -0.788305   0.000608  -0.062003  -0.026119   0.000000   0.032919
        6.4195 5   0.001278   0.001278   0.302700    0.060108   0.000000  -0.755522   0.000000  -0.079644  -0.021962   0.000000   0.037899
        6.4598 4   0.000836   0.000836   0.372459    0.050509   0.000000  -0.788512   0.000000  -0.049222  -0.020807   0.000000   0.035865
        6.6797 4   0.000071   0.000071   0.353087    0.061316   0.000000  -0.735998   0.000000  -0.048633  -0.024344   0.000000   0.035352
        6.6735 4   0.000055   0.000055   0.329956    0.060313   0.000000  -0.746585   0.000000  -0.036703  -0.012424   0.000000   0.035919
        6.4809 4   0.000642   0.000642   0.360911    0.048111   0.000000  -0.744432   0.000000  -0.049000  -0.019336   0.000000   0.033823
        6.5349 4   0.000261   0.000261   0.314814    0.082556   0.000000  -0.752544   0.000000  -0.044807  -0.022144   0.000000   0.032521
        6.5159 5   0.000375   0.000375   0.337133    0.072443   0.000000  -0.735700   0.000000  -0.059089  -0.019781   0.000000   0.034257
        6.2240 5   0.004754   0.004754   0.312556    0.047495   0.000000  -0.663220   0.000000  -0.047302  -0.013435   0.000000   0.038096
        6.6344 5   0.000001   0.000001   0.343789    0.042668   0.000000  -0.692794   0.000000  -0.050196  -0.022084   0.000000   0.034664
        6.5420 5   0.000223   0.000223   0.366307    0.025956   0.000000  -0.681015   0.000000  -0.048180  -0.018286   0.000000   0.034291
        6.4695 6   0.000743   0.000743   0.330377    0.038994   0.000225  -0.648902   0.000000  -0.059974  -0.019168   0.000000   0.030228
        6.3819 5   0.001776   0.001776   0.316109    0.044337   0.000000  -0.681423   0.000132  -0.062565  -0.017565   0.000000   0.041758
        6.5216 6   0.000339   0.000339   0.336763    0.040011   0.000000  -0.664402   0.000000  -0.065244  -0.026356   0.000000   0.037837
        6.5424 5   0.000221   0.000221   0.296181    0.063607   0.000000  -0.666514   0.000000  -0.049757  -0.016206   0.000000   0.039652
        6.6047 5   0.000019   0.000019   0.330171    0.045995   0.000000  -0.676411   0.000033  -0.061949  -0.025459   0.000000   0.035776
        6.8251 6   0.001098   0.001098   0.339831    0.050634   0.000000  -0.656990   0.000049  -0.057858  -0.021299   0.000000   0.033505
        6.9300 5   0.002596   0.002596   0.359226    0.039852   0.000000  -0.652809   0.000000  -0.050262  -0.017044   0.000000   0.035005
        7.0270 3   0.004546   0.004546   0.339433    0.046825   0.000000  -0.623394   0.000000  -0.029914  -0.012986   0.000000   0.034837
        6.7614 4   0.000498   0.000498   0.387167    0.042114   0.000000  -0.627192   0.000000  -0.051169  -0.021453   0.000000   0.033773
        6.6130 2   0.000008   0.000008   0.366316    0.044715   0.000000  -0.602477   0.000000  -0.023129  -0.015358   0.000000   0.038734
        7.0283 3   0.004577   0.004577   0.315364    0.044508   0.000661  -0.604754   0.000000  -0.035435  -0.015999   0.000000   0.033005
        6.5906 3   0.000045   0.000045   0.305124    0.057643   0.000000  -0.630680   0.000000  -0.033210  -0.010322   0.000000   0.031694
        6.5631 3   0.000129   0.000129   0.356517    0.037294   0.000000  -0.631334   0.000000  -0.029260  -0.013905   0.000000   0.028430
        6.4467 4   0.000969   0.000969   0.362432    0.042276   0.000000  -0.694347   0.000000  -0.034976  -0.012019   0.000000   0.030129
        6.2336 3   0.004532   0.004532   0.369036    0.046565   0.000000  -0.733520   0.000000  -0.039292  -0.017913   0.000000   0.035346
        6.3478 4   0.002297   0.002297   0.319325    0.062258   0.000000  -0.706911   0.000000  -0.036739  -0.012017   0.000000   0.029674
        6.5029 4   0.000466   0.000466   0.332180    0.052695   0.000000  -0.704780   0.000000  -0.052102  -0.013131   0.000000   0.030150
        6.6097 3   0.000012   0.000012   0.314402    0.053316   0.000000  -0.747680   0.000000  -0.033216  -0.011983   0.000000   0.036167
        6.2310 3   0.004591   0.004591   0.320518    0.068188   0.000000  -0.789873   0.000000  -0.036949  -0.013906   0.000000   0.035348
        6.6627 4   0.000031   0.000031   0.350378    0.042955   0.000118  -0.799006   0.000000  -0.042478  -0.017433   0.000000   0.033608
        6.6455 4   0.000007   0.000007   0.306458    0.049001   0.000000  -0.768512   0.000000  -0.042516  -0.015733   0.000000   0.034334
        7.0115 2   0.004199   0.004199   0.322769    0.042622   0.000000  -0.791704   0.000000  -0.025403  -0.017160   0.000000   0.031415
        6.7178 2   0.000222   0.000222   0.360193    0.054825   0.000000  -0.809891   0.000000  -0.022093  -0.011428   0.000000   0.036756
        6.9167 3   0.002370   0.002370   0.308638    0.040853   0.000000  -0.730797   0.000000  -0.030242  -0.012151   0.000000   0.032090
        6.7616 3   0.000500   0.000500   0.326264    0.061367   0.000000  -0.765492   0.000000  -0.040355  -0.017910   0.000000   0.028550
        7.1273 3   0.007133   0.007133   0.317528    0.035654   0.000000  -0.705650   0.000000  -0.039637  -0.016723   0.000000   0.032040
        6.6246 2   0.000001   0.000001   0.354325    0.043078   0.000000  -0.724684   0.000000  -0.028640  -0.010773   0.000000   0.032262
        6.5496 3   0.000186   0.000186   0.287426    0.044322   0.000740  -0.725522   0.000000  -0.036839  -0.009447   0.000000   0.035719
        6.7753 3   0.000609   0.000609   0.305707    0.037814   0.000000  -0.724289   0.000000  -0.039066  -0.010285   0.000000   0.032265
        6.7218 3   0.000243   0.000243   0.346094    0.064645   0.000000  -0.788881   0.000000  -0.029069  -0.009815   0.000000   0.033529
        6.6387 2   0.000002   0.000002   0.317512    0.031552   0.000104  -0.752860   0.000000  -0.027689  -0.013576   0.000000   0.032633
        6.7021 3   0.000150   0.000150   0.343278    0.058490   0.000088  -0.801883   0.000000  -0.027363  -0.009583   0.000000   0.032078
        6.4277 3   0.001180   0.001180   0.342682    0.051433   0.000000  -0.740340   0.000000  -0.034469  -0.007109   0.000000   0.032673
        6.5709 2   0.000101   0.000101   0.328391    0.061132   0.000000  -0.750996   0.000000  -0.029398  -0.005050   0.000000   0.034132
        6.8191 2   0.001031   0.001031   0.363425    0.051182   0.000000  -0.771138   0.000000  -0.018439  -0.005985   0.000000   0.033205
        6.4523 2   0.000910   0.000910   0.380544    0.038213   0.000000  -0.777082   0.000000  -0.025306  -0.012543   0.000000   0.032917
        6.5314 1   0.000280   0.000280   0.334067    0.072704   0.000012  -0.800567   0.000019  -0.013151  -0.008991   0.000000   0.031108
        6.6133 2   0.000008   0.000008   0.330768    0.058736   0.000000  -0.737759   0.000000  -0.028560  -0.004816  -0.000000   0.035792
        6.5109 2   0.000410   0.000410   0.319674    0.056408   0.000639  -0.732770   0.000000  -0.020619  -0.004691   0.000000   0.034993
        6.8244 2   0.001090   0.001090   0.280238    0.055158   0.000000  -0.690065   0.000000  -0.030754  -0.005456   0.000000   0.032169
        6.6188 1   0.000004   0.000004   0.320614    0.050246   0.000000  -0.741475   0.000000  -0.018731  -0.005394   0.000000   0.032482
        6.3510 2   0.002245   0.002245   0.334749    0.070142   0.000060  -0.747416   0.000000  -0.019360  -0.006126   0.000000   0.036688
        6.9397 2   0.002767   0.002767   0.317994    0.052239   0.000000  -0.660773   0.000000  -0.029023  -0.007095   0.000000   0.034848
        6.6631 2   0.000032   0.000032   0.316820    0.052743   0.000000  -0.656919   0.000000  -0.024736  -0.006817  -0.005594   0.031018
        6.8417 2   0.001293   0.001293   0.349471    0.042466   0.000000  -0.681147   0.000000  -0.021191  -0.009597   0.000000   0.027753
        6.6679 1   0.000041   0.000041   0.347034    0.047786   0.000000  -0.738842   0.000000  -0.010980  -0.009934   0.000000   0.032958
        6.7613 3   0.000497   0.000497   0.346170    0.051732   0.001366  -0.759074   0.000000  -0.035716  -0.012343  -0.000000   0.035624
        6.3750 2   0.001876   0.001876   0.339704    0.049007   0.000000  -0.780055   0.000000  -0.020026  -0.007091   0.000000   0.033867
        6.7586 2   0.000477   0.000477   0.318608    0.041437   0.000000  -0.785317   0.000000  -0.028374  -0.006330   0.000000   0.033388
        6.7439 3   0.000374   0.000374   0.286272    0.055300   0.000000  -0.767912   0.000000  -0.034730  -0.011748   0.000000   0.034930
        6.7148 1   0.000207   0.000207   0.327550    0.039355   0.000000  -0.764335   0.000000  -0.017480  -0.003585   0.000000   0.031554
        7.0075 3   0.004112   0.004112   0.340910    0.066098   0.000000  -0.798335   0.000000  -0.025563  -0.011340   0.000000   0.032894
        6.5938 3   0.000038   0.000038   0.316657    0.051886   0.000000  -0.749878   0.000000  -0.027551  -0.014278   0.000000   0.035674
        6.3333 2   0.002540   0.002540   0.326319    0.030286   0.000000  -0.748012   0.000000  -0.023759  -0.012215   0.000000   0.038277
        6.5600 2   0.000141   0.000141   0.404116    0.047460   0.000000  -0.844416   0.000000  -0.028173  -0.012753   0.000000   0.034453
        6.4269 1   0.001190   0.001190   0.307989    0.045765   0.000000  -0.781178   0.000000  -0.015166  -0.008177   0.000000   0.035782
        6.7365 0   0.000327   0.000327   0.291297    0.054540   0.000000  -0.732494   0.000000   0.000000  -0.000000   0.000000   0.027714
        6.7183 0   0.000225   0.000225   0.298015    0.058407   0.000000  -0.757004   0.000000   0.000000   0.000000   0.000000   0.031051
        6.6773 0   0.000065   0.000065   0.323750    0.035943   0.000000  -0.774755   0.000000   0.000000   0.000000   0.000000   0.028900
        6.6468 0   0.000008   0.000008   0.274814    0.071784   0.000000  -0.735078   0.000000   0.000000   0.000000   0.000000   0.030424
        6.7067 0   0.000170   0.000170   0.329046    0.045878   0.000000  -0.744608   0.000000   0.000000  -0.000000   0.000000   0.027761
        6.4737 0   0.000704   0.000704   0.347575    0.058100   0.000000  -0.772333   0.000000   0.000000  -0.000179   0.000000   0.030680
        6.5397 0   0.000235   0.000235   0.346366    0.034163   0.000000  -0.724825   0.000000   0.000000   0.000000   0.000000   0.028258
        6.6371 0   0.000001   0.000001   0.324786    0.053542   0.000000  -0.675568   0.000000   0.000000   0.000000   0.000000   0.028171
        6.7040 0   0.000158   0.000158   0.315601    0.065476   0.000000  -0.701088   0.003586   0.000000   0.000000   0.000000   0.034416
        7.0721 0   0.005639   0.005639   0.341548    0.041109   0.000000  -0.741425   0.000000   0.000000  -0.000004   0.000000   0.033118
        6.5511 0   0.000179   0.000179   0.320188    0.042707   0.000000  -0.718675   0.000000   0.000000   0.000000   0.000000   0.025082
        6.6668 0   0.000039   0.000039   0.353638    0.056042   0.000000  -0.635310   0.000000   0.000000   0.000000   0.000000   0.029438
        6.3312 0   0.002576   0.002576   0.335584    0.073800   0.000000  -0.598965   0.000000   0.000000   0.000000   0.000000   0.027013
        6.5323 0   0.000275   0.000275   0.337698    0.060803   0.000000  -0.646840   0.000000   0.000000   0.000000   0.000000   0.025342
        6.8209 0   0.001052   0.001052   0.337952    0.052137   0.000000  -0.659844   0.000000   0.000000   0.000000   0.000000   0.029312
        6.5564 0   0.000156   0.000156   0.352774    0.041587   0.000000  -0.648024   0.000000   0.000000   0.000000   0.000000   0.025179
        6.5911 0   0.000044   0.000044   0.369978    0.043114   0.000000  -0.681069   0.000000   0.000000   0.000000   0.000000   0.030380
        6.8747 0   0.001727   0.001727   0.361586    0.054873   0.000000  -0.698767   0.000000   0.000000   0.000000   0.000000   0.035310
        6.7143 0   0.000205   0.000205   0.353547    0.060928   0.002200  -0.689253   0.000000   0.000000   0.000000   0.000000   0.026784
        6.4016 0   0.001505   0.001505   0.295311    0.039709   0.000000  -0.640993   0.000000   0.000000   0.000000   0.000000   0.026716
        7.0397 0   0.004843   0.004843   0.322101    0.065134   0.000000  -0.650178   0.000000   0.000000   0.000000   0.000000   0.028277
        6.6046 0   0.000019   0.000019   0.366624    0.049939   0.000000  -0.700100   0.002406   0.000000   0.000000   0.000000   0.033137
        6.7150 0   0.000208   0.000208   0.296530    0.042715   0.000000  -0.605806   0.000000   0.000000   0.000000   0.000000   0.025518
        6.6707 0   0.000048   0.000048   0.364356    0.037809   0.000000  -0.671845   0.000000   0.000000   0.000000   0.000000   0.028838
        6.6558 0   0.000019   0.000019   0.332918    0.079693   0.000000  -0.712769   0.000000   0.000000   0.000000   0.000000   0.031447
        6.6097 0   0.000012   0.000012   0.347368    0.048599   0.000000  -0.656742   0.000000   0.000000  -0.000000   0.000000   0.028787
        6.7561 0   0.000458   0.000458   0.309271    0.072790   0.000110  -0.664890   0.000000   0.000000   0.000000   0.000000   0.030172
        6.6797 0   0.000071   0.000071   0.378774    0.064808   0.000000  -0.680427   0.000000   0.000000   0.000000   0.000000   0.030143
        6.4886 0   0.000577   0.000577   0.359713    0.047168   0.000000  -0.640136   0.000000   0.000000   0.000000   0.000000   0.027379
        6.4313 0   0.001138   0.001138   0.377077    0.032460   0.000000  -0.641922   0.000000   0.000000   0.000000   0.000000   0.028654
        6.3507 0   0.002250   0.002250   0.344344    0.046399   0.000000  -0.603452   0.000000   0.000000   0.000000   0.000000   0.029105
        6.6830 0   0.000081   0.000081   0.305984    0.067195   0.000000  -0.585273   0.000000   0.000000   0.000000   0.000000   0.026790
        6.4588 0   0.000845   0.000845   0.348237    0.057866   0.000000  -0.648384   0.000000   0.000000  -0.000001   0.000000   0.036298
        6.8792 0   0.001791   0.001791   0.325122    0.068444   0.003239  -0.628487   0.000000   0.000000   0.000000   0.000000   0.030433
        6.7468 0   0.000394   0.000394   0.340346    0.053403   0.000000  -0.650372   0.000000   0.000000   0.000000   0.000000   0.028156
        6.2080 0   0.005138   0.005138   0.391989    0.038314   0.000000  -0.623370   0.000000  -0.000001  -0.000605   0.000000   0.035087
        6.8989 0   0.002086   0.002086   0.328797    0.038686   0.000000  -0.600092   0.000000   0.000000   0.000000   0.000000   0.029939
        6.4800 0   0.000649   0.000649   0.319363    0.037715   0.000000  -0.614809   0.000000   0.000000   0.000000   0.000000   0.025770
        6.4698 0   0.000741   0.000741   0.336176    0.050386   0.000000  -0.626049   0.000000   0.000000   0.000000   0.000000   0.028119
        6.5732 0   0.000093   0.000093   0.324885    0.057359   0.000000  -0.593720   0.000000   0.000000   0.000000   0.000000   0.027488
        6.4827 0   0.000626   0.000626   0.304342    0.054169   0.000000  -0.564938   0.000667   0.000000   0.000000   0.000000   0.031298
        6.7416 0   0.000359   0.000359   0.303250    0.048726   0.000000  -0.577956   0.000000   0.000000   0.000000   0.000000   0.025987
        6.6464 0   0.000008   0.000008   0.323149    0.068175   0.000000  -0.587497   0.000000  -0.000000  -0.000197   0.000000   0.034733
        6.5292 0   0.000293   0.000293   0.366658    0.061320   0.000000  -0.602228   0.000004   0.000000   0.000000   0.000000   0.038026
        6.7332 0   0.000307   0.000307   0.343932    0.046168   0.000509  -0.551626   0.000000   0.000000   0.000000   0.000000   0.029068
        6.7401 0   0.000350   0.000350   0.305131    0.068259   0.000000  -0.538181   0.000000   0.000000   0.000000   0.000000   0.031895
        6.5943 0   0.000037   0.000037   0.271388    0.042942   0.002886  -0.503095   0.000000   0.000000   0.000000   0.000000   0.026283
        6.5017 0   0.000475   0.000475   0.339153    0.058032   0.000621  -0.616908   0.000000   0.000000  -0.000026   0.000000   0.027955
        6.5526 0   0.000173   0.000173   0.335837    0.055494   0.000000  -0.634452   0.000000   0.000000   0.000000   0.000000   0.029131
        6.4984 0   0.000499   0.000499   0.392677    0.062067   0.000000  -0.674302   0.000000   0.000000   0.000000   0.000000   0.023986
        6.6706 0   0.000047   0.000047   0.373604    0.051917   0.000000  -0.665737   0.000000   0.000000   0.000000   0.000000   0.028889
        6.7024 0   0.000151   0.000151   0.321325    0.056889   0.000000  -0.654279   0.000000   0.000000   0.000000   0.000000   0.031180
        6.7157 0   0.000212   0.000212   0.381010    0.046109   0.000000  -0.647699   0.000000   0.000000   0.000000   0.000000   0.027540
        6.8281 0   0.001132   0.001132   0.382349    0.057985   0.000000  -0.614127   0.000000   0.000000   0.000000   0.000000   0.029848
        6.6140 0   0.000007   0.000007   0.287606    0.081736   0.003778  -0.556160   0.000000   0.000000   0.000000   0.000000   0.027692
        6.5327 0   0.000273   0.000273   0.291444    0.058038   0.003179  -0.556115   0.000000   0.000000   0.000000   0.000000   0.029112
        6.7594 0   0.000483   0.000483   0.328120    0.029778   0.000000  -0.577522   0.001182   0.000000   0.000000   0.000000   0.033027
        6.6650 0   0.000035   0.000035   0.366453    0.063580   0.000000  -0.617343   0.000000   0.000000   0.000000   0.000000   0.031015
        6.9013 0   0.002124   0.002124   0.372090    0.039006   0.001121  -0.591655   0.000000   0.000000   0.000000   0.000000   0.033048
        6.9090 0   0.002245   0.002245   0.385933    0.072678   0.000000  -0.582707   0.000000   0.000000  -0.000006   0.000000   0.028898
        6.5604 0   0.000140   0.000140   0.359026    0.058142   0.000000  -0.563723   0.000000   0.000000   0.000000   0.000000   0.034902
        6.7215 0   0.000241   0.000241   0.338238    0.041133   0.001302  -0.526304   0.000000   0.000000   0.000000   0.000000   0.031381
        6.5700 0   0.000104   0.000104   0.398653    0.058100   0.000000  -0.600696   0.000000   0.000000   0.000000   0.000000   0.029227
        6.5203 0   0.000347   0.000347   0.327447    0.040342   0.000000  -0.615653   0.000000   0.000000   0.000000   0.000000   0.030893
        7.0190 0   0.004364   0.004364   0.289263    0.040357   0.000055  -0.654777   0.000000   0.000000   0.000000   0.000000   0.030229
        6.4210 0   0.001261   0.001261   0.324440    0.054973   0.000000  -0.649540   0.000000   0.000000   0.000000   0.000000   0.032311
        6.7668 0   0.000540   0.000540   0.333929    0.056985   0.000000  -0.624852   0.000000   0.000000   0.000000   0.000000   0.025701
        6.7502 0   0.000417   0.000417   0.363696    0.064995   0.000000  -0.590414   0.000000   0.000000   0.000000   0.000000   0.027658
        6.4548 0   0.000885   0.000885   0.355676    0.043654   0.000000  -0.575008   0.000000   0.000000   0.000000   0.000000   0.029505
        6.5548 0   0.000163   0.000163   0.365523    0.046760   0.000000  -0.575620   0.000000   0.000000   0.000000   0.000000   0.032837
        6.8634 0   0.001572   0.001572   0.327291    0.050179   0.000000  -0.566871   0.000000   0.000000   0.000000   0.000000   0.030299
        6.3286 0   0.002621   0.002621   0.319773    0.039209   0.000557  -0.517236   0.000000   0.000000  -0.000000  -0.012890   0.034280
        6.8922 0   0.001984   0.001984   0.333365    0.048361   0.000000  -0.550235   0.000000   0.000000   0.000000   0.000000   0.032457
        6.4202 0   0.001269   0.001269   0.348524    0.056907   0.000000  -0.617196   0.000364   0.000000  -0.000047   0.000000   0.033908
        6.9914 0   0.003768   0.003768   0.304695    0.057690   0.000954  -0.624477   0.000000   0.000000  -0.000000   0.000000   0.028434
        6.4054 0   0.001455   0.001455   0.355890    0.051305   0.000000  -0.650276   0.000000   0.000000   0.000000   0.000000   0.026147
        6.4157 0   0.001325   0.001325   0.347792    0.065870   0.000000  -0.632112   0.000000   0.000000  -0.000070   0.000000   0.031092
        6.8028 0   0.000861   0.000861   0.354907    0.070090   0.000000  -0.614923   0.000039   0.000000   0.000000   0.000000   0.027906
        6.6805 0   0.000073   0.000073   0.361794    0.050326   0.000000  -0.597874   0.000000   0.000000   0.000000   0.000000   0.030540
        6.4754 0   0.000689   0.000689   0.300694    0.046196   0.000000  -0.548460   0.000040   0.000000   0.000000   0.000000   0.033697
        6.7772 0   0.000625   0.000625   0.316880    0.057280   0.000000  -0.562806   0.000000   0.000000   0.000000   0.000000   0.029857
        6.6676 0   0.000041   0.000041   0.292625    0.034709   0.000000  -0.569047   0.000000   0.000000   0.000000   0.000000   0.032610
        6.8284 0   0.001135   0.001135   0.281132    0.044579   0.000000  -0.574107   0.000000   0.000000   0.000000   0.000000   0.027927
        6.4497 0   0.000938   0.000938   0.269669    0.048882   0.000000  -0.598138   0.000000   0.000000   0.000000   0.000000   0.031455
        6.7384 0   0.000339   0.000339   0.316600    0.050487   0.000000  -0.634469   0.000000   0.000000  -0.000045   0.000000   0.028012
        6.9536 0   0.003022   0.003022   0.331649    0.045176   0.000000  -0.662151   0.000000   0.000000   0.000000   0.000000   0.029123
        6.6893 0   0.000102   0.000102   0.299294    0.046300   0.000000  -0.638454   0.000000   0.000000   0.000000   0.000000   0.028201
        6.5312 0   0.000281   0.000281   0.328950    0.063101   0.000000  -0.669815   0.000000   0.000000   0.000000   0.000000   0.026343
        6.6789 0   0.000069   0.000069   0.348575    0.037086   0.000953  -0.662817   0.000000   0.000000   0.000000   0.000000   0.027095
        6.4462 0   0.000975   0.000975   0.306099    0.043124   0.000000  -0.656602   0.000000   0.000000   0.000000   0.000000   0.032232
        6.8860 0   0.001891   0.001891   0.346433    0.047511   0.000000  -0.682837   0.000000   0.000000  -0.000328   0.000000   0.027520
        6.8729 0   0.001701   0.001701   0.334443    0.076996   0.000000  -0.704425   0.000000   0.000000   0.000000  -0.012359   0.028102
        6.1819 0   0.005793   0.005793   0.354333    0.034672   0.003050  -0.714453   0.000000   0.000000   0.000000   0.000000   0.025108
        6.5196 0   0.000352   0.000352   0.333237    0.055815   0.000000  -0.762942   0.000000   0.000000  -0.000001   0.000000   0.034531
        6.9104 0   0.002268   0.002268   0.324352    0.051118   0.000000  -0.754604   0.000000   0.000000   0.000000   0.000000   0.028605
        6.6983 0   0.000135   0.000135   0.329660    0.053589   0.000000  -0.771854   0.000000   0.000000   0.000000   0.000000   0.029058
        6.7530 0   0.000436   0.000436   0.362598    0.061179   0.000000  -0.856579   0.000000   0.000000   0.000000   0.000000   0.033404
        6.6764 0   0.000062   0.000062   0.290912    0.043963   0.000000  -0.793433   0.000000   0.000000   0.000000   0.000000   0.026138
        6.4206 0   0.001264   0.001264   0.273287    0.039316   0.000000  -0.790578   0.000000   0.000000   0.000000   0.000000   0.023869
        6.7302 0   0.000290   0.000290   0.304152    0.053085   0.000000  -0.796371   0.000000   0.000000  -0.000003   0.000000   0.026982
        6.5634 0   0.000128   0.000128   0.356769    0.035675   0.000000  -0.799347   0.000000   0.000000   0.000000   0.000000   0.028789
        6.3668 0   0.001998   0.001998   0.334681    0.045263   0.000000  -0.844382   0.000000   0.000000   0.000000   0.000000   0.024432
        6.3904 0   0.001656   0.001656   0.315858    0.046491   0.000000  -0.829185   0.000977   0.000000   0.000000   0.000000   0.028686
        6.7891 0   0.000731   0.000731   0.331652    0.056139   0.000000  -0.826664   0.000000   0.000000   0.000000   0.000000   0.029039
        6.4845 0   0.000611   0.000611   0.316008    0.056167   0.000511  -0.777873   0.000000   0.000000   0.000000   0.000000   0.029157
        6.6726 0   0.000052   0.000052   0.293116    0.024245   0.000000  -0.749022   0.000000   0.000000  -0.000033   0.000000   0.027065
        6.7552 0   0.000452   0.000452   0.305811    0.051180   0.000000  -0.760384   0.000000   0.000000   0.000000   0.000000   0.033744
        6.3432 0   0.002373   0.002373   0.344355    0.063228   0.000000  -0.760477   0.000000   0.000000   0.000000   0.000000   0.028978
        6.5821 0   0.000066   0.000066   0.326284    0.035590   0.000000  -0.689643   0.000000   0.000000   0.000000   0.000000   0.029690
        6.9191 0   0.002410   0.002410   0.329901    0.040922   0.000000  -0.710618   0.000000   0.000000   0.000000   0.000000   0.031343
        6.5680 0   0.000111   0.000111   0.319762    0.044292   0.000000  -0.708615   0.000000   0.000000   0.000000   0.000000   0.028880
        6.6084 0   0.000013   0.000013   0.300993    0.037739   0.000000  -0.692089   0.000000   0.000000   0.000000   0.000000   0.028118
        6.6288 0   0.000000   0.000000   0.341634    0.041750   0.000000  -0.732125   0.000000   0.000000   0.000000   0.000000   0.033387
        6.4528 0   0.000906   0.000906   0.358257    0.053693   0.000000  -0.763839   0.000000   0.000000   0.000000   0.000000   0.030698
        6.7957 0   0.000792   0.000792   0.335220    0.054524   0.000000  -0.783242   0.000000   0.000000   0.000000   0.000000   0.034555
        6.6603 0   0.000026   0.000026   0.394806    0.052243   0.000698  -0.775632   0.000000   0.000000   0.000000   0.000000   0.028560
        6.6806 0   0.000074   0.000074   0.336041    0.059752   0.000000  -0.718119   0.000000   0.000000  -0.000000   0.000000   0.028520
        6.5237 0   0.000326   0.000326   0.352334    0.035635   0.000000  -0.700800   0.000000   0.000000  -0.000358   0.000000   0.026512
        6.7751 0   0.000607   0.000607   0.309753    0.050148   0.000000  -0.670669   0.000000   0.000000   0.000000   0.000000   0.032240
        6.5754 0   0.000086   0.000086   0.319699    0.048942   0.000000  -0.689662   0.000000   0.000000   0.000000   0.000000   0.031623
        6.5937 0   0.000038   0.000038   0.314650    0.046668   0.000000  -0.677134   0.000000   0.000000   0.000000   0.000000   0.031698
        7.0121 0   0.004212   0.004212   0.340080    0.055172   0.000000  -0.672738   0.002156   0.000000   0.000000   0.000000   0.035239
        6.6196 0   0.000003   0.000003   0.342571    0.037930   0.000000  -0.691313   0.000166   0.000000   0.000000   0.000000   0.029477
        6.6387 0   0.000002   0.000002   0.322396    0.049792   0.000000  -0.641386   0.000000   0.000000   0.000000   0.000000   0.027944
        6.7479 0   0.000401   0.000401   0.341897    0.084623   0.000000  -0.752100   0.000000   0.000000   0.000000   0.000000   0.031136
        6.7856 0   0.000698   0.000698   0.350591    0.054066   0.000000  -0.712397   0.000000   0.000000   0.000000   0.000000   0.031739
        6.4995 0   0.000491   0.000491   0.334261    0.073250   0.000000  -0.714080   0.000000   0.000000   0.000000   0.000000   0.027754
        6.6474 0   0.000009   0.000009   0.345689    0.042410   0.000000  -0.640029   0.000000   0.000000   0.000000   0.000000   0.029867
        6.7050 0   0.000162   0.000162   0.394516    0.045157   0.000836  -0.658153   0.000000   0.000000   0.000000  -0.004899   0.032837
        6.9293 0   0.002585   0.002585   0.331530    0.061402   0.000000  -0.637909   0.000000   0.000000  -0.001920   0.000000   0.026674
        6.5893 0   0.000048   0.000048   0.333382    0.058999   0.000000  -0.654144   0.000000   0.000000  -0.000005   0.000000   0.038803
        6.5103 0   0.000413   0.000413   0.369687    0.052715   0.000000  -0.688383   0.000000   0.000000   0.000000   0.000000   0.033316
        6.5147 0   0.000384   0.000384   0.363054    0.053673   0.000000  -0.665401   0.000000   0.000000  -0.000076   0.000000   0.034172
        6.8664 0   0.001612   0.001612   0.391283    0.062321   0.000000  -0.730147   0.000000   0.000000   0.000000   0.000000   0.026258
        6.6974 0   0.000131   0.000131   0.354146    0.057170   0.000000  -0.685059   0.000000   0.000000   0.000000   0.000000   0.028451
        6.4001 0   0.001525   0.001525   0.335474    0.055941   0.000000  -0.678398   0.000000   0.000000   0.000000   0.000000   0.028135
        6.8092 0   0.000926   0.000926   0.358377    0.045388   0.000000  -0.706127   0.000000   0.000000  -0.000001   0.000000   0.031592
        6.6546 0   0.000017   0.000017   0.380559    0.031873   0.000000  -0.695916   0.000000   0.000000   0.000000   0.000000   0.029984
        6.8225 0   0.001069   0.001069   0.335155    0.046845   0.000113  -0.721650   0.000000   0.000000   0.000000   0.000000   0.030244
        6.7064 0   0.000169   0.000169   0.364174    0.036774   0.000000  -0.747206   0.000000   0.000000   0.000000   0.000000   0.029568
        6.5655 0   0.000120   0.000120   0.317818    0.059439   0.000000  -0.729469   0.000000   0.000000  -0.000430   0.000000   0.032145
        6.6463 0   0.000008   0.000008   0.315627    0.043056   0.000000  -0.695658   0.000000   0.000000   0.000000   0.000000   0.028815
        6.7371 0   0.000331   0.000331   0.289648    0.045297   0.000000  -0.699040   0.000000   0.000000   0.000000   0.000000   0.027189
        6.4045 0   0.001466   0.001466   0.300607    0.046475   0.000000  -0.709941   0.000000   0.000000   0.000000   0.000000   0.028013
        6.6761 0   0.000061   0.000061   0.322142    0.042797   0.000000  -0.723578   0.000000   0.000000   0.000000   0.000000   0.030823
        6.3811 0   0.001787   0.001787   0.316050    0.061881   0.000000  -0.705296   0.000000   0.000000   0.000000   0.000000   0.025793
        6.6947 0   0.000121   0.000121   0.315463    0.068009   0.000000  -0.680265   0.000000   0.000000   0.000000   0.000000   0.022571
        6.7820 0   0.000667   0.000667   0.327318    0.044362   0.000000  -0.699324   0.000000   0.000000   0.000000   0.000000   0.030784
        6.7062 0   0.000168   0.000168   0.284522    0.045501   0.000000  -0.692038   0.000000   0.000000   0.000000   0.000000   0.026977
        6.7858 0   0.000700   0.000700   0.338220    0.033086   0.001458  -0.698540   0.000000   0.000000  -0.000000   0.000000   0.032263
        6.6888 0   0.000100   0.000100   0.325238    0.044076   0.000000  -0.703310   0.000000  -0.000748  -0.000700   0.000000   0.032774
        6.5023 0   0.000470   0.000470   0.362889    0.047506   0.000000  -0.770252   0.000000   0.000000   0.000000   0.000000   0.029840
        6.5192 0   0.000354   0.000354   0.354248    0.044506   0.000000  -0.772930   0.000001   0.000000   0.000000   0.000000   0.032913
        6.6054 0   0.000017   0.000017   0.341491    0.053478   0.000000  -0.744597   0.000000   0.000000   0.000000   0.000000   0.029183
        6.7746 0   0.000603   0.000603   0.339409    0.036444   0.000000  -0.711597   0.000000   0.000000   0.000000   0.000000   0.029948
        6.2650 0   0.003842   0.003842   0.326207    0.037749   0.000000  -0.709075   0.000000   0.000000   0.000000   0.000000   0.031435
        6.8927 0   0.001991   0.001991   0.350373    0.049669   0.000000  -0.719354   0.000000   0.000000  -0.000075   0.000000   0.026709
        6.6801 0   0.000072   0.000072   0.367923    0.053244   0.000000  -0.686295   0.000000   0.000000   0.000000   0.000000   0.029038
        6.5232 0   0.000329   0.000329   0.325377    0.049173   0.000000  -0.674022   0.000000   0.000000   0.000000   0.000000   0.030169
        6.5074 0   0.000433   0.000433   0.353572    0.039962   0.000000  -0.668142   0.000000   0.000000   0.000000   0.000000   0.030248
        6.7588 0   0.000479   0.000479   0.366066    0.053350   0.000000  -0.678443   0.000276   0.000000   0.000000   0.000000   0.030203
        6.7817 0   0.000663   0.000663   0.333189    0.051127   0.000000  -0.646938   0.000000   0.000000  -0.000000   0.000000   0.033813
        6.1333 0   0.007116   0.007116   0.366389    0.069485   0.000000  -0.697393   0.000000  -0.012605  -0.002382   0.000000   0.028596
        6.5401 0   0.000233   0.000233   0.281391    0.040699   0.000000  -0.599415   0.000000  -0.018066  -0.000599   0.000000   0.030733
        6.6431 0   0.000005   0.000005   0.349119    0.029279   0.000726  -0.645711   0.000000   0.000000   0.000000   0.000000   0.029592
        6.2651 0   0.003841   0.003841   0.324174    0.036208   0.000000  -0.633784   0.000027   0.000000   0.000000   0.000000   0.028280
        6.8307 0   0.001162   0.001162   0.350292    0.049994   0.000000  -0.626819   0.000000   0.000000   0.000000   0.000000   0.029029
        6.6664 0   0.000038   0.000038   0.327585    0.037053   0.000000  -0.637495   0.000000   0.000000   0.000000   0.000000   0.029407
        6.5911 0   0.000044   0.000044   0.330983    0.068994   0.000000  -0.687240   0.000000   0.000000   0.000000   0.000000   0.027576
        6.8453 0   0.001338   0.001338   0.356365    0.055845   0.000000  -0.694856   0.000000   0.000000   0.000000   0.000000   0.025579
        6.5328 0   0.000273   0.000273   0.338439    0.045154   0.000000  -0.705354   0.000000   0.000000   0.000000   0.000000   0.030592
        6.6842 0   0.000085   0.000085   0.345442    0.041937   0.000000  -0.704368   0.000000   0.000000  -0.001314   0.000000   0.030685
        6.9301 0   0.002599   0.002599   0.342965    0.060428   0.001527  -0.746846   0.000000   0.000000  -0.000001   0.000000   0.031359
        6.6115 0   0.000010   0.000010   0.326594    0.055736   0.000000  -0.761187   0.000000   0.000000   0.000000   0.000000   0.038692
        6.6500 0   0.000011   0.000011   0.302467    0.045619   0.000000  -0.716495   0.000000   0.000000   0.000000   0.000000   0.029473
        6.3796 0   0.001808   0.001808   0.354768    0.030838   0.000000  -0.719683   0.000357   0.000000   0.000000   0.000000   0.032438
        6.5256 0   0.000314   0.000314   0.373537    0.052758   0.000000  -0.708168   0.000000   0.000000   0.000000   0.000000   0.029247
        6.5227 0   0.000332   0.000332   0.369356    0.056675   0.000118  -0.712749   0.000000   0.000000   0.000000   0.000000   0.026817
        6.8314 0   0.001170   0.001170   0.379090    0.043175   0.000000  -0.718393   0.000000   0.000000  -0.002275   0.000000   0.035661
        6.6458 0   0.000007   0.000007   0.312362    0.029751   0.000000  -0.566647   0.000000   0.000000   0.000000   0.000000   0.028988
        6.6611 0   0.000028   0.000028   0.316633    0.045249   0.000000  -0.617004   0.000000   0.000000   0.000000   0.000000   0.031027
        6.6018 0   0.000023   0.000023   0.346381    0.054532   0.000000  -0.672380   0.000000   0.000000   0.000000   0.000000   0.032459
        6.7152 0   0.000209   0.000209   0.341372    0.067333   0.004337  -0.684040   0.000000   0.000000   0.000000   0.000000   0.026811
        6.5063 0   0.000441   0.000441   0.358713    0.048515   0.000000  -0.688985   0.001451   0.000000   0.000000   0.000000   0.027378
        6.7666 0   0.000538   0.000538   0.329226    0.040107   0.000000  -0.665166   0.000000   0.000000  -0.000000   0.000000   0.030627
        6.2905 0   0.003325   0.003325   0.338659    0.062212   0.000000  -0.738625   0.000000   0.000000   0.000000   0.000000   0.025927
        6.5995 0   0.000027   0.000027   0.343611    0.037749   0.000000  -0.740723   0.000000   0.000000   0.000000  -0.009442   0.027510
        6.9983 0   0.003912   0.003912   0.328265    0.052240   0.003958  -0.753747   0.000000   0.000000   0.000000   0.000000   0.026444
        6.4555 0   0.000879   0.000879   0.376569    0.048316   0.000000  -0.745072   0.000000   0.000000   0.000000   0.000000   0.030569
        6.6363 0   0.000001   0.000001   0.362703    0.047300   0.000000  -0.738025   0.000000   0.000000   0.000000   0.000000   0.029084
        6.9988 0   0.003924   0.003924   0.310601    0.058749   0.000055  -0.654062   0.000000   0.000000  -0.000066   0.000000   0.029645
        6.4750 0   0.000693   0.000693   0.385265    0.041468   0.000000  -0.648537   0.000000   0.000000   0.000000   0.000000   0.030453
        6.8547 0   0.001456   0.001456   0.359637    0.057501   0.000000  -0.685588   0.000000   0.000000   0.000000   0.000000   0.028082
        6.7399 0   0.000348   0.000348   0.337475    0.063048   0.000000  -0.646006   0.000000   0.000000   0.000000   0.000000   0.027715
        6.3154 0   0.002855   0.002855   0.316569    0.063918   0.000000  -0.668804   0.000000   0.000000   0.000000   0.000000   0.026611
        6.6056 0   0.000017   0.000017   0.314841    0.038696   0.000000  -0.649513   0.000000   0.000000   0.000000   0.000000   0.030574
        6.6011 0   0.000024   0.000024   0.316290    0.058974   0.000001  -0.675153   0.000000   0.000000   0.000000   0.000000   0.029553
        6.7033 0   0.000155   0.000155   0.363939    0.060253   0.000000  -0.650617   0.000000   0.000000   0.000000   0.000000   0.026865
        6.3929 0   0.001622   0.001622   0.318730    0.053266   0.000000  -0.667048   0.000000   0.000000   0.000000   0.000000   0.034351
        6.7604 0   0.000490   0.000490   0.355521    0.043128   0.000000  -0.643001   0.000000   0.000000   0.000000   0.000000   0.030968
        6.9389 0   0.002752   0.002752   0.355320    0.059316   0.000000  -0.678196   0.000000   0.000000   0.000000   0.000000   0.035169
        6.5901 0   0.000046   0.000046   0.368613    0.035800   0.000000  -0.706465   0.000000   0.000000   0.000000   0.000000   0.031347
        6.5976 0   0.000030   0.000030   0.338942    0.051654   0.000000  -0.674325   0.000000   0.000000  -0.000000   0.000000   0.034991
        6.6731 0   0.000054   0.000054   0.321684    0.053117   0.000000  -0.625303   0.000000   0.000000   0.000000   0.000000   0.032503
        6.3665 0   0.002002   0.002002   0.290770    0.055752   0.000000  -0.570714   0.000000   0.000000  -0.000096   0.000000   0.032161
        6.8666 0   0.001615   0.001615   0.326917    0.031326   0.000000  -0.569137   0.000000   0.000000   0.000000   0.000000   0.030849
        6.5481 0   0.000194   0.000194   0.358066    0.056271   0.000000  -0.673013   0.000000   0.000000   0.000000   0.000000   0.033196
        6.7282 0   0.000278   0.000278   0.332049    0.025941   0.000000  -0.690506   0.000000   0.000000   0.000000   0.000000   0.031056
        6.7070 0   0.000171   0.000171   0.274280    0.058984   0.000000  -0.683298   0.000000   0.000000   0.000000   0.000000   0.023436
        6.6091 0   0.000013   0.000013   0.293191    0.060127   0.000000  -0.701788   0.000000   0.000000   0.000000   0.000000   0.032013
        6.7487 0   0.000406   0.000406   0.365628    0.043183   0.000000  -0.715190   0.000000   0.000000   0.000000   0.000000   0.030538
        6.8930 0   0.001996   0.001996   0.356873    0.050269   0.001012  -0.768355   0.000000   0.000000   0.000000   0.000000   0.026625
        6.3085 0   0.002982   0.002982   0.337493    0.038432   0.000000  -0.757805   0.000000   0.000000   0.000000   0.000000   0.031218
        6.5492 0   0.000188   0.000188   0.362082    0.037610   0.000000  -0.769279   0.000000   0.000000   0.000000   0.000000   0.027638
        6.7203 0   0.000235   0.000235   0.333600    0.039711   0.000000  -0.724110   0.000000   0.000000  -0.000000   0.000000   0.029423
        6.6751 0   0.000059   0.000059   0.333032    0.035624   0.000000  -0.730241   0.000000   0.000000  -0.000570   0.000000   0.026842
        6.6868 0   0.000093   0.000093   0.348813    0.072208   0.000000  -0.746431   0.000000   0.000000   0.000000   0.000000   0.034068
        6.5275 0   0.000303   0.000303   0.341224    0.050508   0.000000  -0.691719   0.000000   0.000000   0.000000   0.000000   0.029553
        6.7275 0   0.000274   0.000274   0.362209    0.035583   0.000000  -0.702956   0.000000   0.000000   0.000000   0.000000   0.036337
        6.4585 0   0.000848   0.000848   0.316048    0.055584   0.000144  -0.655933   0.000000   0.000000   0.000000   0.000000   0.030622
        6.8040 0   0.000873   0.000873   0.302597    0.056332   0.000000  -0.652951   0.000000  -0.010283  -0.001896   0.000000   0.031233
        6.6981 0   0.000134   0.000134   0.312815    0.059593   0.000150  -0.659281   0.000000   0.000000   0.000000   0.000000   0.030644
        6.4631 0   0.000804   0.000804   0.398191    0.044463   0.000000  -0.668875   0.000000   0.000000   0.000000   0.000000   0.026521
        6.6770 0   0.000064   0.000064   0.287007    0.033028   0.000000  -0.601242   0.000000   0.000000   0.000000   0.000000   0.027712
        7.0687 0   0.005551   0.005551   0.350921    0.041949   0.000006  -0.647480   0.000000   0.000000   0.000000   0.000000   0.030199
        6.7952 0   0.000788   0.000788   0.325721    0.065701   0.000000  -0.630207   0.000000   0.000000   0.000000   0.000000   0.031932
        6.7393 0   0.000344   0.000344   0.385327    0.056344   0.000000  -0.633704   0.000000   0.000000  -0.000000   0.000000   0.027190
        6.3910 0   0.001647   0.001647   0.344804    0.037408   0.000000  -0.563696   0.000000   0.000000   0.000000   0.000000   0.029056
        6.6840 0   0.000084   0.000084   0.342437    0.047797   0.000000  -0.628228   0.000000   0.000000   0.000000   0.000000   0.029875
        6.5324 0   0.000275   0.000275   0.293968    0.054471   0.000000  -0.617089   0.000000   0.000000   0.000000   0.000000   0.032458
        6.7573 0   0.000467   0.000467   0.299593    0.038632   0.000000  -0.591271   0.000000   0.000000   0.000000   0.000000   0.032084
        6.3782 0   0.001829   0.001829   0.290760    0.062502   0.000000  -0.586415   0.000000   0.000000  -0.000008   0.000000   0.032484
        6.8002 0   0.000836   0.000836   0.314238    0.056162   0.000000  -0.524192   0.000000   0.000000   0.000000   0.000000   0.030656
        6.7159 0   0.000213   0.000213   0.348506    0.056586   0.000000  -0.579250   0.000000   0.000000   0.000000   0.000000   0.033804
        6.5065 0   0.000440   0.000440   0.344091    0.052373   0.000000  -0.573758   0.003541   0.000000   0.000000  -0.009619   0.031994
        6.4260 0   0.001201   0.001201   0.335369    0.045844   0.000000  -0.574531   0.000000   0.000000   0.000000   0.000000   0.030194
        6.6490 0   0.000010   0.000010   0.301890    0.045713   0.000000  -0.576644   0.000000   0.000000   0.000000   0.000000   0.027046
        6.6684 0   0.000042   0.000042   0.336029    0.037212   0.000000  -0.641656   0.000000   0.000000  -0.001096   0.000000   0.030738
        6.6870 0   0.000094   0.000094   0.280925    0.032948   0.000000  -0.606719   0.000000   0.000000   0.000000   0.000000   0.029889
        6.6094 0   0.000012   0.000012   0.338568    0.081316   0.000000  -0.703741   0.001033   0.000000   0.000000   0.000000   0.030951
        6.8000 0   0.000833   0.000833   0.292494    0.047161   0.000000  -0.662202   0.000000   0.000000   0.000000   0.000000   0.025334
        6.5457 0   0.000205   0.000205   0.349966    0.052107   0.000000  -0.686393   0.000000   0.000000   0.000000   0.000000   0.028997
        6.6127 0   0.000009   0.000009   0.364813    0.044380   0.000519  -0.736475   0.000000   0.000000   0.000000   0.000000   0.036889
        6.6249 0   0.000001   0.000001   0.374093    0.063672   0.000000  -0.713678   0.001477   0.000000   0.000000   0.000000   0.028609
        6.6736 0   0.000055   0.000055   0.322289    0.031084   0.000000  -0.652900   0.000000   0.000000   0.000000   0.000000   0.030925
        6.4630 0   0.000805   0.000805   0.296118    0.047928   0.000000  -0.646414   0.000000   0.000000   0.000000   0.000000   0.026709
        6.9223 0   0.002464   0.002464   0.251673    0.040175   0.000000  -0.614649   0.000000   0.000000   0.000000  -0.008393   0.034183
        6.6280 0   0.000000   0.000000   0.314569    0.058646   0.000000  -0.602963   0.000000   0.000000  -0.000623   0.000000   0.025055
        6.5089 0   0.000423   0.000423   0.300402    0.046423   0.000000  -0.598175   0.000000   0.000000   0.000000   0.000000   0.041246
        6.3499 0   0.002264   0.002264   0.361207    0.049388   0.000000  -0.679168   0.000000   0.000000   0.000000   0.000000   0.027102
        6.8484 0   0.001376   0.001376   0.375463    0.054135   0.000000  -0.714418   0.000000   0.000000   0.000000   0.000000   0.026677
        7.1932 0   0.009149   0.009149   0.345722    0.041919   0.000000  -0.700206   0.000000   0.000000   0.000000   0.000000   0.025903
        6.5115 0   0.000405   0.000405   0.312282    0.038937   0.000000  -0.696554   0.000000   0.000000   0.000000   0.000000   0.028927
        6.5954 0   0.000035   0.000035   0.366818    0.060277   0.000000  -0.769119   0.000000   0.000000   0.000000   0.000000   0.031030
        6.8085 0   0.000919   0.000919   0.334147    0.040044   0.000000  -0.712521   0.000000   0.000000   0.000000   0.000000   0.034436
        6.5316 0   0.000279   0.000279   0.339559    0.054285   0.000000  -0.728466   0.000000   0.000000   0.000000   0.000000   0.026338
        6.6265 0   0.000000   0.000000   0.349857    0.044624   0.000000  -0.695737   0.000000   0.000000   0.000000   0.000000   0.029508
        6.5026 0   0.000469   0.000469   0.350441    0.059001   0.000000  -0.703877   0.000000   0.000000   0.000000   0.000000   0.027973
        6.7173 0   0.000220   0.000220   0.375567    0.038651   0.000000  -0.739553   0.000008   0.000000   0.000000   0.000000   0.029109
        6.5211 0   0.000342   0.000342   0.320137    0.076915   0.000000  -0.742847   0.000000   0.000000  -0.000018   0.000000   0.030319
        6.7005 0   0.000144   0.000144   0.342488    0.051855   0.000000  -0.784876   0.000000   0.000000   0.000000   0.000000   0.028668
        6.3062 0   0.003024   0.003024   0.319679    0.082822   0.000000  -0.773560   0.000000   0.000000   0.000000   0.000000   0.027166
        6.6936 0   0.000117   0.000117   0.339568    0.052377   0.000000  -0.784527   0.000000   0.000000   0.000000   0.000000   0.029698
        6.5027 0   0.000467   0.000467   0.325037    0.041218   0.000000  -0.754143   0.000000   0.000000   0.000000   0.000000   0.037874
        6.6449 0   0.000006   0.000006   0.338873    0.059889   0.000000  -0.743022   0.000000   0.000000  -0.000174   0.000000   0.030526
        6.9561 0   0.003068   0.003068   0.308387    0.037124   0.000000  -0.664215   0.000000   0.000000   0.000000   0.000000   0.032924
        6.6291 0   0.000000   0.000000   0.383193    0.048728   0.000000  -0.697150   0.000000   0.000000   0.000000   0.000000   0.031326
        6.7527 0   0.000434   0.000434   0.357532    0.059905   0.000000  -0.684709   0.000000   0.000000   0.000000   0.000000   0.032640
        6.4109 0   0.001384   0.001384   0.352992    0.042287   0.000000  -0.659214   0.000000   0.000000   0.000000   0.000000   0.030530
        6.6116 0   0.000010   0.000010   0.370721    0.056326   0.000001  -0.693416   0.000000   0.000000   0.000000   0.000000   0.029973
        6.8190 0   0.001030   0.001030   0.297714    0.040793   0.001759  -0.652353   0.000000   0.000000  -0.000001   0.000000   0.028559
        6.5034 0   0.000462   0.000462   0.340836    0.054185   0.000000  -0.678630   0.000000   0.000000   0.000000   0.000000   0.023735
        6.2503 0   0.004158   0.004158   0.308520    0.051349   0.000000  -0.687941   0.000000   0.000000   0.000000   0.000000   0.029205
        6.9644 0   0.003225   0.003225   0.368321    0.065189   0.000000  -0.716587   0.000174   0.000000   0.000000   0.000000   0.035417
        6.7814 0   0.000662   0.000662   0.371439    0.061603   0.000000  -0.692227   0.000000  -0.003809  -0.002068   0.000000   0.035526
        6.4642 0   0.000793   0.000793   0.326339    0.054512   0.000000  -0.707614   0.000000  -0.017471  -0.003865   0.000000   0.028011
        6.9544 0   0.003036   0.003036   0.331289    0.058488   0.000000  -0.710307   0.000000  -0.005876  -0.003373   0.000000   0.031544
        6.3957 0   0.001583   0.001583   0.338187    0.063135   0.000000  -0.721779   0.000000  -0.028054  -0.010022   0.000000   0.036272
        6.8570 0   0.001486   0.001486   0.400704    0.053332   0.000000  -0.761064   0.000000  -0.023856  -0.017023   0.000000   0.036436
        6.5573 0   0.000153   0.000153   0.313637    0.045464   0.000000  -0.686085   0.000000  -0.026765  -0.014072   0.000000   0.032472
        6.7857 0   0.000700   0.000700   0.258454    0.047957   0.000000  -0.671084   0.000000  -0.024736  -0.013734   0.000000   0.031155
        6.3813 0   0.001784   0.001784   0.355667    0.056872   0.000000  -0.767505   0.000000  -0.021363  -0.009835   0.000000   0.033577
        6.7838 0   0.000683   0.000683   0.351570    0.042651   0.000000  -0.737081   0.000000  -0.020514  -0.012643   0.000000   0.030521
        7.0582 0   0.005288   0.005288   0.312867    0.052857   0.000000  -0.746816   0.000000  -0.019708  -0.011451   0.000000   0.030260
        6.6452 0   0.000007   0.000007   0.328165    0.043655   0.000000  -0.754054   0.000000  -0.022170  -0.017493   0.000000   0.039065
        6.1308 0   0.007190   0.007190   0.310318    0.055882   0.000000  -0.732444   0.000000  -0.024708  -0.005078   0.000000   0.030956
        6.7743 0   0.000600   0.000600   0.368377    0.062781   0.000000  -0.774098   0.000000  -0.018533  -0.012667   0.000000   0.032055
        6.6120 0   0.000009   0.000009   0.327309    0.073124   0.000000  -0.779077   0.000000  -0.018157  -0.008366   0.000000   0.034623
        6.7212 0   0.000240   0.000240   0.327522    0.041119   0.000000  -0.746559   0.000010  -0.020933  -0.010932   0.000000   0.030875
        6.9673 0   0.003282   0.003282   0.314135    0.044783   0.000000  -0.714758   0.000000   0.000000   0.000000   0.000000   0.036395
        6.9639 0   0.003216   0.003216   0.280230    0.048547   0.000000  -0.698886   0.000000   0.000000   0.000000   0.000000   0.029556
        6.3328 0   0.002547   0.002547   0.326516    0.063796   0.000000  -0.767430   0.000000   0.000000   0.000000   0.000000   0.029846
        6.4875 0   0.000586   0.000586   0.388348    0.048592   0.000816  -0.805813   0.000000   0.000000   0.000000  -0.000000   0.030626
        6.9732 0   0.003397   0.003397   0.327722    0.044314   0.000040  -0.734931   0.000000   0.000000   0.000000   0.000000   0.027394
        6.5261 0   0.000311   0.000311   0.346065    0.048007   0.000000  -0.705153   0.000000   0.000000   0.000000   0.000000   0.034000
        6.7486 0   0.000406   0.000406   0.314415    0.075564   0.000000  -0.689038   0.000000   0.000000   0.000000   0.000000   0.028164
        6.5295 0   0.000291   0.000291   0.318309    0.038055   0.000000  -0.699188   0.000000   0.000000   0.000000   0.000000   0.030652
        6.7424 0   0.000365   0.000365   0.289488    0.040915   0.000000  -0.665141   0.000000   0.000000   0.000000   0.000000   0.028684
        6.9930 0   0.003800   0.003800   0.318176    0.052851   0.000000  -0.698957   0.000000   0.000000   0.000000   0.000000   0.033378
        6.6818 0   0.000077   0.000077   0.362257    0.040921   0.002553  -0.688978   0.000000   0.000000   0.000000   0.000000   0.029691
        6.7971 0   0.000806   0.000806   0.339694    0.051744   0.000000  -0.650545   0.000000   0.000000   0.000000   0.000000   0.027363
        6.4778 0   0.000668   0.000668   0.380240    0.047216   0.000000  -0.727303   0.000000   0.000000   0.000000   0.000000   0.028948
        6.7320 0   0.000300   0.000300   0.320772    0.055444   0.000000  -0.765773   0.000000   0.000000   0.000000   0.000000   0.027886
        6.5461 0   0.000203   0.000203   0.332652    0.052509   0.000022  -0.734865   0.000000   0.000000  -0.002104   0.000000   0.024063
        6.6679 0   0.000041   0.000041   0.301383    0.063955   0.000000  -0.705491   0.000000   0.000000   0.000000   0.000000   0.027732
        6.5929 0   0.000040   0.000040   0.309736    0.041240   0.000000  -0.755749   0.000000   0.000000  -0.001476   0.000000   0.026225
        6.7047 0   0.000161   0.000161   0.338399    0.045210   0.000495  -0.767520   0.000000   0.000000   0.000000   0.000000   0.028033
        6.2987 0   0.003166   0.003166   0.309640    0.040127   0.000000  -0.735973   0.000000   0.000000   0.000000   0.000000   0.025654
        6.6257 0   0.000001   0.000001   0.293286    0.045545   0.000000  -0.750020   0.000000   0.000000   0.000000   0.000000   0.027851
        6.8103 0   0.000938   0.000938   0.339960    0.037221   0.000000  -0.741128   0.000000   0.000000   0.000000  -0.012105   0.030267
        6.3970 0   0.001566   0.001566   0.334278    0.039653   0.000000  -0.716945   0.000000   0.000000  -0.000000   0.000000   0.030004
        6.7756 0   0.000612   0.000612   0.370099    0.060701   0.000000  -0.738044   0.000000   0.000000   0.000000   0.000000   0.024982
        7.0297 0   0.004608   0.004608   0.323537    0.041611   0.000000  -0.719196   0.000000   0.000000  -0.000000   0.000000   0.027047
        6.5590 0   0.000146   0.000146   0.360765    0.038195   0.000000  -0.735066   0.000000   0.000000   0.000000   0.000000   0.029802
        6.7465 0   0.000392   0.000392   0.323134    0.043933   0.000000  -0.755466   0.000000   0.000000   0.000000   0.000000   0.036431
        6.7082 0   0.000176   0.000176   0.288402    0.049803   0.000000  -0.669646   0.000000   0.000000   0.000000   0.000000   0.032031
        6.5295 0   0.000291   0.000291   0.325024    0.038600   0.000000  -0.699782   0.000000   0.000000   0.000000   0.000000   0.032777
        6.6184 0   0.000004   0.000004   0.316760    0.040663   0.000000  -0.665799   0.000000   0.000000   0.000000   0.000000   0.028663
        6.5921 0   0.000041   0.000041   0.354748    0.060986   0.000000  -0.712393   0.000000   0.000000   0.000000   0.000000   0.029155
        6.7122 0   0.000195   0.000195   0.358668    0.057386   0.000000  -0.753139   0.000000   0.000000  -0.000003   0.000000   0.025947
        6.8521 0   0.001424   0.001424   0.295588    0.060485   0.000000  -0.688084   0.000000   0.000000   0.000000   0.000000   0.028669
        6.3095 0   0.002962   0.002962   0.336341    0.065703   0.000000  -0.718610   0.000000   0.000000   0.000000   0.000000   0.023697
        6.6421 0   0.000004   0.000004   0.305700    0.049480   0.000000  -0.703073   0.000000   0.000000   0.000000   0.000000   0.034252
        6.8756 0   0.001740   0.001740   0.339671    0.050371   0.000000  -0.731581   0.000000   0.000000   0.000000   0.000000   0.025541
        6.5097 0   0.000417   0.000417   0.372905    0.037070   0.000000  -0.770326   0.000000   0.000000   0.000000   0.000000   0.030392
        6.8480 0   0.001371   0.001371   0.330689    0.033608   0.000000  -0.713684   0.000000   0.000000   0.000000   0.000000   0.026871
        6.6881 0   0.000098   0.000098   0.330520    0.056191   0.000000  -0.689808   0.004050   0.000000   0.000000   0.000000   0.035548
        6.6639 0   0.000033   0.000033   0.344246    0.057738   0.000000  -0.656040   0.000587   0.000000   0.000000   0.000000   0.030582
        6.9726 0   0.003386   0.003386   0.367540    0.051944   0.000000  -0.671292   0.005368   0.000000   0.000000   0.000000   0.036696
        6.3728 0   0.001908   0.001908   0.368586    0.056849   0.000000  -0.657538   0.000000   0.000000   0.000000   0.000000   0.025708
        6.6578 0   0.000022   0.000022   0.306420    0.033362   0.000000  -0.607761   0.000000   0.000000  -0.000000   0.000000   0.030850
        6.6254 0   0.000001   0.000001   0.361688    0.045935   0.000000  -0.684913   0.000000   0.000000   0.000000   0.000000   0.032832
        6.6645 0   0.000034   0.000034   0.317318    0.046222   0.000000  -0.649529   0.000000   0.000000   0.000000  -0.000324   0.032590
        6.6220 0   0.000002   0.000002   0.343520    0.041761   0.000303  -0.636291   0.000000  -0.000117  -0.000001   0.000000   0.037843
        6.6101 0   0.000011   0.000011   0.312859    0.039679   0.000000  -0.587187   0.000000   0.000000   0.000000   0.000000   0.028009
        6.7408 0   0.000354   0.000354   0.311465    0.067772   0.000000  -0.636409   0.000000   0.000000   0.000000   0.000000   0.035909
        6.3567 0   0.002155   0.002155   0.369156    0.054754   0.000519  -0.643413   0.000000   0.000000   0.000000   0.000000   0.030200
        7.1196 0   0.006916   0.006916   0.318317    0.042887   0.000000  -0.639296   0.000000   0.000000   0.000000   0.000000   0.030354
        6.7002 0   0.000142   0.000142   0.367339    0.065363   0.000000  -0.672563   0.000000   0.000000   0.000000   0.000000   0.031019
        6.3536 0   0.002203   0.002203   0.392821    0.061207   0.000000  -0.706402   0.000000   0.000000   0.000000   0.000000   0.029687
        6.9263 0   0.002532   0.002532   0.399441    0.056422   0.000000  -0.710183   0.000000   0.000000   0.000000   0.000000   0.032022
        6.5870 0   0.000053   0.000053   0.404930    0.071248   0.000000  -0.728819   0.000000   0.000000   0.000000   0.000000   0.026939
        6.5284 0   0.000298   0.000298   0.336878    0.061179   0.000000  -0.649839   0.000000   0.000000   0.000000   0.000000   0.034374
        6.7636 0   0.000515   0.000515   0.327424    0.052196   0.000000  -0.641288   0.000000   0.000000   0.000000   0.000000   0.028668
        6.5746 0   0.000089   0.000089   0.355159    0.052678   0.000000  -0.606141   0.000178   0.000000   0.000000   0.000000   0.027682
        6.5634 0   0.000128   0.000128   0.289492    0.042943   0.000000  -0.562694   0.000000   0.000000   0.000000   0.000000   0.033231
        6.6856 0   0.000089   0.000089   0.246430    0.036379   0.005064  -0.559951   0.000000   0.000000   0.000000   0.000000   0.026225
        6.7824 0   0.000670   0.000670   0.332462    0.044666   0.001122  -0.628300   0.000000   0.000000  -0.000138   0.000000   0.029809
        6.4811 0   0.000639   0.000639   0.320220    0.050352   0.000000  -0.620915   0.000000   0.000000  -0.000092   0.000000   0.024480
        6.6560 0   0.000020   0.000020   0.333879    0.041200   0.000000  -0.638755   0.000000   0.000000   0.000000   0.000000   0.030182
        6.8055 0   0.000888   0.000888   0.301527    0.056359   0.000000  -0.593555   0.000000   0.000000   0.000000   0.000000   0.035355
        6.5857 0   0.000057   0.000057   0.338917    0.049575   0.000000  -0.551712   0.000000   0.000000   0.000000   0.000000   0.028135
        6.4724 0   0.000716   0.000716   0.340333    0.073918   0.000000  -0.557795   0.000000   0.000000   0.000000   0.000000   0.026224
        6.9712 0   0.003357   0.003357   0.346346    0.034070   0.000000  -0.534374   0.000000   0.000000   0.000000   0.000000   0.028616
        6.7639 0   0.000517   0.000517   0.307985    0.059088   0.000000  -0.514768   0.000000   0.000000   0.000000  -0.003855   0.029293
        6.3085 0   0.002982   0.002982   0.320298    0.032460   0.000000  -0.529539   0.000000   0.000000   0.000000   0.000000   0.028549
        6.7932 0   0.000768   0.000768   0.318585    0.059951   0.000000  -0.580539   0.000000   0.000000   0.000000   0.000000   0.030715
        6.6751 0   0.000059   0.000059   0.328066    0.052165   0.000000  -0.611887   0.000000   0.000000   0.000000   0.000000   0.029911
        6.4192 0   0.001282   0.001282   0.318713    0.048894   0.000000  -0.592667   0.000000   0.000000   0.000000   0.000000   0.029378
        6.8488 0   0.001380   0.001380   0.325083    0.067945   0.000000  -0.598586   0.000330   0.000000   0.000000   0.000000   0.032612
        6.2461 0   0.004251   0.004251   0.351645    0.044713   0.000000  -0.591537   0.000151   0.000000  -0.001349   0.000000   0.036399
        6.5458 0   0.000204   0.000204   0.330245    0.057489   0.000000  -0.531098   0.000000   0.000000   0.000000   0.000000   0.026291
        6.6253 0   0.000001   0.000001   0.375332    0.037660   0.000000  -0.629246   0.000000   0.000000   0.000000   0.000000   0.031451
        6.5790 0   0.000075   0.000075   0.339054    0.038253   0.000000  -0.622690   0.000137  -0.003825  -0.001318   0.000000   0.031664
        6.7172 0   0.000220   0.000220   0.388089    0.040472   0.000000  -0.646735   0.000000   0.000000   0.000000   0.000000   0.029815
        6.4137 0   0.001349   0.001349   0.407192    0.054694   0.000000  -0.609933   0.000000   0.000000   0.000000   0.000000   0.027243
        6.4283 0   0.001174   0.001174   0.324343    0.050687   0.000000  -0.578345   0.000000   0.000000   0.000000   0.000000   0.033024
        6.8012 0   0.000845   0.000845   0.404743    0.054958   0.000000  -0.640344   0.000000   0.000000   0.000000   0.000000   0.027117
        6.8202 0   0.001043   0.001043   0.416977    0.044127   0.000000  -0.642699   0.000000   0.000000   0.000000   0.000000   0.026871
        6.6179 0   0.000004   0.000004   0.335382    0.042769   0.000000  -0.590843   0.000000   0.000000  -0.000506   0.000000   0.028047
        6.4591 0   0.000842   0.000842   0.321726    0.036282   0.000000  -0.602752   0.000000   0.000000   0.000000   0.000000   0.030067
        6.6636 0   0.000033   0.000033   0.338935    0.040325   0.000000  -0.620146   0.000000   0.000000   0.000000   0.000000   0.028747
        6.9430 0   0.002826   0.002826   0.390498    0.040787   0.000000  -0.666030   0.000000   0.000000   0.000000   0.000000   0.028939
        6.3548 0   0.002185   0.002185   0.336501    0.063380   0.000000  -0.691612   0.000000   0.000000   0.000000   0.000000   0.029337
        6.8397 0   0.001269   0.001269   0.325332    0.038588   0.000000  -0.708540   0.000000   0.000000   0.000000   0.000000   0.028094
        6.6642 0   0.000034   0.000034   0.326968    0.047960   0.000000  -0.691968   0.000000   0.000000   0.000000   0.000000   0.029586
        6.4607 0   0.000827   0.000827   0.338912    0.053528   0.000000  -0.701912   0.000774   0.000000   0.000000   0.000000   0.023348
        6.4698 0   0.000740   0.000740   0.352742    0.061051   0.000000  -0.754232   0.000000   0.000000   0.000000   0.000000   0.024425
        6.9499 0   0.002952   0.002952   0.356013    0.050527   0.000000  -0.801941   0.000000   0.000000   0.000000   0.000000   0.036131
        6.5033 0   0.000463   0.000463   0.341761    0.044956   0.000000  -0.813894   0.000000   0.000000   0.000000   0.000000   0.026829
        6.6017 0   0.000023   0.000023   0.276693    0.056367   0.000000  -0.791274   0.000000   0.000000   0.000000   0.000000   0.027437
        6.8535 0   0.001441   0.001441   0.361639    0.048203   0.000000  -0.851959   0.000000   0.000000  -0.000000   0.000000   0.028070
        6.5916 0   0.000043   0.000043   0.292305    0.033473   0.000000  -0.838936   0.000000   0.000000   0.000000   0.000000   0.027911
        6.6613 0   0.000028   0.000028   0.291305    0.044577   0.000000  -0.834844   0.000000   0.000000   0.000000   0.000000   0.024725
        6.7725 0   0.000586   0.000586   0.320630    0.036416   0.000000  -0.835897   0.000000   0.000000   0.000000   0.000000   0.029305
        6.8064 0   0.000897   0.000897   0.309473    0.064803   0.000094  -0.854086   0.000000   0.000000   0.000000   0.000000   0.030161
        6.8271 0   0.001120   0.001120   0.284533    0.041766   0.000000  -0.854759   0.000000   0.000000   0.000000   0.000000   0.024125
        6.6720 0   0.000051   0.000051   0.249269    0.047380   0.000000  -0.794386   0.000000   0.000000   0.000000   0.000000   0.031013
        6.6199 0   0.000003   0.000003   0.344963    0.043170   0.000000  -0.849812   0.000000   0.000000   0.000000   0.000000   0.031540
        6.5514 0   0.000178   0.000178   0.299843    0.043558   0.000000  -0.786153   0.000000   0.000000   0.000000   0.000000   0.026850
        6.4776 0   0.000670   0.000670   0.341097    0.043709   0.000000  -0.825236   0.000000   0.000000   0.000000   0.000000   0.028007
        6.8642 0   0.001583   0.001583   0.335928    0.063789   0.000000  -0.834659   0.000000   0.000000   0.000000   0.000000   0.031263
        6.6001 0   0.000026   0.000026   0.293969    0.041306   0.000000  -0.693117   0.000230   0.000000  -0.000026   0.000000   0.030585
        6.7109 0   0.000189   0.000189   0.299678    0.041226   0.000000  -0.690663   0.000000   0.000000   0.000000   0.000000   0.029479
        6.6975 0   0.000131   0.000131   0.339093    0.052428   0.000000  -0.687490   0.000000   0.000000   0.000000   0.000000   0.030490
        6.7877 0   0.000718   0.000718   0.373707    0.042603   0.000000  -0.716073   0.000000   0.000000   0.000000   0.000000   0.026558
        6.3484 0   0.002287   0.002287   0.345914    0.037489   0.000000  -0.650466   0.000000   0.000000   0.000000  -0.010865   0.029195
        6.6182 0   0.000004   0.000004   0.309853    0.035750   0.000000  -0.624111   0.000000   0.000000   0.000000   0.000000   0.040713
        6.6655 0   0.000036   0.000036   0.294835    0.053753   0.000000  -0.570402   0.000000   0.000000   0.000000   0.000000   0.028120
        6.5423 0   0.000222   0.000222   0.370353    0.040239   0.000000  -0.579557   0.000000   0.000000   0.000000   0.000000   0.030021
        6.8044 0   0.000878   0.000878   0.312597    0.055438   0.000000  -0.593839   0.001893   0.000000  -0.001823   0.000000   0.033186
        6.5567 0   0.000155   0.000155   0.334591    0.044681   0.000000  -0.589755   0.000000   0.000000   0.000000   0.000000   0.032436
        6.6394 0   0.000003   0.000003   0.341732    0.057763   0.000000  -0.572975   0.000000   0.000000   0.000000   0.000000   0.024657
        6.5407 0   0.000230   0.000230   0.326639    0.031321   0.000000  -0.547067   0.000000   0.000000   0.000000   0.000000   0.025899
        6.6131 0   0.000008   0.000008   0.379380    0.045178   0.000000  -0.657306   0.000000   0.000000  -0.000000   0.000000   0.035100
        6.7281 0   0.000278   0.000278   0.313010    0.050382   0.000000  -0.629175   0.000000   0.000000   0.000000   0.000000   0.031308
        6.4022 0   0.001497   0.001497   0.290587    0.059955   0.000000  -0.649089   0.000000   0.000000  -0.000007   0.000000   0.031809
