0.46153474727015 
0.4615327173585682 
0.4615372906970405 
0.46153087220520095 
0.42307576876763797 
0.42307340598366505 
0.4216788203847732 
0.4230749196449938 
0.4230691078033321 
0.38461325542426705 
0.38461288354013207 
0.3846144986163878 
0.38461487847519416 
0.3846116633417396 
0.38461481833673833 
0.3846147692467382 
0.3846137212267046 
0.38461418313316387 
0.3847937438473066 
0.38461359966107406 
0.38461488508362857 
0.38461502820083054 
0.3846145901566983 
0.3461529688957237 
0.34615350424774094 
0.34615337980533345 
0.34615318857724825 
0.3461518021379426 
0.3462000420163808 
0.3846131254599535 
0.3846151386627485 
0.34615318903626974 
0.3076910842916606 
0.3076917985490255 
0.3461528642507933 
0.30770698094295035 
0.3076918027422448 
0.30769189793889634 
0.3461500078862872 
0.3461506537318304 
0.346153340010435 
0.3461529631431509 
0.3461533594589925 
0.34615361993876 
0.34614576120772406 
0.346153613063001 
0.34615189402889407 
0.34615359622324793 
0.3461515565367775 
0.3461532907023021 
0.34615214561617536 
0.34615331571390356 
0.3460711373316705 
0.3461478515762649 
0.3461379635951985 
0.346153551568536 
0.3461519525048096 
0.34615325899441907 
0.3461534393743885 
0.34609924873813475 
0.3461535884828027 
0.346151882618872 
0.3461529863765721 
0.3461529603658471 
0.34614980908629467 
0.34615323215349175 
0.3461534435250708 
0.346153578147907 
0.3461527699692005 
0.34615154510329327 
0.34615285739502877 
0.34615314848060963 
0.3461536571370277 
0.3076903813074858 
0.34615197179272666 
0.346153241535742 
0.3461505638060026 
0.34615121293569506 
0.34614866559233853 
0.3461528035302098 
0.34615182805849287 
0.34615370573266735 
0.3461523581799656 
0.34615339388863 
0.34615314445826956 
0.34615115613413694 
0.34612406066789375 
0.34615336947005326 
0.3461519965653298 
0.34614654662836675 
0.34615290282716427 
0.3461537007922712 
0.34615356399941083 
0.34615358398932294 
0.345079729194241 
0.34615326770712307 
0.3461512977180283 
0.3461528764538913 
0.34615346390101637 
0.34615301615097965 
0.34614866781662873 
0.3461531965649108 
0.34615303502373695 
0.34615362223970403 
0.34615367039959516 
0.3461535402781228 
0.3461530080305967 
0.3461500316692282 
0.34521845480335916 
0.3461533003718161 
0.34615329000018275 
0.34615290542371496 
0.3461535041352858 
0.34615189995269535 
0.34614745717436884 
0.3461536897996007 
0.34614570022636754 
0.34615243140898005 
0.3461534498266948 
0.3461494015008416 
0.3461430232474111 
0.34615351658902394 
0.3076916807568088 
0.3076900142357874 
0.30768936379279366 
0.30769210568242084 
0.34615348876158925 
0.3076914136723593 
0.3076918547799566 
0.3076915833793644 
0.30769108565219316 
0.3076911756299163 
0.30769216852242975 
0.30768800921971867 
0.30769181452701727 
0.30767489054844843 
0.30769105590658696 
0.30769192877233564 
0.30769195247340553 
0.3076920028991244 
0.3076920280829754 
0.3076916683302627 
0.3076914867940526 
0.3076918519308521 
0.30769181123331474 
0.30769089770300323 
0.30768555070282183 
0.3076892464617087 
0.30768600217450204 
0.307685120578228 
0.3076877466523817 
0.30768777055711805 
0.3076915052097438 
0.3076870235179312 
0.30765188241635555 
0.30769212312990146 
0.2692286400239426 
0.26922682467961356 
0.23076858488620722 
0.2692305296747358 
0.23076809460845724 
0.26923048628677015 
0.23076892348504907 
0.23076914613595262 
0.23076914150691996 
0.230768882717228 
0.2307675538591366 
0.23084822563491514 
0.23076910210032286 
0.23076685977101466 
0.26923055252051553 
0.2692303249925029 
0.2307686645918569 
0.23076983504181686 
0.2692246723158917 
0.2307684262908481 
0.23076912237645508 
0.23076887428735884 
0.23076908719953357 
0.23076997461717824 
0.2692203184394724 
0.2307691248293896 
0.2307690183888504 
0.23076908333976703 
0.26922931207763634 
0.26922893274306675 
0.26923024081272856 
0.26923052044771667 
0.2692710765478456 
0.2691496570833017 
0.3076919867254919 
0.3076913381968427 
0.3076884129879817 
0.3076711004627545 
0.30769140187057265 
0.3076922321683702 
0.3076910774092806 
0.2692944008326737 
0.2692304809819779 
0.2692306496743419 
0.26923057249106996 
0.23071411913672052 
0.23076841385523378 
0.23074944821646504 
0.192300989105155 
0.19230743713746243 
0.19230728316794807 
0.19226038054951566 
0.19230699246929656 
0.1923086460554579 
0.19271238298493903 
0.19385473006957835 
0.1538460287478047 
0.17954188935712553 
0.1923057051204103 
0.19229794469600625 
0.1923074966923168 
0.23076898007607646 
0.2306087567987357 
0.23073663578977424 
0.23076807594161247 
0.2307673227938868 
0.1923052610141064 
0.19237301131957288 
0.2304954470628734 
0.19230737650350183 
0.19228987258265698 
0.23076885659208352 
0.1923073844894023 
0.1933962371353344 
0.1922241438555739 
0.23076829109760616 
0.1923076444326493 
0.1923075405706986 
0.19232422567589008 
0.19228292998857097 
0.19230753773630196 
0.23076903495548964 
0.23075390934363563 
0.2307688452054772 
0.23074587761207227 
0.23076905645887832 
0.23076912281360404 
0.23076883626402445 
0.19230578656716904 
0.22328199553116512 
0.1923073861164733 
0.15384612703911155 
0.15384612239947218 
0.15384563753755603 
0.15384544581728696 
0.15382986612790475 
0.1538459517447643 
0.1538455789586649 
0.15384588109870376 
0.15382806597713194 
0.15384553936475276 
0.15384578496818632 
0.15384404588722855 
0.15384469662575623 
0.15384610394120615 
0.1538461062962874 
0.15384565013370455 
0.15384613548562867 
0.11538460368406525 
0.11562488653810717 
0.11538069801000991 
0.11538206555725704 
0.11538454199604785 
0.11538079056265975 
0.11538448701600115 
0.08081187058379105 
0.11535231326854797 
0.11538455943776363 
0.1153827132507885 
0.07692300393031487 
0.07690746157521394 
0.07692297794840158 
0.07692303891856987 
0.07691870398416428 
0.11538331419608301 
0.11538443044725678 
0.11538400481498966 
0.115384607513662 
0.1153838167386781 
0.1153845269903714 
0.11538459189408254 
0.1153843003773841 
0.11538417393190176 
0.11538414583654019 
0.11538452987894918 
0.11538459735685348 
0.11538457137492616 
0.11551075349045353 
1.90452534853527e-37 
3.764198591539892e-61 
2.4874482850322934e-73 
6.044869002072083e-78 
5.83442485588802e-103 
2.4647522847369358e-85 
9.293884630466581e-110 
4.362447363225742e-59 
9.900651356487133e-26 
2.2935970281272146e-122 
2.5376294067269294e-122 
5.255972290747249e-61 
2.058782604106264e-107 
1.7203109054757795e-111 
1.864295752931054e-104 
5.561223736397019e-51 
9.267444579767938e-70 
1.0606981251969918e-81 
3.1788618056993454e-77 
1.6422977750648598e-112 
4.961404144000647e-21 
1.0643078555747981e-61 
2.794552653621981e-75 
1.1003608388696692e-87 
8.131693938914521e-94 
2.556343625976911e-80 
2.2675391024254996e-61 
1.0551211001460031e-91 
7.951228230144116e-135 
4.553637038068913e-119 
6.572574728930382e-107 
1.091222192431063e-86 
4.628598587872869e-85 
5.739342729994723e-126 
1.6083642816749553e-45 
3.0630903723414752e-83 
5.576772668560027e-108 
9.279951013558329e-77 
2.8585053690867646e-79 
5.7928351018995165e-139 
2.312072949113812e-121 
2.358607632353603e-157 
2.6697729709425147e-118 
7.032653629960806e-57 
1.2581948279622556e-45 
7.3460882358364e-103 
3.1073606399958705e-95 
2.4771100790195674e-83 
1.6247499763261448e-108 
2.01282970115138e-81 
2.135838400022335e-109 
7.107575268505014e-89 
2.423445407082373e-66 
4.356900435173489e-118 
1.5219804526242404e-110 
2.7170666513137676e-117 
1.717087364531399e-28 
2.1575494279165994e-128 
1.7607732600944111e-84 
1.7831283494436615e-128 
7.580015691798884e-88 
1.6639783397675958e-81 
1.807566325409232e-48 
1.2345830531940947e-80 
5.929117915781093e-121 
3.630355736634145e-110 
3.1491872573142793e-131 
7.543182488252667e-105 
3.385869769648021e-61 
2.1416410178807967e-85 
4.773424099423052e-77 
1.7045177035448615e-60 
4.593929754834632e-75 
7.261937984539907e-101 
3.4751704730518487e-103 
2.1153918756906942e-48 
1.2823520345542492e-94 
1.6605950721335054e-91 
7.229158705889015e-48 
9.765904075582424e-70 
3.103983820400857e-59 
2.3096891648975388e-80 
3.576982414665142e-102 
5.385613181897535e-90 
2.9203145238516483e-93 
2.3075049718574054e-53 
4.157491255959292e-102 
8.90760453067343e-98 
1.1113825011047777e-94 
3.77023466453094e-111 
2.427070572383182e-114 
2.9376136880216385e-89 
2.2177163697683765e-72 
6.72170678130872e-125 
1.881064298288468e-118 
9.318492339742519e-74 
1.4421488208322194e-78 
3.87839345284726e-103 
3.0897970786397934e-101 
1.094517509181564e-94 
2.106252337420388e-113 
4.6811470062781854e-89 
5.825017648977489e-49 
1.1951162576947325e-92 
6.2330426253542285e-86 
1.1440889091338248e-66 
6.923627121325742e-104 
1.8948073460218517e-70 
5.662383809750928e-122 
7.29205796306878e-75 
1.9630748813878536e-27 
3.8950621160722153e-79 
1.30437751667293e-99 
2.0112806285726554e-103 
1.360466996984156e-83 
1.2096340135036341e-67 
1.182639450276103e-86 
1.8896247389162902e-104 
1.4826392003368374e-137 
1.4915334265266203e-61 
1.9133446833169848e-82 
5.187765001843893e-119 
3.3731893000924407e-108 
1.9110922982457626e-61 
5.251756525520693e-74 
3.7866283473353757e-25 
1.4169014047969368e-111 
5.14035619893825e-112 
1.6999285917493108e-78 
3.633647760544588e-22 
6.665427787193111e-19 
1.0780493727524659e-65 
1.0165261503481278e-91 
6.349133963271849e-84 
4.856807802004115e-97 
3.3889806615349695e-48 
2.1078633454745204e-84 
1.4173344957025205e-108 
2.4464830016865792e-139 
3.9402100682187277e-66 
1.8322735728936652e-19 
2.2995381583595956e-105 
1.9516842348857094e-108 
4.609191297750804e-62 
5.030928013734868e-124 
3.759640453556992e-100 
2.153430190550251e-74 
1.8027160216669356e-59 
1.3889885645863396e-104 
1.8422600783726492e-109 
2.491807385066845e-69 
1.6700208494659923e-102 
5.174520472674403e-103 
1.0958890131604216e-79 
5.829344745498497e-123 
1.384973823263818e-66 
2.6723356573990953e-86 
2.140688684487179e-81 
5.4744012319788485e-74 
1.1843729249605006e-110 
4.0708544889874935e-101 
2.556423030494743e-72 
1.1399486844748387e-68 
4.835074936904858e-111 
4.3418209543018564e-94 
5.475726585164748e-137 
4.872122500412625e-96 
9.87357480806123e-82 
3.5851108905641036e-100 
4.1962341966640873e-51 
7.498321639491957e-42 
3.386842267630385e-82 
1.6254341689115395e-85 
1.7885108253636451e-109 
3.969886206219685e-67 
7.853631931882885e-94 
4.343402362644409e-91 
1.0922906560972687e-104 
2.681872622348303e-60 
2.7957738770221103e-119 
1.1103821192896193e-113 
1.662425031425857e-69 
1.1234929165146065e-120 
2.2832247819256804e-76 
7.153965403978802e-97 
3.7562877925159524e-63 
5.894865794627353e-98 
2.8278126096782314e-112 
4.925883775115643e-61 
1.1670934140273466e-50 
8.054758233161249e-89 
1.2309072821530938e-77 
1.5921820842951126e-99 
1.5440378811022752e-109 
1.3820578499799977e-69 
8.699977705441722e-100 
1.6796157653439787e-41 
3.846630395373734e-104 
1.024665016849946e-109 
8.29907077691335e-104 
1.2859374381461706e-106 
5.931892694536354e-75 
5.093165092732503e-110 
2.5814765049047685e-73 
2.9665231924592165e-42 
1.783872126559931e-106 
2.1853766811238262e-36 
2.2422336633273714e-104 
3.8538198226576265e-65 
7.218766037517489e-71 
3.5406275121213394e-76 
7.106373784140427e-79 
1.6985376886678225e-95 
5.631874689151455e-79 
4.561347562842528e-86 
1.644748342458306e-91 
9.569450643713988e-97 
2.1220530181876132e-130 
1.0260735163976854e-68 
2.7892145538099823e-74 
1.4007034711058774e-98 
5.195555018108722e-102 
1.8496467015889186e-128 
1.2289402224548873e-87 
2.217741860908326e-136 
1.6329657025280214e-79 
4.8237988759643316e-49 
2.7019408681743695e-77 
7.265546471172285e-57 
1.234733860257954e-90 
4.9443838671823935e-108 
1.1581543436152458e-90 
1.2941011904562076e-81 
2.3595348396274765e-98 
9.423335386039296e-59 
2.4620433186030595e-93 
1.7628359654197244e-115 
6.271682997843827e-42 
5.3809420044701826e-98 
8.451789689297171e-65 
4.4548445330482145e-88 
7.542880317736825e-92 
1.0223033374591535e-96 
1.5622261064241118e-79 
1.0552573727932962e-41 
2.2470805227312213e-74 
2.7413901462304214e-44 
1.1347138779951432e-75 
8.895604755884493e-83 
3.1094003339355874e-119 
2.3881740268867797e-111 
3.309977940875464e-127 
3.9967579713305196e-100 
5.469056637395598e-83 
3.136978843156546e-62 
3.3431110710990334e-94 
3.127028670942936e-124 
7.758632255643939e-109 
4.610982679763458e-71 
2.4810067381637253e-68 
3.0720324574953427e-106 
1.1386973704404764e-89 
7.290766421998865e-75 
9.804360375098758e-56 
5.419454983525702e-90 
2.5334725040654093e-59 
5.713476595351804e-77 
2.688771388099919e-99 
7.207345328901647e-19 
1.554497279094584e-70 
5.1087566123395556e-45 
2.514606264706524e-109 
3.4575936230531793e-87 
7.986563128138739e-100 
1.0732063276965765e-119 
1.1641304773060326e-71 
1.2118740173696835e-60 
2.2876594112085037e-86 
2.9851405655667144e-60 
1.721090769036429e-83 
3.8302062304869027e-121 
4.543502903859824e-76 
1.2401951885697625e-137 
1.2381467200602685e-105 
1.0435994886473375e-108 
3.4499107388951184e-92 
2.3932368719505315e-116 
1.0471058735230362e-111 
1.1326589991454408e-110 
6.2531069796920406e-83 
1.7404190425260796e-96 
8.303766629706379e-98 
3.539243945018533e-104 
5.225954061016735e-109 
2.699385837669037e-91 
1.2062483813232004e-44 
2.1573373159093407e-38 
2.4396626866172177e-118 
1.0376762383668235e-58 
1.5672574306489581e-71 
9.207219970997066e-66 
6.78817905073962e-87 
3.95545616059337e-69 
9.105624014745584e-16 
2.28881855703091e-97 
4.578349316176412e-70 
2.620636638126793e-97 
7.129914824516837e-93 
1.647832455033511e-100 
7.58148697277223e-116 
4.818210153433348e-85 
1.5060667077288938e-77 
3.5458418014531667e-140 
3.142093372981986e-137 
6.2707328363796925e-93 
5.047080956098803e-59 
1.196886280513193e-63 
3.3407561394215713e-68 
3.5733053177171883e-96 
1.1449854134264664e-36 
3.906826165062545e-70 
2.8331685174797427e-71 
2.190910613487544e-80 
1.5455552923179553e-117 
1.832389225054486e-115 
3.2591032317000804e-72 
9.649633199747128e-99 
8.501268649888541e-105 
1.459103224491043e-09 
2.052781253676243e-55 
1.98682430598892e-94 
1.657850870972946e-103 
4.845814061520614e-94 
3.406721697427077e-56 
6.419733250557855e-114 
4.889026857160595e-125 
5.074407317439966e-92 
1.0602940571301582e-71 
4.683185119513294e-30 
1.4307959314282478e-27 
0.02373613603337321 
2.0189374915525205e-126 
2.42966012977151e-40 
1.231243023856065e-54 
4.6608711232533505e-112 
1.317884645539597e-75 
2.7069131100451235e-102 
3.681509052153388e-21 
1.9583647018812367e-49 
5.4070136250703294e-14 
8.717177203468718e-125 
3.010009530400816e-112 
1.030678214654237e-75 
4.3632941524125285e-113 
5.3307949589345765e-117 
6.323978938239065e-82 
5.682722374637564e-63 
4.5696572698626925e-88 
3.2531022557452918e-55 
1.0493763185479681e-96 
9.695555552454928e-86 
2.8575417984559773e-96 
1.2683242253855595e-117 
4.635920333170222e-90 
1.8260241367997301e-81 
2.5273772763378815e-59 
2.7114927297940814e-73 
8.557250391078622e-58 
3.1003483306409743e-89 
1.1159625977472168e-81 
4.197622990259108e-51 
9.065604975002428e-81 
1.9395895379563466e-85 
1.1465559711667044e-53 
3.8249178911633087e-81 
1.582428370191343e-75 
1.1079703856034606e-94 
5.859512650023306e-114 
2.711002290289023e-89 
1.3979789954685148e-106 
4.876976783116694e-91 
2.5888747556967604e-114 
2.520736143392792e-81 
2.3656392607531726e-120 
5.590581280502921e-101 
2.3135983824738394e-133 
3.678947771108137e-89 
1.4165451074814123e-96 
2.583998300437935e-72 
8.19756971716428e-94 
4.772940844506581e-87 
5.094683311507784e-107 
3.016886903266795e-96 
7.812953498115185e-74 
4.838622926059457e-109 
2.081032055044053e-105 
1.909647095120078e-109 
7.054132656471351e-96 
4.490067703821358e-61 
1.7987535203943243e-48 
7.939636752599751e-74 
7.471493777640375e-48 
6.441048380054405e-61 
7.467082587317768e-83 
1.2844198176828267e-78 
5.567308878187874e-85 
1.583499368859544e-23 
