        0.1434 26   0.002227   0.002227   0.278928    0.011449   0.000000  -1.051915   0.000000  -0.455232  -0.172689   0.000000   0.061308
        0.1843 26   0.002001   0.002001   0.257692    0.036924   0.000000  -1.151653   0.000000  -0.363522  -0.127364   0.000000   0.060554
        0.2160 26   0.001921   0.001921   0.292330    0.045048   0.000000  -1.119950   0.000000  -0.356215  -0.121881   0.000000   0.057304
        0.1561 25   0.003420   0.003420   0.275345    0.045263   0.000825  -1.131266   0.000320  -0.319216  -0.111391   0.000000   0.058933
        0.1715 26   0.003643   0.003643   0.315561    0.044567   0.000000  -1.124394   0.000000  -0.312115  -0.101996   0.000000   0.063292
        0.1876 26   0.003856   0.003856   0.302852    0.045480   0.000000  -1.116600   0.000000  -0.300746  -0.111652   0.000000   0.056698
        0.2058 25   0.004031   0.004031   0.321613    0.047976   0.000000  -1.117981   0.000000  -0.309604  -0.112433   0.000000   0.059853
        0.2263 25   0.004159   0.004159   0.373581    0.043513   0.000000  -1.082492   0.002322  -0.320204  -0.116117   0.000000   0.056235
        0.2897 25   0.003387   0.003387   0.309130    0.066090   0.000000  -1.080493   0.000000  -0.316265  -0.102319   0.000000   0.057824
        0.1940 26   0.006230   0.006230   0.355429    0.043891   0.000000  -1.124057   0.000000  -0.329369  -0.119081   0.000000   0.057680
        0.2053 26   0.006644   0.006644   0.318620    0.051015   0.000000  -1.121944   0.000000  -0.307939  -0.104431   0.000000   0.058693
        0.1507 26   0.009074   0.009074   0.287336    0.055782   0.000000  -1.107608   0.000000  -0.342609  -0.120741   0.000000   0.057350
        0.1423 26   0.010236   0.010236   0.274633    0.059156   0.000000  -1.106056   0.000000  -0.346806  -0.131618   0.000000   0.057824
        0.1666 26   0.010305   0.010305   0.286280    0.029898   0.000000  -1.103825   0.000000  -0.316131  -0.097646   0.000000   0.061421
        0.1841 26   0.010614   0.010614   0.282302    0.060742   0.000000  -1.098571   0.000000  -0.309227  -0.102679   0.000000   0.057405
        0.1816 26   0.011651   0.011651   0.294440    0.054751   0.000000  -1.122553   0.000000  -0.286628  -0.098038   0.000000   0.058901
        0.1784 26   0.012762   0.012762   0.308165    0.061272   0.000000  -1.105272   0.000000  -0.302445  -0.110117   0.000000   0.057819
        0.2076 26   0.012653   0.012653   0.318830    0.031977   0.000394  -1.110879   0.000000  -0.315959  -0.111488   0.000000   0.059850
        0.1999 26   0.013987   0.013987   0.320684    0.034794   0.000000  -1.081333   0.000000  -0.303052  -0.107128   0.000000   0.059528
        0.2328 25   0.013729   0.013729   0.350462    0.046427   0.000000  -1.080775   0.000000  -0.296650  -0.103658   0.000000   0.057780
        0.2297 25   0.014926   0.014926   0.318445    0.058686   0.000000  -1.076344   0.000000  -0.312822  -0.095750   0.000000   0.056065
        0.2163 26   0.016621   0.016621   0.375249    0.061363   0.000000  -1.077245   0.000000  -0.314412  -0.101547   0.000000   0.060209
        0.2350 25   0.016962   0.016962   0.323915    0.056046   0.000000  -1.075871   0.001153  -0.265209  -0.088629   0.000000   0.060286
        0.2812 25   0.016095   0.016095   0.329972    0.056665   0.000000  -1.096068   0.000012  -0.274570  -0.102545   0.000000   0.056743
        0.2120 23   0.020481   0.020481   0.325869    0.048602   0.000000  -1.084461   0.000000  -0.291805  -0.100009   0.000000   0.058060
        0.1964 26   0.022569   0.022569   0.363722    0.057280   0.000000  -1.073454   0.000000  -0.313467  -0.104952   0.000000   0.061260
        0.1595 24   0.025914   0.025914   0.373937    0.046483   0.000000  -1.059017   0.000000  -0.303957  -0.117595   0.000000   0.058459
        0.2403 25   0.023027   0.023027   0.385384    0.054805   0.000000  -1.093439   0.000000  -0.312620  -0.101448   0.000000   0.058292
        0.2033 24   0.026408   0.026408   0.330948    0.067793   0.000000  -1.086119   0.000000  -0.271808  -0.090775   0.000000   0.055773
        0.2487 23   0.025372   0.025372   0.337724    0.064187   0.000000  -1.068825   0.000000  -0.289835  -0.096492   0.000000   0.060312
        0.2086 25   0.029096   0.029096   0.401471    0.055893   0.000000  -1.126625   0.000000  -0.297715  -0.108980   0.000000   0.058023
        0.2308 25   0.029336   0.029336   0.305019    0.059433   0.000000  -1.057668   0.000000  -0.295294  -0.106382   0.000000   0.055911
        0.2454 24   0.030028   0.030028   0.330910    0.032318   0.000000  -1.093439   0.000000  -0.301074  -0.098775   0.000000   0.057461
        0.1912 26   0.034957   0.034957   0.373116    0.037981   0.000000  -1.117163   0.000000  -0.316051  -0.111113   0.000000   0.057488
        0.1499 26   0.039393   0.039393   0.352474    0.054118   0.000000  -1.098450   0.000000  -0.309335  -0.111864   0.000000   0.060281
        0.2457 24   0.034849   0.034849   0.337921    0.057369   0.000000  -1.089906   0.000000  -0.286450  -0.109293   0.000000   0.060191
        0.2954 25   0.033389   0.033389   0.361334    0.042840   0.000000  -1.018590   0.000000  -0.309909  -0.105795   0.000000   0.054846
        0.2177 24   0.040159   0.040159   0.348022    0.040463   0.000000  -1.099242   0.000000  -0.281221  -0.106302   0.000000   0.062438
        0.3250 24   0.034839   0.034839   0.362563    0.039779   0.000000  -1.086218   0.000000  -0.284623  -0.103438   0.000000   0.056012
        0.3002 24   0.038163   0.038163   0.329419    0.042450   0.000000  -1.080016   0.000000  -0.299191  -0.109262   0.000000   0.056596
        0.3181 25   0.038730   0.038730   0.313440    0.033806   0.000000  -1.075717   0.000000  -0.299582  -0.118190   0.000000   0.055924
        0.2682 25   0.043995   0.043995   0.325096    0.063837   0.000000  -1.070415   0.000000  -0.297949  -0.111405   0.000000   0.061066
        0.2593 24   0.046546   0.046546   0.331616    0.042719   0.000000  -1.089059   0.000168  -0.281427  -0.099325   0.000000   0.057610
        0.2630 24   0.048223   0.048223   0.347896    0.053837   0.000000  -1.083041   0.000000  -0.288911  -0.113332   0.000000   0.058051
        0.2531 24   0.050965   0.050965   0.363100    0.056634   0.000000  -1.082141   0.000000  -0.293603  -0.108018   0.000000   0.059319
        0.2711 24   0.051616   0.051616   0.361794    0.059093   0.000000  -1.102946   0.000000  -0.284789  -0.106281   0.000000   0.057319
        0.2919 26   0.052041   0.052041   0.362629    0.056301   0.000000  -1.081340   0.000000  -0.299609  -0.098076   0.000000   0.055178
        0.2187 23   0.060046   0.060046   0.364452    0.068881   0.000000  -1.073026   0.000000  -0.262462  -0.100922   0.000000   0.057659
        0.2607 22   0.058753   0.058753   0.330698    0.040423   0.000000  -1.067481   0.000000  -0.241421  -0.092089   0.000000   0.058526
        0.2338 23   0.063227   0.063227   0.364628    0.058427   0.000000  -1.051939   0.000000  -0.287341  -0.108882   0.000000   0.059518
        0.2607 24   0.063182   0.063182   0.353556    0.054600   0.000000  -1.022848   0.000000  -0.292279  -0.103412   0.000000   0.058014
        0.2762 23   0.064111   0.064111   0.358057    0.063368   0.000000  -1.035855   0.000000  -0.271515  -0.108183   0.000000   0.058807
        0.4027 23   0.055794   0.055794   0.303740    0.056833   0.000000  -1.068713   0.000167  -0.274044  -0.092532   0.000000   0.059471
        0.3312 24   0.063918   0.063918   0.328795    0.055036   0.000000  -1.021298   0.000000  -0.301303  -0.110255   0.000000   0.061652
        0.3704 24   0.062824   0.062824   0.353314    0.045282   0.000000  -1.075978   0.000000  -0.300004  -0.098764   0.000000   0.060046
        0.4669 24   0.057001   0.057001   0.320669    0.056469   0.000000  -1.002833   0.000000  -0.301680  -0.096806   0.000000   0.057917
        0.3756 23   0.066940   0.066940   0.319046    0.061754   0.000000  -1.019854   0.000000  -0.279423  -0.107372   0.000000   0.057617
        0.3608 24   0.070609   0.070609   0.295377    0.055366   0.000000  -1.010382   0.000000  -0.284538  -0.096623   0.000000   0.057207
        0.3828 24   0.071011   0.071011   0.328983    0.051089   0.000000  -1.030150   0.000000  -0.302390  -0.113731   0.000000   0.057338
        0.4439 22   0.067904   0.067904   0.344707    0.059593   0.000000  -1.035324   0.000000  -0.269117  -0.100057   0.000000   0.058427
        0.3570 22   0.078300   0.078300   0.332303    0.049533   0.000000  -1.003556   0.000000  -0.267900  -0.103023   0.000000   0.058510
        0.4563 22   0.071522   0.071522   0.363996    0.053639   0.000000  -1.038595   0.000000  -0.282241  -0.106548   0.000000   0.059304
        0.3899 23   0.080201   0.080201   0.357874    0.045028   0.000000  -1.003846   0.000000  -0.281463  -0.102163   0.000000   0.057468
        0.3870 23   0.083043   0.083043   0.334431    0.045632   0.000000  -1.008101   0.000000  -0.269466  -0.095979   0.000000   0.058591
        0.3339 23   0.091000   0.091000   0.331562    0.044967   0.000000  -1.020084   0.000000  -0.276867  -0.095984   0.000000   0.058330
        0.3388 22   0.093218   0.093218   0.340682    0.053801   0.000653  -1.063997   0.000000  -0.261986  -0.101521   0.000000   0.056738
        0.3492 23   0.094879   0.094879   0.357383    0.060877   0.000000  -0.984265   0.000000  -0.290841  -0.115878   0.000000   0.055430
        0.3493 23   0.097656   0.097656   0.304028    0.036023   0.000000  -0.975692   0.000000  -0.283630  -0.088140   0.000000   0.057641
        0.3746 22   0.097774   0.097774   0.355356    0.040632   0.000000  -1.018018   0.000012  -0.286431  -0.094751   0.000000   0.058031
        0.4199 23   0.095769   0.095769   0.324147    0.064857   0.000000  -1.030722   0.000000  -0.283486  -0.111163   0.000000   0.058178
        0.3917 24   0.101590   0.101590   0.321483    0.045005   0.000000  -1.002729   0.000000  -0.283488  -0.108796   0.000000   0.058147
        0.3676 24   0.107134   0.107134   0.334526    0.053257   0.000000  -0.973504   0.000000  -0.271442  -0.095895   0.000000   0.055792
        0.3843 24   0.108212   0.108212   0.312555    0.060221   0.000000  -1.023951   0.000000  -0.270324  -0.092058   0.000000   0.058758
        0.3706 23   0.112737   0.112737   0.309770    0.037552   0.000000  -1.017963   0.000000  -0.259469  -0.092405   0.000000   0.058882
        0.6463 22   0.086095   0.086095   0.313444    0.031796   0.000000  -0.961475   0.000000  -0.284119  -0.106372   0.000000   0.058435
        0.6129 22   0.092163   0.092163   0.273032    0.067780   0.000000  -0.951964   0.000000  -0.261553  -0.098835   0.000000   0.055566
        0.5567 22   0.100876   0.100876   0.296285    0.035850   0.000000  -0.970183   0.000000  -0.259029  -0.097340   0.000000   0.056068
        0.6349 21   0.095358   0.095358   0.343022    0.063670   0.000000  -1.010280   0.000000  -0.246279  -0.091971   0.000000   0.058440
        0.7101 21   0.090314   0.090314   0.352584    0.047125   0.000000  -0.974263   0.000000  -0.262867  -0.104109   0.000000   0.056079
        0.9958 21   0.065775   0.065775   0.307516    0.070535   0.003727  -0.917590   0.000000  -0.281922  -0.091915   0.000000   0.057214
        0.9327 21   0.073808   0.073808   0.322097    0.042770   0.000000  -0.941315   0.000000  -0.244290  -0.098365   0.000000   0.059660
        0.9602 21   0.073704   0.073704   0.286883    0.045583   0.000000  -0.939307   0.000000  -0.253809  -0.078651   0.000000   0.057433
        0.9179 21   0.080168   0.080168   0.308518    0.043107   0.000000  -0.924542   0.000000  -0.235729  -0.086973   0.000000   0.061000
        1.0005 21   0.074854   0.074854   0.329501    0.057824   0.000000  -0.937755   0.000000  -0.224502  -0.069948   0.000000   0.053915
        0.8552 21   0.091668   0.091668   0.368122    0.036621   0.000000  -0.927875   0.000000  -0.246200  -0.091244   0.000000   0.052507
        0.9307 21   0.086682   0.086682   0.361909    0.059629   0.000000  -0.939382   0.000000  -0.236440  -0.078219   0.000000   0.057695
        1.0318 20   0.079376   0.079376   0.387867    0.052606   0.000000  -0.908901   0.000000  -0.232474  -0.089735   0.000000   0.055436
        1.1889 20   0.067358   0.067358   0.312835    0.061466   0.000000  -0.863325   0.000000  -0.250027  -0.095881   0.000000   0.052770
        1.0989 19   0.078007   0.078007   0.338868    0.041037   0.000000  -0.881593   0.000000  -0.253211  -0.096897   0.000000   0.053076
        1.0864 20   0.081737   0.081737   0.307394    0.031657   0.000000  -0.884724   0.000000  -0.255401  -0.092967   0.000000   0.052817
        1.0840 20   0.084558   0.084558   0.355542    0.046347   0.000000  -0.923073   0.000000  -0.233282  -0.088874   0.000000   0.052802
        1.1145 20   0.084154   0.084154   0.355916    0.048772   0.000000  -0.913205   0.000000  -0.236857  -0.076335   0.000000   0.053881
        1.2884 20   0.070243   0.070243   0.363075    0.054766   0.000000  -0.881059   0.000000  -0.227704  -0.083861   0.000000   0.056297
        1.3878 20   0.063822   0.063822   0.375044    0.044979   0.000000  -0.892206   0.000000  -0.234381  -0.084346   0.000000   0.056028
        1.3385 20   0.070484   0.070484   0.389855    0.034088   0.000000  -0.876006   0.000000  -0.226188  -0.070445   0.000000   0.055137
        1.5847 19   0.052053   0.052053   0.336840    0.074464   0.000000  -0.849404   0.000000  -0.191662  -0.079819   0.000000   0.050661
        2.0980 17   0.021161   0.021161   0.362456    0.079861   0.000000  -0.847804   0.000000  -0.208424  -0.082046   0.000000   0.053010
        2.3753 17   0.010579   0.010579   0.331841    0.070340   0.000000  -0.849141   0.000000  -0.220435  -0.072203   0.000000   0.044932
        2.2974 18   0.014533   0.014533   0.317599    0.053160   0.000000  -0.813683   0.000000  -0.217103  -0.069524   0.000000   0.051315
        2.3535 18   0.013342   0.013342   0.319732    0.067656   0.000000  -0.838239   0.000000  -0.204301  -0.072504   0.000000   0.046522
        2.2060 18   0.021036   0.021036   0.291894    0.062455   0.000000  -0.817635   0.000000  -0.204489  -0.068501   0.000000   0.053404
