t = 1000000
b = 28 28 28
E = -0.79875250104307 -1.13653874355736 0.337786242514286
-0.600660760924175 -17.0426813294355 12.0941335907958 0.858371067419837 -0.488471012010424 0.156828508384294 0.0237331575894677 -0.26755572120486 -0.963250057503959 0.497956229911931 -0.0821402138976285 0.858620961175153 0.171890372631907 0.12933372538015 -0.321264831681282
-0.187429265815236 -16.9396202731302 11.7869996633065 0.270615573686922 -0.937601178419949 0.21833744869724 0.0186724110125325 -0.221645140303494 -0.974948600105064 -0.248035099225357 0.0982867525154411 0.0218532183425013 0.111477535598838 0.128641055776461 0.169744997368359
0.0387412507482132 -16.9826301705375 11.4373506903357 -0.564076869032795 -0.799398937899653 0.206829939580964 -0.00729859921386693 -0.245646919031895 -0.969331894461156 -0.2354856479982 -0.205693875783828 -0.552332387131003 0.176900825711267 -0.229127343875393 0.0665056845423554
0.281058496375472 -17.2889792288715 11.122278770323 -0.879366656912867 -0.474293141120632 0.0419559172919932 0.147129213577148 -0.354471543891826 -0.923419145937053 -0.29252142271892 0.319641450475709 0.262093000860537 0.577722042565178 0.525595578621243 0.637382240081273
0.402173547653852 -17.7603142527187 10.817292372206 -0.97880399410138 0.166090453331027 -0.119819457699819 0.0603492653847815 -0.325166316206632 -0.94372921591531 -0.56013532801409 0.0726170164448157 0.381332659248231 -0.351569449604586 -0.168421504970797 -0.642520959475374
0.262255587737631 -18.1929947415346 10.4657628303337 -0.620680072292568 0.739295045385407 -0.261149542843714 0.00179750353128466 -0.331729180539011 -0.943372948393143 -0.126803640389437 0.0634186884126071 -0.020241421446487 -0.2124904674959 0.182879030151438 0.0091940483983188
-0.121172739097776 -18.3965398324189 10.0237756603813 0.0257234073523664 0.978201927582006 -0.206056533963456 0.0372745115683282 -0.206919950456798 -0.977647556581767 0.236107589792932 -0.337191942152888 0.11995978333457 -0.0497750421455226 0.43526218659394 0.248899741632622
-0.391677001862096 -18.3868036239093 9.5079646493431 0.40660243799513 0.913581406255916 0.0065932965866958 -0.0861541076112218 0.0455267472116632 -0.995241068801946 -0.00173825793831333 -0.0713712741161977 -0.00627119329526307 0.508803821336194 -0.381628522981662 0.354554092452136
-0.651667521560316 -18.1888654803922 9.13847172330795 0.912227276323069 0.385149188542789 -0.139647767246837 -0.117160014700041 -0.0813790017015937 -0.989773200807912 -0.265545605354459 0.286350589574909 0.0724903673216909 -0.148767595932926 0.305227698209628 -0.372852520459459
-0.702671881430202 -17.9922358097588 8.63102968778356 0.994865728994755 -0.0719545439902848 0.0711668804352516 0.0761696580194231 0.0693536675800947 -0.99467997466039 -0.116799658458763 -0.268773421208831 -0.55177640824883 -0.338260930385441 0.102745852896996 0.0586503154940862
-0.611170878902698 -17.6451080712376 8.2205714868472 0.888524827508617 -0.456334059466893 0.0477792535652089 0.193438133731953 0.278131367154205 -0.940863768578232 0.282864482771019 -0.236624425567317 0.436647275004728 0.00944589556962883 0.0131136455041289 -0.92590985109567
-0.272126512552674 -17.4067876603252 7.78300507426858 0.387424227370782 -0.919355790707142 0.0684645757994497 0.172191451553566 -0.000794896608526644 -0.98506318180676 -0.417411685629452 -0.121668363849028 -0.0120442695717776 -0.641359934988003 -0.473134462645525 0.0384492456712867
0.106416080773236 -17.4189713419654 7.47407220661388 -0.402240403273879 -0.910931838416857 -0.0916833885311473 0.21824828290039 0.00184949559256937 -0.975891523878082 -0.0966491160496775 -0.379772877069463 0.370522182110696 -0.0734704458108871 0.0092730003682141 -0.389859401774734
0.500582531750929 -17.6732118860661 7.10610235196997 -0.913627770812551 -0.396501764422613 -0.089836780941011 0.0995930636716086 -0.00403930163343475 -0.995020052918944 0.44607298944998 0.211200509442083 0.437828952576523 0.100661322751915 -0.0304607291122823 -0.165128159935034
0.59747709121179 -18.051450220667 6.82441010243144 -0.948425168883198 0.147195977103712 -0.280754418225894 0.250733971315422 -0.193579983901218 -0.948503698180034 -0.448438293478417 0.0337722767918609 -0.0507997944357182 -0.535652533284654 0.109825014147501 0.409555598152454
0.595801150381536 -18.3669363188137 6.44880433950413 -0.776874596757769 0.513539252236348 -0.364339535769845 0.0377449992608751 -0.539610656306779 -0.841068162892262 -0.0684859036532493 -0.100490583333582 -0.580477406640329 -0.220551855002354 -0.00711425124607207 -0.408045933146943
0.397368779496936 -18.7166185322588 6.06898191436008 -0.45941234647771 0.835125527259026 -0.302499007641643 -0.20395515797224 -0.430651296623559 -0.879171060859584 0.804725271549359 -0.821143896595037 -0.159230861306129 -0.677739738527198 0.400380028210075 -0.322369533358225
0.0107665356076261 -18.8737978664513 5.68154415337696 0.22317669398089 0.914721538060392 -0.336862985607192 -0.179089054495165 -0.3012202766239 -0.93658606412366 0.709986243344075 -0.531737441639129 0.803722981264273 0.432088548115479 0.419315542479141 0.377750048494759
-0.226518081174433 -19.0023357676366 5.21421037422926 0.535050178083222 0.841560607176347 -0.0741421026279362 -0.177644878841784 0.0262750990562299 -0.983743826507121 0.00823729075207037 0.170864210644845 0.00704926298393298 -0.0182118917380055 -0.407128369554429 0.32041734702503
-0.480070465789858 -18.7582765118885 4.8176976959982 0.941971181790655 0.307604151811465 -0.134424620007891 -0.160844706063886 0.062091185589524 -0.985024702839127 -0.324189258312236 0.141472428146261 0.774300645056086 0.0289218229694039 -0.100949878337153 0.215422979376934
-0.480758910279047 -18.4382013336996 4.39840942488402 0.950896736369306 -0.304336093366317 -0.0563465973837918 -0.0595205666586119 -0.00115415437875135 -0.998226412229364 -0.263058626318039 -0.41078070034426 -0.335143203544438 -0.0685628470725773 -0.368082093920201 -0.0861263352267962
-0.274896765418141 -18.1661924577403 3.9460544627631 0.542997474513601 -0.839678408018008 0.00969091224782465 -0.0613056599663046 -0.0511490983657545 -0.996807597178345 -0.180477619720707 -0.23144786605688 0.0392481630701403 -0.183695976678608 0.0158659528304389 0.35674842154029
0.0183283698259409 -18.1464044408638 3.51007488044142 -0.129549984294526 -0.98721339883221 0.0928789897417287 -0.00348202038976193 -0.0932148360740266 -0.9956399298289 0.170399614155609 0.165231893809557 0.370776150242539 -0.312013082800788 0.0489377335712491 0.0819980911575635
0.436458162313521 -18.3380202799192 3.04974402560118 -0.676472687650244 -0.710410138189479 0.194170385025268 -0.08678905414758 -0.184915455086072 -0.978914671741352 0.524906718391383 0.00731120198758928 -0.033401600111112 0.00823581187434099 0.218490751996767 0.526935175824837
0.44783913496336 -18.7436455274296 2.62073209154593 -0.953634114145138 -0.139393361874707 0.266742323233276 -0.203574664842094 -0.354028326228863 -0.912809563962834 0.143441787223896 0.348989138275884 -0.0851227179299194 0.64192272102094 0.322819870665879 0.0679360275660832
0.285660206510496 -19.1713000046845 2.31927251145312 -0.812379509181053 0.548523504357612 0.197892643193214 -0.457169428407706 -0.388437408221831 -0.800070305425266 0.00824553901843701 -0.0388586162875805 -0.0914857944324278 -0.100214085425171 -0.350548316118032 -0.0401790536277479
-0.0113017770108996 -19.5177775621286 2.12420903963836 -0.415800954301245 0.905342659644109 -0.0863958044739787 -0.557899188868167 -0.328939684808789 -0.761936466392138 0.586867307737368 -0.701357105082367 0.381137447784281 0.127692028681398 -0.0228849298582114 -0.172611136759487
-0.506997044795366 -19.6779350825015 1.95383989221161 0.163682269795557 0.901589909758578 -0.400429455929624 -0.451497823930087 -0.29243426742519 -0.842989866025618 -0.163745227230848 -0.292325190534766 -0.0231237480996588 -0.582377580898605 0.205329421010923 -0.354704061395175
-0.874427512585854 -19.6177336203289 1.63119728873031 0.842617234188218 0.338000219097335 -0.41922791956065 -0.272371124553878 -0.404078703048491 -0.873232141101039 0.139883681367938 0.00830361186702232 -0.410907232417727 -0.00476674630154531 0.225828616842454 -0.0453470270451437
-1.10798968042964 -19.5640373155521 1.22981305363773 0.918990321407509 -0.362645151208875 -0.154742636219032 -0.246747209893384 -0.222861427327073 -0.943105825779679 0.386568091031267 -0.863591617240592 0.438213434450379 -0.152207138144636 0.63122493182073 0.463465338214535
-1.00558004827358 -19.6162416264428 0.698829632356496 0.468019246499732 -0.83652908088976 0.284915920459979 -0.155303547907238 -0.395245316457725 -0.90535183648439 -0.149744068943484 -0.00638847843385545 -0.538435505542259 0.168200194688349 0.252221889199871 0.529113800804734
-0.840098493229661 -19.7160127664845 0.306457539920872 -0.277707738284467 -0.892986411005928 0.35419441251335 -0.0736616057695243 -0.347817595684107 -0.934664050858907 0.307948618569545 0.39036990105955 0.253900541655161 0.68274292299597 0.15171887880254 0.0544949164071757
-0.577457835010801 -20.0009621812299 0.0329242004964596 -0.911807556622603 -0.382662034757915 0.148918591320395 0.084444986455839 -0.529667363615282 -0.843991426605335 -0.0659667403062322 -0.385422189255468 -0.0308131961049 0.31807048967757 0.0591411029030835 -0.289207379967584
-0.554539207665087 -20.4201302401275 -0.203635585712778 -0.91469081798556 0.344366576752579 -0.211547555666846 -0.0327165578092125 -0.584805941317929 -0.810513194121087 0.320440552300268 -0.425073006889566 0.227052737244999 -0.206657980624316 -0.108639705634887 -0.120965384573393
-0.683118871117745 -20.7986882450585 -0.632122946837132 -0.37199029970188 0.906455939742576 -0.199902091617645 -0.324114738807331 -0.32864294635795 -0.887098331582819 -0.0301751540976079 0.136603935306767 0.261866365998941 -0.421035855215755 0.138642434056108 0.0810103524630475
-1.05281444347984 -20.7187566100162 -0.999666264163426 0.254167350289593 0.952989432994194 -0.16495483820783 -0.543521128319463 -0.000332648824531612 -0.839395420773247 -0.236487514598542 -0.223422075151986 0.0438939802338308 -0.159637092630596 -0.353090270475668 -0.0967708469123765
-1.40939385960635 -20.487915781306 -1.2834058725845 0.836689258340833 0.383321982180722 -0.391171756334873 -0.479867197424933 0.168851702754013 -0.86093935635015 -0.289376884427615 0.0120297340953093 0.109354428581092 0.295911241672989 0.367518887218746 0.285535362650363
-2.17873894955168 -21.8102433013681 -1.95830427953381 0.159733481516044 -0.965302330520123 0.206583217070467 -0.483332814626225 0.105993367875815 0.868996430528822 -0.309390687235303 -0.0822785479067595 0.394155819104309 -0.0750483565144003 0.185020368337297 0.22227716195286
-2.54822961440194 -21.8736450416854 -1.73300147056738 0.774419467512711 -0.362769166451399 0.518336782612895 -0.46423121992514 0.230800912356564 0.85511421067726 0.20583654612965 -0.53369672403154 -0.00152227940394293 -0.280077379370521 -0.114465489294898 0.23589491570173
-2.72525858091546 -20.7442150187957 -2.41241890145786 -0.285743650990907 0.586301811470242 -0.758024242214653 0.939184331894451 0.328560097157622 -0.0999052214839043 0.230468107504282 -0.582872179910887 -0.150368817559769 0.470219131370555 0.617680089638619 0.201722913605504
-0.450896531024974 -18.4926448823308 1.52557747892581 0.0363216262763788 -0.962785829251999 0.267813715959771 -0.207411997709685 0.254892188546127 0.944462934912876 -0.161120996695006 0.254203957838586 -0.720795407580633 0.224137513229214 -0.580487800173197 0.111044910477403
-0.618515127737208 -18.4072172941037 2.05289943604413 0.487827409489989 -0.872483900842926 -0.0282181027037405 0.0731627705901641 0.00865275047540447 0.997282476988732 -0.221114371052123 -0.537941724157006 0.803714605164729 -0.274205959818663 0.290309524908361 -0.498344396966878
-0.730018052519736 -18.5743093680616 2.54314865892004 0.87438253449963 -0.429951689278891 -0.224937165111128 0.228108555877775 -0.0449338056033798 0.972598293155686 0.297515660881174 -0.260399321178911 0.228445834019421 0.0845772001316005 0.233054220482762 -0.155268169919564
-0.703871256264787 -18.8070330491745 2.95386167550868 0.970562706335011 0.0472601228089665 -0.236166284350117 0.240520345549526 -0.139013090186956 0.960637977665577 0.109232739358364 -0.0183957244212995 0.411424980630811 -0.0425212084101928 -0.17786885631251 -0.351214141827223
-0.468465793989772 -19.1547995563222 3.33714741231889 0.866455233785204 0.412372127484593 -0.281433040562153 0.325959116520538 -0.040274970266567 0.944525585215762 0.157552688530455 0.212306439877907 -0.0781883984726751 -0.136533670178933 0.489370653875153 0.457029921146423
-0.0838041045837628 -19.3356829538 3.60715799922953 0.130076668220203 0.986821581245076 -0.0962456605447722 0.293176342649291 0.0544492746835392 0.954506630986512 0.322579384997137 -0.00814178630392223 -0.24149448533036 0.0437226039460883 -0.973263229266478 0.788964437350554
0.315045632155844 -19.1687185495094 4.0505588362909 -0.474962448266526 0.867668010503719 -0.146843100911097 0.162625910541988 0.250534772613307 0.954350638356777 -0.0813341046404005 -0.201884269551298 -0.280033549652603 -0.0510559063667309 0.126043947143775 -0.0730704625293986
0.618205701662347 -18.8097924197627 4.34418169720862 -0.953495456073351 0.291987966963997 0.0747625734957283 0.162427174925321 0.288830393142391 0.943501148299773 0.664105679593661 -0.538744085401549 -0.126780508159383 -0.131194337461722 0.383351647692349 -0.0740400778415968
0.63516884186782 -18.3445847046787 4.59749092579383 -0.862808243395956 -0.425864666450199 0.272399010639258 0.141089927857532 0.314570945430601 0.938689912882872 0.0430691418841758 -0.1518229444165 0.185950388025169 -0.161599542771035 0.0157741369185816 0.0693446683719516
0.541511400813953 -18.0419815663186 4.99932552983744 -0.670814055741021 -0.728968233920096 0.136432461517407 -0.199716774154289 0.354732372286662 0.913388282261866 0.265239504690579 -0.403882122068956 -0.28573735054706 -0.552908871434639 0.265143691669101 0.668101316178963
0.203078812510736 -17.7463818403379 5.27179718828791 -0.0713010755494419 -0.940541147738513 0.332112188930509 -0.153321585989652 0.33933711732359 0.928085562906855 0.113246319208746 0.149680349195763 -0.129816678983374 -0.498955024544977 0.0999472298632707 -0.163342614882491
-0.0973423235942619 -17.6519196982756 5.67863856901069 0.436726188900901 -0.860276151747032 0.26304976461387 -0.125569361583104 0.23125083672437 0.964756645971351 -0.305525517336346 0.414138891676375 0.300091932494578 0.162519576550998 0.403276225133315 -0.399010913179236
-0.375190593266392 -17.6860767263196 6.08765056052945 0.768957975213397 -0.572444153884419 0.284624881272289 -0.138470709694325 0.285507937242385 0.948320135992244 0.167089133481484 0.155471516537146 0.149782923257091 -0.139730929367157 0.321530566746897 0.390398469096438
-0.539295261805911 -17.9044730273513 6.47976888620587 0.944463440366377 0.0212961368585796 0.327925729954524 -0.328269407334768 0.106994943854766 0.938504809895823 -0.0290028419741089 0.271694743644812 0.225229376324206 -0.277911083557162 0.30003344842917 -0.0287495619609641
-1.69901109839592 -17.1715699086861 5.8957278641852 -0.81900467495498 -0.543556034735963 0.183788409601925 -0.418558074229693 0.785055334415215 0.456615002385319 0.72852726410011 0.499508876746349 -0.249929859218971 -0.286768120625511 0.171024221310531 -0.0841675280708103
-2.06195361644469 -16.7995593953589 5.83727823983451 -0.199976294510737 -0.468077347717933 0.860763079010189 -0.205865441352644 0.878970735551945 0.430150980586997 -0.485383417010446 -0.213428728895959 0.0781905885727048 -0.0922670176375184 -0.551316298257267 0.0118441460726259
-2.43939763814394 -16.4369675101876 6.04222912563703 0.452265541109274 -0.414234720317127 0.78985155365355 -0.218206778682919 0.807294067159136 0.548326627902096 -0.00807022009332726 0.255291449650686 -0.0187400670314103 0.384104976509721 -0.561704314439749 0.0447794590345241
-2.79751210700303 -16.2447770239817 6.39182294137397 0.824379210942543 -0.125673232422574 0.551910459420921 -0.306189279967328 0.721065536076929 0.621540519608481 -0.043657178080386 0.224735078136302 -0.928123750414592 0.141847339578928 -0.0396511906051999 -0.179585233791666
-2.9460653014457 -16.0339589319827 6.86807494848167 0.983286863172543 0.177260319086226 -0.0415418342126354 -0.102219232438511 0.726318467571421 0.679715169894261 0.113858314183667 0.112793403540234 0.0256542949616039 -0.00297293308975787 0.634183627052944 -0.150353934687314
-2.87403090267984 -15.7280082236718 7.39565529787932 0.861660014988244 0.156182564138747 -0.48285507683932 0.230331860407403 0.727462725906974 0.64633212553397 -0.0503660822021531 0.155256343588832 -0.203123345334997 0.317328831361353 0.0486164080748979 0.107203567250367
-2.58614298621985 -15.5438353985246 7.82840112982342 0.378545465142011 0.39461443515538 -0.837247142955662 0.384960601561527 0.755489594593179 0.530132820816464 -0.58152547702096 0.35690183728166 -0.0754796087701921 -0.144725743654351 -0.167582131589347 -0.38515813445527
-2.16780459927337 -15.3521317789944 7.98940748912668 -0.100024717057123 0.539486497174314 -0.836031922443295 0.317034556755883 0.813731483831757 0.487165436010775 -0.0595426414817299 -0.0212896612505859 -0.109668199735255 -0.0475801269308444 -0.0936493326269157 -0.150839493808192
-1.7703570628261 -15.0737956039677 8.03270666815347 -0.666723187984325 0.673628475464297 -0.318912006120286 0.438048514690542 0.7003631777149 0.563564475529195 -0.376752026292193 0.394222553789415 -0.335099600865825 0.209748497129381 -0.423013487020745 0.0234113892992932
-1.49665060953859 -14.6133289359126 8.06673019385427 -0.890161419672205 0.436192869028257 0.131713431114912 0.416304976792189 0.661082493422858 0.624227605275409 0.211535712895068 0.273537241603542 0.40134615808601 0.157993714396159 0.283633655142669 -0.4347433868347
-1.3696531919052 -13.9927900595842 8.07801752073896 -0.796908091666452 0.00182777533362641 0.604097800586845 0.368503131202113 0.793866310780874 0.483716572903392 -0.0287165599032241 -0.155824813547012 0.187553300601069 -0.27200912344982 0.254320502077304 1.02509042755428
-1.38170365810385 -13.4563119258067 8.15796196825929 -0.517741364393109 -0.366493313418584 0.773063083335267 0.406929181625394 0.689349457131309 0.599337940643221 -0.258765077671995 -0.331868503216191 0.668271336268684 -0.0756046216669869 -0.399813794077495 -0.0761310857082199
-1.43975537811268 -12.9934607012849 8.40397104931237 -0.0169777653792904 -0.688465822150103 0.72507004297096 0.165483912343746 0.71323847471888 0.681106418216782 -0.198790699262019 -0.329476966685163 0.662892555183002 0.45072072273973 0.401092072306682 -0.156309584254515
-1.66136061636555 -12.723991511587 8.84231922386345 0.554203740584504 -0.791451544892072 0.2578035415003 0.608339743238022 0.596516414326681 0.523536936840121 0.185300299648045 0.245871994520452 0.195118798554983 0.314109191393486 0.021300495759366 -0.0625782353852752
-1.478063363324 -12.5500616351532 9.34159824584309 0.823742110941704 -0.446048421545406 -0.349985342976185 0.560141043839338 0.544780036462721 0.624064678441469 -0.0845804292502353 0.517935197100172 -0.246867548764895 0.382578186697652 0.439850530260927 0.0114059392238994
-1.28898955102985 -12.5470038563126 9.70095640874109 0.686909645096609 0.124390422439438 -0.716018269514535 0.617359502096162 0.419945133724922 0.665216754022579 -0.100028557693074 -0.29395005808349 0.603112252735587 0.1079986889145 -0.333686662395186 0.0315988771758483
-0.965750530528773 -12.603115001303 9.99196155140681 0.075873543077841 0.9259549054592 -0.369933397406693 0.624014284333981 0.245276418149874 0.741920246149623 -0.192803892680602 0.248841826782157 0.374716406774163 0.533078604686313 0.206755308521535 -0.458004773389185
-0.538236829408589 -12.424381279481 10.0072112402642 -0.523985078557886 0.68017038937919 0.512647909252001 0.677115703321531 -0.032462186977494 0.735160207527602 -0.411820681421641 0.259671004583692 0.105582224604594 -0.0803603163615284 -0.648918330491873 -0.281422767870668
-0.155096267864675 -12.1329273229461 10.2787375043997 -0.799232492356898 0.0382408327334183 0.59980418627485 0.598996265237717 -0.0311867583633936 0.800144274699288 -0.39061718601662 -0.232927804418619 0.0180246735043423 -0.404427087405322 -0.235478483558742 0.229104551273498
0.0704580757015982 -11.9110636832096 10.7614101027422 -0.70151412286777 -0.675976979337087 0.225683536890423 0.508604664602584 -0.253059214621819 0.822971645343557 -0.0593571150466764 -0.210585085733637 -0.550746595862593 -0.0908398425978586 -0.0122634602536167 0.286781727479732
0.0496785199023684 -11.9218580117297 11.3032629140432 -0.0070939082087047 -0.921772514692541 -0.38766623224588 0.574313652156733 -0.32111694361698 0.753025721651316 -0.539355183323428 0.0623996557053989 -0.118445259998737 -0.258025025144487 -0.0952200176421065 -0.26156736685994
-0.552911864608152 -11.1621054512712 11.8069814283488 -0.624178414851903 0.696260817758799 0.354432193919816 -0.0894462641685179 0.38698827290909 -0.917736041820923 0.259307663275045 0.104321153903184 -0.0374820984726713 -0.37037451156725 -0.0667723054127555 0.0114826578221949
0.240659551688321 -10.4043880889259 10.9299137738275 -0.00654014880511251 0.702447196361926 -0.711705811959462 -0.154577694256543 0.70245605379982 0.694738244893942 -0.540758986118575 -0.239659220892182 -0.387922956518157 0.121067218989625 0.0280461751431639 -0.453840886642089
0.463872606869167 -10.0905655744916 11.1569089835547 -0.761067897155857 0.489223112506694 -0.425953521065415 -0.110062010810423 0.549742650914495 0.828051551258658 0.152197755509423 0.0781586036825116 0.260748086216247 -0.133514126771934 0.244945759964795 0.367472418884225
0.62303016995206 -9.70056766276205 11.3340136338826 -0.987579721974863 -0.155587745295579 0.0218802709738941 -0.0678908008827466 0.548161699568843 0.83361237411719 -0.317154199760158 0.330828892552767 -0.0594017077561772 0.0403267946742624 -0.335666029632958 0.0836712715341463
0.471868332088803 -9.28690983395366 11.6772215984485 -0.726618531055938 -0.68422334921686 0.062160427223222 -0.261426600581566 0.359021935728637 0.895968404673976 -0.0806491142755118 0.578514844556223 0.137053159999951 -0.135802209393024 0.275849855934919 0.392367690708554
-1.02998335566497 -13.6975032768385 9.28741885927383 -0.616636714647581 0.745262050930741 -0.253660476998574 -0.441782932231034 -0.594279239355378 -0.672056564926304 -0.141151940966197 0.146559566651755 0.21468980763551 -0.0960563826201452 0.04812336337775 0.110842493623444
-1.46477985207598 -13.8291026709778 9.21706263250345 -0.0830186833771134 0.761527159342428 -0.64279412240171 -0.679464333340328 -0.515101295883756 -0.522492942246362 0.279734197510525 0.467507331594577 0.740054649968096 -0.0148198068017597 -0.443946035050917 -0.0399092451303378
-1.94030958400553 -13.9262276333861 9.12274512984219 0.399110111415197 0.436407133456629 -0.806386962217469 -0.649767459667825 -0.485897990368947 -0.584555721306567 0.169308134638007 -0.070243018403833 0.3807711777567 0.568735507935557 0.156451319438374 0.255971221089324
-2.31533810287675 -13.9822421399913 8.75030454561389 0.812225833770466 -0.138225694082414 -0.566729964313964 -0.54817814802323 -0.513069973034594 -0.660499750794883 -0.217124319428664 0.00647635985855269 0.362762557668046 0.173616585534015 -0.0579424640007002 -0.0570355541118879
-2.55002869705231 -14.1790469719416 8.27915984472743 0.897536460978364 -0.435986315801483 -0.0659108006952023 -0.344632161731212 -0.600375330016281 -0.721649593783793 0.741716429488354 -0.133295914901574 -0.013844057500487 -0.623322035302747 -0.583818898188491 0.484489426154426
-2.52798567026851 -14.289436262302 7.61428780080593 0.635221709710163 -0.669781179774169 0.38456020430255 -0.280654505652898 -0.664065284853921 -0.693000971073352 0.142926283716427 -0.505142438395054 -0.10197682403253 -0.388745511808083 -0.240824180404482 0.30928325265113
-2.4530149146918 -14.5847370572679 7.09230720788551 0.317097650842979 -0.586174065011163 0.745552845436293 -0.119448158915581 -0.804546729914371 -0.58175312351183 0.156387015734302 -0.308918003059335 0.329936679118439 -0.712204538637589 0.621146014792708 0.066693776975795
-2.33659279324371 -14.9918609957742 6.80876425129197 -0.00307920829636631 -0.440953079164849 0.89752487455853 0.0887479908113262 -0.894108048470887 -0.438969921277682 0.418161562471275 0.15761683949314 -0.063058311922113 -0.799744267402144 0.138799496362199 -0.805401075620996
-1.96772419611551 -15.4391100846077 6.79253051180869 -0.667078057985324 -0.308103130044163 0.678291475555693 0.11950075323376 -0.942936814863251 -0.310788888398719 -0.244045150780924 -0.36911691995432 -0.146028135367067 0.17638749142501 0.292730363772077 -0.291860504384366
-1.79984839460145 -15.8621401705143 6.90831859555643 -0.979452844604416 -0.191870851119345 -0.062110399186091 0.201543151704701 -0.920181365969484 -0.335628681318315 -0.297514653990389 -0.0531395853859727 0.0600367707649028 -0.732191884474143 0.146877136892525 0.059474111507785
-1.82930957915938 -16.3482647032932 7.04320901298379 -0.819328675138103 0.0854930561569761 -0.566913978876321 0.138240661637758 -0.930184810568503 -0.340067254609429 0.516564782922397 0.169336505936114 -0.128526264617223 0.379334195659042 -0.335665184757997 -0.178092402419946
-1.96282379127254 -16.9166823258521 6.99555231790512 -0.491640181642052 0.381195020225273 -0.782930576967348 0.00628078963938285 -0.89751937689569 -0.440930289023423 -0.0163999266369867 -0.0259654282368714 -0.162855243963429 -0.177609106499026 -0.514191994125884 0.0542027575045068
-2.23655840978093 -17.3049860362263 6.88106356756589 0.263179711726404 0.436260248143061 -0.860472797493193 0.14622898748924 -0.89964928505911 -0.411397918213624 -0.154150559275222 -0.121240787586985 -0.0790319404513034 -0.308922332081474 0.184247413455285 0.296669269948922
-2.07282580466682 -18.0537151028135 7.10716250505861 -0.83294753787259 -0.527271018506704 -0.167879933866123 0.419227606943086 -0.799331581462634 0.430484885278472 0.396838697695999 -0.854642271826557 0.171800919084868 0.347338048766552 0.666622311650775 0.0218106395311145
-0.597199477142588 -18.1582791204761 7.05001688799668 0.924226282822287 0.381313039341135 -0.0201530188538543 0.0952732748978832 -0.179171297576727 0.9791938772352 -0.159182236386691 -0.480227187400899 -0.206051117970522 -0.439336455892414 0.250600937758231 0.241775637932992
-0.367380920665475 -18.4969583247261 7.42383288754859 0.479162958444605 0.874157314986321 0.0790686278527742 0.126145835166169 -0.157733102071777 0.979391391008234 -0.0315186825913342 -0.368287789135066 -0.146778657023421 -0.429188886262191 -0.173265224380924 0.4784915655065
0.0825373348696736 -18.5497787801597 7.79440230163294 -0.171220338820454 0.983017681135765 0.0660290401919681 0.167391661819113 -0.0370193108185923 0.985195210189307 0.239927819513372 -0.723629552117442 0.611210455523813 0.445413833192934 0.295867552847201 0.875410559471048
0.427761854938311 -18.3640624732321 8.12304489381065 -0.845718976570364 0.515452606706146 0.138087012092433 0.179596972421563 0.0312646275942559 0.983243332323388 -0.202946302019136 -0.0261343916599785 0.299618356611278 0.0597942400952744 0.22099493362115 0.132534468768967
0.533881278818097 -18.0943157192115 8.66495470342451 -0.992381685633682 0.12292687317734 -0.00822033269969077 0.0328411814964367 0.32825316263195 0.944018706393068 -0.542198631598545 0.0412058434396256 -0.0349408847366454 -0.150492061829505 0.590946461505146 -0.287413285361167
0.383380501826096 -17.7109916823021 9.01165064268808 -0.912807070586766 -0.407594044850262 0.0255018918790464 -0.135863665887769 0.36196821575593 0.922236452908908 -0.171399011033229 0.298742609962005 -0.0504560274189054 0.311614264901664 0.0158888912206634 0.367936549139305
0.198678236299717 -17.3458401011932 9.40419239193573 -0.509953780448012 -0.846216517172514 0.154482192731723 -0.248246726408506 0.316722786576026 0.915456301136748 -0.0532080234544472 -0.918160068664804 0.0642358760322898 0.219696235816483 -0.0122769508781904 -0.136402007034048
-0.190543584198949 -17.2158084922231 9.77573176383728 0.108210705188369 -0.971729686045953 0.209837700472698 -0.30556854816507 0.168346981014524 0.937169758557961 -0.0329272740656183 -0.358223296717037 0.603053292428717 0.31819593152199 -0.0550407945549997 -1.18840321024012
-0.537405342073342 -17.3362925408445 10.189648622335 0.697950141984361 -0.693177817434114 0.179916960627085 -0.262950230250908 -0.0143683568562972 0.964702403196055 -0.0114560515822454 0.0651467976618308 -0.203322805667998 0.374349855928668 0.286719122379292 0.22941087505296
-0.768656704588782 -17.5960270405641 10.7217076374874 0.9816566906325 -0.170937138961143 0.0844430948048839 -0.0908863534802179 -0.0302116665305499 0.99540289629703 0.224558981657439 -0.0743597747691788 -0.394711553928075 -0.787216221953502 0.252825794640599 -0.668677048193739
-0.754994280434342 -17.8682438527796 11.1078041926557 0.84077682346365 0.539825640138448 0.0410196462135962 -0.0975737456281049 0.0765707196669049 0.992278332452036 -0.18093598589439 -0.00326264879424791 -0.345898172234391 0.378896170334006 -0.0972973499328738 0.186209046227231
-0.594550261006091 -18.0695859580594 11.6148729486146 0.423333494852644 0.903811910910758 -0.0625522328273885 -0.0426968356663049 0.088870763792592 0.995127613709421 0.0672279951924457 -0.044308568060732 0.324839425772751 -0.0119091623116492 0.128148769832432 0.00741467564502538
-1.69373346883446 -18.2876251609419 12.5733175910729 -0.764021829778964 0.590357103832501 -0.260286637336042 -0.276740349438783 -0.664289473770707 -0.694358894254216 -0.060500387868684 -0.672781133025826 0.316150531049264 -0.425427528211119 0.146958559617174 0.224499710717396
-0.815724093212747 -18.952697050572 13.081919382121 0.989521196658247 -0.130723123524181 -0.0613128562384197 0.0561746504786938 -0.0426411029559682 0.997509972372354 0.298789037210832 0.0879663106247297 -0.153961266721544 0.316100564538666 -0.170101524105765 0.156865568279636
-1.59515296920956 -19.4683539682175 12.5975719342449 0.245946777291713 -0.283775457375458 -0.926812641546915 0.911639590024985 -0.257103718008887 0.320641444740203 -0.345305476514217 0.260691106063217 0.277311819337847 0.270549901695081 0.140719048800278 0.00837081998574546
-1.79511902605432 -19.4066786357124 13.6104589895373 -0.211117173538457 -0.160712195019954 0.964158249152597 0.872413530970631 -0.475830509503972 0.111713728809606 -0.139283905799948 -0.00683892847884624 0.703806386247436 0.00411691179251858 0.152359652051198 0.294364320086101
-2.96658823274698 -19.6706133662276 13.3207654567624 -0.953665887640942 -0.0178009458313255 0.300340641734555 0.173017362242582 0.784229929701273 0.595859387543199 -0.181522689792284 0.226773178971895 0.0985248127286692 -0.338095509849525 0.12947652368635 0.317099308257791
-3.18354085772214 -20.1038082854117 12.8421830837691 -0.920184125744808 -0.154605964975683 -0.35966396861682 -0.367012861347675 0.0209509840376276 0.92997990078993 -0.244163634752299 0.0441544501590262 -0.247700210436618 -0.0161699599016255 -0.131645349220035 0.550999167590974
-2.879920865952 -20.9527229604121 13.7588523521044 0.732328703390048 0.526279033726136 0.432116938861849 -0.67942245224687 0.607214909328823 0.411916478514321 0.702283790054195 -0.49900909067616 0.0961238015710745 -0.0313012829538836 0.111039785321519 0.0349962098115128
-3.15970295557356 -20.846457744244 14.1013892642478 0.522754704965541 0.784799807239062 -0.332891545392672 -0.751037809980614 0.608731658258137 0.255710727608018 0.00770238597031014 0.676618333900028 0.124860098892886 -0.019482649781974 -0.685308390609802 1.06617020523866
-3.35526078070351 -20.4772477893172 14.3460852967976 0.194213822301104 0.501923342917873 -0.842824981275082 -0.566667753626538 0.758732992502901 0.321266093896394 -0.467415579147283 -0.402472165794475 0.110377350430477 -0.35031520391995 -0.280272695072858 -0.628245454107918
-3.3058233296193 -20.580224432554 15.1879019411935 0.631129192631327 0.527723905610416 -0.568492235352268 -0.753475987520238 0.242999071455986 -0.610921752356168 -0.506082404724046 0.31474178059223 0.365355969269115 -0.0109996409836064 0.373403237743633 0.130009665743135
-3.19714100783663 -22.0712313236552 15.2615224585958 -0.0885847353500348 -0.643044732440124 -0.760687989088808 0.925908747370126 -0.334704811185062 0.175116192606669 -0.150996312386734 -0.0098790533210893 -0.171511037256136 -0.0401191493481555 0.167570178429627 -0.0711825139238221
-3.12405113869201 -22.4871835864362 15.4388788564098 0.532609970947294 -0.150384050794705 -0.832893304159721 0.711710549848647 -0.45298869148835 0.536907197398031 0.101319899170705 -0.226325718074831 -0.11485173101189 -0.276038527487525 -0.39827341139271 0.108154369738193
-3.02246754743866 -22.7120653625046 15.6832891178179 0.687528444008985 -0.148293988395213 0.710854086071413 0.291425778100146 -0.840284239773864 -0.457157972966002 -0.123839981143848 0.350609373206968 0.436182075677282 -0.18717416191993 0.341923149383626 -1.24643650754335
-2.48848878673134 -23.3962565800955 15.313896870421 0.985966876162535 0.116669834641318 -0.119404643105117 0.142266286670422 -0.212977481416377 0.966644141391518 -0.197454885657477 0.0440157946000123 -0.154539195520785 -0.250690502892489 0.26799363104788 0.224485688842715
