        0.0000  -0.478121   0.338281  -0.139840 
      500.0000  -0.383491   0.325445  -0.058045 
     1000.0000  -0.522451   0.333585  -0.188866 
     1500.0000  -0.442567   0.329382  -0.113185 
     2000.0000  -0.379591   0.336416  -0.043175 
     2500.0000  -0.454842   0.339298  -0.115544 
     3000.0000  -0.384151   0.334352  -0.049799 
     3500.0000  -0.545100   0.377287  -0.167814 
     4000.0000  -0.388732   0.358410  -0.030321 
     4500.0000  -0.466806   0.340525  -0.126281 
     5000.0000  -0.312265   0.356179   0.043914 
     5500.0000  -0.548472   0.377584  -0.170888 
     6000.0000  -0.403350   0.355177  -0.048173 
     6500.0000  -0.348501   0.357255   0.008754 
     7000.0000  -0.348817   0.325410  -0.023407 
     7500.0000  -0.541582   0.343776  -0.197806 
     8000.0000  -0.473645   0.336168  -0.137477 
     8500.0000  -0.453122   0.418892  -0.034230 
     9000.0000  -0.432093   0.353899  -0.078194 
     9500.0000  -0.423935   0.363963  -0.059972 
    10000.0000  -0.424752   0.304950  -0.119802 
    10500.0000  -0.434719   0.314005  -0.120714 
    11000.0000  -0.310446   0.340265   0.029819 
    11500.0000  -0.338382   0.368100   0.029717 
    12000.0000  -0.481707   0.337960  -0.143746 
    12500.0000  -0.497870   0.392125  -0.105745 
    13000.0000  -0.575160   0.375816  -0.199344 
    13500.0000  -0.509805   0.394117  -0.115688 
    14000.0000  -0.407023   0.369089  -0.037935 
    14500.0000  -0.466391   0.322614  -0.143776 
    15000.0000  -0.411783   0.358949  -0.052834 
    15500.0000  -0.310390   0.361754   0.051364 
    16000.0000  -0.553009   0.352929  -0.200080 
    16500.0000  -0.528636   0.322275  -0.206361 
    17000.0000  -0.485056   0.326730  -0.158327 
    17500.0000  -0.376187   0.372584  -0.003603 
    18000.0000  -0.294538   0.372741   0.078203 
    18500.0000  -0.422370   0.366320  -0.056049 
    19000.0000  -0.502764   0.364700  -0.138064 
    19500.0000  -0.489807   0.370561  -0.119246 
    20000.0000  -0.384927   0.343435  -0.041492 
    20500.0000  -0.409442   0.302326  -0.107117 
    21000.0000  -0.351390   0.344674  -0.006716 
    21500.0000  -0.456417   0.354775  -0.101642 
    22000.0000  -0.399331   0.318377  -0.080954 
    22500.0000  -0.402483   0.332314  -0.070169 
    23000.0000  -0.374782   0.348342  -0.026441 
    23500.0000  -0.361466   0.324958  -0.036507 
    24000.0000  -0.492325   0.408465  -0.083860 
    24500.0000  -0.508641   0.364736  -0.143906 
    25000.0000  -0.564956   0.333169  -0.231787 
    25500.0000  -0.423481   0.387090  -0.036391 
    26000.0000  -0.328360   0.376389   0.048029 
    26500.0000  -0.394281   0.326786  -0.067495 
    27000.0000  -0.345079   0.319903  -0.025176 
    27500.0000  -0.399033   0.358415  -0.040617 
    28000.0000  -0.471760   0.379728  -0.092032 
    28500.0000  -0.271979   0.345499   0.073520 
    29000.0000  -0.436785   0.394256  -0.042528 
    29500.0000  -0.418029   0.343561  -0.074469 
    30000.0000  -0.414417   0.374197  -0.040220 
    30500.0000  -0.353302   0.367442   0.014140 
    31000.0000  -0.554817   0.432399  -0.122418 
    31500.0000  -0.301457   0.333881   0.032424 
    32000.0000  -0.347572   0.326120  -0.021452 
    32500.0000  -0.329627   0.350309   0.020682 
    33000.0000  -0.354293   0.375151   0.020858 
    33500.0000  -0.299560   0.365931   0.066371 
    34000.0000  -0.507368   0.346128  -0.161240 
    34500.0000  -0.518647   0.368074  -0.150573 
    35000.0000  -0.425103   0.398889  -0.026214 
    35500.0000  -0.378944   0.325929  -0.053015 
    36000.0000  -0.400624   0.375226  -0.025398 
    36500.0000  -0.381043   0.343217  -0.037825 
    37000.0000  -0.454839   0.330735  -0.124104 
    37500.0000  -0.333358   0.375209   0.041851 
    38000.0000  -0.312732   0.339717   0.026985 
    38500.0000  -0.413231   0.307999  -0.105232 
    39000.0000  -0.557219   0.369276  -0.187943 
    39500.0000  -0.419470   0.359464  -0.060005 
    40000.0000  -0.386077   0.379650  -0.006427 
    40500.0000  -0.429813   0.381842  -0.047972 
    41000.0000  -0.489729   0.354164  -0.135565 
    41500.0000  -0.356946   0.359978   0.003032 
    42000.0000  -0.453100   0.366087  -0.087013 
    42500.0000  -0.574802   0.351204  -0.223598 
    43000.0000  -0.507134   0.370727  -0.136407 
    43500.0000  -0.534222   0.404237  -0.129985 
    44000.0000  -0.460539   0.358286  -0.102253 
    44500.0000  -0.228214   0.354054   0.125840 
    45000.0000  -0.331702   0.335551   0.003848 
    45500.0000  -0.294713   0.324419   0.029706 
    46000.0000  -0.421141   0.344401  -0.076740 
    46500.0000  -0.362753   0.360925  -0.001827 
    47000.0000  -0.388542   0.353843  -0.034698 
    47500.0000  -0.333767   0.347343   0.013576 
    48000.0000  -0.441553   0.368214  -0.073339 
    48500.0000  -0.321932   0.321346  -0.000586 
    49000.0000  -0.380233   0.361482  -0.018751 
    49500.0000  -0.362511   0.335480  -0.027031 
    50000.0000  -0.304788   0.359971   0.055183 
