        0.1434 26   0.002227   0.002227   0.328876    0.011449   0.000000  -1.051915   0.000000  -0.455232  -0.172689   0.000000   0.061308
        0.1732 26   0.007179   0.007179   0.248527    0.035674   0.000000  -1.119077   0.000000  -0.357615  -0.133526   0.000000   0.061222
        0.1853 25   0.015691   0.015691   0.240531    0.037325   0.000000  -1.162614   0.000000  -0.308277  -0.115647   0.000000   0.059894
        0.1754 26   0.028746   0.028746   0.300361    0.039162   0.000000  -1.119013   0.000000  -0.330046  -0.121977   0.000000   0.058455
        0.2394 26   0.040508   0.040508   0.319134    0.043675   0.000000  -1.104976   0.000000  -0.326715  -0.110136   0.000000   0.058096
        0.2402 26   0.059406   0.059406   0.312360    0.040884   0.000000  -1.083289   0.000000  -0.285760  -0.109972   0.000000   0.056914
        0.2742 25   0.078703   0.078703   0.315316    0.041756   0.000000  -1.139101   0.000000  -0.275473  -0.089363   0.000000   0.058583
        0.2817 24   0.103602   0.103602   0.354384    0.037540   0.000000  -1.097712   0.000000  -0.308481  -0.113962   0.000000   0.056218
        0.1995 25   0.143208   0.143208   0.302955    0.048388   0.000000  -1.112231   0.000000  -0.280235  -0.105734   0.000000   0.057916
        0.2824 25   0.165594   0.165594   0.287426    0.033468   0.000000  -1.070913   0.000000  -0.302967  -0.103004   0.000000   0.057594
        0.2721 25   0.203656   0.203656   0.340271    0.030340   0.000000  -1.092223   0.000000  -0.293439  -0.102961   0.000000   0.056584
        0.3323 26   0.233923   0.233923   0.345691    0.068385   0.000000  -1.088248   0.000000  -0.300713  -0.088272   0.000000   0.055753
        0.2939 25   0.283848   0.283848   0.360224    0.049804   0.000000  -1.064590   0.000000  -0.315080  -0.105726   0.000000   0.056671
        0.3525 25   0.319691   0.319691   0.347457    0.059580   0.000000  -1.051836   0.000000  -0.299347  -0.106529   0.000000   0.055779
        0.3426 24   0.371718   0.371718   0.349744    0.040799   0.000000  -1.055561   0.000000  -0.318656  -0.104850   0.000000   0.055565
        0.3339 24   0.427400   0.427400   0.338693    0.044743   0.000000  -1.072148   0.000000  -0.268174  -0.092770   0.000000   0.057795
        0.5764 22   0.429231   0.429231   0.314645    0.051515   0.000000  -0.982317   0.000000  -0.271108  -0.091374   0.000000   0.058348
        2.3173 18   0.161662   0.161662   0.322520    0.055365   0.000000  -0.781110   0.000000  -0.216731  -0.074400   0.000000   0.047812
        3.7225 14   0.042440   0.042440   0.369118    0.040937   0.000000  -0.642947   0.000000  -0.174105  -0.066067   0.000000   0.041451
        4.1269 13   0.032373   0.032373   0.324230    0.065861   0.000000  -0.654062   0.000000  -0.152488  -0.048275   0.000000   0.041235
        4.7906 13   0.012056   0.012056   0.341721    0.055003   0.000000  -0.633458   0.000000  -0.158748  -0.060901   0.000000   0.040274
        5.4173 13   0.002112   0.002112   0.308139    0.060978   0.000000  -0.604197   0.000000  -0.148202  -0.048571   0.000000   0.038518
        5.2585 13   0.013344   0.013344   0.326738    0.061185   0.000000  -0.628041   0.000000  -0.165295  -0.056893   0.000000   0.039893
        5.2526 13   0.025315   0.025315   0.323400    0.060989   0.000000  -0.651664   0.000000  -0.140238  -0.048807   0.000000   0.040736
        5.8888 13   0.008771   0.008771   0.340631    0.056231   0.000000  -0.651019   0.000000  -0.161295  -0.046083   0.000000   0.040040
        5.9771 12   0.014702   0.014702   0.368845    0.068638   0.000000  -0.709842   0.000000  -0.149246  -0.045732   0.000000   0.040080
        6.3082 12   0.011579   0.011579   0.362615    0.053397   0.000000  -0.656775   0.000000  -0.168213  -0.058773   0.000000   0.035691
        6.2920 12   0.023393   0.023393   0.341425    0.050125   0.000000  -0.697925   0.000000  -0.152683  -0.055380   0.000000   0.038875
        6.4534 11   0.028269   0.028269   0.302501    0.035236   0.005899  -0.662005   0.000000  -0.129136  -0.044879   0.000000   0.035811
        6.9757 11   0.014887   0.014887   0.328506    0.051676   0.000000  -0.712033   0.000000  -0.121813  -0.038923   0.000000   0.036159
        7.0078 10   0.025330   0.025330   0.334945    0.058093   0.000097  -0.718484   0.000000  -0.117688  -0.032518   0.000000   0.035791
        7.3336 8   0.021437   0.021437   0.278579    0.048162   0.000000  -0.681908   0.000000  -0.083579  -0.033614   0.000000   0.035950
        8.0639 8   0.004222   0.004222   0.290383    0.056279   0.000000  -0.638865   0.000000  -0.107693  -0.031357   0.000000   0.034187
        8.5083 9   0.001030   0.001030   0.362717    0.049809   0.000000  -0.702471   0.000000  -0.128077  -0.040117   0.000000   0.034110
        8.4355 9   0.007577   0.007577   0.310400    0.039884   0.000000  -0.703215   0.000000  -0.105636  -0.034027   0.000000   0.033177
        8.8174 9   0.004196   0.004196   0.298847    0.068846   0.000000  -0.694299   0.000000  -0.108555  -0.039014   0.000000   0.030957
        8.9195 8   0.008108   0.008108   0.313869    0.077384   0.000000  -0.725027   0.000000  -0.111245  -0.034490   0.000000   0.032268
        8.5975 9   0.035087   0.035087   0.276475    0.049892   0.000000  -0.658460   0.000000  -0.107060  -0.035516   0.000000   0.032573
        9.3332 9   0.011019   0.011019   0.299164    0.070817   0.000000  -0.691514   0.000000  -0.119960  -0.032003   0.000000   0.028678
        9.2945 9   0.023758   0.023758   0.306138    0.053611   0.000000  -0.670920   0.000000  -0.094569  -0.031313   0.000000   0.031062
       10.0291 7   0.005179   0.005179   0.323870    0.066973   0.000000  -0.641397   0.000000  -0.091772  -0.031668   0.000000   0.029186
       10.0084 7   0.013939   0.013939   0.335449    0.065740   0.000000  -0.665423   0.000000  -0.088207  -0.027785   0.000000   0.029388
       10.4039 6   0.008739   0.008739   0.353128    0.050551   0.000000  -0.583480   0.001161  -0.076649  -0.029333   0.000000   0.027422
       10.8494 7   0.003651   0.003651   0.400619    0.050122   0.000000  -0.579580   0.000000  -0.065515  -0.023358   0.000000   0.028320
       11.0851 5   0.003967   0.003967   0.349486    0.045826   0.000000  -0.519206   0.000000  -0.058542  -0.022631   0.000000   0.024824
       11.4060 6   0.002608   0.002608   0.365303    0.053949   0.000348  -0.581723   0.000000  -0.064493  -0.015531   0.000000   0.029029
       11.7660 6   0.001058   0.001058   0.334035    0.054050   0.001854  -0.528905   0.000000  -0.066993  -0.022818   0.000000   0.026231
       11.6717 6   0.008305   0.008305   0.350426    0.046383   0.000000  -0.574381   0.000000  -0.076792  -0.018585   0.000000   0.027426
       12.4360 5   0.000015   0.000015   0.316094    0.052196   0.000000  -0.579565   0.000000  -0.055373  -0.021207   0.000000   0.023937
       11.9854 5   0.015138   0.015138   0.320301    0.057272   0.000000  -0.648125   0.000000  -0.053564  -0.013877   0.000000   0.028058
       12.2561 5   0.014320   0.014320   0.304728    0.043544   0.000000  -0.601320   0.000000  -0.057792  -0.022822   0.000000   0.028255
       12.8366 4   0.004053   0.004053   0.370288    0.052446   0.000000  -0.633760   0.000000  -0.038445  -0.015840   0.000000   0.026355
       13.2091 4   0.001849   0.001849   0.351557    0.066229   0.000000  -0.586111   0.000000  -0.037137  -0.011400   0.000000   0.023670
       13.1845 4   0.008059   0.008059   0.303918    0.091532   0.000000  -0.557491   0.000000  -0.046325  -0.017568   0.000000   0.025355
       13.4859 3   0.006587   0.006587   0.311182    0.040675   0.000000  -0.539267   0.000000  -0.037982  -0.012074   0.000000   0.024968
       13.8784 3   0.003261   0.003261   0.330058    0.039978   0.000000  -0.572008   0.000030  -0.024301  -0.011362   0.000000   0.026288
       13.9511 3   0.007630   0.007630   0.300732    0.041437   0.000000  -0.563734   0.000000  -0.020247  -0.011451   0.000000   0.023818
       14.2396 3   0.006552   0.006552   0.352940    0.053354   0.000000  -0.683297   0.000000  -0.026394  -0.008813   0.000000   0.023506
       14.6434 3   0.003021   0.003021   0.308811    0.038274   0.000000  -0.625790   0.000000  -0.034670  -0.006981   0.000000   0.022129
       14.6389 3   0.009665   0.009665   0.309569    0.045375   0.000000  -0.636311   0.000000  -0.032527  -0.007485   0.000000   0.023128
       15.3225 3   0.000615   0.000615   0.332271    0.041181   0.000000  -0.600106   0.000000  -0.033804  -0.011550   0.000000   0.021206
       15.5618 2   0.000716   0.000716   0.284069    0.062704   0.000000  -0.610421   0.000000  -0.018778  -0.005367   0.000000   0.021484
       15.3967 2   0.009484   0.009484   0.273981    0.056079   0.000000  -0.551732   0.000000  -0.016969  -0.004595   0.000000   0.021876
       15.8354 2   0.004286   0.004286   0.333902    0.074287   0.000000  -0.565637   0.000000  -0.028914  -0.008024   0.000000   0.021425
       16.4041 2   0.000132   0.000132   0.361825    0.062242   0.000000  -0.549435   0.000000  -0.020238  -0.002410   0.000000   0.021815
       16.8356 0   0.000369   0.000369   0.328584    0.036980   0.000000  -0.477062   0.000000   0.000000   0.000000   0.000000   0.028221
       16.7351 0   0.001636   0.001636   0.356344    0.044368   0.000000  -0.498839   0.000000   0.000000   0.000000   0.000000   0.029944
       16.8186 0   0.004742   0.004742   0.334185    0.054508   0.000000  -0.492852   0.000000   0.000000   0.000000   0.000000   0.033064
       17.4855 0   0.000003   0.000003   0.352462    0.059992   0.000000  -0.557082   0.000000   0.000000   0.000000   0.000000   0.036354
       17.6470 0   0.000178   0.000178   0.405584    0.072252   0.000000  -0.583336   0.000000   0.000000   0.000000   0.000000   0.035044
       17.7428 0   0.001574   0.001574   0.410488    0.057832   0.000000  -0.530452   0.000000   0.000000   0.000000   0.000000   0.030640
       18.5326 0   0.002690   0.002690   0.353788    0.050474   0.000000  -0.467652   0.000000   0.000000  -0.000001   0.000000   0.029033
       18.7355 0   0.001914   0.001914   0.351427    0.064369   0.000000  -0.505322   0.000000   0.000000   0.000000   0.000000   0.031724
       18.7745 0   0.000060   0.000060   0.348969    0.071461   0.003229  -0.530129   0.000000   0.000000   0.000000   0.000000   0.027207
       18.8822 0   0.000273   0.000273   0.310196    0.042199   0.000024  -0.471825   0.000000   0.000000   0.000000   0.000000   0.026876
       19.1959 0   0.000034   0.000034   0.326946    0.053492   0.000000  -0.451958   0.000000   0.000000   0.000000   0.000000   0.026807
       19.3802 0   0.000294   0.000294   0.353311    0.054941   0.000000  -0.509550   0.000000   0.000000   0.000000   0.000000   0.030261
       19.7118 0   0.000012   0.000012   0.356355    0.050835   0.002746  -0.526864   0.000051   0.000000   0.000000   0.000000   0.030513
       20.0583 0   0.000165   0.000165   0.329308    0.039752   0.000000  -0.503881   0.000771   0.000000   0.000000   0.000000   0.036376
       20.4234 0   0.001041   0.001041   0.354721    0.051457   0.000000  -0.500988   0.000000   0.000000   0.000000   0.000000   0.027038
       20.5159 0   0.000029   0.000029   0.324238    0.039556   0.000000  -0.476161   0.001287   0.000000   0.000000   0.000000   0.027679
       20.7202 0   0.000006   0.000006   0.365962    0.049682   0.000482  -0.525883   0.000000   0.000000   0.000000   0.000000   0.032651
       21.1192 0   0.000513   0.000513   0.359558    0.059818   0.000000  -0.551640   0.000000   0.000000   0.000000   0.000000   0.034374
       21.3553 0   0.000406   0.000406   0.348374    0.056700   0.000002  -0.544957   0.000000   0.000000   0.000000   0.000000   0.029077
       21.3855 0   0.000299   0.000299   0.310145    0.040868   0.000000  -0.544726   0.000000   0.000000   0.000000   0.000000   0.029908
       21.4386 0   0.002588   0.002588   0.298769    0.041101   0.000000  -0.514644   0.000103   0.000000   0.000000   0.000000   0.036566
       21.9757 0   0.000005   0.000005   0.341048    0.074107   0.000050  -0.522371   0.000000   0.000000   0.000000   0.000000   0.025898
       22.3733 0   0.000514   0.000514   0.360753    0.052330   0.000000  -0.504447   0.000000   0.000000   0.000000   0.000000   0.033939
       22.3243 0   0.000797   0.000797   0.359758    0.038460   0.000000  -0.500308   0.000000   0.000000  -0.000000   0.000000   0.034560
       22.7707 0   0.000025   0.000025   0.333105    0.057658   0.000000  -0.519999   0.002895   0.000000   0.000000   0.000000   0.030780
       23.2323 0   0.001664   0.001664   0.320639    0.062540   0.000000  -0.504031   0.000000   0.000000   0.000000   0.000000   0.029576
       23.4670 0   0.001449   0.001449   0.339990    0.039949   0.000000  -0.494619   0.000000   0.000000   0.000000   0.000000   0.026277
       23.3115 0   0.000957   0.000957   0.313155    0.054014   0.000000  -0.484207   0.000000   0.000000   0.000000   0.000000   0.028020
       23.6084 0   0.000535   0.000535   0.273965    0.049578   0.000000  -0.444877   0.000000  -0.000084  -0.000016   0.000000   0.033861
       23.9283 0   0.000130   0.000130   0.370854    0.043917   0.000000  -0.533627   0.000000   0.000000   0.000000   0.000000   0.030959
       24.3577 0   0.000359   0.000359   0.335216    0.061310   0.000000  -0.540425   0.000000   0.000000   0.000000   0.000000   0.026267
       24.3703 0   0.000462   0.000462   0.342098    0.031955   0.000000  -0.564050   0.000000   0.000000  -0.000002   0.000000   0.031258
       24.6706 0   0.000171   0.000171   0.355886    0.057413   0.000357  -0.577183   0.000000   0.000000   0.000000   0.000000   0.029181
       24.9808 0   0.000009   0.000009   0.322811    0.065722   0.000000  -0.575456   0.000000   0.000000  -0.000720   0.000000   0.034242
       25.1261 0   0.000437   0.000437   0.350555    0.049483   0.000000  -0.596573   0.000000   0.000000  -0.000021   0.000000   0.031864
       25.5355 0   0.000036   0.000036   0.357780    0.053007   0.000000  -0.615858   0.000000   0.000000   0.000000   0.000000   0.026509
