t = 1000000
b = 105 105 105
E = -0.17856260428218 -0.536342215773166 0.357779611490987
-0.302351515664618 -7.15668574891309 -6.99301673172585 0.557477191148325 -0.485190030088138 0.673654077440777 0.534168894666715 0.830798664179981 0.156323931524639 0.276758783869884 -0.578667681545366 -0.361064004782327 -0.0178324933756288 -0.0190998909007678 0.530087057382134
-0.0898375613757344 -6.746022108445 -6.62069844523084 0.728998731714664 -0.682568682351378 -0.0515833600256146 0.683410923556974 0.730031772324437 -0.00176662390805089 0.160981231181765 -0.0963693755433362 -0.219344177525082 -0.14589126031179 0.492044921859547 -0.0156160595951279
0.398946882608697 -6.56758890198877 -6.47698173895963 0.481935918839566 -0.639919009181604 -0.598532732455284 0.8137976953606 0.580089381288706 0.0350659484668497 0.307337137738199 -0.14948254269829 0.53034279925428 -0.320277135318402 -0.459242186720465 0.284756484947732
1.10940741481864 -6.02954999022513 -6.51511364488754 0.303010306327799 0.874763326272639 -0.378118866584809 0.747045531385921 0.0283190757314044 0.664169409101264 -0.265686022153954 -0.0862704079747605 0.144528849661053 -0.121538022815455 -0.254522058803432 0.273917291568116
1.12349929443471 -6.68964429412754 -6.27326931904083 -0.988773766609838 -0.0314588338649758 0.146071147856838 -0.113991780282653 0.790848593749337 -0.601302233317582 0.643605585729862 -0.616851686307929 0.160545971722015 0.835224515347577 0.197892691901321 0.267987223096088
2.03758466118923 -7.31601750467524 -6.02211050766175 0.792723934133627 0.575985302353368 -0.1995737851644 0.34508235136963 -0.154142763138936 0.925828374670671 0.0817918999020142 0.142489215977372 -0.375108861388854 -0.212642894646794 0.164479528278893 -0.517558133225133
2.37363478504631 -7.47430004757792 -5.69156861194622 0.107851245184841 0.993470467504599 -0.0372093954284794 0.397610811028027 -0.00880021699259083 0.917511961303312 0.758581417201222 0.290136823795847 0.644009977370442 -0.57617745034367 -0.572397173064059 0.279192716692865
2.89065702736713 -7.9572053760939 -5.0877672468029 0.993085310052638 -0.114821462017737 0.0244458343639156 0.0650554295824543 0.364925235229669 -0.928761198465165 -0.113150948062189 -0.270610090080113 0.182972763188755 -0.00618726017933688 -0.376104805637447 0.596605009625392
3.23740938549847 -7.56860060118272 -5.23850849373992 0.444410565981706 -0.780445948435696 -0.439776500525148 0.167355201076664 0.554606617585707 -0.815109646859137 0.0864120038442984 0.124335225066792 -0.277961927424194 -0.372716069124226 -0.338869959647838 0.489176267847201
3.63424018607284 -7.34918137788287 -5.44153259277896 -0.243340551756642 -0.731381689169569 -0.637076291050138 -0.0126489436685829 0.659156724557847 -0.751899206472629 0.216292731421262 -0.0406390621725294 0.00147045274424781 0.288703101381829 0.0273850964216911 0.1688285361934
3.73200731835989 -7.24705697966195 -6.01845422218974 -0.911706246825854 -0.384589985653492 -0.144506963270664 -0.157310718928326 0.65171123088081 -0.741974264549608 -0.73046028117863 0.124542769807287 0.0331287033955899 -0.794220794721845 0.45907985325035 -0.0714170084653218
3.57561819444392 -7.1613641133251 -6.45207508319556 -0.880205598175791 0.115943619953576 0.460212105373237 -0.258268612945793 0.69652062506118 -0.669444801631437 -0.0909342316954158 -0.348591257768872 -0.131101747882347 0.0405186218670087 -0.0563324282828239 0.235789882462292
3.42440404286534 -6.37003286653219 -7.02261453920026 -0.993908101633332 0.0204824792033277 0.108291982867346 0.0112487170778052 0.996300343420639 -0.0852003055394913 0.55538877164455 0.172947719435421 -0.39376433692746 0.564730986280848 -0.241491323310448 -0.456505716764298
3.33689565647951 -6.08411820320085 -7.3372589503806 -0.498066862244317 0.271592098849253 0.823509036123339 0.377952832065375 0.922722980967278 -0.0757228969918578 -0.405075011373415 0.101937152074646 0.268836045491644 0.0898895228293416 0.0141414259223259 -0.17515423934555
3.33184020350913 -5.60837830868563 -7.52450583571966 0.180387308346887 0.0298964599608776 0.983141200779091 0.0344772982127838 0.998731538266622 -0.036696462767056 0.110787396471417 -0.558585766009706 -0.234708174811975 0.600059309294517 -0.242381760302858 -0.10733626595488
3.91365569750862 -5.33636856808344 -7.4451222598668 0.64940449479495 -0.734775085775764 0.195906547780111 0.58300183654259 0.646474184154745 0.492117859673167 0.305189545818157 0.411724231913981 -0.335677573557611 0.19301331542145 0.0619478653312821 0.432397619076665
4.42153884675833 -5.00091329512329 -7.9199842650528 0.139281728249933 -0.513260957699844 0.84685523525373 0.987356003728492 0.00661526125026691 -0.158380428778148 0.13087169813307 -0.0328865031880341 -0.658278293939835 -0.0572934752483291 0.124437378505718 -0.78110111983215
4.84298289303764 -4.79922871016118 -7.6957694537445 0.0418679370520627 -0.982742368314077 0.180179114681699 0.972129196919395 -0.00156729318509428 -0.234440542758028 0.323478001672959 0.468258533306179 -0.593292818230758 -0.21423069055655 -0.107216415782369 -0.360110636546772
4.41013179177359 -3.64518423099725 -8.38625536782414 0.935902112377735 0.352258098644348 0.00121160487125719 -0.194333241105833 0.519179782776867 -0.832278165373228 0.51916482788098 0.313905611890662 -0.267593725939177 0.473902334993265 0.395654341387835 0.328218869484744
4.26488015352018 -3.18431244119451 -8.61958212368473 0.907580288240724 -0.336718539247984 -0.250835894010022 -0.149241897845785 0.299690670105865 -0.942291015652228 -0.0920137746089245 -0.275529839038062 -0.103060846369276 0.876084628629242 0.0753780131025229 0.412922136086266
4.39384983703885 -2.88044917554803 -9.02719275057614 0.493819438137517 -0.813508461046071 -0.307158503583955 0.00911237869674027 0.358054448739398 -0.933656240964721 -0.0561714393721154 0.0860340724483061 0.0515536317392386 0.219161150706948 -0.15051984182557 0.468591347975497
4.65335361514359 -2.72391714553328 -9.51794645758875 -0.252861535700547 -0.952331227792251 -0.170664221015444 -0.074511058427822 0.195041248328165 -0.977960640119357 0.11423652151691 0.135498795806459 -0.507895862046521 0.0677485446640112 -0.643723493686436 -0.434439423536323
4.74654849574803 -2.90188578539871 -10.017588130513 -0.902193068810514 -0.40806322280124 0.139757192255966 -0.192049297998467 0.0899042881587896 -0.977258556426532 0.252866889276 0.182376807436764 -0.2280378881399 -0.146809356466517 0.593203492976612 0.553949706930391
4.58090551302494 -2.96398761624514 -10.5815006000014 -0.749375197489857 0.168380466658683 0.640378662851007 -0.530070497023852 0.427034022717887 -0.732575737808989 0.091753171049881 0.209581512748703 -0.207052315454666 0.245268595435966 -0.209942972774215 0.552926316647347
4.17068731297053 -3.07160191328193 -10.7330293563782 -0.049510386702769 0.971301688752397 0.232640819795965 -0.454595056023599 0.185485813022158 -0.871170676851881 -0.491278284253667 -0.278525843811201 -0.436461995409869 0.00233469579884756 -0.180307373958813 0.433000371154465
4.80955459391336 -3.82890368990282 -9.92110390326976 0.667234831098068 0.62864329922957 0.399506298452732 -0.730393319006831 0.447059502999845 0.516394616865678 -0.358659362267406 -0.0333123016150836 0.164572213509855 -0.0351092163520409 0.235963624017312 0.467484573388651
26.0251075157894 7.84355823076113 2.09009969133353 -0.461081102190177 -0.262156588688646 0.847748866239424 0.720321891656674 -0.668500791122595 0.185048816987926 -0.266295639438889 -0.0846741682884018 0.0386954053610587 -0.359617246103947 -0.299393550391111 -0.189422758142332
25.1357558247876 7.77961679877422 1.22332768715992 0.603764858122384 0.595460058619603 -0.529995579873258 0.306644846263654 -0.787180094053866 -0.535085449050053 0.00373684990239065 0.31312746895482 -0.0967303274997672 0.0141255229613466 0.130677484013882 0.303071006142559
25.2030233934763 7.46894640457444 0.854407755425319 0.91536288827672 0.323419901999892 0.239813155928023 0.401113036517267 -0.784163844346344 -0.473492763573009 0.00193258824518784 0.182132158847958 -0.963422101374655 0.441855111156577 -0.601110132187084 0.0116853622314062
24.0396177421859 7.28408319457138 0.487554578298595 -0.573303307384672 -0.336877917246219 0.746884587211083 -0.491376931985843 0.870807385593934 0.0155951244690273 0.163609054012052 0.28900697308696 -0.265628747991901 0.369170223936456 0.188256185255759 0.11681390689382
23.7968634243961 7.65911357061344 0.300876623027796 -0.140584488423032 0.385579467642364 0.911901571304431 -0.624827568758939 0.679909925398402 -0.383813760388395 0.134356215627097 -0.0445539350788079 0.328315899910222 0.354192582985128 0.605273416835662 -0.140002408891779
23.865382074856 8.37892223940713 0.408610198475507 0.961361488247576 -0.18337241492119 0.20532570798684 0.22348576131867 0.95537567380661 -0.193161684570926 0.375490292836337 -0.502738172667151 -0.293907821816887 0.0880886663255772 0.0224744494949673 0.507279016967993
22.957971573689 8.03359448454618 0.109158411696237 0.526013102934234 0.109510006620341 0.843396569824397 -0.278787121081062 0.959084426392226 0.0493437348731136 0.127213951175864 0.074610628587984 0.101301107217346 -0.136807672563075 -0.363177138007051 0.275613993034363
22.4300505848449 7.97196039771216 -1.26895350907761 -0.918089830306106 0.395310927479226 0.0289885167613674 0.394988675306109 0.906329267337991 0.150170588154071 0.679320787630433 0.307451482516819 0.0532141358565187 0.286562245921845 0.314700698234213 0.0619535063238234
22.4630616737645 8.39083276007692 -1.45325703053782 -0.508423444205975 0.140383117297541 0.849587065437972 0.617649936517724 0.746921466164401 0.246204953854302 -0.064610098325188 0.644397004562435 -0.489522020834506 0.207586932164529 0.000832394390603775 -0.578933855550317
22.4250875961446 8.83803101716117 -1.44520246552954 0.255831527447892 -0.3925921953898 0.883414737075798 0.755362700875787 0.65147445705994 0.0707687920197087 0.342770505026602 0.019311116762271 0.51702025208667 -0.0922822835154885 -0.103009539080673 0.142671852906867
21.4766332998791 8.73451881131442 -2.07338494832853 -0.924132998944954 -0.0857566827050539 -0.372322429666019 0.171965940540563 -0.963558431086418 -0.204897206365228 -0.226102365378338 -0.581320297813887 -0.197028452413948 -0.403255976994102 0.309611295707063 0.782606654186392
21.5185527425734 9.36896588958556 -2.41497427619598 0.516276388279657 0.855459615546646 0.0405898641759242 -0.831946919550787 0.512208104311353 -0.213324121767372 0.221549256258673 0.404489111390442 -0.175717902281969 -0.398188790402912 0.62103738591401 0.060594260219596
21.6639101903636 9.47684795057982 -3.50104578176306 -0.113168377990046 0.946682639271349 -0.301637031422537 0.572317408685772 -0.186053136477076 -0.798646989678348 -0.50619194727452 0.138983580420677 -0.0070125140400799 0.101863276659867 0.443106166790696 0.140089267728534
21.6221729760616 9.55050550948956 -4.01610062637432 0.748885713777544 0.619379791634877 0.235666844112906 0.383082096301918 -0.1144250265942 -0.916599705859568 -0.14364516813458 0.171273612716314 0.211036719036683 0.00738478920834497 -0.133101420283747 0.0471744801593809
21.7281490628211 9.80556481348453 -4.41094225589555 0.959800192655065 -0.17763104143413 0.21732649009765 0.223458232798425 0.0150275942615516 -0.974597655243123 0.124245167396189 -0.230632051747736 0.0368994201436548 0.019976604315536 0.942361638580464 -0.0315394667891929
21.7729925288134 10.2238889831136 -5.0688394491674 0.181909706933165 0.583525653664732 0.791458571271282 0.980378129708377 -0.169791741278254 -0.100147328388104 0.646732669761271 -0.0742468202336933 0.434063333733384 0.301283990559247 0.154125654244576 0.0745134914955143
22.2438845982963 10.2905096142441 -5.28282529496638 -0.0486100449290005 0.182546398956247 0.981994845078228 0.996187914760788 -0.0624377088830372 0.0609193811044391 0.154717926425806 -0.116686880641744 -0.137553955280682 -0.188717104536526 0.354650110061919 0.357160465842112
22.7237663120902 10.5117816147707 -5.10092319528278 -0.275737158656695 -0.21710191230383 0.936395097707175 0.933555198070518 0.171601582666914 0.314686493167236 -0.0719728906119991 0.513880885927536 0.439759960812245 -0.00983852390014284 0.588028877582009 -0.126906572980246
22.6467406351456 10.9906078586182 -6.20314305475296 0.00232131278230911 0.362964918537857 -0.931799913832348 -0.984216773210742 -0.16405533945886 -0.0663565288864198 0.539540687902601 -0.331696519531686 -0.243255355442347 0.0144968917728803 0.149347718938006 -0.454203401926466
23.516215357943 10.8415713759249 -5.5838190849191 -0.154329663490436 -0.230471117924513 0.960762935780394 0.922010655447865 -0.383061700346442 0.0562146330437701 -0.176919172198759 -0.354597373046834 -0.394014839602286 -0.703787919231876 0.398632586636265 0.155298539090239
23.9756416314682 10.8812365401631 -5.32048541204449 -0.442464359301968 -0.716458503784594 0.53936305314891 0.886224550046444 -0.441362699700375 0.140730288878933 0.0199769746035132 -0.10129846234247 -0.32256580129986 0.102690815573968 -0.19998685034362 0.252158061505403
24.3247863081817 10.7581302602362 -4.96465176316369 -0.384135762766563 -0.846398877395636 -0.368847741090291 0.8660489991208 -0.468784966545006 0.173780857010832 -0.476414422082598 0.394166007064995 0.203336209234528 0.446659082850449 0.0761694644765022 -0.488963348011648
24.6542630526365 10.3823605109996 -4.74204386605881 0.0581124276550467 -0.491323616328171 -0.869036276452411 0.88712873675835 -0.373820346190064 0.270667606469793 -0.55455385837428 0.0498393321568901 -0.020552545388665 0.597166204519345 -0.040684371300249 0.42211268102723
24.9450170216547 10.0511242050604 -4.68270508645349 0.376375872662267 0.512064523562843 -0.772095283100559 0.917412693010418 -0.322219187205652 0.233513909863568 0.131793798010834 0.11235354174451 0.0747908152009234 0.727962381584718 0.25265248478614 0.0842611823375418
25.0492385919188 10.7061309892584 -3.21868204407484 -0.49386864397429 -0.5536630071185 0.670485672514653 0.869074748338736 -0.289169341953966 0.401360403470389 0.200526246855872 0.235405851565188 -0.103026820630001 -0.15250607204312 0.00282489153675176 0.335265543755072
25.5090019256607 10.7596589262921 -2.81667792733014 -0.430674434668414 -0.859764474904929 0.274453236480368 0.901484018455022 -0.395334908297361 0.176172854752584 0.960481570502133 -0.376933392551885 0.478527855278455 0.0370526350098095 0.0386113910228747 0.176903847142478
