t = 7000000
b = 105 105 105
E = -0.412386548375458 -0.714961112202897 0.302574563827439
114.491772745378 26.0103185844812 -7.53023557479067 -0.176985798710128 0.467786774743893 0.865939697917557 -0.66345233328255 -0.70658646094948 0.246102772566587 0.49088893826178 -0.588265171940684 -0.0566062172309414 0.371451133874749 0.441660350176454 -0.0333119519064244
114.31560026177 25.5354947360781 -7.32823614643013 -0.58379263508491 0.774737962318471 0.242831729729826 -0.724764350173851 -0.632082081841139 0.274205905356933 -0.0011164116398202 0.442381067459229 -0.130382352897698 0.232263109209934 -0.332450128071256 0.432743338345622
113.949549749103 25.3436825764024 -6.95566314492769 -0.459687692118382 0.668538066000775 -0.584588812776217 -0.850211577611319 -0.521465435208895 0.0722085395090783 -0.0906857655416814 -0.458780838102604 0.67624434869338 0.311608808310493 -0.484084667492021 -0.162271503015133
113.829993085234 24.3013069281538 -7.17488954964654 0.0266703915901837 -0.889699257374599 -0.455767398614068 0.344554144294143 0.436172488201639 -0.83128575242547 -0.410372948677273 0.349748865843379 0.138355949320264 0.392497697969189 0.540948586504781 -0.204035779206223
113.064774098921 24.1985756101805 -7.46854027214541 0.789259038366238 0.237625967267728 -0.566219100735169 0.14098686408795 -0.967581696089862 -0.209543230734607 0.231028342580922 0.211844022144049 -0.0250653168406375 0.42125929271947 -0.0393413062407243 -0.379759519027315
112.973044277006 23.7997761576403 -7.77217679412892 0.968425416577886 0.248611864338044 0.0185567625442879 0.244559829831682 -0.932912098283601 -0.26432084009564 -0.494571326027039 0.310617853208356 -0.554166633780595 -0.200487021339482 0.322832523308257 0.217126793695439
113.161894506574 23.5344627382125 -8.06471873241635 0.725224768173406 -0.0086296083698699 0.68845810728553 0.307665539757572 -0.890474012027463 -0.335258034280234 0.886061154634476 0.113879634466565 0.192581305115569 -0.166005177270672 0.221598118397321 -0.204447966547222
112.840989873681 22.9001547570071 -9.08604561293725 0.620259424667212 -0.202916187269418 -0.757696025497734 -0.274795672954717 -0.960956608956167 0.0323995961264223 -0.732672403822146 -0.349905611947019 -0.621666908994373 -0.134234273961555 -0.199980584620076 -0.0828363550937894
112.156523074612 22.7237022204391 -7.75847154985819 -0.768331459992445 0.636544877362179 0.0669132773804971 -0.628198232977634 -0.729942562065936 -0.269352624209578 -0.930840931270558 0.0674088832378223 0.400421099831728 -0.0926729828193665 0.329165635090186 -0.298121735634524
111.792050115718 22.4639990781666 -7.72694351081277 -0.120400159207309 0.610382121420768 -0.782903229979771 -0.694150083578516 -0.615554720023204 -0.373159547814587 0.225259647767954 -0.329750616758689 -0.189028461960531 0.129612214366696 0.400555907850241 0.14959002402805
111.310696512572 22.4576416640671 -7.87243419095077 0.538526893232912 -0.0777423591391424 -0.83901424949764 -0.673493499874919 -0.638088525122724 -0.373161546427816 -0.0775078258464396 0.0167691576645771 0.400114003650179 0.278914271745591 0.0640463494804182 0.323220339309868
110.935873000689 22.3776365430462 -8.20705882838884 0.676407244508256 -0.70095767216781 -0.226122934276889 -0.725924676566049 -0.582566357986312 -0.365581458084692 0.329349657065761 -0.0963395308483578 0.265287874830238 -0.338828814185238 -0.253224428085503 -0.304286372650502
110.696133016882 22.0557534941761 -8.5909027521885 0.463972048808065 -0.703530718066694 0.538307037536665 -0.646197007364327 -0.684452975678777 -0.33757006940408 0.244494677380046 -0.296008670681577 0.10696027257613 0.169646024182381 -0.0478683143159906 -0.359910837409396
110.639346036055 21.6479452127474 -8.92250559171042 -0.108630301601994 -0.346432825894561 0.931763786974304 -0.612259936224877 -0.715116243691455 -0.337263292551843 0.480583929140352 -0.0470139114543281 0.126269079928525 -0.288478247413392 -0.351448442786054 -0.551286383817239
110.715521332134 21.1892630338488 -8.97552269806776 -0.865507563727132 0.0632870450748405 0.496881683157166 -0.324624376257786 -0.826334198803858 -0.460207351339274 0.202835043799411 -0.136566476953815 0.00878242807302831 0.0979661925603017 -0.155180529952807 -0.486427222341048
110.455389788239 20.7096261939626 -8.98034915524744 -0.781540160147527 0.54171183016461 0.309424095920935 -0.595906066221308 -0.795024949661734 -0.113275282634686 -0.18979954100869 -0.0265074103221309 0.110981690492164 -0.193171271320029 -0.460866715434264 -0.186621660764144
110.104177358297 20.4176976055721 -8.75664417766231 -0.652463482610653 0.507997005597032 -0.562343708210561 -0.617727511905373 -0.786366552858982 0.00635339120206107 -0.26930260731322 0.0247276914780921 -0.169722140252232 0.142759822732965 0.027160173255522 -0.198448712372555
109.576844945938 20.2865887680944 -8.72872159821005 -0.021164451472544 0.200552888565585 -0.979454238278576 -0.58404827576663 -0.797607568555639 -0.150697638191793 0.118279099517655 -0.492487827413934 -0.300810131440982 -0.533744429633324 0.365729487707931 -0.220143076727534
109.08492656925 20.1390367082512 -8.71921379816926 0.466186612764385 -0.235374786132789 -0.852800534786462 -0.566362001903103 -0.819936113142698 -0.0832997788985551 -0.417026125316951 -0.564883901590323 -0.12870190708011 -0.0614566328608786 -0.318462358438848 -0.294210401518204
108.643323658214 19.780309422404 -8.95824449972421 0.695191691397203 -0.152227007645258 -0.702520782863954 -0.433809341581331 -0.868127661865091 -0.241171760082673 0.291693300302397 -0.193376985311137 -0.365647823583622 -0.0560063836252273 -0.169583213448669 0.183977793320218
109.575304256686 19.0907112236133 -8.78191184552288 0.987046538302957 -0.150962952424649 0.0543076257918466 -0.155387126169024 -0.983795838414923 0.0894460135399572 0.0116807788123143 0.00712835496195584 0.294090703843265 0.319205520542682 -0.636518571995831 0.219886203127532
109.651905142751 18.6147421623451 -9.04928489679329 0.704969165992257 -0.0652161902147923 0.706233193451947 -0.145670016590269 -0.987848133804965 0.0541877366613224 0.247946456363672 -0.561936116089388 0.317958530211194 0.0946653023875403 0.524302487472111 -0.14387305756876
109.683205782671 18.5538742646061 -9.40112249219292 -0.133921833474584 0.721392107933688 -0.679454464353238 -0.778607777838846 0.347554076139658 0.522471140301 -0.524847768013226 0.598622659265112 0.268860171059851 -0.00726040078433108 0.506131664873034 -0.0436219691727093
109.781623939673 17.4976849868643 -8.43457789897602 0.189087242538232 0.678701283032456 0.709655256529046 -0.981950789212841 0.133869499565364 0.133609897276886 0.27429024052986 -0.00595348064811846 -0.0464179323573087 0.137049742036121 0.389747919764813 0.103128651854596
109.343188023857 17.4820009463691 -8.20504831042965 0.0832588196176879 0.986623440648288 -0.140150473846173 -0.989572977684429 0.0652691428117731 -0.128394940842579 -0.416045583318647 -0.271685026774582 0.0232582821762176 0.0997132942325631 0.0473305081281281 -0.30396260741426
109.931841058514 16.0996069352108 -8.41576588496362 0.168677354593185 -0.30543938627856 -0.937152458971969 0.979257680515734 0.160215397148004 0.124037984774581 0.464199931082323 -0.174048848482593 -0.209218495847811 -0.0279974313058195 -0.386783649206142 -0.631781579015279
114.886791999416 23.0204448961546 -15.9414323539337 -0.00812942466696393 -0.214661557484972 -0.976654661685999 0.937112693954772 -0.34244426644627 0.0674664598672812 0.198555632265371 -0.529069726852737 0.33222354876975 0.163459477047964 0.354173071052433 -0.0343614439918124
115.198062600578 22.5950984016295 -15.9142527791773 0.177261924836802 0.592062839613846 -0.786155076274276 0.980061569960723 -0.179052011254397 0.0861376593139379 0.219010819458315 -0.109730981178404 -0.801669759705001 -0.673009179744096 0.33346906051121 -0.23142424661599
115.761269436399 23.2453414358076 -15.184363718511 0.0912995585030094 0.993057193144021 -0.0741741313544274 0.92058712725604 -0.0557654451436863 0.386535323429573 1.00194702428418 0.293400425191383 -0.304873184169374 -0.101535169515402 -0.24437169156263 0.245742278334371
116.124026655054 22.4625298577548 -14.0641363531668 0.984950360394329 0.138549589858617 0.103328595795482 -0.116794602026121 0.974224501809803 -0.192991297758982 0.333172603720446 0.01733283245874 -0.272926952801255 0.384242657320737 0.0363548283977698 0.243121785155976
116.2044358316 22.9881846780619 -13.9755475162015 0.875720401311579 -0.133046706307649 -0.464125363094309 0.0856806023929478 0.988849512426063 -0.121800969404809 0.154208143053979 -0.396428119587415 0.0573644852704606 0.3315363889575 0.0932379229368081 0.363184302879305
116.413753915483 23.3806806526092 -13.976617862761 0.0442518994136224 -0.260713207995079 -0.96440157225899 0.082964190051417 0.962971714483684 -0.256519824329163 0.746482124690862 -0.0708871062562301 -0.28548490756673 0.268444691697328 0.543087949618963 -0.44537463895511
116.679495870991 23.7062690409486 -14.253881223124 -0.769937183363868 -0.0148497405713673 -0.63794687778744 0.198544766915135 0.944531827567086 -0.261609637137902 -0.194247011933073 0.221548396302307 0.114303527462858 0.23222726856845 -0.478160535511403 0.450833433317293
116.814617035298 23.8955774821605 -14.633086056006 -0.921478756336977 0.385919094263228 0.0440834924022086 0.326829750481165 0.831666210102084 -0.448902694550535 0.339117253630294 -0.177766707306096 0.401041048486506 0.0260715381580094 -0.0906040200178801 -0.0936777913592445
116.967504475961 24.2311486969602 -15.0312815491919 -0.689583815261509 0.334253889696556 0.642455055978596 0.333972579048477 0.933929412365326 -0.1274290750302 -0.26481251442843 0.0500468172545313 -0.00578597017300641 -0.147237403050563 0.400398325519236 -0.206843639050889
116.811140873989 24.743060519155 -15.1805119355931 0.0452247030335439 0.0460636593275984 0.997914257601722 0.248278098467524 0.967075013677987 -0.0558918933387333 0.117515443765903 -0.071610360070831 0.195777138368394 -0.277035310928486 -0.370633031836784 0.136168411180952
116.732013869571 25.2241476235962 -15.0303132798055 0.617038269083297 -0.227948251006488 0.753195439012741 0.124336760867907 0.973345468873483 0.192714732494681 -0.445386187593242 0.419411060910298 -0.211557650294425 0.0895856613388028 0.240643109438745 0.287805992243589
116.624077949342 25.6114686292469 -14.7483190763179 0.964949991751602 -0.175505141338224 0.195113963577015 0.145358904282954 0.976448565241454 0.159433335232875 0.0526978714775823 0.141345198279681 0.00989544951204008 0.409958241299419 -0.0668010106818082 0.35719978916365
115.779948232768 25.9874686052567 -15.9383959123587 -0.0289099096270276 -0.173735424050386 -0.984367928955016 -0.915972315243529 0.398876691911449 -0.0434983029200529 0.0329141242113805 -0.364056394416073 0.146101006830727 -0.099067104642775 -0.0129597320558612 0.568587648642071
115.567211995034 26.3886393710532 -16.0643799592147 -0.479632356743006 -0.802511408409314 -0.354863694589866 -0.870988228162473 0.484482784976698 0.0815839289528132 -0.145295589080004 0.186278422344409 -0.00552346089254835 0.0911878921583126 0.331450044880638 0.272795508184295
115.121210901164 26.5922753631184 -16.3233517684465 -0.431198411822119 -0.783397834093216 0.447611174100674 -0.825358889660721 0.542896364960061 0.15506850154314 0.636897665236877 -0.0110742706902878 -0.259617895665771 0.15236689583694 -0.107816403189064 0.465690541350553
114.633910645961 26.6260933179391 -16.4601423722892 0.0907051706029178 -0.0415668342083627 0.995009934784673 -0.80489059792055 0.585304506855858 0.0978251482686787 -0.275302394531652 -0.0753016419131463 -0.199886519169853 -0.779735905019911 0.228688446007327 0.309553168967939
114.143990896698 26.5676820193833 -16.3409227540986 0.541152154183694 0.642273158064908 0.542807089536923 -0.727124793054363 0.681634609470757 -0.0816320678255978 0.186537212343283 -0.156826131251619 0.162746065841235 0.322701471866776 0.119452694599681 0.749714042654925
114.263647367695 27.0148030168985 -16.1598647025955 0.792541088842613 0.262112259748082 0.550614007981999 -0.553008243481423 0.689469977606931 0.467774553198679 0.0168229353245555 0.0797578457313738 -0.67623334926459 -0.00361855482284864 0.17429914615133 0.450814079070623
114.039101582488 27.1721409738224 -15.7141935905827 0.642698473465912 0.75621853025543 -0.122768915866181 -0.631393496791288 0.613592674550598 0.474179588286726 0.0986434074805173 -0.0171147900881664 -0.260241024444363 -0.0700494971990743 0.451219641810851 -0.17322880546146
113.001922020707 26.7756885398587 -16.87280557303 0.721563529811805 -0.129036410043126 -0.680217375056373 -0.204602299954655 -0.978339851413684 -0.0314489107731747 -0.0104117016067522 0.078404115653955 -0.274130702372533 0.057128925131635 -0.262386107168366 -0.305756401976182
112.52807269011 26.63789021662 -17.4107531326077 -0.952385001021509 -0.304069889192221 -0.022456899065615 -0.224972267923607 0.750531599753222 -0.621361244717327 0.019602621030266 -0.25890978345531 0.379210557560384 -0.0638690720659125 -0.243841573628838 0.319408862317616
112.345295428324 26.8746403363079 -17.7698867323043 -0.515092522226861 0.343850274504259 0.785141186201166 -0.225979712975396 0.829119616170687 -0.511364675554207 -0.116934472094831 0.178312670164358 0.114719020537081 -0.128673624272462 -0.539937683157386 -0.15544090468708
112.912754614041 27.9900447205012 -17.8896688084713 -0.0916322248331539 0.865403448891377 0.492626030594501 0.919048150934496 0.263941771747447 -0.29272040822425 0.108887988534258 0.127562605100479 0.212248054410158 0.0152559956676272 -0.242615723344481 -0.12518602557966
113.124744378297 28.3344130198569 -18.2310382953894 0.301756650911759 0.284635784564868 0.909904057456534 0.906186359506463 0.21094169064907 -0.366510415937644 -0.367796803922236 -0.493571468923159 -0.155676110589759 -0.0190849942272876 -0.157476233167729 -0.493481909061211
114.11692348692 28.391266069854 -18.789681849755 0.871378228684427 -0.135086781757866 0.471647690515928 -0.0751815228282494 -0.986758101953568 -0.143722603837195 -0.0312134090750043 -0.109286885427221 0.393455876001901 -0.0528290417658466 0.435123406620794 -0.749282476219901
113.8209510033 28.9669506143798 -19.4792749435649 -0.173257499135846 -0.86375508543081 -0.473190227483282 -0.947320510511485 0.277568628014365 -0.159810847900237 -0.175647584661641 0.0508119406632567 0.0157578836236701 -0.425753739951395 -0.144850988000272 -0.200976680598065
