       48.3646 0   0.000830   0.000830   0.318626    0.058298   0.000000  -0.677025   0.000000   0.000000   0.000000   0.000000   0.027666
       48.0712 0   0.000442   0.000442   0.364831    0.045901   0.000000  -0.715503   0.000000   0.000000   0.000000  -0.000411   0.029083
       48.2457 0   0.000074   0.000074   0.297750    0.057399   0.000000  -0.719646   0.000000   0.000000  -0.000004   0.000000   0.032345
       48.2702 0   0.000163   0.000163   0.320029    0.052208   0.000000  -0.699887   0.000000   0.000000   0.000000   0.000000   0.034138
       48.4769 0   0.002292   0.002292   0.326079    0.059662   0.000000  -0.756331   0.000295   0.000000   0.000000   0.000000   0.029352
       47.8887 0   0.002707   0.002707   0.335217    0.036625   0.000000  -0.742011   0.000000   0.000000   0.000000   0.000000   0.026764
       48.1279 0   0.000130   0.000130   0.284170    0.049339   0.000000  -0.679716   0.000000   0.000000   0.000000   0.000000   0.026836
       48.2626 0   0.000132   0.000132   0.342025    0.038639   0.000000  -0.691140   0.000000   0.000000   0.000000   0.000000   0.027409
       47.8547 0   0.003340   0.003340   0.358357    0.040020   0.000000  -0.708583   0.000000   0.000000   0.000000   0.000000   0.028318
       48.4435 0   0.001782   0.001782   0.335171    0.047700   0.000000  -0.739008   0.000000   0.000000   0.000000   0.000000   0.031067
       48.3900 0   0.001097   0.001097   0.300637    0.065850   0.000000  -0.723252   0.000000   0.000000   0.000000   0.000000   0.029432
       47.8642 0   0.003157   0.003157   0.332288    0.051190   0.000000  -0.756696   0.000000   0.000000   0.000000   0.000000   0.027098
       48.3855 0   0.001047   0.001047   0.290792    0.049512   0.000000  -0.714861   0.000000   0.000000  -0.000090   0.000000   0.028526
       48.4672 0   0.002137   0.002137   0.334517    0.049256   0.000000  -0.748734   0.000000   0.000000   0.000000   0.000000   0.026657
       48.2263 0   0.000028   0.000028   0.345131    0.042595   0.000000  -0.737948   0.000000   0.000000   0.000000   0.000000   0.031512
       48.1234 0   0.000148   0.000148   0.314819    0.043565   0.000000  -0.686950   0.000000   0.000000   0.000000   0.000000   0.026131
       48.2662 0   0.000146   0.000146   0.315591    0.033428   0.000000  -0.650857   0.000000   0.000000   0.000000   0.000000   0.027300
       48.3921 0   0.001121   0.001121   0.327069    0.051587   0.000751  -0.687971   0.000000   0.000000   0.000000   0.000000   0.029011
       48.3964 0   0.001170   0.001170   0.318476    0.044460   0.000000  -0.672517   0.000000   0.000000   0.000000   0.000000   0.028713
       48.2713 0   0.000168   0.000168   0.332894    0.059992   0.000000  -0.661192   0.000000   0.000000   0.000000  -0.013400   0.029595
       48.2645 0   0.000139   0.000139   0.363007    0.040302   0.000000  -0.730730   0.000000   0.000000  -0.000000   0.000000   0.029997
       48.3334 0   0.000553   0.000553   0.298681    0.044869   0.000000  -0.699552   0.000000   0.000000   0.000000   0.000000   0.029345
       48.2060 0   0.000003   0.000003   0.319567    0.036175   0.000000  -0.727833   0.000000   0.000000   0.000000  -0.000002   0.030956
       48.0506 0   0.000601   0.000601   0.348195    0.050242   0.000000  -0.681471   0.000000   0.000000   0.000000   0.000000   0.028495
       48.0816 0   0.000371   0.000371   0.322760    0.033915   0.000037  -0.683948   0.000000   0.000000   0.000000   0.000000   0.033602
       48.3617 0   0.000802   0.000802   0.315626    0.042622   0.000000  -0.709300   0.000000   0.000000   0.000000   0.000000   0.024557
       47.8615 0   0.003208   0.003208   0.325648    0.059834   0.000000  -0.773589   0.000000   0.000000   0.000000   0.000000   0.033468
       48.2304 0   0.000036   0.000036   0.363119    0.049560   0.000000  -0.760379   0.000000  -0.000002   0.000000   0.000000   0.027599
       48.2124 0   0.000009   0.000009   0.306033    0.048079   0.000000  -0.697118   0.000000   0.000000   0.000000   0.000000   0.024793
       48.1661 0   0.000024   0.000024   0.372687    0.044698   0.000000  -0.736688   0.000000   0.000000   0.000000   0.000000   0.029925
       48.2440 0   0.000069   0.000069   0.309732    0.042652   0.000000  -0.705297   0.000000   0.000000   0.000000   0.000000   0.027435
       48.0917 0   0.000308   0.000308   0.322364    0.041488   0.000000  -0.731056   0.000000   0.000000   0.000000   0.000000   0.035016
       48.3427 0   0.000629   0.000629   0.311133    0.039152   0.000000  -0.705769   0.000000   0.000000   0.000000  -0.009174   0.026406
       48.3287 0   0.000516   0.000516   0.386892    0.060200   0.000000  -0.801413   0.000000   0.000000   0.000000   0.000000   0.027907
       47.9780 0   0.001358   0.001358   0.355555    0.031808   0.000000  -0.712433   0.000000   0.000000   0.000000   0.000000   0.030914
       48.2238 0   0.000024   0.000024   0.313633    0.051906   0.000000  -0.679730   0.000000   0.000000   0.000000   0.000000   0.031107
       48.2793 0   0.000205   0.000205   0.306597    0.044505   0.000000  -0.647069   0.000000   0.000000   0.000000   0.000000   0.031807
       48.4880 0   0.002476   0.002476   0.315580    0.061205   0.000000  -0.661273   0.002169   0.000000   0.000000   0.000000   0.030115
       47.7929 0   0.004665   0.004665   0.359990    0.048316   0.000000  -0.681887   0.000000   0.000000   0.000000   0.000000   0.035827
       48.2608 0   0.000125   0.000125   0.342601    0.058808   0.000000  -0.692799   0.000000   0.000000   0.000000   0.000000   0.028424
       48.6239 0   0.005306   0.005306   0.349322    0.049471   0.000000  -0.699299   0.000000   0.000000   0.000000   0.000000   0.030157
       48.3950 0   0.001154   0.001154   0.354681    0.043845   0.000000  -0.710071   0.000000   0.000000   0.000000   0.000000   0.027216
       48.1266 0   0.000135   0.000135   0.360012    0.039890   0.000000  -0.727109   0.000000   0.000000   0.000000   0.000000   0.025479
       48.3315 0   0.000538   0.000538   0.341027    0.034912   0.000000  -0.701421   0.000000   0.000000  -0.000015   0.000000   0.029721
       47.9267 0   0.002076   0.002076   0.304716    0.056152   0.000000  -0.697127   0.000000   0.000000   0.000000   0.000000   0.026362
       48.1853 0   0.000003   0.000003   0.310055    0.046378   0.000000  -0.747330   0.000000   0.000000  -0.000005   0.000000   0.027060
       47.9352 0   0.001947   0.001947   0.256026    0.037148   0.000000  -0.695879   0.000541   0.000000   0.000000   0.000000   0.042063
       48.1267 0   0.000135   0.000135   0.286513    0.047979   0.000000  -0.724456   0.000000   0.000000  -0.001193   0.000000   0.026713
       47.9366 0   0.001927   0.001927   0.304983    0.043454   0.000000  -0.721506   0.000000   0.000000  -0.000000   0.000000   0.031282
       48.3514 0   0.000705   0.000705   0.335720    0.062817   0.000000  -0.718688   0.000000   0.000000  -0.001807   0.000000   0.029850
       48.2406 0   0.000060   0.000060   0.343288    0.049459   0.000000  -0.708204   0.002947   0.000000   0.000000   0.000000   0.026998
       47.7995 0   0.004513   0.004513   0.314523    0.033771   0.002623  -0.687610   0.000001   0.000000   0.000000   0.000000   0.032534
       48.3800 0   0.000987   0.000987   0.353174    0.047880   0.000000  -0.732124   0.000113   0.000000   0.000000   0.000000   0.033495
       47.9466 0   0.001780   0.001780   0.311260    0.043502   0.000000  -0.748071   0.000000   0.000000   0.000000   0.000000   0.029101
       47.7637 0   0.005367   0.005367   0.313245    0.058761   0.000000  -0.735242   0.000000   0.000000   0.000000   0.000000   0.030202
       48.4214 0   0.001478   0.001478   0.330654    0.028777   0.000000  -0.713423   0.000000   0.000000   0.000000   0.000000   0.028206
       48.0482 0   0.000622   0.000622   0.355997    0.049708   0.000000  -0.762803   0.000000   0.000000   0.000000   0.000000   0.025792
       48.3358 0   0.000572   0.000572   0.313154    0.067408   0.000000  -0.726709   0.000911   0.000000   0.000000   0.000000   0.028831
       48.0562 0   0.000555   0.000555   0.323309    0.056461   0.000000  -0.742973   0.000000   0.000000   0.000000   0.000000   0.025340
       48.0926 0   0.000302   0.000302   0.314367    0.061325   0.000000  -0.705784   0.000000   0.000000   0.000000   0.000000   0.025786
       48.3774 0   0.000960   0.000960   0.370146    0.042660   0.000000  -0.680195   0.000000   0.000000  -0.000072   0.000000   0.030651
       48.2106 0   0.000007   0.000007   0.297671    0.059438   0.000000  -0.654369   0.000000   0.000000   0.000000   0.000000   0.028387
       48.2751 0   0.000185   0.000185   0.339861    0.059289   0.000000  -0.688109   0.000000   0.000000   0.000000   0.000000   0.028779
       48.3827 0   0.001016   0.001016   0.343053    0.047690   0.000000  -0.701913   0.000000   0.000000  -0.000113   0.000000   0.029951
       48.1012 0   0.000254   0.000254   0.346935    0.048375   0.000000  -0.719286   0.000000  -0.005258  -0.000905   0.000000   0.028122
       48.2782 0   0.000200   0.000200   0.323748    0.050099   0.000000  -0.760652   0.000000   0.000000   0.000000   0.000000   0.027443
       48.2163 0   0.000013   0.000013   0.319020    0.033664   0.000000  -0.744191   0.000000   0.000000   0.000000   0.000000   0.028572
       48.0016 0   0.001079   0.001079   0.301083    0.060331   0.000000  -0.740224   0.000000   0.000000   0.000000   0.000000   0.028629
       48.1348 0   0.000105   0.000105   0.305151    0.069707   0.000000  -0.774517   0.000000   0.000000   0.000000   0.000000   0.028688
       48.1978 0   0.000000   0.000000   0.339715    0.058343   0.001634  -0.780487   0.000000   0.000000   0.000000   0.000000   0.027801
       48.1203 0   0.000161   0.000161   0.369391    0.049246   0.000000  -0.807219   0.000000   0.000000   0.000000   0.000000   0.027533
       48.3334 0   0.000553   0.000553   0.370847    0.055385   0.000000  -0.802575   0.000000   0.000000   0.000000   0.000000   0.028094
       48.4235 0   0.001507   0.001507   0.290959    0.093984   0.000000  -0.756041   0.000000   0.000000   0.000000   0.000000   0.032610
       48.2648 0   0.000141   0.000141   0.307851    0.057622   0.000000  -0.755191   0.000000  -0.000000  -0.000008   0.000000   0.032105
       48.1141 0   0.000189   0.000189   0.320038    0.056944   0.000000  -0.753876   0.000000   0.000000   0.000000   0.000000   0.028333
       48.1776 0   0.000009   0.000009   0.286759    0.051932   0.000000  -0.723901   0.000000   0.000000   0.000000   0.000000   0.026772
       47.9372 0   0.001917   0.001917   0.345349    0.043619   0.000000  -0.715118   0.000000  -0.000091   0.000000   0.000000   0.027373
       48.0248 0   0.000836   0.000836   0.338235    0.048961   0.000000  -0.724933   0.000000   0.000000   0.000000   0.000000   0.029952
       48.2537 0   0.000099   0.000099   0.317839    0.045120   0.000000  -0.757865   0.000000   0.000000   0.000000   0.000000   0.029829
       48.3060 0   0.000356   0.000356   0.317893    0.056709   0.000000  -0.791477   0.000000   0.000000   0.000000   0.000000   0.029654
       48.3620 0   0.000805   0.000805   0.354262    0.060929   0.000190  -0.876009   0.000000   0.000000   0.000000   0.000000   0.028081
       48.2664 0   0.000147   0.000147   0.351128    0.044642   0.000000  -0.853636   0.000000   0.000000  -0.000000   0.000000   0.026188
       47.9147 0   0.002266   0.002266   0.351652    0.048168   0.000000  -0.878709   0.000000   0.000000  -0.000450   0.000000   0.024479
       48.2431 0   0.000067   0.000067   0.335318    0.044158   0.000000  -0.859267   0.000000   0.000000   0.000000   0.000000   0.032603
       48.3243 0   0.000482   0.000482   0.331607    0.070905   0.000000  -0.845612   0.000000   0.000000  -0.000016   0.000000   0.029012
       48.3760 0   0.000945   0.000945   0.289761    0.047268   0.000000  -0.837200   0.000199   0.000000   0.000000   0.000000   0.030661
       48.4005 0   0.001218   0.001218   0.280395    0.054540   0.000000  -0.763988   0.000000   0.000000   0.000000   0.000000   0.023779
       48.2819 0   0.000218   0.000218   0.322834    0.034852   0.000000  -0.840769   0.000000   0.000000   0.000000   0.000000   0.030677
       48.3080 0   0.000368   0.000368   0.312940    0.042341   0.000000  -0.822457   0.000000   0.000000   0.000000   0.000000   0.028769
       48.2790 0   0.000203   0.000203   0.336238    0.060399   0.000000  -0.842133   0.000000   0.000000   0.000000   0.000000   0.025917
       48.3730 0   0.000914   0.000914   0.348095    0.054083   0.000000  -0.804567   0.000000   0.000000   0.000000   0.000000   0.031406
       48.4622 0   0.002060   0.002060   0.358589    0.049971   0.000000  -0.799351   0.000000   0.000000   0.000000   0.000000   0.028505
       48.0263 0   0.000821   0.000821   0.338865    0.060645   0.000000  -0.824789   0.000000   0.000000   0.000000   0.000000   0.025801
       48.0601 0   0.000525   0.000525   0.391194    0.039895   0.000000  -0.843511   0.000000   0.000000   0.000000   0.000000   0.027145
       48.2475 0   0.000080   0.000080   0.326968    0.067098   0.000000  -0.826377   0.000000   0.000000   0.000000   0.000000   0.028574
       48.3651 0   0.000835   0.000835   0.356559    0.029963   0.000000  -0.766924   0.000000   0.000000   0.000000   0.000000   0.028169
       48.2669 0   0.000149   0.000149   0.309093    0.060039   0.000000  -0.757079   0.000000   0.000000  -0.000024   0.000000   0.028564
       48.1149 0   0.000185   0.000185   0.334169    0.060814   0.000481  -0.766375   0.000000   0.000000   0.000000   0.000000   0.031300
       48.1391 0   0.000090   0.000090   0.342320    0.032361   0.000000  -0.748773   0.000000   0.000000  -0.000004   0.000000   0.034045
       48.2022 0   0.000001   0.000001   0.326869    0.066779   0.000646  -0.839343   0.000000   0.000000   0.000000   0.000000   0.032644
       48.0946 0   0.000291   0.000291   0.272589    0.053959   0.000000  -0.773668   0.000000   0.000000   0.000000   0.000000   0.025926
       48.1162 0   0.000179   0.000179   0.274670    0.061671   0.000000  -0.768967   0.000000   0.000000   0.000000   0.000000   0.027857
       47.7390 0   0.005998   0.005998   0.309237    0.049383   0.000000  -0.780024   0.000000   0.000000   0.000000   0.000000   0.025575
       48.3982 0   0.001191   0.001191   0.348133    0.052128   0.000000  -0.770004   0.000000   0.000000   0.000000   0.000000   0.028966
       48.0675 0   0.000469   0.000469   0.314751    0.034689   0.000000  -0.732001   0.000000   0.000000   0.000000   0.000000   0.032308
       48.1799 0   0.000007   0.000007   0.350385    0.045837   0.000000  -0.712617   0.000000   0.000000   0.000000   0.000000   0.026093
       48.2577 0   0.000113   0.000113   0.326608    0.060054   0.000000  -0.632811   0.000000   0.000000   0.000000   0.000000   0.031628
       47.8541 0   0.003352   0.003352   0.350247    0.055467   0.000000  -0.679959   0.000000   0.000000   0.000000   0.000000   0.027333
       48.1501 0   0.000058   0.000058   0.335789    0.056267   0.000000  -0.682833   0.000000   0.000000   0.000000   0.000000   0.025899
       48.3039 0   0.000342   0.000342   0.326196    0.060876   0.000000  -0.696169   0.000000   0.000000  -0.000000   0.000000   0.031667
       47.9666 0   0.001505   0.001505   0.357367    0.060844   0.000000  -0.711997   0.000000   0.000000   0.000000   0.000000   0.028516
       48.4453 0   0.001806   0.001806   0.337938    0.039747   0.000000  -0.645759   0.000000   0.000000   0.000000   0.000000   0.029957
       47.9096 0   0.002350   0.002350   0.299014    0.042411   0.000000  -0.656886   0.000000   0.000000   0.000000   0.000000   0.027321
       48.5096 0   0.002855   0.002855   0.292118    0.057570   0.000000  -0.663103   0.000000   0.000000   0.000000  -0.003136   0.029324
       48.1425 0   0.000080   0.000080   0.342797    0.073416   0.000000  -0.680685   0.000000   0.000000   0.000000   0.000000   0.029313
       48.2231 0   0.000023   0.000023   0.329682    0.078295   0.000000  -0.665397   0.000000   0.000000  -0.000000   0.000000   0.032284
       48.3554 0   0.000742   0.000742   0.350207    0.052279   0.000000  -0.676459   0.000000   0.000000   0.000000   0.000000   0.026661
       48.1905 0   0.000001   0.000001   0.307520    0.034831   0.000000  -0.621547   0.000000   0.000000   0.000000   0.000000   0.027402
       48.1510 0   0.000056   0.000056   0.317402    0.053685   0.000000  -0.646993   0.000000  -0.013393  -0.003201   0.000000   0.027745
       48.3460 0   0.000658   0.000658   0.361088    0.053159   0.000000  -0.732587   0.000000   0.000000   0.000000   0.000000   0.031281
       48.5232 0   0.003107   0.003107   0.331895    0.054525   0.000000  -0.721629   0.000000   0.000000   0.000000   0.000000   0.030426
       48.0330 0   0.000757   0.000757   0.336941    0.062652   0.000085  -0.710673   0.000000   0.000000   0.000000   0.000000   0.032214
       47.9729 0   0.001423   0.001423   0.353047    0.053455   0.000317  -0.737732   0.000000   0.000000  -0.000000   0.000000   0.027040
       48.0946 0   0.000291   0.000291   0.339328    0.047210   0.000000  -0.744917   0.000000   0.000000   0.000000   0.000000   0.025662
       47.9788 0   0.001348   0.001348   0.320514    0.046582   0.002356  -0.750555   0.000000   0.000000  -0.000000   0.000000   0.028528
       48.4268 0   0.001550   0.001550   0.330447    0.051437   0.000000  -0.757415   0.000000   0.000000   0.000000   0.000000   0.026564
       48.0817 0   0.000370   0.000370   0.317745    0.045713   0.000000  -0.743069   0.000000   0.000000   0.000000   0.000000   0.027630
       48.0413 0   0.000682   0.000682   0.374357    0.033831   0.000000  -0.705780   0.000000   0.000000   0.000000   0.000000   0.026790
       48.1021 0   0.000249   0.000249   0.332094    0.059022   0.000000  -0.723836   0.000000   0.000000   0.000000   0.000000   0.027827
       48.2710 0   0.000167   0.000167   0.324293    0.049203   0.000000  -0.740522   0.000000   0.000000   0.000000   0.000000   0.027539
       48.3334 0   0.000552   0.000552   0.326510    0.036010   0.000000  -0.744113   0.000000   0.000000   0.000000   0.000000   0.028479
       48.3768 0   0.000954   0.000954   0.320174    0.050670   0.000000  -0.781448   0.000000   0.000000   0.000000   0.000000   0.028837
       48.5828 0   0.004338   0.004338   0.315696    0.041298   0.000081  -0.756888   0.000000   0.000000   0.000000   0.000000   0.024932
       47.9997 0   0.001100   0.001100   0.361426    0.044646   0.000000  -0.787937   0.000000   0.000000  -0.000000   0.000000   0.029268
       48.0524 0   0.000587   0.000587   0.344152    0.058986   0.000000  -0.809363   0.000000   0.000000   0.000000   0.000000   0.029865
       48.3036 0   0.000340   0.000340   0.301360    0.062017   0.000000  -0.805746   0.000000   0.000000   0.000000   0.000000   0.029333
       48.5357 0   0.003349   0.003349   0.282084    0.040216   0.000000  -0.747141   0.000000  -0.000000   0.000000   0.000000   0.036332
       48.2166 0   0.000013   0.000013   0.320629    0.048208   0.000000  -0.795551   0.000052   0.000000  -0.000002   0.000000   0.024637
       48.1473 0   0.000066   0.000066   0.315567    0.045079   0.000000  -0.772316   0.000000   0.000000   0.000000   0.000000   0.027084
       48.0965 0   0.000280   0.000280   0.307118    0.049432   0.000000  -0.776747   0.000000   0.000000   0.000000  -0.000538   0.026819
       48.5752 0   0.004169   0.004169   0.337459    0.044792   0.000000  -0.759653   0.000000   0.000000  -0.002004   0.000000   0.033226
       48.2658 0   0.000145   0.000145   0.320811    0.042771   0.000000  -0.714329   0.000000   0.000000   0.000000   0.000000   0.029946
       48.1174 0   0.000174   0.000174   0.303510    0.066393   0.000000  -0.732352   0.000599   0.000000   0.000000   0.000000   0.028441
       48.5835 0   0.004354   0.004354   0.308075    0.051362   0.000000  -0.717615   0.000000   0.000000   0.000000   0.000000   0.032845
       48.0392 0   0.000700   0.000700   0.363398    0.055857   0.000000  -0.747260   0.000000   0.000000   0.000000   0.000000   0.029312
       48.0448 0   0.000651   0.000651   0.331934    0.066570   0.000000  -0.728532   0.000000   0.000000   0.000000   0.000000   0.033744
       48.5080 0   0.002827   0.002827   0.305042    0.074352   0.000000  -0.713724   0.000000   0.000000   0.000000   0.000000   0.026651
       48.2682 0   0.000154   0.000154   0.322704    0.048230   0.000000  -0.725225   0.000000   0.000000   0.000000   0.000000   0.031589
       48.0666 0   0.000476   0.000476   0.323725    0.053901   0.000000  -0.719951   0.000101   0.000000   0.000000   0.000000   0.027426
       47.9101 0   0.002342   0.002342   0.339474    0.064082   0.000000  -0.696425   0.000000   0.000000  -0.000997   0.000000   0.028928
       47.9783 0   0.001355   0.001355   0.347850    0.054392   0.000000  -0.668131   0.000000   0.000000   0.000000   0.000000   0.024081
       48.2385 0   0.000055   0.000055   0.366287    0.049921   0.000000  -0.684544   0.000000   0.000000   0.000000   0.000000   0.026218
       47.9970 0   0.001131   0.001131   0.333847    0.062297   0.000000  -0.696874   0.000000   0.000000   0.000000  -0.007377   0.031088
       48.2558 0   0.000107   0.000107   0.319068    0.061649   0.001059  -0.679488   0.000000   0.000000   0.000000   0.000000   0.028495
       48.1736 0   0.000013   0.000013   0.291594    0.054275   0.000000  -0.666856   0.000000   0.000000   0.000000   0.000000   0.025955
       48.4752 0   0.002265   0.002265   0.321872    0.046318   0.000000  -0.700105   0.000000   0.000000   0.000000   0.000000   0.031367
       48.2136 0   0.000010   0.000010   0.336084    0.053161   0.000000  -0.756870   0.000000   0.000000   0.000000   0.000000   0.025381
       48.2194 0   0.000017   0.000017   0.362907    0.039858   0.000037  -0.759543   0.000000   0.000000   0.000000   0.000000   0.031727
       48.3848 0   0.001039   0.001039   0.384347    0.050049   0.000000  -0.793706   0.000000   0.000000   0.000000   0.000000   0.026898
       47.9024 0   0.002469   0.002469   0.351205    0.064295   0.000000  -0.763769   0.000000   0.000000  -0.001783   0.000000   0.028900
       48.1751 0   0.000011   0.000011   0.330622    0.048260   0.000000  -0.749766   0.000000   0.000000   0.000000   0.000000   0.028998
       48.0757 0   0.000411   0.000411   0.332684    0.053693   0.000000  -0.728714   0.000000   0.000000   0.000000   0.000000   0.033408
       47.9467 0   0.001778   0.001778   0.282612    0.043884   0.000000  -0.679593   0.000000   0.000000   0.000000   0.000000   0.031443
       48.1469 0   0.000067   0.000067   0.316207    0.047191   0.000000  -0.718901   0.002781   0.000000   0.000000   0.000000   0.024081
       48.3328 0   0.000548   0.000548   0.315320    0.044997   0.000000  -0.701423   0.000000   0.000000   0.000000   0.000000   0.029641
       48.2003 0   0.000001   0.000001   0.348348    0.043268   0.000940  -0.709259   0.000000  -0.000000  -0.000071   0.000000   0.030878
       48.1955 0   0.000000   0.000000   0.312124    0.029198   0.000000  -0.683276   0.000000   0.000000   0.000000   0.000000   0.032007
       48.4626 0   0.002066   0.002066   0.337211    0.031772   0.000000  -0.668022   0.000000   0.000000   0.000000  -0.012368   0.030567
       48.2288 0   0.000033   0.000033   0.334302    0.042063   0.000000  -0.670353   0.000075   0.000000   0.000000   0.000000   0.027384
       48.3565 0   0.000752   0.000752   0.363302    0.048449   0.000000  -0.733234   0.000000   0.000000   0.000000   0.000000   0.028725
       48.2353 0   0.000047   0.000047   0.314033    0.050635   0.000000  -0.663787   0.000000   0.000000   0.000000   0.000000   0.027471
       48.3178 0   0.000435   0.000435   0.392533    0.050957   0.000000  -0.765314   0.000000   0.000000   0.000000   0.000000   0.025901
       48.1602 0   0.000035   0.000035   0.311735    0.056297   0.000000  -0.714118   0.000000   0.000000   0.000000   0.000000   0.035937
       48.3580 0   0.000766   0.000766   0.361750    0.043411   0.000000  -0.746015   0.000000   0.000000   0.000000   0.000000   0.028769
       48.2341 0   0.000044   0.000044   0.306660    0.070283   0.000000  -0.719205   0.000000   0.000000   0.000000   0.000000   0.029569
       48.0539 0   0.000575   0.000575   0.307136    0.038598   0.000000  -0.688864   0.000000   0.000000   0.000000   0.000000   0.025170
       48.4567 0   0.001975   0.001975   0.369632    0.049346   0.000000  -0.713243   0.000002   0.000000   0.000000   0.000000   0.027574
       48.5592 0   0.003825   0.003825   0.312650    0.049001   0.000019  -0.666840   0.000000   0.000000   0.000000   0.000000   0.025739
       47.9786 0   0.001351   0.001351   0.336694    0.052444   0.000000  -0.694092   0.000000   0.000000   0.000000   0.000000   0.026514
       48.1851 0   0.000003   0.000003   0.314564    0.046669   0.000000  -0.648916   0.000000   0.000000  -0.000000   0.000000   0.025173
       48.4164 0   0.001415   0.001415   0.294332    0.047962   0.000000  -0.673902   0.000000   0.000000   0.000000   0.000000   0.028449
       48.0619 0   0.000511   0.000511   0.330702    0.045030   0.000000  -0.694652   0.000000   0.000000   0.000000   0.000000   0.030901
       48.1419 0   0.000081   0.000081   0.333555    0.053222   0.000000  -0.640534   0.000714   0.000000   0.000000   0.000000   0.030721
       48.1328 0   0.000112   0.000112   0.325241    0.046929   0.000000  -0.622109   0.000034   0.000000   0.000000   0.000000   0.028269
       48.4882 0   0.002480   0.002480   0.357492    0.057578   0.000000  -0.632864   0.000000   0.000000  -0.000002   0.000000   0.031471
       48.0065 0   0.001024   0.001024   0.301966    0.067580   0.000000  -0.668234   0.000000   0.000000  -0.000000   0.000000   0.033263
       48.2528 0   0.000096   0.000096   0.315358    0.057477   0.000000  -0.690073   0.000000   0.000000   0.000000   0.000000   0.027682
       48.1433 0   0.000077   0.000077   0.294595    0.047826   0.000000  -0.644078   0.000040   0.000000  -0.000130   0.000000   0.027410
       48.2113 0   0.000008   0.000008   0.402717    0.039480   0.000000  -0.749989   0.000087   0.000000  -0.000444   0.000000   0.036964
       48.1315 0   0.000116   0.000116   0.334022    0.040471   0.000000  -0.677322   0.000000   0.000000   0.000000   0.000000   0.026204
       48.0615 0   0.000514   0.000514   0.360799    0.044069   0.000000  -0.728855   0.000000   0.000000  -0.000413   0.000000   0.033152
       48.0758 0   0.000410   0.000410   0.350114    0.031185   0.000000  -0.767599   0.000000   0.000000  -0.000000   0.000000   0.028485
       48.1293 0   0.000125   0.000125   0.333346    0.035007   0.000000  -0.752665   0.000000   0.000000   0.000000   0.000000   0.027314
       48.2677 0   0.000152   0.000152   0.344138    0.058589   0.000000  -0.754204   0.000000   0.000000   0.000000   0.000000   0.029034
       48.3538 0   0.000727   0.000727   0.353101    0.047346   0.000000  -0.749534   0.000000   0.000000   0.000000  -0.000000   0.034627
       48.2378 0   0.000053   0.000053   0.293546    0.040978   0.000000  -0.689402   0.000000   0.000000   0.000000   0.000000   0.026106
       48.1850 0   0.000003   0.000003   0.313178    0.049909   0.000000  -0.707323   0.000000   0.000000   0.000000   0.000000   0.031026
       48.4461 0   0.001818   0.001818   0.317464    0.030738   0.000000  -0.658510   0.000000   0.000000   0.000000   0.000000   0.028986
       48.5812 0   0.004303   0.004303   0.317583    0.060378   0.000000  -0.642454   0.000000   0.000000   0.000000   0.000000   0.033243
       48.1677 0   0.000022   0.000022   0.362740    0.055998   0.000000  -0.610853   0.000000   0.000000   0.000000   0.000000   0.028342
       48.0982 0   0.000270   0.000270   0.320620    0.048635   0.000000  -0.619905   0.000000   0.000000   0.000000   0.000000   0.031004
       48.1784 0   0.000008   0.000008   0.297581    0.052658   0.000000  -0.617773   0.000382   0.000000   0.000000   0.000000   0.027998
       48.0640 0   0.000495   0.000495   0.314209    0.064183   0.000000  -0.597790   0.000000   0.000000   0.000000   0.000000   0.029799
       48.2086 0   0.000005   0.000005   0.303440    0.056288   0.000153  -0.558498   0.000000   0.000000   0.000000   0.000000   0.030140
       48.2769 0   0.000193   0.000193   0.341894    0.038166   0.000000  -0.581671   0.000000   0.000000   0.000000   0.000000   0.034585
       47.8274 0   0.003897   0.003897   0.359548    0.072421   0.000000  -0.630844   0.000000   0.000000  -0.000026   0.000000   0.026993
       48.5625 0   0.003897   0.003897   0.381699    0.057927   0.000000  -0.617875   0.000995   0.000000  -0.000000   0.000000   0.027628
       48.2887 0   0.000253   0.000253   0.351647    0.045257   0.000000  -0.576508   0.000000   0.000000   0.000000   0.000000   0.031753
       48.0993 0   0.000264   0.000264   0.322999    0.049437   0.001413  -0.568636   0.000000   0.000000   0.000000   0.000000   0.028882
       48.0882 0   0.000329   0.000329   0.327849    0.037954   0.001657  -0.538844   0.000437   0.000000   0.000000   0.000000   0.024795
       48.1902 0   0.000001   0.000001   0.300019    0.052222   0.000000  -0.497467   0.000000   0.000000  -0.000000   0.000000   0.028119
       48.5339 0   0.003313   0.003313   0.314238    0.040137   0.000000  -0.472977   0.000000   0.000000   0.000000   0.000000   0.032689
       48.1188 0   0.000167   0.000167   0.322723    0.048507   0.000057  -0.482699   0.000906   0.000000   0.000000   0.000000   0.029692
       47.8225 0   0.004002   0.004002   0.339507    0.042404   0.000000  -0.487269   0.000000   0.000000   0.000000   0.000000   0.031694
       48.2073 0   0.000004   0.000004   0.370433    0.045419   0.000000  -0.507304   0.000000   0.000000   0.000000   0.000000   0.028777
       48.3498 0   0.000692   0.000692   0.333821    0.057215   0.000000  -0.508406   0.000000   0.000000  -0.000000   0.000000   0.032228
       48.3280 0   0.000510   0.000510   0.322657    0.047999   0.000210  -0.470876   0.000000   0.000000   0.000000   0.000000   0.029116
       48.1503 0   0.000058   0.000058   0.388119    0.053265   0.000000  -0.509929   0.002471   0.000000   0.000000   0.000000   0.031633
       47.9441 0   0.001816   0.001816   0.342201    0.070648   0.000000  -0.464807   0.003591   0.000000   0.000000   0.000000   0.027961
       48.1927 0   0.000000   0.000000   0.372819    0.057926   0.000273  -0.459376   0.000000   0.000000  -0.000039   0.000000   0.027814
       48.2853 0   0.000235   0.000235   0.321052    0.029713   0.000000  -0.423379   0.000000   0.000000   0.000000   0.000000   0.031325
       47.8738 0   0.002976   0.002976   0.316907    0.050704   0.000000  -0.412222   0.000000   0.000000  -0.001855   0.000000   0.030370
       48.0563 0   0.000555   0.000555   0.325192    0.041125   0.000000  -0.433091   0.004361   0.000000   0.000000   0.000000   0.031475
       48.4800 0   0.002343   0.002343   0.296531    0.069298   0.000000  -0.397836   0.000000   0.000000   0.000000   0.000000   0.032961
       48.7357 0   0.008433   0.008433   0.353965    0.074097   0.000000  -0.458003   0.000000   0.000000  -0.002413   0.000000   0.035044
       48.2090 0   0.000006   0.000006   0.356611    0.036107   0.000852  -0.493591   0.000000   0.000000   0.000000   0.000000   0.027331
       48.4887 0   0.002488   0.002488   0.381409    0.042521   0.000000  -0.511344   0.000000   0.000000   0.000000   0.000000   0.029703
       47.8811 0   0.002842   0.002842   0.362701    0.046490   0.000000  -0.566574   0.001147   0.000000   0.000000   0.000000   0.030238
       48.2570 0   0.000111   0.000111   0.364667    0.060856   0.000000  -0.576243   0.000000   0.000000   0.000000   0.000000   0.031503
       48.2525 0   0.000095   0.000095   0.385334    0.059755   0.000000  -0.645302   0.000520   0.000000  -0.000232   0.000000   0.028527
       48.4300 0   0.001593   0.001593   0.356932    0.051486   0.000000  -0.624990   0.000000   0.000000   0.000000   0.000000   0.026380
       48.0052 0   0.001039   0.001039   0.364001    0.055000   0.000000  -0.619305   0.000000   0.000000   0.000000   0.000000   0.029424
       48.3102 0   0.000383   0.000383   0.388717    0.050859   0.000000  -0.671401   0.000000   0.000000   0.000000   0.000000   0.030074
       48.2753 0   0.000186   0.000186   0.340932    0.062626   0.000000  -0.624164   0.000000   0.000000   0.000000   0.000000   0.024678
       47.8987 0   0.002532   0.002532   0.283133    0.063537   0.000000  -0.612277   0.000000   0.000000   0.000000   0.000000   0.027779
       48.3865 0   0.001058   0.001058   0.343463    0.058472   0.000000  -0.681817   0.000000   0.000000   0.000000   0.000000   0.030342
       48.3857 0   0.001049   0.001049   0.323182    0.063510   0.000000  -0.674761   0.000000   0.000000   0.000000   0.000000   0.024856
       47.9489 0   0.001748   0.001748   0.308623    0.038531   0.000000  -0.641237   0.000000   0.000000   0.000000   0.000000   0.027180
       47.9172 0   0.002226   0.002226   0.316414    0.045903   0.000000  -0.713165   0.000000   0.000000   0.000000   0.000000   0.027729
       48.2457 0   0.000074   0.000074   0.340587    0.052785   0.000000  -0.739341   0.000000   0.000000   0.000000   0.000000   0.027300
       48.2411 0   0.000061   0.000061   0.325387    0.059604   0.000000  -0.722924   0.000000   0.000000   0.000000   0.000000   0.033753
       48.4726 0   0.002223   0.002223   0.385657    0.051498   0.000000  -0.716125   0.000000   0.000000   0.000000   0.000000   0.030457
       48.0276 0   0.000808   0.000808   0.364752    0.051305   0.000000  -0.720072   0.000000   0.000000   0.000000   0.000000   0.028253
       48.0621 0   0.000510   0.000510   0.383306    0.040519   0.000000  -0.696547   0.000000   0.000000  -0.000003   0.000000   0.027449
       48.2971 0   0.000300   0.000300   0.301009    0.044770   0.000000  -0.649001   0.000000   0.000000   0.000000   0.000000   0.029825
       48.1733 0   0.000014   0.000014   0.319484    0.041237   0.000000  -0.682766   0.000000   0.000000   0.000000   0.000000   0.024605
       48.1443 0   0.000074   0.000074   0.348228    0.067332   0.003272  -0.731842   0.000000   0.000000  -0.002920   0.000000   0.032569
       48.2320 0   0.000040   0.000040   0.306223    0.042686   0.000000  -0.674331   0.000000   0.000000   0.000000   0.000000   0.028742
       48.3670 0   0.000854   0.000854   0.356172    0.044457   0.000000  -0.749349   0.000000   0.000000   0.000000   0.000000   0.028697
       48.0947 0   0.000290   0.000290   0.333035    0.038403   0.000000  -0.720826   0.000000   0.000000   0.000000   0.000000   0.025278
       48.4733 0   0.002234   0.002234   0.303476    0.036133   0.000000  -0.746945   0.000000   0.000000   0.000000   0.000000   0.027467
       48.1042 0   0.000238   0.000238   0.318995    0.056639   0.000000  -0.759970   0.000000   0.000000   0.000000   0.000000   0.035695
       47.8505 0   0.003423   0.003423   0.281708    0.045658   0.000000  -0.717281   0.000000   0.000000  -0.000041   0.000000   0.030563
       48.3462 0   0.000660   0.000660   0.314622    0.053880   0.000000  -0.740946   0.000000   0.000000  -0.000008   0.000000   0.029664
       48.5469 0   0.003572   0.003572   0.324414    0.063602   0.000000  -0.711295   0.000000   0.000000   0.000000   0.000000   0.032775
       48.0080 0   0.001009   0.001009   0.330487    0.056148   0.000000  -0.679068   0.000000   0.000000   0.000000   0.000000   0.026225
       48.0268 0   0.000816   0.000816   0.349612    0.044766   0.000000  -0.658978   0.000000   0.000000   0.000000  -0.007225   0.030507
       48.3332 0   0.000551   0.000551   0.361217    0.063937   0.000000  -0.647204   0.000000   0.000000  -0.002322   0.000000   0.029777
       48.0698 0   0.000452   0.000452   0.319942    0.040082   0.000000  -0.596874   0.000000   0.000000   0.000000   0.000000   0.026357
       48.1836 0   0.000004   0.000004   0.312488    0.053218   0.000000  -0.589197   0.000000   0.000000   0.000000   0.000000   0.033798
       48.3748 0   0.000932   0.000932   0.373246    0.064363   0.000000  -0.590762   0.000000   0.000000  -0.000066   0.000000   0.033478
       47.8029 0   0.004436   0.004436   0.331565    0.038800   0.000000  -0.593823   0.000000   0.000000  -0.000000   0.000000   0.028719
       48.2590 0   0.000118   0.000118   0.373125    0.066192   0.000000  -0.610838   0.000000   0.000000   0.000000   0.000000   0.028725
       48.4721 0   0.002216   0.002216   0.344975    0.063154   0.000000  -0.564128   0.000000   0.000000   0.000000   0.000000   0.026474
       48.1632 0   0.000029   0.000029   0.341270    0.045839   0.000000  -0.568356   0.000000   0.000000   0.000000   0.000000   0.027989
       48.0079 0   0.001010   0.001010   0.380389    0.036865   0.000000  -0.603188   0.000000   0.000000  -0.000000   0.000000   0.029933
       48.2536 0   0.000099   0.000099   0.299236    0.029556   0.000000  -0.570805   0.000000   0.000000  -0.000001   0.000000   0.032203
       48.0412 0   0.000682   0.000682   0.342105    0.033437   0.000000  -0.626353   0.000000   0.000000   0.000000   0.000000   0.025674
       48.3528 0   0.000718   0.000718   0.326272    0.054660   0.002580  -0.607441   0.000000   0.000000   0.000000   0.000000   0.035693
       48.2986 0   0.000309   0.000309   0.339181    0.072588   0.000000  -0.578204   0.000000   0.000000   0.000000   0.000000   0.030357
       48.4513 0   0.001894   0.001894   0.335400    0.061437   0.000000  -0.590054   0.000000   0.000000   0.000000   0.000000   0.030594
       48.1500 0   0.000058   0.000058   0.306270    0.029167   0.000000  -0.526404   0.000000   0.000000   0.000000   0.000000   0.025489
       47.7572 0   0.005528   0.005528   0.376405    0.052665   0.000000  -0.652405   0.000000   0.000000   0.000000   0.000000   0.030005
       48.3149 0   0.000415   0.000415   0.327230    0.067720   0.000000  -0.662675   0.000000   0.000000   0.000000   0.000000   0.033119
       48.3776 0   0.000962   0.000962   0.324022    0.047288   0.000000  -0.576205   0.000000  -0.000016   0.000000   0.000000   0.028226
       48.3418 0   0.000622   0.000622   0.322876    0.055370   0.000000  -0.521211   0.000000   0.000000   0.000000   0.000000   0.034315
       47.9302 0   0.002023   0.002023   0.300082    0.041094   0.000000  -0.489712   0.001267   0.000000   0.000000   0.000000   0.028692
       48.2135 0   0.000010   0.000010   0.386378    0.041627   0.000000  -0.540015   0.000000   0.000000   0.000000   0.000000   0.035148
       48.0545 0   0.000570   0.000570   0.365667    0.047553   0.000000  -0.485959   0.000000  -0.000000   0.000000   0.000000   0.035522
       48.4513 0   0.001895   0.001895   0.337228    0.045698   0.000454  -0.412062   0.003062   0.000000   0.000000   0.000000   0.031887
       48.2295 0   0.000034   0.000034   0.387779    0.061673   0.000000  -0.462940   0.000000   0.000000   0.000000   0.000000   0.029938
       48.2800 0   0.000208   0.000208   0.318369    0.085591   0.000387  -0.490004   0.000000   0.000000   0.000000   0.000000   0.033212
       47.9806 0   0.001326   0.001326   0.354425    0.058810   0.000000  -0.524457   0.000000   0.000000   0.000000   0.000000   0.031166
       48.2093 0   0.000006   0.000006   0.366380    0.057773   0.000000  -0.504204   0.000000   0.000000   0.000000   0.000000   0.027953
       48.2713 0   0.000168   0.000168   0.350750    0.061258   0.000651  -0.489064   0.000000   0.000000  -0.000925   0.000000   0.032967
       48.1834 0   0.000004   0.000004   0.375659    0.057761   0.000002  -0.587022   0.000000   0.000000   0.000000   0.000000   0.028821
       47.9814 0   0.001317   0.001317   0.294970    0.071216   0.000000  -0.524832   0.000000   0.000000   0.000000  -0.007318   0.032539
       48.3591 0   0.000776   0.000776   0.379842    0.059505   0.000000  -0.548535   0.000144   0.000000  -0.002712   0.000000   0.033524
       48.3185 0   0.000440   0.000440   0.352423    0.042586   0.000000  -0.551826   0.000000   0.000000   0.000000   0.000000   0.028432
       48.0521 0   0.000589   0.000589   0.361085    0.055802   0.000000  -0.563890   0.000301  -0.000000   0.000000   0.000000   0.028575
       48.0876 0   0.000333   0.000333   0.345322    0.044657   0.000000  -0.628217   0.000000  -0.000077  -0.000316   0.000000   0.027044
       48.3074 0   0.000365   0.000365   0.306138    0.051108   0.000000  -0.555678   0.000000  -0.017676  -0.011957   0.000000   0.034766
       47.6631 0   0.008160   0.008160   0.320375    0.048448   0.000000  -0.535315   0.000000  -0.009393  -0.008737   0.000000   0.033151
       47.9123 0   0.002305   0.002305   0.284955    0.057547   0.000000  -0.591322   0.000000   0.000000   0.000000   0.000000   0.024862
       48.5266 0   0.003172   0.003172   0.333256    0.058218   0.000000  -0.607849   0.000000   0.000000   0.000000  -0.013685   0.031240
       48.5793 0   0.004260   0.004260   0.375825    0.047525   0.000000  -0.659660   0.000123   0.000000  -0.000000   0.000000   0.027553
       48.0996 0   0.000262   0.000262   0.309312    0.040932   0.000844  -0.578239   0.000000   0.000000   0.000000   0.000000   0.028284
       48.2837 0   0.000227   0.000227   0.331512    0.045946   0.000000  -0.610216   0.000000   0.000000   0.000000   0.000000   0.027009
       48.4322 0   0.001622   0.001622   0.323757    0.038430   0.000000  -0.616587   0.000000   0.000000   0.000000   0.000000   0.027654
       48.1021 0   0.000249   0.000249   0.352972    0.051437   0.000000  -0.685611   0.000000   0.000000   0.000000   0.000000   0.027157
       48.2302 0   0.000036   0.000036   0.329832    0.057022   0.000000  -0.705760   0.000000   0.000000  -0.000000   0.000000   0.028351
       48.2065 0   0.000004   0.000004   0.309331    0.065849   0.000000  -0.713121   0.000000   0.000000   0.000000   0.000000   0.036800
       48.5818 0   0.004315   0.004315   0.348538    0.035114   0.000000  -0.709226   0.000000   0.000000   0.000000   0.000000   0.027066
       48.3679 0   0.000862   0.000862   0.353004    0.052593   0.000000  -0.755818   0.000000   0.000000   0.000000   0.000000   0.027404
       48.1319 0   0.000115   0.000115   0.301523    0.032226   0.000000  -0.691705   0.000000   0.000000   0.000000   0.000000   0.025118
       48.0184 0   0.000899   0.000899   0.349931    0.046686   0.000000  -0.728230   0.000000   0.000000   0.000000   0.000000   0.030374
       48.1394 0   0.000089   0.000089   0.355618    0.054063   0.000000  -0.736783   0.000000   0.000000   0.000000   0.000000   0.030443
       48.4099 0   0.001332   0.001332   0.360947    0.041423   0.000000  -0.699452   0.000700   0.000000   0.000000   0.000000   0.028605
       48.3686 0   0.000870   0.000870   0.325660    0.049373   0.000000  -0.692167   0.000783   0.000000   0.000000   0.000000   0.031124
       48.2601 0   0.000122   0.000122   0.400251    0.044769   0.000000  -0.745065   0.000000   0.000000   0.000000   0.000000   0.032316
       48.1364 0   0.000099   0.000099   0.321824    0.041638   0.000000  -0.623781   0.000000   0.000000   0.000000   0.000000   0.030768
       48.3998 0   0.001210   0.001210   0.295283    0.050996   0.000000  -0.602606   0.000000   0.000000   0.000000   0.000000   0.028040
       48.1087 0   0.000215   0.000215   0.316974    0.048521   0.000000  -0.586572   0.000000   0.000000  -0.000000   0.000000   0.030598
       47.9924 0   0.001184   0.001184   0.296591    0.049146   0.000000  -0.576940   0.000000   0.000000   0.000000   0.000000   0.025610
       48.0333 0   0.000754   0.000754   0.304745    0.054609   0.000000  -0.577266   0.000000   0.000000   0.000000   0.000000   0.025605
       48.1159 0   0.000180   0.000180   0.357973    0.046009   0.000000  -0.582354   0.000000   0.000000   0.000000   0.000000   0.028818
       48.3346 0   0.000562   0.000562   0.339201    0.065421   0.000000  -0.602163   0.000000   0.000000  -0.001097   0.000000   0.026555
       47.8732 0   0.002986   0.002986   0.313501    0.057650   0.000000  -0.631623   0.000000   0.000000  -0.000671   0.000000   0.027937
       48.1000 0   0.000260   0.000260   0.344378    0.040759   0.000000  -0.648050   0.000000   0.000000   0.000000   0.000000   0.032886
       48.2417 0   0.000063   0.000063   0.315373    0.036721   0.000000  -0.641323   0.000000   0.000000   0.000000   0.000000   0.028063
       48.3805 0   0.000993   0.000993   0.333473    0.044542   0.000000  -0.641081   0.000000   0.000000   0.000000   0.000000   0.031292
       48.2331 0   0.000042   0.000042   0.325458    0.059349   0.000000  -0.663870   0.001661   0.000000   0.000000   0.000000   0.028821
       48.1334 0   0.000109   0.000109   0.315298    0.054474   0.000000  -0.658336   0.000040   0.000000   0.000000   0.000000   0.034435
       48.0513 0   0.000596   0.000596   0.409386    0.044861   0.000000  -0.654181   0.000000   0.000000  -0.000013   0.000000   0.030366
       48.1671 0   0.000022   0.000022   0.358449    0.046016   0.000000  -0.671425   0.002954   0.000000   0.000000   0.000000   0.031494
       48.2766 0   0.000192   0.000192   0.301743    0.050532   0.000000  -0.662772   0.000000   0.000000   0.000000   0.000000   0.030177
       48.4683 0   0.002155   0.002155   0.287882    0.076070   0.000000  -0.701746   0.000000   0.000000   0.000000   0.000000   0.026289
       47.6625 0   0.008179   0.008179   0.313625    0.027800   0.000000  -0.674168   0.002249   0.000000  -0.000075   0.000000   0.034378
       48.2589 0   0.000118   0.000118   0.304318    0.048401   0.000000  -0.712135   0.000000   0.000000   0.000000   0.000000   0.031302
       48.4107 0   0.001342   0.001342   0.287567    0.046479   0.000000  -0.709210   0.000000   0.000000   0.000000   0.000000   0.028392
       48.0837 0   0.000357   0.000357   0.298418    0.056971   0.000000  -0.756528   0.000000   0.000000   0.000000   0.000000   0.027560
       48.5326 0   0.003288   0.003288   0.322965    0.051886   0.000997  -0.791090   0.000000   0.000000  -0.000011   0.000000   0.033218
       48.0735 0   0.000426   0.000426   0.329760    0.062794   0.000000  -0.796599   0.000000   0.000000  -0.000000   0.000000   0.025350
       47.5481 0   0.012072   0.012072   0.322373    0.056312   0.000000  -0.783692   0.000000   0.000000   0.000000   0.000000   0.026378
       48.3202 0   0.000452   0.000452   0.302431    0.049967   0.000000  -0.723847   0.000000   0.000000  -0.000001   0.000000   0.029152
       48.3256 0   0.000492   0.000492   0.265201    0.063636   0.000000  -0.762515   0.000000   0.000000   0.000000   0.000000   0.027744
       48.3336 0   0.000554   0.000554   0.345083    0.040801   0.000000  -0.794334   0.000000   0.000000   0.000000   0.000000   0.029377
       48.2735 0   0.000178   0.000178   0.295161    0.064156   0.000000  -0.789532   0.000000   0.000000   0.000000   0.000000   0.030314
       48.3104 0   0.000384   0.000384   0.328494    0.051714   0.000000  -0.768713   0.000000   0.000000   0.000000   0.000000   0.025422
       47.9635 0   0.001546   0.001546   0.356710    0.044502   0.000000  -0.767025   0.000000   0.000000   0.000000  -0.009896   0.026426
       48.2431 0   0.000067   0.000067   0.382326    0.033325   0.000000  -0.672995   0.000000   0.000000   0.000000  -0.013132   0.029318
       48.0622 0   0.000509   0.000509   0.337647    0.041829   0.000000  -0.666848   0.000000   0.000000   0.000000  -0.014790   0.028886
       48.2611 0   0.000126   0.000126   0.300969    0.073653   0.000000  -0.656369   0.000000   0.000000   0.000000  -0.008241   0.030326
       48.1968 0   0.000000   0.000000   0.332965    0.041490   0.000000  -0.662806   0.000000   0.000000   0.000000  -0.014563   0.028509
       48.0886 0   0.000327   0.000327   0.331396    0.034742   0.000000  -0.693175   0.000000   0.000000   0.000000  -0.012558   0.031394
       47.9017 0   0.002482   0.002482   0.322604    0.051558   0.000000  -0.682459   0.000000   0.000000   0.000000   0.000000   0.027909
       48.2790 0   0.000203   0.000203   0.324531    0.051280   0.000000  -0.654595   0.000000   0.000000   0.000000   0.000000   0.025354
       48.4064 0   0.001290   0.001290   0.349450    0.038213   0.000000  -0.695279   0.000000   0.000000   0.000000   0.000000   0.029792
       48.1696 0   0.000019   0.000019   0.307156    0.050310   0.000291  -0.660340   0.000000   0.000000   0.000000   0.000000   0.031049
       48.1033 0   0.000242   0.000242   0.309093    0.045910   0.000000  -0.678508   0.000000   0.000000   0.000000   0.000000   0.023818
       48.6108 0   0.004988   0.004988   0.325043    0.053868   0.000000  -0.726519   0.000000   0.000000  -0.000000   0.000000   0.027554
       48.4400 0   0.001732   0.001732   0.317904    0.074580   0.000000  -0.667238   0.000000   0.000000   0.000000   0.000000   0.030100
       48.1798 0   0.000007   0.000007   0.292170    0.062156   0.000000  -0.655781   0.000000   0.000000   0.000000   0.000000   0.031526
       48.1917 0   0.000000   0.000000   0.329236    0.051340   0.000000  -0.685833   0.000000   0.000000   0.000000   0.000000   0.032946
       48.3662 0   0.000846   0.000846   0.378900    0.036333   0.002470  -0.651453   0.000000   0.000000   0.000000  -0.000840   0.031742
       48.1197 0   0.000164   0.000164   0.350912    0.060262   0.000000  -0.675533   0.000000   0.000000   0.000000   0.000000   0.024581
       48.0237 0   0.000846   0.000846   0.338793    0.049437   0.002162  -0.610949   0.000000   0.000000  -0.000000   0.000000   0.035170
       48.2445 0   0.000071   0.000071   0.323206    0.062018   0.000000  -0.578416   0.000000   0.000000   0.000000   0.000000   0.028303
       48.3354 0   0.000568   0.000568   0.302324    0.039861   0.000000  -0.521178   0.000000   0.000000   0.000000   0.000000   0.024134
       47.8938 0   0.002617   0.002617   0.314709    0.045412   0.000000  -0.627423   0.000000   0.000000   0.000000   0.000000   0.032665
       48.1279 0   0.000130   0.000130   0.315493    0.038257   0.000000  -0.634948   0.000000   0.000000   0.000000  -0.000052   0.029866
       48.1490 0   0.000061   0.000061   0.300779    0.064852   0.000000  -0.702988   0.000000   0.000000   0.000000   0.000000   0.026205
       48.0875 0   0.000334   0.000334   0.326725    0.039762   0.000000  -0.754947   0.000000   0.000000  -0.000717   0.000000   0.034425
       48.2036 0   0.000002   0.000002   0.326519    0.043918   0.000000  -0.721378   0.000007   0.000000   0.000000   0.000000   0.028900
       48.3535 0   0.000725   0.000725   0.309827    0.048734   0.000000  -0.690393   0.000000   0.000000   0.000000   0.000000   0.030361
       48.2725 0   0.000173   0.000173   0.304169    0.058318   0.000000  -0.715482   0.000000   0.000000  -0.000142   0.000000   0.027587
       48.0326 0   0.000761   0.000761   0.312389    0.053869   0.000000  -0.779964   0.000000   0.000000  -0.000000   0.000000   0.031766
       48.1371 0   0.000097   0.000097   0.330881    0.060454   0.000047  -0.790123   0.000000   0.000000   0.000000   0.000000   0.029193
       48.3981 0   0.001190   0.001190   0.401795    0.050256   0.000000  -0.869980   0.001483   0.000000   0.000000   0.000000   0.033092
       48.3496 0   0.000689   0.000689   0.325037    0.054798   0.000000  -0.807030   0.000000   0.000000   0.000000   0.000000   0.027001
       48.5480 0   0.003594   0.003594   0.355278    0.054690   0.000000  -0.821411   0.000000   0.000000   0.000000   0.000000   0.027752
       48.1675 0   0.000022   0.000022   0.305133    0.067262   0.000000  -0.800773   0.000000   0.000000   0.000000   0.000000   0.032679
       48.0199 0   0.000884   0.000884   0.319624    0.042497   0.000000  -0.815988   0.000000   0.000000   0.000000   0.000000   0.026058
       48.4291 0   0.001581   0.001581   0.301773    0.042017   0.000000  -0.810548   0.000000   0.000000   0.000000   0.000000   0.027138
       48.1364 0   0.000099   0.000099   0.316208    0.050631   0.003954  -0.812477   0.000000   0.000000   0.000000   0.000000   0.023867
       48.0130 0   0.000955   0.000955   0.342844    0.047613   0.002312  -0.853454   0.000000   0.000000   0.000000   0.000000   0.032211
       48.7125 0   0.007725   0.007725   0.387188    0.025727   0.000000  -0.846226   0.000000   0.000000   0.000000   0.000000   0.026454
       48.0620 0   0.000510   0.000510   0.325350    0.049484   0.000000  -0.818495   0.000000   0.000000  -0.000018   0.000000   0.030824
       48.2202 0   0.000018   0.000018   0.335158    0.045465   0.000000  -0.867164   0.000000   0.000000  -0.000060   0.000000   0.027562
       48.0449 0   0.000650   0.000650   0.332479    0.041489   0.000000  -0.835771   0.000000   0.000000   0.000000   0.000000   0.029488
       48.6532 0   0.006057   0.006057   0.337857    0.041787   0.000000  -0.824103   0.000000   0.000000   0.000000   0.000000   0.026527
       48.2323 0   0.000040   0.000040   0.346674    0.068946   0.000000  -0.815384   0.000000   0.000000   0.000000   0.000000   0.026553
       48.2733 0   0.000177   0.000177   0.333817    0.033578   0.000000  -0.772708   0.000000   0.000000   0.000000   0.000000   0.027423
       48.7070 0   0.007563   0.007563   0.284880    0.047713   0.000000  -0.743239   0.000000   0.000000  -0.000000   0.000000   0.030595
       48.1290 0   0.000126   0.000126   0.328855    0.036162   0.000000  -0.781505   0.000512   0.000000   0.000000   0.000000   0.029481
       48.2340 0   0.000044   0.000044   0.308350    0.049487   0.000000  -0.768386   0.000000   0.000000   0.000000  -0.000021   0.028239
       48.0310 0   0.000776   0.000776   0.337010    0.050311   0.000000  -0.799948   0.000000   0.000000   0.000000   0.000000   0.030091
       48.4202 0   0.001463   0.001463   0.348565    0.055967   0.000000  -0.838720   0.000000   0.000000   0.000000   0.000000   0.025436
       48.1677 0   0.000022   0.000022   0.331549    0.059819   0.000000  -0.846236   0.000000  -0.000191   0.000000   0.000000   0.023244
       48.0566 0   0.000553   0.000553   0.313223    0.051423   0.000125  -0.783744   0.000000   0.000000   0.000000   0.000000   0.026555
       48.4917 0   0.002540   0.002540   0.332161    0.057521   0.000000  -0.848732   0.000000   0.000000   0.000000   0.000000   0.027343
       48.2308 0   0.000037   0.000037   0.394225    0.054027   0.000000  -0.887568   0.000000   0.000000   0.000000   0.000000   0.028594
       48.1980 0   0.000000   0.000000   0.349600    0.061401   0.000000  -0.793449   0.000000   0.000000   0.000000   0.000000   0.026414
       48.1302 0   0.000121   0.000121   0.351072    0.057904   0.000000  -0.746908   0.000000   0.000000   0.000000   0.000000   0.028902
       47.7703 0   0.005204   0.005204   0.327661    0.037767   0.000000  -0.687741   0.000000   0.000000   0.000000   0.000000   0.024830
       48.4202 0   0.001463   0.001463   0.302677    0.038604   0.000000  -0.711828   0.000000   0.000000   0.000000   0.000000   0.025952
       48.1746 0   0.000012   0.000012   0.315706    0.053683   0.000000  -0.686312   0.000000   0.000000   0.000000   0.000000   0.026614
       48.3645 0   0.000829   0.000829   0.329702    0.034959   0.000000  -0.666978   0.001696   0.000000   0.000000   0.000000   0.027634
       48.1135 0   0.000191   0.000191   0.343315    0.061922   0.000222  -0.661566   0.000000   0.000000   0.000000   0.000000   0.026345
       48.1158 0   0.000181   0.000181   0.341257    0.055576   0.000000  -0.669874   0.000000   0.000000   0.000000   0.000000   0.025605
       48.2487 0   0.000083   0.000083   0.343329    0.050291   0.000000  -0.675588   0.000000   0.000000   0.000000   0.000000   0.033288
       48.4118 0   0.001356   0.001356   0.335387    0.058809   0.000000  -0.687232   0.000000   0.000000   0.000000   0.000000   0.030367
       48.3151 0   0.000416   0.000416   0.346222    0.053917   0.000000  -0.717190   0.000000   0.000000   0.000000   0.000000   0.026680
       48.1740 0   0.000013   0.000013   0.323680    0.038368   0.000000  -0.734011   0.000000   0.000000   0.000000   0.000000   0.033128
       48.1738 0   0.000013   0.000013   0.334651    0.071862   0.000000  -0.729387   0.000000   0.000000   0.000000   0.000000   0.030538
       48.6284 0   0.005419   0.005419   0.364769    0.050102   0.000000  -0.731474   0.000000   0.000000   0.000000   0.000000   0.031701
       47.9641 0   0.001538   0.001538   0.331898    0.048827   0.000000  -0.676907   0.000000  -0.008553  -0.003429   0.000000   0.029436
       48.3913 0   0.001112   0.001112   0.283205    0.052321   0.000408  -0.650403   0.000000   0.000000  -0.000000  -0.005580   0.029438
       48.1223 0   0.000153   0.000153   0.301660    0.034264   0.000000  -0.694562   0.000000   0.000000   0.000000   0.000000   0.030020
       48.2335 0   0.000043   0.000043   0.329181    0.044141   0.000000  -0.755724   0.000000   0.000000   0.000000   0.000000   0.026478
       48.3066 0   0.000359   0.000359   0.385300    0.050703   0.000000  -0.778639   0.000000   0.000000   0.000000   0.000000   0.030404
       48.3677 0   0.000860   0.000860   0.336613    0.052216   0.000000  -0.712816   0.000000   0.000000   0.000000   0.000000   0.024599
       48.3280 0   0.000511   0.000511   0.353195    0.054198   0.000000  -0.698088   0.000000   0.000000   0.000000   0.000000   0.022847
       48.2098 0   0.000006   0.000006   0.332381    0.058531   0.000000  -0.677501   0.000472   0.000000   0.000000   0.000000   0.028102
       48.0296 0   0.000789   0.000789   0.278540    0.053769   0.000000  -0.643824   0.000000   0.000000   0.000000   0.000000   0.029958
       48.4680 0   0.002150   0.002150   0.321930    0.069294   0.000000  -0.632909   0.000000   0.000000   0.000000   0.000000   0.030932
       48.3822 0   0.001011   0.001011   0.335141    0.036309   0.000042  -0.604810   0.000000   0.000000  -0.000000   0.000000   0.030468
       48.2233 0   0.000023   0.000023   0.357082    0.069739   0.000000  -0.616963   0.000000   0.000000   0.000000  -0.000026   0.033489
       48.1838 0   0.000004   0.000004   0.286820    0.047308   0.000000  -0.583981   0.000000   0.000000  -0.000004   0.000000   0.026552
       48.2745 0   0.000182   0.000182   0.336075    0.078113   0.000000  -0.654377   0.002051   0.000000   0.000000   0.000000   0.030122
       48.2457 0   0.000074   0.000074   0.348218    0.039622   0.000496  -0.649856   0.000000   0.000000  -0.000001   0.000000   0.027339
       47.8915 0   0.002657   0.002657   0.308354    0.045088   0.000000  -0.646411   0.000000   0.000000  -0.000000   0.000000   0.034584
       48.4102 0   0.001335   0.001335   0.335544    0.057587   0.000000  -0.674796   0.000000   0.000000   0.000000   0.000000   0.028876
       48.1476 0   0.000065   0.000065   0.364846    0.045441   0.000000  -0.668949   0.000000   0.000000   0.000000   0.000000   0.029186
       48.0384 0   0.000707   0.000707   0.315470    0.058817   0.000000  -0.666918   0.000000   0.000000   0.000000   0.000000   0.029370
       47.9986 0   0.001113   0.001113   0.301848    0.055876   0.000000  -0.637472   0.000000   0.000000   0.000000   0.000000   0.029144
       48.2730 0   0.000175   0.000175   0.330533    0.039121   0.000000  -0.663788   0.000000   0.000000   0.000000   0.000000   0.030274
       48.1754 0   0.000011   0.000011   0.317335    0.078777   0.000065  -0.688126   0.000000   0.000000   0.000000   0.000000   0.027312
       47.8920 0   0.002648   0.002648   0.373295    0.061439   0.000000  -0.732461   0.000000   0.000000   0.000000  -0.000008   0.035640
       48.5150 0   0.002954   0.002954   0.354760    0.038730   0.000000  -0.671157   0.000000   0.000000  -0.000000   0.000000   0.027807
       48.3816 0   0.001004   0.001004   0.363590    0.052092   0.000000  -0.649353   0.000000   0.000000   0.000000   0.000000   0.026677
       48.0159 0   0.000926   0.000926   0.296086    0.049750   0.000000  -0.586276   0.000000  -0.000000   0.000000   0.000000   0.029179
       48.1538 0   0.000049   0.000049   0.332861    0.036255   0.000271  -0.584463   0.000000   0.000000   0.000000   0.000000   0.030732
       48.4420 0   0.001760   0.001760   0.330587    0.059809   0.000000  -0.585094   0.000000   0.000000  -0.000314   0.000000   0.026311
       48.1039 0   0.000239   0.000239   0.367770    0.048049   0.000000  -0.600289   0.000000   0.000000   0.000000   0.000000   0.026727
       47.9761 0   0.001382   0.001382   0.332869    0.062426   0.000000  -0.597508   0.000000   0.000000   0.000000   0.000000   0.031992
       48.6358 0   0.005605   0.005605   0.357542    0.054492   0.000000  -0.607227   0.005326   0.000000   0.000000  -0.005187   0.032707
       48.3700 0   0.000884   0.000884   0.338303    0.043664   0.000000  -0.587813   0.000000   0.000000   0.000000   0.000000   0.032208
       47.8608 0   0.003222   0.003222   0.330096    0.064891   0.000000  -0.578745   0.000000   0.000000  -0.000058   0.000000   0.029395
       48.3566 0   0.000753   0.000753   0.309289    0.044035   0.000000  -0.550637   0.000000   0.000000   0.000000   0.000000   0.026469
       47.9991 0   0.001107   0.001107   0.381265    0.052868   0.000000  -0.645124   0.000000   0.000000   0.000000   0.000000   0.026534
       48.0550 0   0.000566   0.000566   0.336019    0.055718   0.000004  -0.613397   0.000708   0.000000   0.000000   0.000000   0.030136
       48.2511 0   0.000091   0.000091   0.305353    0.038721   0.000000  -0.601266   0.000000   0.000000   0.000000   0.000000   0.027196
       48.2530 0   0.000097   0.000097   0.317572    0.043211   0.000000  -0.630939   0.000000   0.000000   0.000000   0.000000   0.028479
       48.3120 0   0.000395   0.000395   0.343407    0.062178   0.000000  -0.674298   0.000000   0.000000   0.000000   0.000000   0.028511
       48.0639 0   0.000495   0.000495   0.378270    0.047513   0.000000  -0.719578   0.000000   0.000000   0.000000   0.000000   0.033018
       48.1034 0   0.000242   0.000242   0.335690    0.053538   0.000000  -0.671203   0.000000   0.000000   0.000000   0.000000   0.029452
       48.5041 0   0.002757   0.002757   0.302692    0.052466   0.000000  -0.688966   0.000000   0.000000   0.000000   0.000000   0.031683
       47.8163 0   0.004136   0.004136   0.349296    0.053348   0.000000  -0.723782   0.000000   0.000000   0.000000   0.000000   0.031031
       48.1867 0   0.000002   0.000002   0.371216    0.053630   0.000000  -0.780370   0.000000   0.000000   0.000000   0.000000   0.026127
       48.3151 0   0.000416   0.000416   0.340521    0.051307   0.000000  -0.736653   0.000311   0.000000   0.000000   0.000000   0.031755
       48.2637 0   0.000136   0.000136   0.293600    0.040144   0.000000  -0.699119   0.000000   0.000000   0.000000   0.000000   0.028177
       48.3721 0   0.000905   0.000905   0.331084    0.041903   0.001657  -0.699843   0.000000   0.000000   0.000000   0.000000   0.029205
       48.1853 0   0.000003   0.000003   0.305241    0.092800   0.001473  -0.726939   0.000000   0.000000   0.000000   0.000000   0.026501
       48.2284 0   0.000032   0.000032   0.343163    0.063901   0.000000  -0.724290   0.000000   0.000000   0.000000   0.000000   0.024728
       47.9214 0   0.002159   0.002159   0.342332    0.053788   0.002059  -0.702239   0.000000   0.000000   0.000000   0.000000   0.026878
       48.4043 0   0.001263   0.001263   0.324613    0.054378   0.000000  -0.683003   0.000000   0.000000  -0.000118   0.000000   0.025631
       48.2432 0   0.000067   0.000067   0.306528    0.054467   0.000000  -0.694279   0.000000   0.000000   0.000000   0.000000   0.032672
       48.1291 0   0.000125   0.000125   0.320410    0.069751   0.002614  -0.703000   0.000000   0.000000   0.000000   0.000000   0.031461
       48.2882 0   0.000250   0.000250   0.341041    0.061566   0.000000  -0.739349   0.000000   0.000000   0.000000   0.000000   0.029259
       48.2992 0   0.000313   0.000313   0.315312    0.057209   0.000000  -0.700501   0.000000   0.000000   0.000000   0.000000   0.027685
       48.3881 0   0.001076   0.001076   0.339764    0.066249   0.000000  -0.665392   0.000000   0.000000  -0.000884   0.000000   0.035255
       48.3000 0   0.000318   0.000318   0.365077    0.044271   0.000000  -0.691441   0.001804   0.000000   0.000000   0.000000   0.025828
       48.2328 0   0.000041   0.000041   0.349044    0.038585   0.000000  -0.670127   0.000035   0.000000   0.000000   0.000000   0.031652
       48.4344 0   0.001653   0.001653   0.314000    0.058873   0.000000  -0.647207   0.000762   0.000000   0.000000   0.000000   0.024826
       48.1815 0   0.000005   0.000005   0.341646    0.040144   0.000000  -0.697153   0.000000   0.000000   0.000000   0.000000   0.026969
       48.2320 0   0.000039   0.000039   0.344369    0.045883   0.000000  -0.719185   0.000000   0.000000  -0.000000   0.000000   0.028425
       48.0184 0   0.000899   0.000899   0.294648    0.057466   0.000000  -0.752592   0.000000   0.000000  -0.000000   0.000000   0.036186
       48.1145 0   0.000187   0.000187   0.344733    0.038706   0.000000  -0.792541   0.000000   0.000000   0.000000   0.000000   0.028063
       48.2540 0   0.000101   0.000101   0.352101    0.057245   0.000000  -0.738884   0.000000   0.000000   0.000000   0.000000   0.026432
       48.1022 0   0.000249   0.000249   0.333914    0.061266   0.000000  -0.728596   0.000000   0.000000   0.000000   0.000000   0.026101
       48.2712 0   0.000168   0.000168   0.355641    0.054603   0.000101  -0.748765   0.000000   0.000000   0.000000   0.000000   0.031607
       48.1101 0   0.000208   0.000208   0.331253    0.053138   0.000000  -0.740602   0.000000   0.000000   0.000000   0.000000   0.028876
       48.5115 0   0.002890   0.002890   0.347524    0.052937   0.000000  -0.720181   0.000000   0.000000   0.000000   0.000000   0.026916
       47.7721 0   0.005158   0.005158   0.282376    0.048031   0.000000  -0.717134   0.000000   0.000000   0.000000   0.000000   0.025798
       48.1732 0   0.000014   0.000014   0.301907    0.053240   0.000000  -0.698287   0.000000   0.000000   0.000000   0.000000   0.025441
       48.8152 0   0.011094   0.011094   0.337463    0.046923   0.000000  -0.744379   0.000015   0.000000   0.000000   0.000000   0.029308
       48.0878 0   0.000332   0.000332   0.294535    0.054171   0.000000  -0.694072   0.000000   0.000000   0.000000   0.000000   0.033272
       48.2270 0   0.000029   0.000029   0.372343    0.041945   0.000000  -0.750257   0.000000   0.000000   0.000000   0.000000   0.030165
       48.2406 0   0.000060   0.000060   0.335104    0.047042   0.000000  -0.740324   0.000064   0.000000   0.000000   0.000000   0.033789
       48.2386 0   0.000055   0.000055   0.357416    0.062692   0.000000  -0.748193   0.000000   0.000000   0.000000   0.000000   0.026196
       48.2811 0   0.000214   0.000214   0.340550    0.041830   0.000000  -0.757288   0.000000   0.000000  -0.000520   0.000000   0.024808
       48.2128 0   0.000009   0.000009   0.321399    0.051060   0.000000  -0.744241   0.000000   0.000000   0.000000   0.000000   0.028483
       48.2900 0   0.000260   0.000260   0.309827    0.069438   0.000000  -0.709913   0.000000   0.000000   0.000000   0.000000   0.027886
       48.2960 0   0.000294   0.000294   0.357904    0.036049   0.000000  -0.689393   0.000000   0.000000   0.000000   0.000000   0.028475
       48.2892 0   0.000256   0.000256   0.278312    0.037013   0.000000  -0.644643   0.000000   0.000000   0.000000   0.000000   0.025993
       48.0183 0   0.000901   0.000901   0.369016    0.049307   0.000000  -0.713818   0.000000   0.000000   0.000000   0.000000   0.028971
       48.2371 0   0.000051   0.000051   0.367610    0.042729   0.000000  -0.665860   0.000000   0.000000   0.000000   0.000000   0.026750
       48.1269 0   0.000134   0.000134   0.351992    0.048002   0.000000  -0.691849   0.000000   0.000000   0.000000   0.000000   0.033290
       47.8792 0   0.002877   0.002877   0.333082    0.053275   0.000096  -0.676554   0.000000   0.000000   0.000000   0.000000   0.026326
       48.4693 0   0.002170   0.002170   0.343864    0.059167   0.001358  -0.683936   0.000000   0.000000   0.000000   0.000000   0.026572
       48.2754 0   0.000186   0.000186   0.343174    0.047189   0.000674  -0.640114   0.000000   0.000000  -0.000594   0.000000   0.034022
       47.9467 0   0.001778   0.001778   0.316901    0.044119   0.000000  -0.624578   0.000000   0.000000   0.000000   0.000000   0.039999
       48.2025 0   0.000002   0.000002   0.354895    0.049181   0.000000  -0.638345   0.000000   0.000000   0.000000   0.000000   0.032126
       47.8439 0   0.003556   0.003556   0.308828    0.072307   0.000056  -0.639616   0.000000   0.000000   0.000000   0.000000   0.031492
       48.3472 0   0.000668   0.000668   0.327937    0.040458   0.000000  -0.573338   0.000000   0.000000  -0.000000  -0.005913   0.035812
       48.0325 0   0.000761   0.000761   0.323892    0.046558   0.000000  -0.595243   0.000000   0.000000   0.000000   0.000000   0.030100
       48.2379 0   0.000053   0.000053   0.322058    0.049794   0.000000  -0.585793   0.000000   0.000000   0.000000   0.000000   0.029922
       48.0153 0   0.000932   0.000932   0.360825    0.059733   0.000724  -0.622544   0.000000   0.000000   0.000000   0.000000   0.026958
       48.2305 0   0.000036   0.000036   0.326459    0.056264   0.000000  -0.583578   0.000000   0.000000   0.000000   0.000000   0.031287
       48.1290 0   0.000126   0.000126   0.338266    0.041092   0.000000  -0.572019   0.000000   0.000000   0.000000   0.000000   0.028052
       48.2487 0   0.000083   0.000083   0.319368    0.044791   0.000000  -0.584966   0.000000   0.000000   0.000000   0.000000   0.029897
       48.1328 0   0.000111   0.000111   0.327261    0.066965   0.000104  -0.617351   0.000000   0.000000   0.000000   0.000000   0.028987
       48.3586 0   0.000772   0.000772   0.310192    0.059045   0.000000  -0.637586   0.001163   0.000000   0.000000   0.000000   0.033910
       48.4192 0   0.001450   0.001450   0.363673    0.071017   0.000000  -0.633816   0.000000   0.000000   0.000000   0.000000   0.030562
       48.1084 0   0.000217   0.000217   0.347351    0.044699   0.000000  -0.577095   0.000000   0.000000  -0.001872  -0.000000   0.028388
       48.1739 0   0.000013   0.000013   0.319054    0.042928   0.000000  -0.555714   0.000000   0.000000  -0.000014   0.000000   0.024411
       48.2687 0   0.000157   0.000157   0.319639    0.054775   0.000000  -0.583125   0.000000   0.000000   0.000000   0.000000   0.032163
       48.2161 0   0.000013   0.000013   0.349076    0.050871   0.000000  -0.559058   0.000000   0.000000   0.000000   0.000000   0.029056
       48.1354 0   0.000102   0.000102   0.348347    0.039646   0.000000  -0.567420   0.000000   0.000000   0.000000   0.000000   0.030968
       48.0527 0   0.000584   0.000584   0.336215    0.035598   0.000000  -0.559302   0.000000   0.000000   0.000000   0.000000   0.032167
       48.3019 0   0.000330   0.000330   0.370311    0.048380   0.000000  -0.512454   0.000000  -0.000681   0.000000   0.000000   0.030161
       48.5845 0   0.004377   0.004377   0.329206    0.053009   0.000000  -0.492347   0.000000   0.000000   0.000000   0.000000   0.035085
       47.8641 0   0.003158   0.003158   0.323063    0.052435   0.000000  -0.485870   0.000000   0.000000  -0.000000   0.000000   0.030179
       48.0639 0   0.000496   0.000496   0.320719    0.050855   0.000000  -0.512440   0.000000   0.000000  -0.000006   0.000000   0.029330
       48.1440 0   0.000075   0.000075   0.357014    0.043338   0.000000  -0.525962   0.000410   0.000000   0.000000   0.000000   0.032721
       48.5155 0   0.002962   0.002962   0.335200    0.044326   0.000000  -0.489242   0.000000   0.000000   0.000000   0.000000   0.031118
       48.1075 0   0.000221   0.000221   0.380751    0.074851   0.000000  -0.569600   0.000000   0.000000   0.000000   0.000000   0.032660
       48.3280 0   0.000510   0.000510   0.344779    0.079174   0.000000  -0.576113   0.000217   0.000000   0.000000   0.000000   0.031420
       48.3257 0   0.000493   0.000493   0.359231    0.050706   0.001223  -0.596967   0.000000   0.000000  -0.000651   0.000000   0.031281
       48.1857 0   0.000002   0.000002   0.283293    0.037597   0.000000  -0.539377   0.000000   0.000000   0.000000   0.000000   0.030014
       47.9043 0   0.002438   0.002438   0.303792    0.056304   0.000035  -0.593479   0.000145   0.000000   0.000000   0.000000   0.027721
       48.2616 0   0.000128   0.000128   0.342215    0.032554   0.000000  -0.582637   0.000000   0.000000  -0.000000   0.000000   0.027793
       48.3051 0   0.000349   0.000349   0.292965    0.044790   0.000000  -0.583811   0.000000   0.000000   0.000000   0.000000   0.035392
       47.8356 0   0.003726   0.003726   0.327280    0.039470   0.000000  -0.545078   0.002847   0.000000   0.000000   0.000000   0.030683
       48.3203 0   0.000453   0.000453   0.322750    0.039696   0.000169  -0.599987   0.000000   0.000000   0.000000   0.000000   0.032333
       48.1980 0   0.000000   0.000000   0.308771    0.056791   0.000000  -0.551739   0.000000   0.000000  -0.000008   0.000000   0.026350
       48.1590 0   0.000037   0.000037   0.340051    0.040631   0.003839  -0.550877   0.000000   0.000000   0.000000   0.000000   0.031416
       48.4258 0   0.001537   0.001537   0.367204    0.059007   0.000000  -0.595369   0.000000   0.000000  -0.002374   0.000000   0.031867
       48.1015 0   0.000252   0.000252   0.316363    0.049284   0.000000  -0.580806   0.000000   0.000000   0.000000   0.000000   0.029073
       48.3037 0   0.000341   0.000341   0.333671    0.039642   0.000000  -0.570677   0.000000   0.000000  -0.000206   0.000000   0.031842
       48.2199 0   0.000018   0.000018   0.283273    0.047805   0.000000  -0.549306   0.000000   0.000000   0.000000   0.000000   0.028995
       48.2331 0   0.000042   0.000042   0.327135    0.041865   0.000000  -0.574993   0.000000   0.000000   0.000000  -0.000001   0.030388
       47.8694 0   0.003057   0.003057   0.347885    0.051741   0.000000  -0.573385   0.000000   0.000000   0.000000   0.000000   0.028017
       48.4402 0   0.001734   0.001734   0.324417    0.061221   0.000000  -0.536523   0.000000   0.000000   0.000000   0.000000   0.026892
       47.9264 0   0.002081   0.002081   0.281007    0.059453   0.000000  -0.495287   0.000000   0.000000   0.000000   0.000000   0.031047
       48.4494 0   0.001867   0.001867   0.339705    0.046209   0.000000  -0.528959   0.000000   0.000000   0.000000   0.000000   0.028508
       48.4230 0   0.001500   0.001500   0.354606    0.045995   0.000000  -0.588927   0.000000   0.000000   0.000000   0.000000   0.032237
       48.0484 0   0.000620   0.000620   0.347642    0.051952   0.000000  -0.603623   0.000000   0.000000   0.000000   0.000000   0.029674
       48.3009 0   0.000324   0.000324   0.346912    0.051401   0.000000  -0.571469   0.000000   0.000000   0.000000   0.000000   0.029652
       48.2966 0   0.000298   0.000298   0.384978    0.063898   0.000000  -0.567416   0.000000   0.000000   0.000000   0.000000   0.029381
       48.1137 0   0.000191   0.000191   0.350716    0.054692   0.000000  -0.558115   0.000000   0.000000   0.000000   0.000000   0.028611
       47.6579 0   0.008322   0.008322   0.351595    0.033661   0.000000  -0.565850   0.000000   0.000000   0.000000   0.000000   0.027732
       48.6488 0   0.005939   0.005939   0.390181    0.067572   0.000000  -0.619225   0.000000   0.000000   0.000000   0.000000   0.030391
       48.1751 0   0.000011   0.000011   0.322117    0.031381   0.000000  -0.571787   0.000000   0.000000   0.000000   0.000000   0.032844
       48.1587 0   0.000038   0.000038   0.308389    0.049486   0.000000  -0.518522   0.000000   0.000000   0.000000   0.000000   0.029917
       47.9730 0   0.001421   0.001421   0.335565    0.063942   0.000182  -0.542240   0.000000   0.000000   0.000000   0.000000   0.029835
       48.6101 0   0.004971   0.004971   0.370806    0.051391   0.000197  -0.551022   0.000000   0.000000  -0.000000   0.000000   0.031259
       48.0817 0   0.000370   0.000370   0.352988    0.031701   0.000000  -0.503644   0.000003   0.000000  -0.001132   0.000000   0.031740
       48.0311 0   0.000775   0.000775   0.339831    0.045166   0.003202  -0.509247   0.000000   0.000000  -0.000000   0.000000   0.030645
       47.9429 0   0.001833   0.001833   0.328897    0.042819   0.000000  -0.431982   0.000000   0.000000   0.000000   0.000000   0.033489
       48.1548 0   0.000047   0.000047   0.336606    0.052680   0.000000  -0.476032   0.000000   0.000000   0.000000   0.000000   0.037826
       48.3173 0   0.000431   0.000431   0.307398    0.071448   0.000000  -0.504146   0.000000   0.000000   0.000000   0.000000   0.033023
       48.2037 0   0.000002   0.000002   0.376463    0.057031   0.000000  -0.543561   0.000000   0.000000  -0.000063   0.000000   0.031450
       47.9464 0   0.001783   0.001783   0.372935    0.037964   0.000000  -0.510759   0.000000   0.000000  -0.000000   0.000000   0.032053
       48.2352 0   0.000047   0.000047   0.303291    0.064741   0.000000  -0.458284   0.000000   0.000000   0.000000   0.000000   0.032390
       47.9738 0   0.001411   0.001411   0.317214    0.035765   0.000000  -0.455319   0.000000   0.000000   0.000000   0.000000   0.028176
       48.4782 0   0.002313   0.002313   0.375479    0.058885   0.000000  -0.468000   0.000000   0.000000  -0.000007   0.000000   0.030792
       48.3632 0   0.000816   0.000816   0.340281    0.065254   0.001268  -0.449987   0.000000   0.000000   0.000000   0.000000   0.031815
       47.6760 0   0.007771   0.007771   0.311713    0.052787   0.000000  -0.401336   0.000000   0.000000   0.000000   0.000000   0.030302
       47.8701 0   0.003045   0.003045   0.339476    0.051552   0.000000  -0.420157   0.000000   0.000000   0.000000   0.000000   0.040609
       48.2199 0   0.000018   0.000018   0.321331    0.050075   0.000000  -0.415611   0.000000   0.000000   0.000000   0.000000   0.027222
       48.3314 0   0.000537   0.000537   0.310953    0.037982   0.000000  -0.378934   0.000000   0.000000   0.000000   0.000000   0.032087
       48.1794 0   0.000007   0.000007   0.371422    0.056540   0.000000  -0.458220   0.000000   0.000000   0.000000   0.000000   0.034758
       47.8462 0   0.003510   0.003510   0.372820    0.044831   0.000000  -0.476711   0.000000   0.000000  -0.000000   0.000000   0.031406
       48.5479 0   0.003593   0.003593   0.362310    0.058483   0.000000  -0.481023   0.000000   0.000000   0.000000   0.000000   0.030951
       48.3369 0   0.000581   0.000581   0.343731    0.050226   0.000000  -0.472651   0.000000  -0.000000  -0.000281   0.000000   0.026365
       47.9389 0   0.001893   0.001893   0.349072    0.066211   0.000000  -0.461814   0.000000   0.000000   0.000000   0.000000   0.031284
       48.2353 0   0.000047   0.000047   0.359799    0.050394   0.000000  -0.479021   0.000000   0.000000   0.000000   0.000000   0.027677
       48.2939 0   0.000282   0.000282   0.331169    0.040691   0.000000  -0.399287   0.000000   0.000000   0.000000   0.000000   0.025943
       48.3661 0   0.000845   0.000845   0.301343    0.055006   0.003290  -0.432882   0.000000   0.000000  -0.001063   0.000000   0.037084
       48.3395 0   0.000602   0.000602   0.332280    0.082590   0.000000  -0.470978   0.000000   0.000000   0.000000   0.000000   0.026071
       48.3061 0   0.000356   0.000356   0.330531    0.043993   0.003249  -0.503129   0.000042   0.000000   0.000000   0.000000   0.031877
       48.5285 0   0.003209   0.003209   0.324685    0.048802   0.000000  -0.459374   0.000000   0.000000   0.000000   0.000000   0.030023
       48.1764 0   0.000010   0.000010   0.346328    0.067863   0.000000  -0.547402   0.000000   0.000000   0.000000   0.000000   0.028424
       48.1359 0   0.000101   0.000101   0.320378    0.056699   0.000000  -0.574516   0.000435   0.000000  -0.000124   0.000000   0.035246
       48.3470 0   0.000666   0.000666   0.353190    0.051458   0.000000  -0.593823   0.000000   0.000000   0.000000   0.000000   0.031721
       48.0107 0   0.000980   0.000980   0.370057    0.042110   0.000000  -0.643465   0.000000   0.000000   0.000000   0.000000   0.033388
       47.9511 0   0.001716   0.001716   0.322349    0.042487   0.000000  -0.596189   0.000949   0.000000   0.000000   0.000000   0.029094
       48.1794 0   0.000007   0.000007   0.282418    0.049123   0.000000  -0.541070   0.000000   0.000000   0.000000   0.000000   0.026205
       48.1565 0   0.000043   0.000043   0.340973    0.048587   0.000000  -0.641269   0.000000   0.000000   0.000000   0.000000   0.029538
       47.7796 0   0.004979   0.004979   0.349043    0.060438   0.000000  -0.654838   0.000000   0.000000  -0.000003   0.000000   0.028058
       48.4536 0   0.001929   0.001929   0.324062    0.059441   0.000000  -0.611139   0.000000   0.000000   0.000000   0.000000   0.028240
       48.3125 0   0.000398   0.000398   0.407015    0.058678   0.000374  -0.680527   0.000000   0.000000   0.000000   0.000000   0.028803
       47.9869 0   0.001249   0.001249   0.385924    0.041195   0.000000  -0.625486   0.000000   0.000000   0.000000   0.000000   0.028449
       48.5188 0   0.003024   0.003024   0.363765    0.071227   0.000000  -0.670932   0.000000   0.000000  -0.000088   0.000000   0.029494
       48.1977 0   0.000000   0.000000   0.333120    0.055642   0.000000  -0.614169   0.000000   0.000000   0.000000   0.000000   0.031847
       48.0536 0   0.000577   0.000577   0.377947    0.054372   0.000000  -0.644513   0.000000   0.000000   0.000000   0.000000   0.028479
       47.9796 0   0.001338   0.001338   0.324864    0.041090   0.000000  -0.615039   0.000091   0.000000   0.000000   0.000000   0.032624
       47.9626 0   0.001558   0.001558   0.346285    0.051066   0.000000  -0.690858   0.000000   0.000000   0.000000   0.000000   0.029108
       48.3155 0   0.000419   0.000419   0.278040    0.061820   0.000000  -0.700936   0.000000   0.000000   0.000000   0.000000   0.030800
       47.8281 0   0.003884   0.003884   0.324139    0.045213   0.000000  -0.734452   0.000000   0.000000   0.000000   0.000000   0.027756
       47.7263 0   0.006337   0.006337   0.330383    0.043627   0.000000  -0.737971   0.000000   0.000000   0.000000   0.000000   0.039187
       48.3871 0   0.001064   0.001064   0.360178    0.033444   0.000000  -0.773215   0.000000   0.000000   0.000000   0.000000   0.030202
       48.3176 0   0.000434   0.000434   0.346382    0.049755   0.000000  -0.711306   0.000000   0.000000   0.000000   0.000000   0.038160
       48.0663 0   0.000478   0.000478   0.328485    0.047014   0.000000  -0.729441   0.000000   0.000000  -0.001463   0.000000   0.031520
       48.1547 0   0.000047   0.000047   0.296368    0.061835   0.000000  -0.710276   0.000000   0.000000   0.000000   0.000000   0.025226
       47.9251 0   0.002102   0.002102   0.317959    0.057087   0.000000  -0.692641   0.000000   0.000000   0.000000   0.000000   0.023514
       48.2958 0   0.000293   0.000293   0.311732    0.046949   0.000000  -0.665697   0.000000   0.000000   0.000000   0.000000   0.026222
       47.9829 0   0.001297   0.001297   0.373023    0.058175   0.000000  -0.657555   0.000000   0.000000   0.000000   0.000000   0.027737
       48.3375 0   0.000586   0.000586   0.334451    0.040408   0.000000  -0.650492   0.000000   0.000000   0.000000   0.000000   0.031198
       48.1336 0   0.000109   0.000109   0.341930    0.046668   0.000000  -0.731363   0.000000   0.000000   0.000000   0.000000   0.026571
       48.2789 0   0.000203   0.000203   0.342549    0.047653   0.000000  -0.696677   0.000000   0.000000   0.000000   0.000000   0.026214
       47.9988 0   0.001110   0.001110   0.314044    0.059636   0.000000  -0.683367   0.000000  -0.000141   0.000000   0.000000   0.031228
       48.2476 0   0.000080   0.000080   0.377564    0.051694   0.001449  -0.800795   0.000000   0.000000   0.000000   0.000000   0.028884
       48.0937 0   0.000296   0.000296   0.333056    0.048259   0.000000  -0.775724   0.000000   0.000000   0.000000   0.000000   0.032859
       48.4287 0   0.001575   0.001575   0.314837    0.076219   0.000000  -0.782918   0.000000   0.000000   0.000000   0.000000   0.027010
       47.9246 0   0.002109   0.002109   0.374139    0.056152   0.000597  -0.808931   0.000000   0.000000   0.000000   0.000000   0.032674
       48.2526 0   0.000096   0.000096   0.297180    0.065198   0.000000  -0.706069   0.000000   0.000000  -0.000000   0.000000   0.033651
       48.1187 0   0.000168   0.000168   0.316062    0.049872   0.000000  -0.676029   0.000000   0.000000   0.000000   0.000000   0.034624
       48.1892 0   0.000001   0.000001   0.286960    0.049309   0.000000  -0.673301   0.000000   0.000000   0.000000   0.000000   0.027637
       48.2973 0   0.000302   0.000302   0.316631    0.066829   0.000000  -0.716244   0.000000   0.000000   0.000000   0.000000   0.029839
       47.9584 0   0.001615   0.001615   0.331331    0.035786   0.000000  -0.705288   0.000000   0.000000   0.000000   0.000000   0.028924
       48.0713 0   0.000442   0.000442   0.313563    0.046577   0.000000  -0.701634   0.000000   0.000000   0.000000  -0.000004   0.028078
       47.9920 0   0.001189   0.001189   0.267302    0.055944   0.001118  -0.644311   0.000000   0.000000  -0.000401   0.000000   0.026058
       48.2746 0   0.000183   0.000183   0.286888    0.039463   0.000000  -0.688249   0.000000   0.000000   0.000000   0.000000   0.032616
       48.2987 0   0.000310   0.000310   0.339578    0.044634   0.000000  -0.733910   0.000003   0.000000  -0.000081   0.000000   0.029042
       48.2669 0   0.000149   0.000149   0.314285    0.052752   0.000000  -0.695627   0.000000   0.000000  -0.000076   0.000000   0.029131
       48.3173 0   0.000431   0.000431   0.344989    0.037334   0.000000  -0.714620   0.000000   0.000000   0.000000   0.000000   0.025854
       48.2042 0   0.000002   0.000002   0.353260    0.060152   0.000000  -0.739222   0.000000   0.000000   0.000000   0.000000   0.028516
       48.2504 0   0.000089   0.000089   0.323944    0.061216   0.000000  -0.721590   0.008845   0.000000   0.000000   0.000000   0.028337
       48.1678 0   0.000021   0.000021   0.353390    0.045308   0.000000  -0.692894   0.000000   0.000000   0.000000   0.000000   0.026074
       48.2057 0   0.000003   0.000003   0.312868    0.050007   0.000000  -0.675180   0.000000   0.000000   0.000000   0.000000   0.029945
       48.5001 0   0.002685   0.002685   0.332998    0.040632   0.000000  -0.652242   0.000000   0.000000   0.000000   0.000000   0.038359
       48.1490 0   0.000061   0.000061   0.380655    0.038782   0.000000  -0.678817   0.000000   0.000000   0.000000   0.000000   0.029908
       48.2073 0   0.000004   0.000004   0.309552    0.048822   0.000000  -0.634168   0.000000   0.000000   0.000000   0.000000   0.029322
       48.5311 0   0.003258   0.003258   0.280413    0.044265   0.000000  -0.632630   0.000000   0.000000  -0.000166   0.000000   0.029008
       48.1503 0   0.000058   0.000058   0.304315    0.047222   0.000000  -0.648415   0.000000   0.000000   0.000000   0.000000   0.027965
       47.9561 0   0.001646   0.001646   0.335172    0.049981   0.008806  -0.723536   0.000000   0.000000   0.000000   0.000000   0.027616
       48.3139 0   0.000408   0.000408   0.336002    0.045069   0.000000  -0.710417   0.000000   0.000000   0.000000   0.000000   0.036917
       48.3180 0   0.000437   0.000437   0.296278    0.051824   0.000000  -0.692190   0.000000   0.000000   0.000000   0.000000   0.031007
       48.2341 0   0.000044   0.000044   0.318140    0.068587   0.000000  -0.717285   0.000113   0.000000   0.000000   0.000000   0.029030
       47.9054 0   0.002419   0.002419   0.388638    0.035840   0.000000  -0.724915   0.000000   0.000000   0.000000   0.000000   0.031057
       48.1139 0   0.000190   0.000190   0.308565    0.070745   0.000127  -0.710347   0.000000   0.000000   0.000000   0.000000   0.025245
       48.3867 0   0.001060   0.001060   0.330463    0.035468   0.000000  -0.687235   0.000000   0.000000   0.000000  -0.013367   0.029985
       48.2243 0   0.000025   0.000025   0.354837    0.041399   0.000000  -0.740346   0.000000   0.000000   0.000000   0.000000   0.031042
       48.3099 0   0.000381   0.000381   0.344942    0.036314   0.000249  -0.735359   0.000000   0.000000  -0.000338   0.000000   0.028549
       48.4250 0   0.001526   0.001526   0.347486    0.049396   0.000000  -0.706408   0.000000   0.000000  -0.000000   0.000000   0.026173
       48.0242 0   0.000842   0.000842   0.353324    0.046230   0.000000  -0.659491   0.000000   0.000000  -0.000001  -0.011889   0.028082
       48.2236 0   0.000024   0.000024   0.311008    0.035461   0.000000  -0.663103   0.000000   0.000000   0.000000   0.000000   0.029142
       48.3823 0   0.001012   0.001012   0.282850    0.063080   0.000000  -0.668644   0.002522   0.000000   0.000000   0.000000   0.031550
       48.1435 0   0.000076   0.000076   0.339801    0.049701   0.000000  -0.691325   0.000000   0.000000  -0.000003   0.000000   0.037696
       48.0290 0   0.000795   0.000795   0.326364    0.051532   0.000000  -0.677482   0.000000   0.000000   0.000000   0.000000   0.028655
       48.1533 0   0.000050   0.000050   0.301709    0.051730   0.000000  -0.699262   0.000000   0.000000   0.000000   0.000000   0.033538
       48.5852 0   0.004393   0.004393   0.291071    0.046582   0.000767  -0.635433   0.000000   0.000000   0.000000   0.000000   0.029305
       48.4038 0   0.001258   0.001258   0.319094    0.064687   0.000000  -0.701888   0.000000  -0.000000  -0.000000   0.000000   0.036423
       48.1269 0   0.000134   0.000134   0.312334    0.047135   0.000000  -0.723154   0.000000   0.000000   0.000000   0.000000   0.027053
       47.8756 0   0.002943   0.002943   0.326380    0.055060   0.000025  -0.697910   0.000000   0.000000   0.000000   0.000000   0.028441
       48.1698 0   0.000018   0.000018   0.285774    0.047577   0.000000  -0.631596   0.000000   0.000000   0.000000   0.000000   0.026292
       48.2179 0   0.000015   0.000015   0.326935    0.053477   0.000000  -0.679982   0.000000   0.000000   0.000000   0.000000   0.031590
       47.9904 0   0.001207   0.001207   0.282774    0.051590   0.000000  -0.590797   0.000000   0.000000   0.000000   0.000000   0.033644
       48.3732 0   0.000916   0.000916   0.299132    0.046034   0.000000  -0.615877   0.000000   0.000000   0.000000   0.000000   0.025538
       48.3060 0   0.000356   0.000356   0.295641    0.044366   0.000000  -0.641967   0.000000   0.000000   0.000000   0.000000   0.024828
       48.1195 0   0.000164   0.000164   0.333560    0.056652   0.000000  -0.631059   0.000000   0.000000   0.000000   0.000000   0.026787
       48.1858 0   0.000002   0.000002   0.312163    0.048474   0.000000  -0.670479   0.000000   0.000000   0.000000   0.000000   0.028518
       48.1953 0   0.000000   0.000000   0.303778    0.027967   0.000000  -0.684406   0.000000   0.000000   0.000000   0.000000   0.028727
       48.2793 0   0.000205   0.000205   0.305039    0.049047   0.000000  -0.694873   0.000000   0.000000   0.000000   0.000000   0.028445
       48.2005 0   0.000001   0.000001   0.322705    0.046978   0.000000  -0.645554   0.000000   0.000000   0.000000   0.000000   0.031370
       48.3896 0   0.001092   0.001092   0.321423    0.043179   0.000000  -0.701185   0.000000   0.000000   0.000000  -0.006061   0.029944
       47.9176 0   0.002220   0.002220   0.313887    0.039998   0.000000  -0.691619   0.000000   0.000000   0.000000   0.000000   0.023536
       48.2038 0   0.000002   0.000002   0.323385    0.037942   0.000000  -0.739507   0.000000  -0.012560  -0.000183   0.000000   0.030153
       48.1484 0   0.000063   0.000063   0.316896    0.056804   0.000000  -0.732021   0.000000  -0.019409  -0.006131   0.000000   0.029240
       47.8452 0   0.003529   0.003529   0.330711    0.048998   0.000000  -0.762458   0.000000  -0.012286  -0.000975   0.000000   0.028093
       48.4707 0   0.002193   0.002193   0.328592    0.061772   0.000000  -0.736880   0.000000  -0.012310  -0.002971   0.000000   0.030382
       48.5492 0   0.003619   0.003619   0.374282    0.048881   0.000000  -0.759396   0.000000  -0.000084  -0.000001   0.000000   0.033845
       47.8501 0   0.003430   0.003430   0.315008    0.035610   0.000000  -0.678356   0.000000   0.000000   0.000000   0.000000   0.033646
       48.1339 0   0.000108   0.000108   0.346566    0.045492   0.000000  -0.696455   0.000000   0.000000   0.000000   0.000000   0.031523
       48.2302 0   0.000036   0.000036   0.360563    0.037364   0.000208  -0.718938   0.000000   0.000000   0.000000   0.000000   0.027885
       48.2829 0   0.000223   0.000223   0.278187    0.036803   0.000000  -0.674176   0.000000   0.000000   0.000000   0.000000   0.028429
       47.8244 0   0.003962   0.003962   0.297953    0.044355   0.000000  -0.634626   0.000023   0.000000   0.000000   0.000000   0.024904
       48.0620 0   0.000510   0.000510   0.370607    0.069515   0.000567  -0.716159   0.000000   0.000000   0.000000   0.000000   0.030077
       48.2524 0   0.000095   0.000095   0.309094    0.041913   0.000000  -0.649124   0.000000   0.000000   0.000000   0.000000   0.033632
       48.1327 0   0.000112   0.000112   0.366236    0.038831   0.000011  -0.705156   0.000000   0.000000   0.000000   0.000000   0.025406
       48.1172 0   0.000174   0.000174   0.303482    0.057666   0.000000  -0.692108   0.000000   0.000000   0.000000   0.000000   0.028965
       48.3596 0   0.000781   0.000781   0.303641    0.053104   0.000000  -0.660279   0.000000   0.000000   0.000000   0.000000   0.030024
       48.5518 0   0.003673   0.003673   0.352316    0.051998   0.000000  -0.724283   0.000000   0.000000   0.000000   0.000000   0.026469
       48.1866 0   0.000002   0.000002   0.356089    0.049906   0.000000  -0.710184   0.000000   0.000000   0.000000   0.000000   0.028225
       47.9114 0   0.002320   0.002320   0.349555    0.050060   0.000043  -0.705746   0.000000   0.000000   0.000000   0.000000   0.029124
       48.3154 0   0.000418   0.000418   0.343571    0.041896   0.000000  -0.673438   0.000000   0.000000   0.000000   0.000000   0.024840
       48.1182 0   0.000170   0.000170   0.333289    0.063837   0.000000  -0.748492   0.000000   0.000000  -0.000001   0.000000   0.030024
       48.0149 0   0.000936   0.000936   0.328507    0.042990   0.000000  -0.727004   0.000000   0.000000   0.000000   0.000000   0.026448
       48.4041 0   0.001261   0.001261   0.315500    0.059935   0.000000  -0.705447   0.000000   0.000000   0.000000   0.000000   0.029167
       48.0241 0   0.000842   0.000842   0.317916    0.080616   0.000000  -0.706775   0.000000   0.000000   0.000000   0.000000   0.027242
       48.1893 0   0.000001   0.000001   0.366779    0.053441   0.000000  -0.719987   0.000000   0.000000  -0.000000   0.000000   0.028474
       48.0895 0   0.000321   0.000321   0.367631    0.056182   0.000000  -0.702400   0.000000   0.000000   0.000000   0.000000   0.028557
       48.2775 0   0.000196   0.000196   0.353381    0.049559   0.000000  -0.652285   0.000000   0.000000   0.000000   0.000000   0.034880
       48.2302 0   0.000036   0.000036   0.358853    0.052307   0.000984  -0.694253   0.000000   0.000000   0.000000   0.000000   0.029282
       48.1681 0   0.000021   0.000021   0.356531    0.061278   0.000000  -0.716220   0.001035   0.000000  -0.000002   0.000000   0.030269
       48.5265 0   0.003169   0.003169   0.341718    0.052534   0.000000  -0.726543   0.000000   0.000000  -0.000026   0.000000   0.029762
       48.1810 0   0.000006   0.000006   0.351966    0.038725   0.000000  -0.622673   0.000000   0.000000   0.000000   0.000000   0.033611
       48.1876 0   0.000002   0.000002   0.347123    0.055138   0.000000  -0.615651   0.000000   0.000000   0.000000   0.000000   0.025692
       47.9322 0   0.001993   0.001993   0.333467    0.065634   0.000000  -0.573533   0.000000   0.000000  -0.000071   0.000000   0.032690
       47.9535 0   0.001682   0.001682   0.358241    0.046615   0.000000  -0.606427   0.000000   0.000000   0.000000   0.000000   0.030236
       48.6266 0   0.005374   0.005374   0.303371    0.044743   0.000612  -0.618360   0.000000   0.000000  -0.000228   0.000000   0.029163
       48.1351 0   0.000103   0.000103   0.386680    0.061351   0.000000  -0.705842   0.000000   0.000000   0.000000   0.000000   0.032102
       48.1326 0   0.000112   0.000112   0.376352    0.041863   0.000000  -0.693025   0.000000   0.000000   0.000000   0.000000   0.026046
       48.2480 0   0.000081   0.000081   0.364811    0.033862   0.000000  -0.687036   0.000000   0.000000   0.000000   0.000000   0.027901
       48.1921 0   0.000000   0.000000   0.285053    0.042640   0.000000  -0.640235   0.000000   0.000000   0.000000   0.000000   0.027475
       48.2402 0   0.000059   0.000059   0.288414    0.053357   0.000000  -0.687431   0.000000   0.000000   0.000000   0.000000   0.031195
       48.0678 0   0.000467   0.000467   0.365629    0.051926   0.000000  -0.742962   0.000000   0.000000  -0.000001  -0.000002   0.031268
       48.1514 0   0.000055   0.000055   0.331186    0.037200   0.000000  -0.755771   0.000000   0.000000   0.000000   0.000000   0.030080
