t = 1000000
b = 105 105 105
E = -0.40604945865077 -0.746268792069741 0.34021933341897
-26.8978969090778 -0.663173983466981 -3.79049728904954 -0.170695274221481 0.589485611567199 -0.789537736345647 -0.161731567797717 -0.80719187961147 -0.567700774587362 0.569878596572363 0.125922529431976 0.196421782152828 0.0282502754661434 -0.1206379139834 0.443505370985497
-27.2429567058346 -0.896357145735868 -4.13954504406228 0.708481881645673 0.478633846487255 -0.518616490652301 0.0790058997951167 -0.784038670108333 -0.61566340769301 0.537168093307503 0.00203352012903616 -0.223129174070487 0.251531981068298 -0.179141830131418 0.0322826605724573
-27.7350158485645 -1.40386459871716 -3.29121629181604 -0.397192199546569 -0.315845293077153 -0.861672854081203 -0.0760794092327368 -0.924348228686703 0.373888052248977 -0.364887257906472 -0.0719398982849897 -0.105258457397767 0.119858592065117 0.206536550695803 0.181789291191296
-27.7460038792397 -0.854350431357429 -2.41704767016971 0.434046326934124 0.758809236133847 0.485605116563767 0.661202642912879 0.0977896739135674 -0.743806590909852 -0.0298644705322357 0.348807617003857 -0.4606245674233 0.225752210356307 -0.459824581764694 0.0436833822122538
-28.77072032742 -1.73985838272031 -2.38153591029764 -0.386887683749703 -0.91342797759324 -0.12636158400757 -0.156032234813809 -0.0702094223352565 0.985253560620037 0.201719228250449 -0.161999683387832 -0.588487438378428 0.319677467909667 -0.599449955420601 -0.391063447395392
-29.1669437533583 -1.79364958882132 -2.08914982161528 0.50719672483366 -0.849125803019291 0.147434232675863 -0.0848137359748781 0.121062630772487 0.989014898583707 -0.416143314878707 -0.104342041553872 -0.332892077892953 -0.411046763560681 -0.138726419021814 0.29504421820038
-29.3820541533 -1.9616110114056 -1.68771172095922 0.94001348860951 -0.306646830312003 0.149473618714892 -0.161434930458531 -0.0138679091340301 0.986785916156044 -0.355150089788166 0.244062737029459 -0.293675852676075 0.108653283575586 0.425111457686393 -0.0096977767241123
-29.4928117427903 -2.26883790693586 -1.38405895871118 0.881335102504963 0.374466859402644 0.288137134541507 -0.262343288439617 -0.119362656590419 0.957563864826989 0.0432423006717524 0.0287490719143863 -0.322035426615867 -0.544979249703026 0.110256694946832 -0.124729389554314
-29.5400360379188 -2.4597579305169 -0.904542949033954 0.40897289817792 0.911882025469712 0.0348186757537998 0.0369744954080961 -0.0546828426492011 0.997818958232918 0.14086210725459 0.120524956304687 -0.24132128278402 0.21966853724988 -0.587958711232284 -0.6203516490053
-29.1875997703016 -3.04246846893885 -0.831155875120332 -0.113994232407231 -0.745005825735917 -0.657245490359098 -0.718697760448792 0.518589578478625 -0.46318287772671 -0.0132733840263623 -0.0524868930302162 0.220352943100584 0.232724968515951 0.213150985862058 -0.364841209254852
-29.9298133422756 -2.16918248797379 0.205804720398272 -0.871328284522194 0.20211999703644 -0.447140388904475 -0.490099478472559 -0.403549267406993 0.772625711438747 -0.0426369468976753 -0.505407476245665 0.193541442508313 0.309909784308845 -0.15685533878418 -0.25795572462723
-30.1784190259617 -2.0488488627929 0.587539703517117 -0.577011515865087 -0.649153559301353 -0.495638342953101 -0.481688317218511 -0.21959598122422 0.8483831505194 0.202268194944454 0.131630346184041 -0.235743916888718 -0.115799702318672 0.116515981522198 -0.0873760335752417
-30.6009994564269 -2.04173519054896 0.880366024213789 -0.207668014155002 -0.813157818327479 -0.543735559247287 -0.641686022181598 -0.306299560859495 0.703149790552546 0.596624693008272 -0.771609822950674 -0.110557273867671 -0.116862038051122 0.0345261603535871 0.348545710329202
-31.1046190190419 -2.03677787411979 0.997196710643179 0.345759886178575 -0.937466409627217 0.0400853081652697 -0.683017485304145 -0.222161421092365 0.695795528691563 -0.11903509704521 0.29704983249354 0.259146902904187 -0.550602038558035 0.413782154985264 -0.315053237119215
-31.4490286008116 -2.45907975624362 1.07930884721395 0.759218330961721 -0.29657561538138 0.579336197982367 -0.649514475342159 -0.288564389227797 0.70346395756323 0.21508247612486 -0.518414322614312 0.455603871118463 0.0962205510063241 0.51730788507292 0.336207585458646
-31.6296976032839 -2.84256424241311 1.3625262627119 0.484514897002527 0.627677068416222 0.609316676586916 -0.617754649956554 -0.247664663603197 0.746352066292678 -0.023457446071618 0.435264964934368 0.448990383706776 -0.152698256118762 0.0566141607878646 -0.104632000884685
-31.7826424861014 -2.96561198102607 1.95239095207135 -0.037704949407034 0.996663982606162 0.0723826123170785 -0.789005811281553 -0.0741426056006019 0.609895649925965 -0.19216953708601 0.0985457588261288 0.153664547604502 0.386351873594782 -0.0748586292422963 0.363857664442396
-32.4574168474296 -4.16646075289134 1.72263954676641 0.863881455958517 -0.495324280606962 -0.0914477287424971 0.358096564252919 0.476281919588702 0.80307059698577 0.544058975862093 -0.295963392770127 -0.0873018963311681 -0.292186874448129 0.21814492424353 0.00107271007656958
-33.2394411557117 -4.10016942643621 2.47200094190818 -0.232282783618365 -0.171665546662649 0.957379573901337 0.325229974088225 0.91393718938173 0.242784426641503 0.695080549516674 -0.188668191908562 0.0807625737218825 -0.171306877502194 -0.0554399604271625 0.0138996711147817
-33.1524537806025 -3.62562832787975 2.64279720159065 0.0267302577955817 -0.455274175860655 0.889949952588813 0.227999652366753 0.869579134737085 0.438004893751709 0.566158938045691 -0.081715784143893 -0.167395480813661 -0.0821398994031272 0.379368288383834 -0.356477679733935
-33.2923456357153 -3.27769092886169 3.0398397873724 0.602489571925277 -0.564573756491551 0.564147843390659 0.0821294904560948 0.74694324638038 0.659795827119428 0.602584033971173 0.0130527601774064 0.180096540655725 -0.448267753467212 0.46747463586625 0.245845177902959
-33.2310580098539 -2.9473092041305 3.55080523161897 0.860233355444533 -0.498036055246802 -0.109355666770993 0.445679281259463 0.630198888627689 0.635782462032942 -0.0943398992121771 0.165632075048296 -0.102838261953922 -0.619156041292925 0.542323596180783 0.717232832492236
-33.0241342470931 -2.87273565225853 4.04645713056599 0.822207580259851 0.0022169298397191 -0.569183432809936 0.502226486714432 0.467752400024321 0.727307533519354 -0.191336785976897 -0.335949731011843 0.00776943422612684 -0.176071625217206 -0.290662870452362 0.034469632176293
-32.5128698001325 -2.80039136993002 4.42320362473086 0.45423703072625 0.273280218501132 -0.847930800297415 0.692144290041259 0.49098932800756 0.529023403590018 -0.0189611989405763 -0.665090215771137 -0.268832041561836 0.0991694028722016 -0.515915896953405 0.613591536996143
-31.9711257076355 -2.82230479957002 4.52886952836582 -0.136538142545664 0.78173371462584 -0.608481499346856 0.630478929930306 0.542348559750799 0.55529664022953 0.00969949062261881 0.172683664634541 0.0506085033938177 0.733741495777119 -0.308074833719608 0.43314459055008
-31.5516720793369 -2.47382444874317 4.64676907521275 -0.772779549542623 0.631771728021736 -0.0606320994281571 0.485218934467453 0.649681037310717 0.585215460657931 0.235981765380658 0.162529529453435 -0.567374167519969 -0.161258186905384 0.0629714522955713 0.0361158152850957
-32.058054081808 -1.77489689519755 4.07057631317772 0.82532969319599 -0.554855383697931 0.104720583985968 -0.411251639320601 -0.717765890916038 -0.561857824537202 0.148440904848809 -0.472616793692048 -0.0951883316851861 0.274376303501377 -0.637811814041503 0.193132322648574
-32.0003201915227 -1.9803497288691 3.6394880977089 0.0339348302891404 -0.69400869188754 0.71916643614519 -0.46671478217054 -0.64730513918043 -0.602638671920533 -0.271026248024887 0.500914960517702 -0.0326479681642955 0.61547529216498 -0.207415491170925 0.343159510634682
-32.0457779787946 -2.46875232041258 3.42762755768684 -0.360551061316716 -0.209228445007256 0.908969960990442 -0.424313538186788 -0.831050790131102 -0.359600619484904 0.138763519460328 0.343070023608519 0.307232659725855 -0.13500147595066 -0.335519990312922 0.0237896524048348
-31.9961678761538 -2.93999126230794 3.35161605655353 -0.873183765892745 0.0656768553404213 0.482945816478398 -0.289838150055704 -0.866606318219473 -0.406186331619206 -0.251791014346682 0.566942961126488 -0.371081868336188 -0.16379334340291 -0.567831510414922 0.386281724076152
-32.1751385603652 -3.48695901970335 3.49937635647137 -0.927939434423492 0.371634948073023 -0.0285634628968076 -0.351228668380065 -0.897488492336345 -0.26674487554897 -0.505390932515151 -0.00865297308127254 -0.196261904636905 -0.128688082909233 0.261012250210247 0.744282997657391
-32.5259813505672 -3.89944760682772 3.66321088194335 -0.563203469889786 0.528785020217109 -0.634971065402201 -0.43388511651706 -0.843221934155803 -0.317364893180577 -0.300145662141527 -0.231237997385125 0.145533520600746 -0.355552422123097 0.714685064944908 0.0734288026338588
-32.9801872103002 -4.15008802619887 3.6857354220681 -0.225573765217723 0.439842211451376 -0.869284363986284 -0.629498787616102 -0.74680219256655 -0.214517508767235 0.269813372444713 -0.0302794039119779 -0.159934432992222 0.168588262610563 0.15350015506908 0.182412489227904
-33.4476400854963 -4.35699716574824 3.64795690309031 0.187359871311869 0.208007062497037 -0.960015281427031 -0.582809803153771 -0.763174659351754 -0.279100649714521 0.12544479596722 0.104255263889443 -0.038475946678688 -0.603174924695214 0.033403510208026 0.157288309641052
-33.884872263815 -4.49649051781436 3.45459129141851 0.686189503605837 -0.263149065938976 -0.678156718050151 -0.635876917363867 -0.669756148450649 -0.383519553056166 0.309145176281722 -0.0842669911131596 0.90465656459884 0.479221876163493 -0.693294337798457 0.460583918093621
-34.5353131158187 -5.2557903562064 4.06075501084472 0.708490179800597 -0.330832075586593 -0.623371320233181 0.672932105282668 0.0505839647611498 0.737972658158081 -0.059947940739776 -0.0161485060717386 -0.276182730396459 0.744849101310914 0.000343601299481521 0.449467910283916
-35.4879800878702 -4.70320879248301 5.00875780347143 -0.582999073265148 0.359432835695107 -0.728642653977971 -0.376604892133851 -0.91420776895486 -0.149642608916198 -0.0400513690590361 0.0110296186395223 0.143593922787699 0.242502312480831 -0.902595893338856 0.117427732589586
-35.9862724373126 -4.85583128379768 5.06794236297383 0.170719812467319 -0.11854318221755 -0.978162695864414 -0.511644198396451 -0.859069731389281 0.0148125236901938 0.182822309046403 0.0963748162733331 0.72797702817005 0.149168576453512 0.180456214430169 0.643791799847459
-36.1660570734695 -5.68735836898126 6.24859388777546 0.620382640405245 -0.639289965756108 0.454349776237798 -0.413435475219682 0.225718238743562 0.882112455715472 0.403944767570218 0.167427075181971 0.406595541885565 -0.291194592415736 0.718622800159751 -0.25319874282511
-36.7771735141543 -5.22890388142309 5.72283638452985 0.339816714006671 -0.825438429006726 -0.450750486190221 -0.920030440152137 -0.391185503652496 0.0227572169986063 -0.66108565242349 0.0114955650102193 0.0929130634176014 0.251591002468514 0.45381420139927 -0.138432715393436
-37.5263722824314 -5.01600021465117 6.04571922168689 0.580281576223097 -0.275113787234604 -0.766541385946851 0.273902211783587 -0.820463447579609 0.50181401890107 -0.416235434606977 -0.12251987928505 -0.111729604396219 -0.411802325724198 0.356645347736721 0.154522953842707
-38.3637229460702 -4.93907791410573 7.09032243637111 -0.777676575422283 0.580274762885714 -0.241868442747987 -0.571698244666768 -0.812804021712591 -0.111851416319437 0.210466908638307 0.224722999451102 -0.500295014503026 -0.108795752443531 0.0666426325798654 -0.300558682379541
-38.7781806596985 -5.09755804973766 7.23190704594631 -0.306528821602435 0.253935903284486 -0.917363961876753 -0.675751483949201 -0.736805888532541 0.0218406630888296 -0.022550962615807 -0.330910445265374 -0.126588074456583 -0.227282308813935 -0.32103860099895 -0.0326792070997727
-39.2384789924743 -5.21049042730589 7.19742327579379 0.435853704537783 -0.330168573011533 -0.837269527473784 -0.501560452357598 -0.861540571255531 0.0786444957478684 -0.24693298961111 0.208794526307977 -0.102978136921102 0.330357293535343 -0.673082888138339 -0.315197704028478
-39.9222082181824 -5.07647142509361 8.62887383648869 -0.556229342816154 -0.649255168976527 0.518725981369227 0.783474354307545 -0.201572749086356 0.587823411381477 -0.22469965543424 -0.154974899330158 0.150922392092002 0.412292667442066 0.105417750434416 0.154295741862262
-39.4511149534699 -5.61285520786716 9.21647277677765 -0.202952971979931 0.490991691651205 0.847193749914462 -0.978733430939485 -0.128093068534699 -0.160228077922449 -0.0283590467057321 0.533610693736433 -0.186883311818055 0.0426507517896914 -0.267346640256256 0.162099619485978
-39.9141125280627 -5.82733350396171 9.26940880738889 -0.0697882566329608 0.987333440968953 0.14248605398607 -0.955137990369442 -0.0249239839404296 -0.295110512143515 -0.725503805018113 -0.187246337137393 -0.192688152852741 0.115046802200409 -0.188869112409543 0.676508589978112
-40.3862772525631 -5.79157380554055 9.35121782719115 0.192928135615807 0.582159029725724 -0.78985416286589 -0.83122532387448 -0.3307715604819 -0.44682729966529 -0.244363430159827 -0.403694790374984 -0.226148906886172 0.330903130225127 -0.0412903324393693 0.140314275218199
-41.1716008060592 -6.99237629597019 9.68018101885629 0.260717290587183 -0.962008473608008 0.0810320374624577 -0.394883537525088 -0.0296724457689499 0.91825189232241 0.0975477601802126 0.31524189260096 0.264267435948393 -0.19860265881899 0.159267751267376 -0.0359209953504475
-41.1255131565202 -7.01499088253988 10.1388411790853 -0.711151313286456 0.410518049044287 -0.570735263515366 -0.104502234951545 -0.864518131563644 -0.491617415362647 0.148145696864859 -0.369764805031421 0.260584841907237 0.331403170968624 0.460735677153795 -0.00723634528356177
-40.2591816740611 -7.58820616615113 10.122375410355 0.0985714763492973 0.247133561469039 -0.96395470165665 0.639303177380893 -0.758061399032441 -0.128974271417694 0.665568996648409 -0.392896521042381 0.715084290039537 -0.141453169234332 -0.0259958187225002 0.804814067441806
-40.5608745848834 -6.75612275956104 11.3494248628631 -0.948975985096447 -0.0691360986616811 0.307676420240434 0.241414245469503 -0.786999475027872 0.567759622014649 -0.0226555190301548 -0.0724629993832902 0.104711386144523 -0.297158809084987 -0.364754899571984 0.56520491571789
