0.999999238518982 
0.9999991346544935 
0.999998520366482 
0.9999961188686218 
0.999986679313706 
0.9999938319440755 
0.9999946457765101 
0.9999967063014981 
0.9999890810962178 
0.9230722978237828 
0.9230705261047288 
0.9230532968577094 
0.9230744589250837 
0.9230698393718934 
0.4230753217015284 
0.3076294046770851 
0.2692295381893109 
0.2687914068345064 
0.3461432666375441 
0.3076912304044323 
0.34191643792040727 
0.23063932151868086 
0.23075628571973805 
0.19230759185027294 
0.19230666775262695 
0.19229799126289496 
0.11538458500996625 
0.11538378966488579 
0.15384594843119798 
0.15384611008147317 
0.1538423459990392 
0.1538457335326352 
0.11538116809597139 
0.1153767670324505 
0.11538441520725472 
0.11537328108371346 
0.11192588537130388 
4.66310248918775e-208 
2.6397381029585898e-238 
4.64403342648528e-252 
0.0 
0.0 
0.0 
0.0 
0.0 
0.0 
0.0 
0.0 
0.0 
0.0 
0.0 
0.0 
0.0 
0.0 
0.0 
0.0 
0.0 
0.0 
0.0 
0.0 
0.0 
0.0 
0.0 
0.0 
0.0 
0.0 
0.0 
0.0 
0.0 
0.0 
0.0 
0.0 
0.0 
0.0 
0.0 
0.0 
0.0 
0.0 
0.0 
0.0 
0.0 
0.0 
0.0 
0.0 
0.0 
0.0 
0.0 
0.0 
0.0 
0.0 
0.0 
0.0 
0.0 
0.0 
0.0 
0.0 
0.0 
0.0 
0.0 
0.0 
0.0 
