        0.1434 26   0.002227   0.002227   0.317843    0.011449   0.000000  -1.051915   0.000000  -0.455232  -0.172689   0.000000   0.061308
        0.1216 25   0.012765   0.012765   0.245172    0.041164   0.000000  -1.130537   0.000000  -0.313764  -0.119194   0.000000   0.058582
        0.2404 26   0.023989   0.023989   0.316491    0.037393   0.000000  -1.143509   0.000000  -0.345272  -0.123031   0.000000   0.058085
        0.2610 26   0.045573   0.045573   0.272769    0.050484   0.000000  -1.124390   0.000000  -0.340784  -0.110255   0.000000   0.057147
        0.3089 25   0.071512   0.071512   0.276588    0.036307   0.000000  -1.120724   0.000000  -0.339709  -0.117676   0.000000   0.055560
        0.2350 25   0.117001   0.117001   0.289015    0.041252   0.000000  -1.113296   0.000000  -0.294888  -0.113777   0.000000   0.058584
        0.3201 26   0.151857   0.151857   0.282495    0.037616   0.000000  -1.094246   0.000000  -0.321357  -0.110646   0.000000   0.056072
        0.2695 26   0.211942   0.211942   0.315048    0.065714   0.000000  -1.100100   0.000000  -0.330381  -0.130356   0.000000   0.056091
        0.2850 25   0.270212   0.270212   0.324715    0.056060   0.000000  -1.120554   0.000000  -0.305513  -0.108931   0.000000   0.058692
        0.3451 26   0.326827   0.326827   0.310300    0.043653   0.000000  -1.049290   0.001061  -0.297850  -0.101943   0.000000   0.055624
        0.4465 23   0.380141   0.380141   0.333366    0.075270   0.000000  -1.075781   0.000000  -0.275777  -0.098263   0.000000   0.054706
        0.4151 25   0.467809   0.467809   0.314294    0.065349   0.000000  -1.047154   0.000000  -0.275165  -0.093893   0.000000   0.058048
        0.4225 26   0.554719   0.554719   0.335192    0.037390   0.000000  -1.058817   0.000000  -0.315938  -0.096499   0.000000   0.059199
        0.3845 24   0.661514   0.661514   0.326537    0.041575   0.000000  -1.083016   0.000000  -0.296759  -0.112240   0.000000   0.056747
        0.3904 24   0.764589   0.764589   0.325103    0.050849   0.000000  -1.099526   0.000000  -0.303708  -0.106568   0.000000   0.055494
        0.4544 26   0.856803   0.856803   0.301463    0.061045   0.000000  -1.074154   0.000000  -0.286142  -0.090632   0.000000   0.056685
        0.4814 24   0.966545   0.966545   0.345589    0.050744   0.000000  -1.063686   0.000000  -0.299064  -0.099500   0.000000   0.055911
        0.5072 25   1.083314   1.083314   0.340306    0.047291   0.000000  -1.041251   0.000000  -0.285254  -0.085158   0.000000   0.056493
        3.6133 16   0.331052   0.331052   0.647623    0.084697   0.000020  -0.700037   0.000000  -0.179463  -0.057672   0.000000   0.048857
        7.4430 7   0.000169   0.000169   0.448474    0.061110   0.000000  -0.427458   0.000000  -0.076676  -0.020776   0.000000   0.035338
        7.6579 6   0.000158   0.000158   0.340209    0.072698   0.000614  -0.368987   0.000000  -0.063331  -0.025616   0.000000   0.036797
        8.0611 6   0.000038   0.000038   0.424281    0.066571   0.000000  -0.406600   0.000000  -0.074290  -0.027636   0.000000   0.036670
        8.1593 7   0.002662   0.002662   0.417937    0.058475   0.000000  -0.413118   0.000000  -0.092199  -0.028115   0.000000   0.034034
        8.8188 6   0.000003   0.000003   0.395277    0.051766   0.000000  -0.400065   0.000000  -0.079264  -0.031238   0.000000   0.034374
        8.7803 6   0.004942   0.004942   0.343511    0.071475   0.000000  -0.362733   0.000107  -0.075016  -0.018837   0.000000   0.037857
        9.3930 7   0.000802   0.000802   0.416316    0.046901   0.000000  -0.398307   0.001229  -0.090054  -0.028157   0.000000   0.029977
       10.1966 6   0.002124   0.002124   0.369029    0.039981   0.000000  -0.376992   0.000000  -0.064070  -0.025419   0.000000   0.029029
        9.9751 6   0.002875   0.002875   0.393295    0.036835   0.000000  -0.415503   0.000000  -0.079526  -0.028155   0.000000   0.031713
       10.6266 6   0.000025   0.000025   0.361474    0.069905   0.001403  -0.448252   0.000000  -0.068563  -0.023327   0.000000   0.027973
       10.3761 6   0.012029   0.012029   0.369465    0.064025   0.000000  -0.454396   0.000000  -0.069438  -0.026114   0.000000   0.029801
       10.9683 6   0.005067   0.005067   0.354236    0.049519   0.000000  -0.402493   0.000000  -0.075263  -0.020683   0.000000   0.026608
       11.1126 5   0.011828   0.011828   0.336347    0.054423   0.000000  -0.478317   0.000000  -0.058766  -0.024999   0.000000   0.026223
       11.7906 6   0.003102   0.003102   0.353243    0.060712   0.000065  -0.457955   0.000000  -0.087106  -0.024606   0.000000   0.025947
       12.0905 6   0.004468   0.004468   0.325511    0.054825   0.000000  -0.459955   0.000000  -0.071180  -0.022156   0.000000   0.023837
       11.8455 6   0.029083   0.029083   0.356941    0.065589   0.000000  -0.499053   0.000000  -0.071440  -0.024826   0.000000   0.025090
       12.7172 5   0.007152   0.007152   0.332483    0.065311   0.000000  -0.493391   0.000000  -0.056928  -0.013562   0.000000   0.024428
       12.9552 5   0.011285   0.011285   0.338469    0.065223   0.000000  -0.527817   0.000085  -0.050825  -0.017982   0.000000   0.024744
       13.3565 5   0.010030   0.010030   0.335055    0.069142   0.000000  -0.495214   0.000000  -0.064162  -0.021977   0.000000   0.020992
       13.8972 5   0.004956   0.004956   0.305163    0.067620   0.000000  -0.459071   0.000000  -0.055430  -0.016856   0.000000   0.022345
       13.8542 5   0.019540   0.019540   0.324441    0.068301   0.000000  -0.471255   0.000000  -0.054135  -0.017439   0.000000   0.020809
       14.1080 5   0.025204   0.025204   0.341410    0.095753   0.000000  -0.443787   0.000000  -0.053660  -0.016305   0.000000   0.021670
       14.8640 4   0.008546   0.008546   0.389187    0.064480   0.000000  -0.471246   0.000000  -0.039076  -0.007267   0.000000   0.022170
       15.8029 1   0.000024   0.000024   0.319643    0.063292   0.000000  -0.374372   0.000000  -0.014466  -0.000382   0.000000   0.020768
       15.8291 0   0.002777   0.002777   0.363934    0.052681   0.000000  -0.425179   0.000000   0.000000  -0.000137   0.000000   0.032658
       16.1811 0   0.003026   0.003026   0.296494    0.054293   0.000000  -0.390673   0.000311   0.000000   0.000000   0.000000   0.028358
       17.0404 0   0.000833   0.000833   0.336493    0.040835   0.000000  -0.433618   0.000000   0.000000   0.000000   0.000000   0.035192
       17.3296 0   0.000253   0.000253   0.343516    0.059844   0.000000  -0.466595   0.000000   0.000000   0.000000   0.000000   0.030019
       17.5556 0   0.000061   0.000061   0.328632    0.055641   0.000000  -0.451212   0.000000   0.000000   0.000000   0.000000   0.028461
       17.6935 0   0.002159   0.002159   0.359725    0.057784   0.000000  -0.490520   0.000000   0.000000   0.000000   0.000000   0.037026
       18.1360 0   0.001115   0.001115   0.356084    0.055587   0.000000  -0.450571   0.000000   0.000000   0.000000   0.000000   0.039242
       18.7339 0   0.000037   0.000037   0.355657    0.073792   0.000000  -0.421039   0.000000   0.000000   0.000000   0.000000   0.033061
       19.1759 0   0.000363   0.000363   0.333302    0.063520   0.000000  -0.497769   0.000809  -0.000000   0.000000   0.000000   0.029587
       19.6659 0   0.001616   0.001616   0.363730    0.056078   0.000000  -0.489276   0.000000   0.000000   0.000000   0.000000   0.031186
       19.6235 0   0.000846   0.000846   0.327730    0.048772   0.000000  -0.410719   0.000000   0.000000   0.000000  -0.000007   0.029467
       19.9921 0   0.000816   0.000816   0.345047    0.040144   0.000000  -0.454979   0.000000   0.000000   0.000000   0.000000   0.027906
       20.3946 0   0.000497   0.000497   0.355942    0.048940   0.000000  -0.553910   0.000000   0.000000   0.000000   0.000000   0.031362
       21.2740 0   0.004224   0.004224   0.331201    0.056786   0.000000  -0.557155   0.000000   0.000000   0.000000   0.000000   0.035769
       21.2474 0   0.000003   0.000003   0.345746    0.041195   0.000000  -0.564933   0.000000   0.000000   0.000000   0.000000   0.034195
       21.5700 0   0.000079   0.000079   0.313345    0.036172   0.000000  -0.568365   0.000000   0.000000   0.000000   0.000000   0.026500
       21.9072 0   0.000188   0.000188   0.320737    0.045764   0.000400  -0.579166   0.000000   0.000000   0.000000   0.000000   0.026986
       22.4030 0   0.000070   0.000070   0.336910    0.047476   0.000011  -0.569596   0.000566   0.000000  -0.000122   0.000000   0.029180
       22.9874 0   0.002078   0.002078   0.367402    0.048382   0.000000  -0.605499   0.000000   0.000000   0.000000   0.000000   0.027268
       23.1058 0   0.000013   0.000013   0.362425    0.069703   0.000000  -0.620446   0.000000   0.000000   0.000000   0.000000   0.026185
       23.2867 0   0.000770   0.000770   0.365796    0.043788   0.000000  -0.588794   0.000000   0.000000   0.000000   0.000000   0.037427
       23.9009 0   0.000209   0.000209   0.273056    0.066827   0.000000  -0.576904   0.000000   0.000000   0.000000   0.000000   0.028310
       24.3652 0   0.000976   0.000976   0.349289    0.043515   0.000000  -0.584095   0.000000   0.000000   0.000000   0.000000   0.029258
       24.6104 0   0.000117   0.000117   0.354223    0.054563   0.000000  -0.629446   0.000000   0.000000   0.000000   0.000000   0.029211
       24.9903 0   0.000176   0.000176   0.305185    0.049011   0.000000  -0.626966   0.000000   0.000000   0.000000   0.000000   0.029655
       25.2172 0   0.000106   0.000106   0.359295    0.030231   0.000057  -0.601153   0.000221   0.000000   0.000000   0.000000   0.031709
       25.8980 0   0.001871   0.001871   0.377930    0.072954   0.000000  -0.684448   0.000000   0.000000   0.000000   0.000000   0.029571
       26.2695 0   0.001959   0.001959   0.333794    0.054244   0.000255  -0.645043   0.000000   0.000000   0.000000   0.000000   0.026589
       26.1391 0   0.001598   0.001598   0.333654    0.054988   0.000000  -0.651222   0.000000   0.000000  -0.000535   0.000000   0.034298
       26.5906 0   0.000644   0.000644   0.344054    0.056387   0.000000  -0.662161   0.000000   0.000000   0.000000   0.000000   0.031864
       27.3404 0   0.001591   0.001591   0.335996    0.056208   0.000000  -0.681547   0.000000   0.000000   0.000000   0.000000   0.028733
       27.7236 0   0.001839   0.001839   0.328293    0.042280   0.000291  -0.630453   0.000000   0.000000   0.000000   0.000000   0.029986
       27.7606 0   0.000166   0.000166   0.361086    0.049841   0.000000  -0.655958   0.000000   0.000000   0.000000   0.000000   0.029786
       27.9912 0   0.001283   0.001283   0.340545    0.060284   0.000228  -0.617951   0.000000   0.000000   0.000000   0.000000   0.026269
       28.4751 0   0.000247   0.000247   0.328992    0.052569   0.000000  -0.617128   0.000000   0.000000   0.000000   0.000000   0.034629
       28.8587 0   0.000160   0.000160   0.388758    0.050784   0.000000  -0.662339   0.000000   0.000000  -0.000000   0.000000   0.032997
       29.6519 0   0.003597   0.003597   0.340043    0.040374   0.000000  -0.642176   0.000000   0.000000  -0.000000   0.000000   0.033700
       29.3769 0   0.002382   0.002382   0.362853    0.042617   0.000000  -0.685909   0.000000   0.000000   0.000000   0.000000   0.024116
       29.8815 0   0.000634   0.000634   0.293997    0.046613   0.002118  -0.660471   0.000000   0.000000   0.000000   0.000000   0.029697
       30.7878 0   0.004443   0.004443   0.319331    0.070856   0.000000  -0.604485   0.000000   0.000000  -0.000012   0.000000   0.027309
       30.7723 0   0.000004   0.000004   0.325665    0.062902   0.000000  -0.612062   0.000000   0.000000   0.000000   0.000000   0.026712
       31.3295 0   0.001190   0.001190   0.377496    0.034609   0.000000  -0.591006   0.000000   0.000000   0.000000   0.000000   0.027096
       31.4074 0   0.000206   0.000206   0.335228    0.068208   0.000000  -0.617125   0.000000   0.000000   0.000000   0.000000   0.031149
       32.3053 0   0.005786   0.005786   0.322330    0.041548   0.000000  -0.541933   0.000000   0.000000  -0.000339   0.000000   0.030905
       32.1125 0   0.000352   0.000352   0.370671    0.054434   0.000000  -0.516631   0.000000   0.000000   0.000000   0.000000   0.027294
       32.5345 0   0.000084   0.000084   0.351251    0.054172   0.000000  -0.555742   0.000000   0.000000  -0.000112   0.000000   0.030752
       33.2086 0   0.001869   0.001869   0.337812    0.074734   0.000000  -0.558026   0.000000   0.000000   0.000000   0.000000   0.030534
       32.8881 0   0.005371   0.005371   0.324867    0.045736   0.000000  -0.503470   0.000000   0.000000   0.000000   0.000000   0.029470
       33.6386 0   0.000063   0.000063   0.341340    0.049581   0.000535  -0.547147   0.000000   0.000000   0.000000   0.000000   0.029676
       34.0132 0   0.000041   0.000041   0.344001    0.036438   0.000000  -0.506674   0.000000   0.000000   0.000000   0.000000   0.030432
       34.5601 0   0.000597   0.000597   0.343718    0.039465   0.000000  -0.536225   0.000765   0.000000   0.000000   0.000000   0.029799
       34.7988 0   0.000008   0.000008   0.355239    0.036995   0.000034  -0.557745   0.000000   0.000000   0.000000   0.000000   0.030047
       35.0206 0   0.000463   0.000463   0.337514    0.032826   0.000000  -0.579389   0.000000   0.000000   0.000000   0.000000   0.026600
       35.5512 0   0.000042   0.000042   0.310445    0.049617   0.000000  -0.595346   0.000000  -0.016189  -0.003929   0.000000   0.030854
       36.0788 0   0.001159   0.001159   0.312123    0.055119   0.000000  -0.564737   0.000000  -0.017901  -0.008189   0.000000   0.027657
       36.1497 0   0.000256   0.000256   0.338737    0.070762   0.000000  -0.568821   0.000000  -0.015141  -0.006467   0.000000   0.029734
       36.8839 0   0.002172   0.002172   0.347676    0.045087   0.000000  -0.563686   0.000000   0.000000   0.000000   0.000000   0.029545
       36.9139 0   0.000108   0.000108   0.326374    0.042465   0.000000  -0.561750   0.000000   0.000000   0.000000   0.000000   0.029971
