t = 1000000
b = 105 105 105
E = -0.162939926533389 -0.489313714753109 0.32637378821972
-15.2910997716005 -19.4742753927312 51.765660001332 -0.58090764531228 -0.258372545369753 0.771874300269747 0.813436503433339 -0.149961861807307 0.561989764039721 0.634814696001665 0.646345137898917 0.00985083946203088 -0.592380025064242 0.301020723993668 0.442182809833474
-14.932832482035 -19.3892867698787 52.097563145469 -0.465194524451413 -0.826569606226673 0.316822885036305 0.753082525142749 -0.181432059064304 0.632415305213498 0.23216331435639 -0.65808293131424 0.264017852731445 -0.347833873557762 -0.305531943667051 -0.0720960384424794
-14.8706785278223 -19.3923200446999 52.611009582003 0.206059259420005 -0.956891696087294 -0.204689676258003 0.798653374462032 0.0435922414714206 0.600210383069145 0.0951854894205245 0.219336164776205 -0.170400162848316 0.161561378047327 0.107642802030154 0.397015192689436
-14.2676915829909 -18.9384247997436 51.8073997346122 0.880820347067687 -0.213895084696874 -0.422379460833844 0.425394445203247 -0.0340802449344265 0.904366133209073 -0.182466211320381 -0.0774719629567105 0.0600228439098188 -0.177663822903134 0.342499866018905 -0.49927290108708
-14.2227291263333 -17.6399714720195 51.0357990265042 0.677396522884062 0.728253309703509 -0.103831920383705 0.70405137687845 -0.682741962727172 -0.195384418639072 0.287379748927568 0.51915232079797 0.704795623487063 -0.115314985538848 -0.211554179010934 -0.0841397024288597
-13.8998347458632 -17.7543505118082 50.6875933852829 0.672505422077902 0.32938038452837 0.662755625825796 0.681763162327366 -0.624170981546814 -0.381588228707574 -0.384333781073262 0.317214660038344 -0.039391403504153 -0.719522602274319 0.0626925457988458 -0.135386480978291
-14.9206566697114 -18.1414231572482 49.8924242443682 -0.233404511162032 0.622568047686571 -0.746948030433871 -0.0878077441084844 -0.77852107894236 -0.621445677205247 0.248626150413957 -0.207613983608439 -0.139790603824147 -0.260057608433194 0.0841519974539147 -0.4550679823587
-13.7876368891534 -17.4276048316139 49.9345661488403 0.825630124176516 0.441041871134449 -0.35187635038245 -0.54310396891171 0.452255960091058 -0.707462101822026 -0.150373700290463 -0.251996983162269 -0.0242606837206651 -0.332335562540419 -0.056160181475451 -0.49600944939227
-13.1977115783413 -17.5342455682492 49.6567370849692 0.0255911195052193 0.488565101579597 0.872152071671548 0.058523747384937 -0.871673673610113 0.486579878053922 -0.0762875733993651 -0.268268676418008 -0.528478941744077 -0.0248151497820364 -0.107939412527439 -0.588499373923428
-12.6956054729029 -17.5591156444479 49.9315031432518 -0.4085268207939 -0.40689989139704 0.817030180025854 0.287087146270212 -0.906985784954177 -0.308152164259064 -0.452163007322193 0.432858326968604 -0.412116792274933 -0.419780332900886 -0.0562863499917201 0.489827986065413
-12.6973614420959 -16.5706945849184 49.2876659321456 0.421838157755777 0.903885665321293 -0.0710160030418468 0.492216621762962 -0.16252644125054 0.855165453672392 -0.321895901090151 0.372046355655355 0.0256681110179245 0.339600884778588 -0.0683460556074403 0.0347181893588058
-11.9779982537073 -16.9266906459229 49.1868472127312 0.825214344946147 -0.558438612524533 -0.0846616851760233 -0.496603643656669 -0.645942914295206 -0.579778037337324 -0.0303539582048035 -0.11904291792743 0.249747430166447 -0.0716958947967734 0.0436720443933063 0.0942317612483411
-11.2930611218692 -17.2458371853209 49.725077427472 0.694562970001216 0.614033915735985 -0.374892826057135 0.35740526021661 0.157744065327907 0.920531525708451 0.589480510589952 -0.204971502974406 0.090533774975277 0.11534456465393 -0.138136187345975 0.547361378331663
-10.9300189632262 -17.4175991617191 49.9482614066232 0.0629375503407122 0.99699205033567 0.0452295956713496 0.225282934657359 -0.0583420637569798 0.972545013327752 -0.14001432647517 0.258931228834128 0.850813110285849 -0.393922975153521 -0.6275595278846 0.326463018252289
-10.5860077390541 -17.6327984662915 50.6893961692682 0.777914727455138 -0.597510543511022 0.19449891311169 0.554042543845082 0.798244862017688 0.236309119316109 0.241557924414474 -0.0467211409675757 0.255287536480771 -0.230768708289634 -0.188985138370453 -0.30355719742782
-10.0569193076467 -17.6247837735318 50.8764512376866 0.348551265263376 -0.621262232756268 -0.701815683519502 0.864452405592529 0.502476299764418 -0.0154792325456975 0.00234640159048135 0.718866629790614 0.294674825274472 0.420716602745919 -0.0624035978796754 0.110749250138285
-9.45944041594421 -17.6820161134387 50.8407561874318 -0.259288648450031 -0.100270331969294 -0.960580687559265 0.871696723889532 0.403931168143119 -0.277460687238263 -0.366600674521009 -0.280814665230067 -0.308239984878425 -0.314659551674852 0.090845773500547 0.182662555764236
-9.00207770638685 -17.6771732148007 50.6663872234443 -0.654766651266674 0.466532559586525 -0.59466629569421 0.750755911546102 0.49245936396488 -0.440283245334044 0.733002821511491 0.490419868650523 -0.273398826608512 0.327291120653649 0.176889721051905 0.340034774953002
-8.72026826901009 -17.6550072303982 50.2539861154032 -0.605628190962601 0.794112042473956 -0.0509956695148286 0.738110213325588 0.536660920869591 -0.408886743482676 -0.0923905230101692 -0.101748927577333 0.341746927046887 0.760345894783178 0.203514545229437 0.0853232354190274
-8.64716491589193 -17.5960452473318 49.8147255992491 0.0474394731497446 0.793306031368218 0.606972023228426 0.932603535160931 0.182470062936457 -0.311376496122467 0.167852254294229 0.269364617776303 -0.0405842122594384 -0.244095294507087 0.271372461034631 0.0880751333938802
-8.6616307172576 -17.1155630963133 49.5711814111005 -0.533197345203235 0.281396241079635 0.797819996349026 0.634617548461413 -0.490576720872148 0.597155798869127 -0.487140166750605 0.472537937103058 -0.0961989311297548 -0.289424088266609 -0.358337525417764 0.805142113373414
-8.12410910406773 -18.2195817750777 48.8509678393882 0.0208899475390179 -0.771419475929609 -0.635983963829435 0.997940326447772 -0.02250205941171 0.0600729737196775 0.000133930421714748 -0.296377232476747 0.241980097208197 -0.345970017303329 -0.298121012395728 0.289043977035025
-7.7206341117102 -18.4457104248967 49.1765047001147 0.0568359238482902 -0.269611283052548 -0.961290504379917 0.997968788936758 -0.0124082925789377 0.0624846427796674 -0.189172710625767 0.335618530411433 -0.147843958553967 0.149002320101283 -0.226552237727111 -0.0521837242832933
-7.32817599860669 -18.7393156518899 49.1026162131795 0.237603326502764 0.608301927913389 -0.757306690668929 0.967362906998507 -0.0775085822357902 0.241249716773318 0.0460102457012051 -0.114376532025612 0.12116145648308 0.0815355591538624 0.144937992991219 -0.167621054326552
-6.94505851598798 -18.9339208164203 48.8247645319833 0.217119048603317 0.976134821387888 0.00448655854648181 0.975493109052677 -0.217139694399454 0.0355464106063181 0.386542095346191 -0.123283451847722 -0.0951866005082075 -0.243278808561101 0.15877378839711 0.415766406415027
-6.54139405273284 -18.8726246972466 48.5412240131927 0.165008042238694 0.507005114608336 0.846001276451449 0.931504333402002 -0.362016178815156 0.0352698614874347 0.144718847312219 -0.0547710950724797 0.217947743189721 0.151203953692561 -0.234562379723056 -0.349629174779658
18.2186873828225 -3.2241748740689 47.6550699131848 -0.71800649892208 -0.421185294476218 0.554138624554079 0.251731808698335 -0.899378818211593 -0.357419694255434 0.245590201512985 -0.126342903719734 0.216153824306847 -0.406757421756346 -0.295630776044442 -0.23879858451527
18.353732300786 -3.63542274880452 47.706600782699 -0.915531157433155 -0.15722400048468 -0.370247637994543 0.347848198128696 -0.771685536208304 -0.532450058001213 -0.129358738503743 -0.249768939682934 0.78440848945327 -0.199412895104086 0.0305563005731247 0.282200940492789
18.7896893140619 -3.26209950041242 48.7080035972781 -0.00595105994609504 -0.562436609411908 0.826818991846978 0.724444761798161 -0.572377313306141 -0.384140597067965 -0.013746536032955 0.0882695639119018 0.37338802653489 -0.697603255161697 -0.428883513770968 -0.990191287248517
19.2371022676927 -3.36098543141005 48.7821835892761 -0.418149401090952 -0.900980384939148 0.115695394558536 0.816828185240674 -0.42866711855458 -0.386052091390036 0.185168731357317 -0.355625759320909 -0.609235055613879 -0.186929343252804 0.0276141397973271 0.269009581282871
19.6646019494736 -3.71099099391953 48.8218234066019 -0.659584931221791 -0.6122935283146 -0.435940768555864 0.749775377389246 -0.576705176887982 -0.324419516076551 -0.106128401053188 -0.154993741842693 0.00550868128740648 -0.0960054772984942 -0.411448937352258 0.0388478944859066
19.9172957169323 -4.14978063678215 48.8764802304267 -0.496085673063211 -0.0857529068610617 -0.864028612921075 0.706046195445117 -0.619033837483601 -0.343941678119773 -0.290809541586417 -0.284154628321538 0.332307623026685 0.282669574497742 0.268763040585522 -0.411684590447762
20.6886621851301 -4.05395938867693 48.9520169376568 0.112567447956095 0.836982850647892 -0.535526168718114 0.992610667596585 -0.119295001188375 0.0221983167155407 -0.143354403726038 -0.414492961539634 0.024746757160919 0.118664584671733 -0.109778438138966 0.437275602972822
21.0276919651099 -4.12014184587265 48.8341319469921 0.0557723217725837 0.878156268011727 0.475111583815599 0.995931415615239 -0.015195560102146 -0.0888240414736079 0.0870378217354666 0.270587191734381 -0.181928983332388 -0.0799359330586202 0.27764829185095 0.392909834406697
21.3619633576886 -3.95130355589519 48.5594085118528 0.254715455101791 -0.0999528384088283 0.961836507430656 0.922496518710844 -0.273205320819826 -0.272688513953554 -0.21143964323016 -0.402441126688436 0.0382086889602408 -0.0280843582554709 -0.294115097676581 0.00600683586952011
21.9958478078753 -3.97324200787331 48.5596056955767 -0.0881635206661574 -0.13489849252997 0.986929374543541 0.977295031852848 -0.203355122157688 0.0595072685292607 -0.135511445993155 -0.564848638644749 -0.219229840555323 -0.0949379708739789 0.389678222202449 -0.0481761437075271
22.3970774110197 -4.76514561037436 47.9257207051622 0.267384586701832 -0.544013743259004 0.795332967969756 0.589473333320504 -0.560576203986248 -0.581614570681023 -0.447640471518277 -0.0249520026862481 -0.143307656304929 0.478655793808832 -0.498222915240538 -0.350541752081937
22.8783235196213 -4.82113037962332 47.7483913674184 -0.404488475342976 -0.838990141072986 0.363984362984178 0.565640070371648 -0.542247164043838 -0.621304533925375 -0.441876173807894 0.206736675980795 0.668656315552826 0.124524987579372 -0.0409915748620388 -0.158375383772768
23.0867714690304 -4.32986929077878 46.6641565524301 0.870056416016589 0.11811708074826 0.478591880607967 -0.0165759917189765 -0.963309582140208 0.267880356606113 -0.209235002986739 -0.0818805683928582 -0.088744933002942 0.00196549110553251 -0.163346488034234 -0.0447733969633544
23.3974830083715 -4.75970195181601 46.5878016934703 0.181298039693784 0.100895933567774 0.978238739466332 0.0785308228390141 -0.993031828740829 0.0878674966746003 0.308662699050287 0.228817768988088 0.283866142363155 0.147072967823963 0.56544818276502 -0.753884640408156
24.0468667040549 -5.30428326985877 46.3621637104746 0.0826380241556164 -0.944526646817285 -0.317868479745521 -0.322159948307958 0.276515237060182 -0.905401729278095 0.280793122832286 -0.357709318370411 -0.00631096414864771 0.0933564582705262 0.39306817470234 0.897599436277441
24.1644815917582 -4.51395807105885 47.666464958701 -0.596977913339445 0.125442644129307 0.792389748809762 0.552981794838366 -0.651240907123619 0.519708009815393 -0.371343616243753 -0.0557775345473902 0.498823118448914 -0.355779372791727 0.566519268914437 0.236399563895706
24.3284420978944 -5.78014240069412 47.6007236889431 -0.494555423968132 -0.267987137337239 0.826799750148476 -0.833484245047479 0.415928913720232 -0.363740500892066 -0.0282027722906538 -0.36969042456181 0.48283337505276 0.628377199025886 0.354530874464064 -0.136782019750044
25.6173150711968 -5.35633979271689 47.7345161282993 0.0347019642063891 -0.119864079572115 0.992183640314922 0.310827486744672 -0.942250197744283 -0.124703000504274 -0.00150121068967378 0.666681771420851 0.224709356441954 0.508608226272814 -0.0898019274393149 0.214996435841769
26.0596434479021 -5.5428257511791 47.8017339779011 -0.666128545602194 -0.614753546489656 0.422316040202502 0.542516404593337 -0.787937872097199 -0.291255661682301 0.295154171112843 -0.225860623063644 0.298167384986163 -0.278133465661139 0.222924499225732 0.178801208477872
26.3382090783068 -5.9356005162836 47.7591878688387 -0.930349617629304 -0.240879420981466 -0.276453781896271 0.350480051767879 -0.805769545043776 -0.477387864940904 -0.0771123920653184 -0.0185160276127119 0.444646862211944 -0.0704083444124286 0.250180096311825 0.43949552944178
26.362949358711 -6.46807634312498 47.554983757548 -0.72724444943571 0.380135484823706 -0.571500239669733 0.153949047981893 -0.721079946166049 -0.675531939927737 -0.0345776993432095 -0.362072499776479 0.129486128565981 -0.301414697757202 -0.627721633941023 0.0654461954312427
26.1545060841722 -6.89881318734212 47.4860435604605 -0.160427136160595 0.477935261326703 -0.863620877448004 0.0105721896964513 -0.87407133684606 -0.485682537167226 -0.15444711199239 -0.18257016215739 -0.318832489054738 0.0569054460980686 0.553006913651496 -0.453668053875655
27.4254436387278 -7.05424453901206 47.5891751925654 0.632712576280532 -0.52584601521005 -0.568472307244721 -0.774294921382393 -0.418288369807274 -0.474870734416763 0.617021079212999 -0.401708890593109 0.0575366448626273 -0.453172593082424 0.510404932366894 0.103728010305314
27.8264371835376 -7.38334600271387 47.8429303078678 -0.821895902987602 -0.471770878303728 -0.319248121429982 0.18529903597217 0.30853668396882 -0.932989486496649 -0.473281446107292 0.15475363929056 0.714730087257087 0.134901344190315 -0.153717889418076 0.114156815785696
28.4023645863462 -7.00955762391524 47.8753702775124 0.830223735511931 0.328877576170882 0.450075647957668 -0.111704674856398 0.88919040512118 -0.44369188527164 0.16909066712421 -0.703859567915175 -0.172626994944498 0.0265941134416874 0.342212216294193 0.0851285444560534
28.3823059704725 -7.80566269598072 47.797603573864 -0.105552739030098 0.873898922417135 0.47450952854651 -0.850625417841352 -0.326506141950228 0.412104522895519 -0.0728312659654107 0.11912929361076 -0.103593328906494 -0.0804897084913292 -0.17328377409089 -0.449272369174144
