t = 1000000
b = 105 105 105
E = -0.194771306481825 -0.560242999738813 0.365471693256988
23.7998056576482 12.8414769796462 -4.4294355610052 -0.182735522934911 0.808042144532028 -0.560067514963811 0.0797494434553847 0.579964639336735 0.810728711337945 -0.185783511769164 0.0248052680986101 0.300162768595927 0.243581510324501 0.187883945846296 -0.0800129803878365
23.2396317648501 11.9936269974147 -3.49495027534676 0.977271036856203 -0.101012359410582 0.186380856764479 -0.125634070104546 0.432194350783711 0.892986071324596 -0.0721801134536699 -0.262148327739667 -0.937496473098667 0.736864954624923 -0.0270793067634317 0.913169812007331
22.1045708702937 13.1757893172389 -3.76192333410517 -0.356547028877784 0.364243658146683 -0.860349216131635 -0.238811464672247 -0.925811115617382 -0.292989526332083 -0.0667803217989782 0.483077187009948 0.142735304628464 -0.406854813681139 0.315952877047873 0.353991482074817
21.7571326495155 12.7362719837194 -3.9627523377798 0.0201951688726839 0.635796048060878 -0.771592859236279 -0.30510663862331 -0.731017244727536 -0.610347218375603 -0.218832297457105 -0.32909640160589 0.552570383608155 -0.169759219828942 0.244662028106933 -0.181733752055253
21.4815262091799 12.6080638788857 -4.33763519834711 0.874893580688986 0.0361501869175139 -0.48296416684368 -0.206172689593055 -0.874540703817939 -0.438943480908127 -0.141957883689219 0.0927436144062213 -0.394933508495137 -0.152771459783175 0.506313823489736 0.125099548766631
21.4329243578306 12.4341601451922 -4.77370968939303 0.839550306636598 -0.423467182506285 0.340339283607672 -0.226390269939076 -0.842161493218905 -0.489399085630766 -0.0666617026175773 -0.0928063580212073 0.137641397952192 0.12676180106061 -0.343822723993926 -1.02086769519566
21.5150274987311 11.998519300116 -5.0388949226906 0.59382581237157 -0.275291645297645 0.756032680901031 0.116105408688792 -0.900491450146477 -0.41908791713217 0.522315449234952 0.00438186148218738 -0.683084080473754 -0.490773427716134 -0.0144578640921243 -0.383871267231774
20.986908833364 11.1700112046287 -5.34742238620499 -0.483902953231475 -0.861450749968438 0.154079645744029 0.685708029581318 -0.482636064558924 -0.54485495992492 -0.606396921972696 0.0540267129373075 0.112645002324687 0.383141237263511 0.18528921280766 -0.149918841536543
20.647423069914 12.0509300147226 -5.86535486580895 0.801527659951254 0.594913101594215 -0.0602645159661966 -0.582059301857 0.753158558813043 -0.306527575282228 -0.378341900546585 -0.203882442846284 -0.17398463827374 -0.142818886717396 0.24581859453686 -0.0118118222824313
20.3821729532068 12.4643680718288 -5.74884889793209 0.756350655956696 0.395313581402338 -0.521210953062865 -0.543026864480649 0.823687519170828 -0.163281031398303 -0.491492097682112 -0.401916093163226 -0.353541191461476 0.729918421632169 0.659305130487845 0.0921922586717775
20.3874268485369 12.9780278228879 -5.72085554810561 0.190292990365369 -0.122275628712428 -0.974082772889861 -0.518182578000417 0.830227699320335 -0.205447762553111 0.161828898920235 0.780408745976451 0.455980905515934 0.336358676351611 0.166004981551565 -0.382261224955136
19.9252589303413 13.5650123547686 -6.28597506162493 -0.733817919235072 0.41209244751186 -0.540084323150669 0.44593028583264 0.891946877679923 0.0746789633971285 -0.13111521298626 -0.278341463006989 0.0877319564712755 -0.0376537854962362 -0.25869966168647 -0.102205611973252
20.0462016346777 14.0145616156815 -6.45272829806406 -0.962640813276418 0.247937301441782 0.108856599103142 0.25496096241438 0.965329043435805 0.0559887983798893 0.128828885137667 -0.216369342098621 0.148269098558609 0.151382049106715 -0.418997970822594 -0.195309258191478
20.0833432692163 14.4748317493383 -6.61763891215537 -0.461142531137862 -0.122104210722601 0.878884592935628 0.251705738989215 0.931799209556722 0.261523333622792 0.12717926613325 -0.349603825074186 0.11520371801592 -0.621538152517374 0.490078621144627 0.257624012611626
19.8059739794831 14.9244127329654 -6.56383580613284 0.244254721516219 -0.238449519739731 0.939936943391986 0.300843048347305 0.940102656210417 0.160313617785303 -0.634043128483559 0.127461049054087 0.192356029738998 0.0300158915861316 0.354271284567089 -0.424425059861933
20.4466144921015 15.4523048972439 -6.92962622553496 0.227254791445576 -0.0895269786964943 -0.969711389976715 0.287926754298523 0.957423993085783 -0.0209160613584665 0.452093403497125 -0.023272715902076 0.28592939975791 0.0512314808647072 -0.163665063460591 0.435192466038229
20.7643242586931 15.8365106958101 -7.02489155545392 -0.551710430783365 0.134309436531793 -0.823150396843327 0.14167002795438 0.987697607920382 0.066204520146909 -0.518574096659054 0.404435126714773 -0.272499375287226 0.220076074240569 0.548774788376356 0.0702887313110012
20.0306246375703 16.3842313751318 -6.05060971656542 -0.669204794837905 -0.716161519123202 0.198185824652883 0.733516840853632 -0.594018291634946 0.330295796805289 0.152330553939882 0.256422691794319 0.0795795948253133 0.379193282983482 0.218035009425576 -0.0117597497111145
19.5291215942404 16.3973126257705 -6.53435226474784 0.0242801262472577 -0.292363419991425 0.95599900947677 0.591327987807785 0.775252520010876 0.222069225810218 0.0128840529653956 -0.699730208902931 -0.821187654625779 0.349176098116119 -0.281595945238206 -0.505786852252016
18.7985865242963 16.5146882183993 -7.02714555297847 -0.774219171100103 0.325383349681767 0.542872315421317 -0.527513493512304 0.142219606624435 -0.837557817499274 -0.0810022759016669 -0.241168116198945 -0.233618001646659 0.899820004625577 -0.111400529484521 -0.045925483838579
19.1000412230953 17.8717105859869 -7.54621199938397 0.407090713288388 0.722188566296775 -0.559214472152246 -0.609413543671638 -0.241290206716281 -0.755244443165512 -0.0240571207887071 0.019751288849917 0.353175729521596 -0.547267649085432 0.367915994563546 0.0694657430243286
18.7308966657969 17.8902908786315 -6.97049569927966 -0.483946896534858 -0.699358263122905 0.526016559754463 -0.181184906690091 0.668146763144398 0.721631438122983 0.032932768826314 0.507623940045007 -0.398606111553424 0.124629004201005 -0.340848440583739 0.0449708364333945
18.3535840592441 18.1129056138159 -6.68888865029477 0.357067180999371 -0.595452268456463 0.719680223601546 -0.103133626580838 0.740627718356125 0.663953340130836 -0.304055633382878 -0.5398209559363 -0.416628524188371 0.264641456807958 0.402050436301777 0.290965358299001
18.1345229945363 18.3147624512206 -6.22049076246575 0.879370697618629 -0.385307902153535 0.279723071461616 0.0785366785458597 0.696814673485833 0.712938497303924 -0.394940288057911 0.490488756370774 0.167989960003861 -0.157638430610429 0.0975271638642493 -0.424191920182815
17.563753222157 19.2721985847645 -5.87888301027405 0.653302490436799 0.694369144762681 0.301740528916381 -0.698402660636832 0.706586236302246 -0.113884214374315 -0.489113008597557 0.254277910691887 -0.380752174542592 0.410975560196799 0.21507961826445 -0.0673016126223835
17.38604109889 18.1918523327527 -5.61644908178536 0.751742756077919 -0.634927511899094 -0.178184969393593 0.597739947585278 0.541914350054092 0.590792512026151 -0.351913432235394 0.315190408409008 -0.457329338961005 -0.0055066679192583 -0.0240857101013772 0.405218662851074
-14.7273257540968 -0.0643830003535093 -34.3535337307453 0.011860923116765 0.0177615471711785 -0.999771896957051 0.0231086827889205 0.999570323422245 0.0180321189414121 1.05228945903845 -0.422915270624261 -0.333018558301761 -0.117678295542992 -0.459344136819288 -0.0820959679129017
-14.8645871488976 0.868528696087038 -34.5188157932599 -0.511247288100098 0.847194856058566 0.144523653005759 -0.0881846006540488 -0.218984857270304 0.971735102017969 -0.232326722008415 0.206098246885347 -0.257589871191015 -0.238678581883678 0.131702419685304 0.467480983416959
-14.6108807002859 1.09501993968645 -34.11768495927 -0.974629050687644 0.103617936216247 0.198397421480528 0.160532377829256 -0.294074833030748 0.942204515084973 -0.425124592475982 0.231112189756201 -0.230581780831117 -0.110142254610531 -0.140670370596191 -0.553406583419097
-14.6200256016932 1.10153976349233 -33.6216648335348 -0.729448328526594 -0.616385163113041 -0.296604900000176 0.076793884524011 -0.50466199379033 0.859894744328283 0.68253168613114 -0.133819680793534 0.17012276174333 0.163771507121977 -0.0455989019017437 0.416301352151081
-15.1266356262854 0.931311828739371 -33.1721611717002 -0.210895831247397 0.967715471900165 0.138020700648328 -0.195345357160901 0.0966250710970285 -0.975963004970636 -0.166267141837306 0.18107677356636 0.179630042677069 -0.266798350565074 -0.0653037578105335 0.0486476878108823
-15.4311544398292 1.0843504063227 -33.5519522153095 0.727649032765281 0.685720688211161 0.017720690590237 -0.168244846386143 0.203457706348236 -0.964519897872494 0.405985955715354 -0.0994292698144573 0.115784278049286 -0.281810698911116 -0.409375715255326 -0.217148646403851
-15.5785993709757 1.5167661697959 -33.9318669339074 0.995590308576944 -0.0788923576798898 -0.0507536537331286 -0.0338997552984132 0.201900227229651 -0.978819240123139 0.156351783144786 -0.150583196904843 -0.18107367707509 0.0809797666940265 -0.202503741111929 -0.399156334866291
-15.4537748103852 1.90740091156548 -34.2464336317765 0.52019036435637 -0.815867512564067 -0.252511755713281 -0.095933910313712 0.237972921482779 -0.966522412307497 -0.179473215271044 -0.773905250405129 -0.101972860212814 -0.208405478974652 0.18789815906426 -0.646262644617792
-16.0742714034153 2.68991126625411 -34.7968419480317 -0.491917081133489 -0.266363559302377 -0.828895674717145 -0.454417116967596 -0.733537210015051 0.505399095102209 -0.0178040474556825 0.349406807099403 -0.335528529871982 0.273954096538399 -0.420862744619806 -0.157377932434538
-16.4544303096914 2.58223490353512 -34.5793690807604 0.138765599145451 -0.751689024381052 -0.644753998916518 -0.281812532752955 -0.654108622137265 0.701942737571268 -0.111812766260594 0.253441067255889 -0.27414565105784 -0.119172521687775 -0.0814167196916364 -0.62887914261334
-16.5104753297518 3.70361619911188 -34.2198991880167 -0.0779327086575968 -0.092277867038631 0.992678844428557 0.929978241814966 -0.365536712196579 0.0390305237880526 -0.449774042672251 0.520821975540214 -0.832060262141771 0.547663388696569 0.105538043948614 -0.244162625727058
-16.0629534411413 3.69463699923868 -33.9739456828319 -0.468158892915056 -0.774457483776644 0.425491312257543 0.877840302769244 -0.462714554439821 0.123659386799516 0.0236209815200117 -0.0989603462168616 -0.512735258623331 -0.364311842478525 0.539603582811489 -0.406860425597628
-15.3334775715239 4.06448407892296 -34.1713717200952 0.273840600195341 0.184797214263534 -0.943854499001414 0.60946460683106 0.725832953105448 0.318934816547888 0.0302047876256954 0.0269068771824188 0.113656739734619 0.254682226941433 -0.042901936547617 -0.523945547277737
-14.8620542078463 4.23757409524906 -34.168301627219 -0.375831022074906 0.678630249113622 -0.631040432804443 0.527711618517733 0.716495837083313 0.456239151239386 -0.323821192903272 -0.324350757550915 0.169509964813052 0.723856658378199 -0.269494773962782 -0.16568912370778
-14.5690440162027 4.66067761296209 -34.1271385664941 -0.852709729233823 0.487831132196376 -0.186833894489314 0.383826257612052 0.827700218339787 0.409377274073695 0.391597290122619 0.108862127955839 0.483130903504053 -0.0454270404679036 0.0756725620366958 -0.433187707748716
-14.4359327275103 5.10556185396687 -34.1495494960153 -0.775427676972 0.0159913249524613 0.631233867367797 0.441532679867189 0.728378579634552 0.523940394834083 0.133829079638999 0.530951720932009 0.225065566664342 0.569683014567093 -0.282679350174368 0.304026720851828
-14.5092017590036 5.55845628265045 -34.0290972217786 -0.118008066782719 -0.501592022038104 0.85701781755219 0.418721017425237 0.757434590425849 0.500964620300638 0.472263438148927 0.0369725038550614 0.410998118149644 0.37087471408476 -0.0919701568334097 -0.295224849127126
-14.9003288039325 6.16689589761818 -35.1425802576031 -0.533857621373231 -0.321614255773153 -0.782023216142171 -0.842380490607515 0.282593408610678 0.45884210187551 -0.290072809811968 -0.243678158511809 0.205011391794723 0.0746878460138765 -0.328362912955626 -0.404950251234328
-14.8540088606881 6.32210059896202 -34.2507620889262 -0.893039447491624 -0.124656207047748 0.432367176446528 -0.270750710100432 -0.618606387014157 -0.737577244039817 -0.12901304100208 0.198524915644829 -0.0546722790691882 -0.324285474662117 0.330855162472736 -0.397007504421678
-15.2054691188316 6.63596026503713 -35.1260868268846 -0.825874026314425 -0.0685430218658465 0.559673071366399 -0.543157941122267 0.36316648077599 -0.757026788321588 -0.473280224154178 -0.128457028603561 0.136462641049269 0.885377248084672 0.38189136447803 0.236789415056695
-14.4971738556778 6.88934013761008 -36.0500736370871 -0.945149876387893 -0.0230205595417869 -0.325824745840623 -0.207191741108962 0.813402883756617 0.543550670234738 0.244422870621235 0.0847953195647133 -0.372570260276645 0.0188436114079838 -0.184866088004096 0.65327924876731
-13.6639865799935 6.46336911561938 -34.8514219109124 -0.155012772843107 -0.196732512805997 0.96812569362686 0.907297394249414 -0.416082166319156 0.0607212422408228 -0.272943208738666 -2.19060395770555e-05 0.351343652873389 -0.279686878139095 0.158547286175049 0.535898199093981
-12.7687119191407 5.89003532980158 -35.6228088154725 0.54149430231518 0.0628055502582252 0.838355165438241 -0.655416584912388 -0.592985486536015 0.467757750314664 -0.805174809042412 -0.479336511237917 0.171858448427444 0.0334084307440908 -0.0150503347618063 -0.0853098054578851
-12.7734633407432 5.4410992080138 -35.4453581195956 -0.0909283779341494 0.59710235582795 0.796994859927611 -0.474617301304161 -0.729556039549539 0.492429083685783 0.191525128177784 -0.146759254861352 -0.282730346043579 -0.219036211623936 0.158421632466836 0.323587894425345
-12.1538150847385 4.93443112785336 -36.0953659724281 -0.382348632811177 -0.666877273784516 -0.639596923614527 0.376177004467051 0.519892117598406 -0.766943966251296 -0.0597605526100936 0.0573354799939279 -0.13155000259651 -0.250058119281101 -0.668748205901264 -0.0631015783825516
-11.8155846742691 4.90208879476172 -36.4353750983224 -0.838514707860022 -0.137133107966725 -0.52734011359054 0.338674844562058 0.626980914792885 -0.701565593616352 -0.126908867855126 -0.156069255592562 0.407958777427162 -0.0283480194967407 -0.0564338129830835 0.142241553165743
