0.15384607288392513 
0.15380773983745794 
0.15384480127692543 
0.15384588601979549 
0.15384515496161572 
0.1538458571421369 
0.15384604571180321 
0.15384597682163298 
0.15384586665989408 
0.15384576221100613 
0.15384598191391136 
0.15384580247426682 
0.15384332481096388 
0.15384611814120996 
0.15384605546901484 
0.1538458155755707 
0.15384582976670066 
0.15384614103356972 
0.15384597908277506 
0.11538451579410179 
0.11538457867060553 
0.11538181626079114 
0.1153845691322729 
0.11538447101971415 
0.11538445088759247 
0.11538462856328341 
0.11538455237674815 
0.11538431203874087 
0.11538274379816019 
0.11506778152015869 
0.07692299194316154 
0.07692300641926966 
1.3176679834862427e-192 
5.762338203638652e-184 
1.0545518461088281e-227 
1.1323952192621125e-188 
1.1030101829301046e-168 
2.1147930554350453e-201 
3.761472233592965e-236 
3.664462914053266e-164 
8.528732258287137e-237 
1.5315853940592612e-213 
1.5107293396270488e-219 
1.1939600448104461e-191 
1.6481192280063967e-133 
1.0069484262896577e-215 
1.2097717044338606e-174 
1.2801130957917506e-171 
1.272012722009286e-212 
2.0673652870092625e-211 
5.630253256629992e-206 
6.736502848250262e-196 
2.5197073264109558e-235 
1.0893515294380744e-213 
2.0708120288230743e-184 
3.581680167816033e-166 
8.169751436963158e-210 
2.4806396524655735e-139 
7.98710935645183e-209 
3.8965515121274237e-224 
3.5495284029272316e-181 
1.4300267939243675e-231 
3.604171858608189e-235 
1.3985345180062458e-166 
1.1810027748706388e-210 
1.1903393849398454e-210 
5.294507843726928e-118 
5.586504625590803e-192 
5.1065414735698705e-107 
4.509639309144904e-186 
1.1156120821789616e-182 
4.83292154624404e-118 
2.5301485732887178e-110 
1.4479479750553694e-53 
8.996813356441822e-131 
7.617632306641234e-133 
4.4550200369138546e-175 
1.6194924522503264e-202 
4.209850810470682e-229 
1.3997129335842038e-220 
2.491688621649629e-221 
6.157032561621463e-228 
2.3244258791218493e-220 
6.1399927220166515e-61 
4.251596734023197e-181 
3.907465374560591e-173 
7.926677191032474e-191 
1.3688527630910276e-183 
1.1668546102325106e-209 
9.542279380805994e-213 
2.4369192933726303e-209 
9.98157561845013e-158 
8.425914377538312e-241 
2.8658192757506136e-202 
2.5269857424997653e-230 
6.051360163944634e-218 
7.268204170041557e-203 
9.070933266285636e-228 
9.224168357984238e-221 
2.305340653585008e-217 
1.420644976361589e-94 
1.085769120682985e-149 
3.673153990836438e-203 
3.779730266456487e-219 
5.255877480197893e-245 
5.464438452834756e-185 
7.456438491487047e-197 
3.5788370352045525e-216 
1.3940151114598307e-223 
1.2019784347394445e-179 
3.3734603515040195e-189 
7.004611807322567e-225 
1.240366811053582e-220 
1.5293910621310414e-231 
1.667776895335549e-148 
3.987911341124018e-192 
3.7475098975234114e-234 
7.364582908705202e-214 
9.067359195873413e-204 
7.755105883908097e-194 
1.2948393364705243e-212 
4.458184032394944e-210 
1.1044158473803248e-105 
1.284101425455637e-224 
1.9005326607925077e-219 
7.015104291896443e-149 
7.533479650121291e-156 
5.397326824739059e-115 
2.564303336678549e-233 
8.130107887866265e-208 
1.6882139759862721e-208 
1.1685268491795698e-221 
5.726008164091794e-214 
1.4012313303110973e-207 
5.5779965402529996e-102 
7.349154500377141e-172 
2.740569019439543e-221 
3.610532261978549e-208 
1.5355363783306852e-217 
5.168021580101418e-180 
2.1331461949830465e-216 
7.383758988720329e-187 
3.903234874621271e-43 
1.1416384239585145e-89 
2.2002801155553688e-191 
1.624178754110001e-201 
1.3506465992255002e-196 
9.456098612674381e-240 
9.002979380297759e-222 
5.677231507734852e-204 
3.2536129659359815e-204 
1.0472706614894667e-192 
1.8887814292536468e-208 
1.1180899363812237e-222 
4.5938181333585295e-205 
1.684540770589328e-245 
2.646487973980107e-172 
1.1462873078533291e-218 
2.068434812209785e-218 
3.603883688110709e-123 
3.304981655606004e-206 
3.553847663099008e-213 
9.251095303056495e-182 
1.1373264399535606e-193 
2.0151261181892204e-231 
9.297101297349278e-234 
1.6255269620622344e-197 
7.575039718672625e-154 
1.4569854488717485e-170 
4.933701550864605e-162 
9.354612534799495e-164 
1.912366030012696e-214 
7.221884046390081e-248 
1.5198986046782314e-215 
4.206076521721889e-180 
8.722654372938503e-228 
1.0562162791729734e-172 
9.08300529898238e-233 
8.874320633346038e-115 
6.5652304815155955e-183 
1.3111099910607227e-171 
5.922282902995593e-197 
3.847736282570755e-184 
1.3117311788049426e-208 
4.0103188961052157e-230 
4.444199546247484e-229 
7.637875869011174e-206 
4.191601372337515e-142 
1.1142801259237214e-216 
3.6220568127113856e-191 
2.7044319432243024e-200 
3.7831756690583837e-121 
9.091187685206667e-220 
2.366822012175036e-232 
1.4894570038290817e-162 
4.218246037784396e-201 
7.569542654601044e-211 
2.6178660574603535e-229 
2.9031369713983993e-210 
1.0259825734428373e-206 
1.1790197802004456e-194 
3.3695654485862e-225 
7.019638915679803e-96 
8.893903577814672e-194 
6.896523237157979e-185 
6.75301409145995e-120 
2.205979698833594e-155 
3.44220315175396e-218 
1.6097240824274235e-190 
1.304793873742013e-94 
2.491935154821878e-134 
1.736027206770181e-187 
2.5171424652559714e-205 
2.6647564223919765e-228 
4.2510314602091013e-234 
4.6023912186372984e-209 
3.0860312385222764e-202 
9.592314585412867e-212 
4.493000682197518e-171 
3.8213079952781136e-204 
3.408470363957519e-223 
1.118649179346911e-258 
2.4273613311234994e-189 
5.288961102638354e-191 
9.360442694014875e-235 
1.821180547598626e-229 
1.960555946595012e-209 
5.482252450687499e-125 
1.9188758620403524e-211 
9.565767982953325e-138 
1.8985101223640838e-222 
2.1261180763815305e-244 
1.223855748932449e-165 
4.757994788766985e-82 
1.897182547657686e-117 
1.4371424148096256e-53 
2.726937492902776e-110 
3.1646944202415617e-225 
8.835120847363412e-186 
1.2162640642114888e-188 
6.614114750942843e-233 
2.0191059003657818e-230 
2.2916410195144268e-229 
2.2028354067504023e-162 
8.396838251839854e-177 
1.815137162808822e-186 
1.8658160144191646e-187 
8.236790396962155e-218 
5.584743906018565e-227 
1.1814011395285313e-205 
8.75377981045218e-136 
2.3609637595728818e-225 
3.101791718187971e-196 
1.4337698898052868e-203 
1.1498926250302635e-246 
4.727462825864989e-212 
1.9585674523926813e-175 
1.628723370256242e-196 
2.8569514345873483e-256 
1.9796022771128762e-229 
1.5388777039781914e-218 
1.1156909125142553e-235 
5.766324296288962e-230 
5.320002353700146e-180 
1.2215141451682363e-196 
8.730615578314775e-233 
1.1399430153711065e-162 
6.618265706247793e-200 
3.559686504684401e-173 
2.6178256285912115e-190 
3.391956679865199e-178 
4.971857921894793e-211 
1.318285495367635e-150 
1.2339218173388961e-189 
4.950979237004303e-145 
9.995638216333096e-219 
3.3698416756549342e-183 
1.751878910483696e-195 
2.992555060341915e-177 
1.8383719200054776e-230 
5.62356772055252e-203 
1.6023533953596155e-147 
1.5455999614283138e-203 
8.417319274148957e-136 
1.4071046537008753e-53 
5.962958314355557e-193 
3.452847452490769e-217 
2.875632948736397e-220 
6.293123244489559e-147 
2.8861001755018604e-234 
4.916942457993755e-208 
1.691580745402845e-222 
2.082001623918854e-115 
8.114701665278971e-201 
3.636118258621532e-231 
2.0654748925672187e-207 
6.25130939119757e-206 
1.3321428011694795e-223 
5.06799958854974e-174 
1.3460984958333832e-206 
1.2735025162325614e-212 
1.7786690033496507e-190 
5.15522838224995e-215 
2.941786606087879e-245 
8.888075010431033e-231 
7.482586415764778e-150 
1.568520660112231e-199 
2.4232563917414758e-178 
8.324016195131135e-225 
1.2770567113500788e-211 
5.229136707285734e-223 
1.3723443925057843e-205 
2.5544046037375e-237 
4.1433637286098825e-261 
4.061956916770339e-257 
2.229648250049602e-190 
5.141904215049672e-196 
2.1768208815506403e-139 
7.030400999586723e-194 
4.430589808676038e-170 
1.408449134479328e-132 
2.0988525462433655e-143 
1.6349649770592938e-224 
1.287011529028556e-176 
4.132045161651569e-210 
1.4926975969721408e-216 
2.7446314902869036e-234 
1.4847491451834285e-234 
1.1949425082399515e-229 
9.445494625017887e-196 
1.636935643453736e-215 
3.312266482533905e-196 
1.0972708723018497e-201 
2.585975184768609e-143 
4.035179019543918e-245 
1.5938591080721898e-223 
2.295232780667965e-239 
2.639814581104197e-191 
1.516841206847901e-206 
7.585518438317907e-164 
1.484498044900163e-218 
1.1166710908682828e-170 
7.259572177557049e-137 
5.98130344193952e-231 
1.6221923942157079e-226 
4.329886074589462e-260 
8.113774108255643e-173 
2.1360875936177897e-210 
5.996807252065419e-196 
1.0041041397958518e-177 
1.223774091259916e-224 
6.499160332933129e-134 
5.2473531483121794e-226 
1.6256357348922237e-221 
1.9452083178629896e-230 
2.14525574657309e-243 
2.4438723570308485e-202 
9.736387755653292e-162 
6.725463390896155e-162 
9.580703098078985e-190 
3.8228802954518537e-140 
1.1809050144398313e-212 
2.962647874096521e-213 
2.8150003094813862e-195 
1.3654600983883455e-207 
5.291657148372342e-181 
8.854504595296282e-217 
3.219870939857579e-211 
2.013960485791361e-166 
4.401934838094012e-181 
2.833240870880175e-247 
2.3419507532775354e-219 
9.931120674512386e-152 
2.018789367796658e-193 
4.261881614245929e-176 
1.303415708027353e-205 
2.759003886793342e-204 
4.26624774884136e-242 
2.4321805282402165e-221 
1.5507339089432378e-184 
4.2308367919115144e-201 
2.704032316722062e-229 
4.1645693991415944e-203 
2.364822475487081e-195 
1.00886541994405e-229 
2.9074368864467444e-226 
4.872310602592547e-231 
7.310095314541142e-188 
1.949525988196385e-216 
4.225282180303041e-244 
3.771968781952914e-200 
1.4269294376259538e-180 
4.0677500967104345e-122 
6.833555461599325e-99 
9.326482771807715e-220 
5.981389902782117e-195 
3.3790984587550058e-180 
8.579330190004952e-187 
6.142596351769013e-177 
2.5772301575673617e-223 
4.061012463893511e-236 
3.88842158551176e-192 
8.900473235829033e-189 
1.083582240297311e-191 
9.160362622143757e-46 
1.0413122179864363e-124 
3.787026340216446e-186 
2.182540076022397e-187 
6.8144396203313566e-217 
1.8783680451018487e-209 
1.3253381722395011e-145 
9.640144966170995e-237 
2.6878902182293764e-211 
2.2174209748190874e-208 
1.1891786168210918e-201 
1.4996394348196453e-197 
3.8877293730486274e-253 
3.758365930780252e-181 
1.6636473528017066e-226 
1.5428538182091071e-230 
1.6411940920443844e-243 
2.335205002400889e-221 
2.0126653303941208e-206 
5.019028856285595e-228 
4.718302150427943e-236 
3.918169821585775e-200 
5.320756361497131e-218 
1.424965739134319e-240 
5.032152601221765e-206 
8.876266098467325e-199 
2.4968967784268136e-203 
1.555449712905214e-231 
2.2766884138537565e-235 
1.54553435688108e-178 
2.128548678305193e-155 
1.420687213375009e-207 
1.7272270697448566e-32 
4.9107370291105864e-176 
1.6867340949036587e-112 
1.1251217164588892e-147 
1.6499102106152317e-221 
1.3821984365828167e-216 
1.9827410822177457e-227 
2.3562623352775446e-202 
2.731156806174724e-209 
1.2962305679163926e-202 
2.4098097688525027e-207 
4.136560712848033e-236 
2.0350090004717858e-199 
2.2496486741627945e-225 
1.3655586889302452e-207 
2.3661046570804554e-109 
7.955594893717597e-160 
5.2935801391124394e-114 
5.131973720733036e-183 
1.079382339047526e-131 
6.178912376750114e-167 
6.46499279204428e-211 
4.2276765253279193e-169 
1.539188967181711e-170 
4.395708015196649e-174 
7.392797388535967e-234 
3.609397716827002e-222 
4.3834650018003653e-206 
7.969297819501665e-216 
3.911131575340373e-193 
8.314772449020281e-210 
4.498881935177236e-207 
8.310450231502571e-133 
1.2670171829021468e-209 
1.3940502267963025e-199 
6.526254205974408e-225 
3.6066378207217324e-242 
4.2528963178454544e-229 
1.653751200868851e-156 
1.811639884113726e-172 
2.262960749790888e-189 
6.067457878916054e-141 
7.52865350670273e-159 
1.664221878814761e-241 
2.2167737179073481e-218 
6.764903332112537e-213 
3.7212359198669445e-241 
1.6149960311063422e-178 
1.7775528357438896e-214 
1.43024288550575e-185 
2.049861981014139e-196 
7.744031778339231e-181 
2.9066072305000967e-238 
3.693979013322627e-248 
6.34938118179937e-209 
1.0711431848418541e-216 
3.862078380255373e-240 
1.062512989148603e-227 
2.9159691339023435e-226 
1.667474652330667e-243 
1.725459098947274e-225 
5.132024590007088e-231 
2.584960066041101e-183 
1.5674859386150725e-118 
1.8007384978722504e-153 
2.042877276740695e-227 
5.132795535343004e-112 
5.186421866510892e-196 
3.890310033117224e-205 
6.069148635806563e-212 
3.027411044458844e-207 
8.102485453891075e-175 
7.400575776772173e-189 
6.3188890687372375e-145 
3.448089528688728e-239 
6.944239671883621e-220 
1.4723947733844024e-197 
1.3734884041224106e-227 
3.3009865956448845e-213 
1.4033321843430357e-164 
1.3725883999184744e-186 
3.420630819377591e-131 
2.508497470879503e-109 
1.0314330000273379e-162 
2.4666492441510404e-204 
6.49432785366272e-115 
5.882206324167999e-101 
6.97620125768025e-178 
4.889294180584536e-214 
4.4066559813623696e-126 
1.1200502616981353e-185 
4.972213554052189e-205 
4.0246692804082707e-156 
9.542393221380724e-248 
2.7814545084342315e-234 
1.5810776319840526e-183 
5.0741064565310436e-201 
4.762036722931105e-202 
3.480185894975234e-182 
1.3346451304854873e-194 
4.504722004632237e-214 
3.861031008095619e-175 
1.3757348778279574e-235 
7.714081200306843e-205 
8.54737274710619e-223 
8.210101486616679e-181 
3.617837396105227e-198 
1.1631517883499842e-194 
1.821448162801651e-132 
6.737603379180842e-229 
6.318000858045587e-206 
1.2031924424215414e-123 
2.019000042453255e-113 
6.570617420329707e-197 
3.251935630523682e-228 
2.1049334024472587e-154 
2.4379191119450657e-172 
2.4843445894740283e-171 
2.568324116601281e-200 
7.299212026361785e-173 
8.080339393486953e-109 
2.1992911326610473e-194 
6.59389105403511e-244 
1.2476914196038156e-159 
1.5711281106192957e-226 
1.5974073747982888e-180 
3.3175849480331423e-183 
1.1500495276495665e-113 
2.3798908141815642e-222 
5.400000624997535e-131 
1.9169299518946695e-31 
1.2616470809788051e-192 
3.318249293257212e-194 
7.882136918214364e-227 
4.02326129680884e-108 
3.4233974627220076e-218 
1.293786142289603e-153 
1.3198196883091507e-219 
1.3395887470501753e-149 
5.485800661241378e-227 
4.1342571315560473e-199 
4.240648783211896e-226 
1.7365335411213291e-137 
1.6960907976038275e-140 
7.456816483898512e-140 
2.357558858480863e-210 
3.01180271775644e-230 
2.899991977446399e-147 
2.1780808053135614e-186 
3.000892701053583e-184 
4.2997790723325366e-226 
9.438275561957109e-211 
3.4462930741328934e-218 
9.151059355340661e-141 
2.945023000431496e-185 
7.044718667195413e-202 
2.217679129034876e-215 
9.049887225858931e-221 
2.3621713566251864e-175 
1.1012118549007025e-239 
1.573042698040857e-214 
3.059017364941383e-209 
5.919709715523489e-210 
1.8902623451603367e-157 
7.172088456025652e-218 
2.230246848395982e-248 
2.2277840768512426e-218 
3.91566383552416e-235 
3.6838296622981065e-241 
6.599098820484155e-229 
9.677848374363348e-219 
9.301825897494611e-213 
1.2143238637000788e-254 
1.131469814776775e-207 
4.298339450194139e-210 
2.41819671127968e-190 
7.919680514094577e-219 
1.1937364506575642e-236 
2.638098995514383e-138 
5.920510838555684e-188 
2.131752067220285e-227 
2.349762694054496e-193 
3.669766062139969e-141 
4.219803314313614e-142 
2.346824212336502e-180 
8.194280027006707e-175 
9.623916023306958e-167 
8.377818884035332e-137 
1.4414555183847281e-195 
2.4900628334716944e-224 
4.7546504784140515e-198 
8.318633436582239e-208 
1.1061001409338892e-243 
1.558095886638799e-266 
6.127328036382605e-208 
1.3701549299577898e-183 
8.838413709150447e-214 
1.0928094741833699e-259 
1.7605901354446882e-208 
4.747314552494863e-209 
7.200868557657438e-181 
1.175060175765246e-179 
1.0196212219315445e-143 
1.9971504239377198e-135 
8.117616559780597e-233 
2.693417829397805e-199 
7.158151151509634e-123 
1.9403076852884757e-231 
3.238648923748895e-185 
7.76282386095839e-177 
5.330336140473655e-231 
4.078294340792448e-223 
3.1114204025621464e-228 
6.658822042299914e-156 
2.3170967249063757e-137 
1.1752824747920523e-242 
1.9810081369587117e-184 
2.6151059883957497e-149 
1.3133533840347228e-165 
1.838549251136131e-210 
2.081814219870988e-173 
9.160582244781644e-158 
1.8332014621202616e-163 
4.56745393735749e-210 
3.59641788313128e-231 
1.8996012245800533e-208 
3.798469779221259e-213 
1.0629643971426292e-223 
7.0203581239863445e-236 
1.523271133955395e-231 
7.745361838454244e-198 
9.812937609022964e-163 
7.243461530652742e-156 
2.8473009471283265e-179 
3.388484839208784e-215 
2.8844434700662696e-190 
5.937314966255116e-228 
7.034218393384325e-232 
3.7787255835805277e-239 
1.7175583799384353e-197 
1.4386509885970624e-223 
2.632114339877708e-229 
7.76078308238915e-234 
1.8719755124720685e-180 
7.969584643874804e-249 
4.229104915640728e-208 
4.570572305902018e-148 
8.757813459385076e-176 
1.4961686377482273e-157 
7.041945359009391e-208 
6.7294848255328575e-223 
8.836003169776139e-187 
5.840338490685672e-220 
4.6320885043037644e-170 
1.5791157981274515e-182 
2.877727200463504e-231 
4.3654846106675084e-243 
9.127422387716928e-207 
6.401144330287147e-198 
2.4327281514415588e-229 
4.4610170643678626e-253 
2.0201535740451317e-227 
7.851606988826685e-229 
2.7474037845868895e-140 
4.996286791187701e-233 
