t = 7000000
b = 105 105 105
E = -0.181539348701534 -0.526742970201187 0.345203621499653
29.5682605617372 45.239070918293 -57.9234250857172 0.501196029587253 0.156318790103507 -0.851097512501491 -0.355002196310774 0.934113519990679 -0.0374882966438425 0.472721950118038 -0.404808101530866 0.296281084242824 -0.108907781948017 -0.519349990159415 -0.265858339039563
29.6229453519761 45.7325750730009 -57.882148780371 -0.0698616189227133 -0.273735391903368 -0.959264452286686 -0.487763819589788 0.848196194443172 -0.206517970238674 0.0642491154984084 0.0353793727845277 -0.0456264221656697 0.234703430121432 0.300454230865374 0.551546988444261
29.5975299971417 46.1617290729999 -58.0806203706579 -0.712246563935993 -0.625421490178102 -0.31867348773553 -0.60142696210659 0.777837828679693 -0.182356577963044 -0.727364461378614 0.119081415205296 0.0530561031617952 -0.0154192747861562 0.0626456875436443 0.43779965924607
29.3161461099418 46.4595581566844 -58.3944731735908 -0.679223924643843 -0.699656374012366 0.221666006630475 -0.733915988187088 0.649428878761816 -0.199021239352753 0.117799135624236 -0.51735752025037 -0.0153219977565717 0.365165768950449 0.401277382608736 0.570934317635959
28.8405997627996 47.1610160309308 -58.6908414932494 -0.716432946533736 -0.611272991959907 0.336257583440839 0.153999356077816 0.331530021760028 0.930791084507895 0.59657790269552 0.171149644657463 0.023047855914189 0.457830379726357 -0.211257025037142 0.381066475024905
28.6312310465152 47.3588372001292 -58.3402401979118 0.00969873935994351 -0.936078131938257 0.351658449865359 0.136466526768804 0.349623714190786 0.926898131159578 0.85990429586978 0.0450090599813948 -0.0670704436926726 -0.554929297474979 0.342948933120846 0.0374471780059066
28.4550768757705 48.6128430397722 -58.764609414727 -0.0443213170424502 0.993966871657258 -0.100326860329587 0.796938795592344 -0.0253816802785214 -0.603526574713794 0.36694931827473 0.288937543892108 -0.336632776549153 0.2238290677132 0.168284859541796 0.549519338050792
28.6014121005387 48.625923844756 -59.2423882577722 0.34132263708672 0.835597821195731 0.430435986675376 0.63584039199638 0.131998981475766 -0.760449383453972 -0.504704193044905 0.184751345204883 0.0483823894333436 -0.0831174731478088 0.465312386381953 0.464986800306622
29.0076687920139 48.733900743429 -59.6871965585715 0.0786639791334506 0.667551778912328 0.74039624584279 0.790134495304278 0.411112932548157 -0.454613721770498 -0.298310893857638 0.350582622054346 -0.180271267798479 -0.1129895036184 -0.483680034300492 -0.0771150309846233
29.1044157693274 49.2366863816685 -59.921358101574 0.404711277499344 0.15264762268583 0.901613822627797 0.690046242633718 0.595990215312178 -0.410648080818061 -0.47598881217485 0.676487232409313 -0.315787104419312 0.451610139237911 0.116107293800617 0.236188664754089
29.3898853550818 49.488032263811 -60.8780431181042 0.601082306232375 -0.58355661283176 -0.546041885531956 -0.386990045626525 0.385270676129266 -0.837738151632807 0.162428706711506 0.250641137117323 0.318607871342297 -0.461679826074822 -0.163327657516254 -0.412868666518209
29.5739516913766 49.9782663809553 -61.5134215553268 0.638337681433465 -0.051082895695404 -0.768059595493678 -0.733297921934938 0.263086429533669 -0.626944725060527 -0.14835738306936 -0.779341146701293 -0.493922948147392 0.226264967545479 -0.3751544300045 0.157173354991816
28.2440481514439 49.9734992075779 -61.5371992616502 -0.589847827938377 -0.389627783445576 0.70729748355519 0.432665767871881 0.587067265839568 0.684216602174827 -0.239614283989709 -0.150413915308202 0.327152637917492 -0.357030615368015 0.315206038092171 -0.383446887723633
28.1796456012783 50.4506901306118 -61.2264053007974 -0.0199621539822989 -0.816471821347393 0.577040100299706 0.344443518553952 0.536206576766618 0.770610906721624 0.349683845806518 0.660780016766406 -0.313152431865735 0.250833021324929 -0.123731255655744 0.609206997253326
28.0407882239559 50.6548268510892 -60.7848695108185 0.739096955917775 -0.668450046729934 0.0831277617875798 0.41870017548322 0.552572411504133 0.720662121312589 -0.140744517040721 -0.169723528098297 -0.365492417203322 -0.213703688714193 0.0794474893079823 -0.35684134164411
28.2605575500733 50.9055420791917 -60.3470583416061 0.655964067911908 -0.707513747326093 -0.26293618798613 0.625058111198237 0.313919523790768 0.714672575525327 0.293916583522278 0.205090199107723 -0.17728921166321 -0.0154138858589155 0.461059803444142 0.05494313724877
28.5485708190579 50.7585702661781 -60.0728612066527 0.723922229844153 0.447852832702109 -0.524751794068443 0.374027405000251 0.384356931906386 0.844022066775743 0.2356918002982 0.680798835362561 0.521012078473499 -0.014685596416715 0.364704703768479 -0.720594658231806
29.0214697082947 51.0982919918376 -59.2378692578 0.829566800859116 -0.458646881099796 0.318530942562263 0.556489812525999 0.726257055888402 -0.403571279115174 0.676446337757568 0.34838166945718 -0.594315326466062 0.316832460115696 -0.406959729400848 -0.0363014635759413
29.3833562647394 51.5349323601001 -59.1453734545719 0.539921914363157 -0.719670968325608 -0.436529522186252 0.478336879114447 0.689077520720348 -0.544395077601996 0.260500684088954 -0.317363069833984 -0.0780284845832968 0.253093539120154 -0.179468638286202 -0.401531667679915
29.8170559608285 51.7432794784925 -59.2228486538019 -0.0953803656864952 -0.569687314072769 -0.816308121989522 0.592624749995469 0.626389737191238 -0.506390958484046 -0.255482572550951 0.105539836911898 0.545845827078179 -0.343837790810542 0.0397611906605492 -0.129764960287985
29.021724979314 52.554451669731 -58.2568300603799 -0.757702523259834 0.472416294070237 0.450232974516972 0.287053453170062 -0.378317543530467 0.88004326670915 0.154480679943805 0.469845468000819 0.280938695343588 0.131347782508722 0.127056472706002 0.271663654382052
29.0677996939775 52.717574174492 -57.8259956775191 -0.892575726794351 -0.444463276533461 0.0759010391950863 0.278321507071758 -0.410652702650177 0.868275012025439 -0.00508408875710399 0.231850251708705 -0.0412754536981431 0.617824500348116 0.16007736304161 -0.19144492161847
28.993282148524 52.6740243338455 -57.2615248469018 -0.334713138605179 -0.847230964740819 -0.412512796443102 0.240159926691264 -0.500004055003281 0.832057182284824 -0.0819871013998987 0.637625455414288 0.258915478897083 -0.115953552872387 -0.0774421342386741 0.188195900364194
30.2401163217539 52.4051749692456 -57.6318738235884 -0.588023163435766 -0.0889193174264921 -0.803941611220125 0.261938969766735 0.91944174701653 -0.293282883851982 -0.73515840772109 0.0627067201244561 -0.232172018361612 -0.133050811400248 -0.0377316083007794 0.34708877982592
30.0170582321211 52.1272611877882 -57.2458182397882 0.947257904705686 -0.124552326930438 -0.295278139774271 -0.223968449390815 -0.91631087802961 -0.331982693045866 -0.457082011749248 -0.156991279507562 0.135362305985477 0.212734184534188 -0.454349196317406 -0.419966933771262
30.0623704819228 51.7356011530082 -57.6791102413323 0.760644233509183 -0.337639456960232 0.554454639382675 -0.284044953504494 -0.941103878319055 -0.183417432653557 0.49033563089177 0.0859537589797809 -0.0973309740729384 0.531673463566399 -0.664434847788966 0.340599308301894
41.9328971007189 49.8336133084351 -62.3448359693975 0.270155105299534 -0.164435117670357 -0.948671339904852 -0.640203244570808 -0.766613428799025 -0.0494333533705163 0.194924142061868 0.142390686589407 0.229513187699099 -0.17747099047216 -0.266780007419901 -0.114860254091701
41.4390365914898 49.6007349304463 -62.493485903182 0.631634367975413 -0.128969016869838 -0.764463876112168 -0.624009430361805 -0.669720916062523 -0.402599211882442 -0.103381600295234 0.147812215266399 -0.306635401486019 0.384197637430797 0.227132270165532 -0.183384546251947
41.2067215823508 49.285991715534 -61.5090353093531 0.392424934212984 0.520137182908992 0.758590786895847 0.613022310376009 -0.762769108019194 0.205880875344761 0.304696922956398 0.479105846741787 0.394838228900538 -0.106246354526245 0.0862852709627509 0.135657600030465
41.0586369105108 48.6219278054323 -60.7614330557453 -0.686030878639262 0.639701826004 0.34661680190136 -0.696435539250623 -0.439487301706641 -0.567299260802362 0.383608737492458 0.335711603409161 -0.337621218725806 0.454241498084026 0.183824521399489 -0.478551220819484
42.0560574883846 48.9504717648226 -60.9079222061268 0.326803110509804 -0.943959592691847 0.0462602888691421 0.934202382469062 0.315241008633235 -0.167000045104621 -0.480831506052815 0.154725483260876 -0.311166405347285 -0.145645426360637 0.190084357004162 0.204715260697955
42.4917986553865 49.0533984587328 -60.7420637606827 0.107673339105181 -0.774840476151391 -0.622919488026175 0.803031379881436 0.437176155862676 -0.404990878503203 -0.289084896561069 -0.174456618325407 -0.127570329105937 0.0556205187243457 0.523185586272008 0.0514117718710737
42.0926055881186 50.2574252034054 -60.2213152818442 0.578462793794695 0.0186528962021475 0.815495472494291 0.781778874679758 -0.298016660107164 -0.54772973390439 0.756404001462191 0.553909621172874 -0.271781333452097 0.371841805568352 0.304999483633552 -0.351168997318804
41.1518000456998 50.0855549492349 -60.0675519758876 0.0247058311185831 -0.998883667591888 0.0402621475714693 -0.166982176482255 0.0355852914586716 0.985317532457918 -0.0891027933753685 -0.629508217442002 -0.336335208895756 -0.060200822983477 -0.0223224849811209 -0.390062898856261
40.8741260790323 49.9209231118911 -59.7290774305931 0.83983167254605 -0.525294764385122 0.136923965388442 -0.0490553701679487 0.177762047675619 0.982850052176723 -0.135825064429752 0.177724347976776 -0.999076369220418 0.110093239296799 -0.507088411055025 0.318307239543361
40.7151797360888 49.879421302726 -59.3963287462649 0.885627472954281 0.457599995527391 -0.0791594798013709 -0.0399419240056419 0.244881604507593 0.968729912040027 0.192051678485516 0.0519864312119689 -0.259273507361703 -0.0265783370357732 0.283701233467859 0.137390291676287
39.6538127399111 49.2707127238157 -59.4085714931965 0.343543488915244 -0.582001807353777 -0.73705614946301 0.936820497280949 0.157288664095639 0.312454207879313 -0.569849400047626 0.193483870218683 0.55012802791978 0.11062404172563 -0.0167660635347867 -0.193488440520301
38.5945277126039 50.2903251696615 -59.522078413214 -0.257590819240582 0.172338993271631 -0.950760874900263 -0.775983049990087 -0.623208097554947 0.0972726748375055 -0.198275232184293 -0.176947761355848 0.24968830782132 0.314460075024262 0.50808129242321 -0.11558125533776
38.0633963342046 50.2244261630438 -59.5075168626329 0.158329607750817 -0.388619174696389 -0.907693159811254 -0.819726203832327 -0.564209164500254 0.098574689674785 0.707969446130303 0.0149708074746917 0.0103954952657547 0.736001094640022 -0.373434946321413 0.119885155525884
37.8813888266943 50.6247216976207 -59.0563713766645 -0.172874100133298 0.544808391848965 0.820547598664337 -0.984918655549283 -0.101588676397956 -0.140053499700667 0.00171435522338828 0.489019648605523 0.439853101085447 0.478318789895606 0.0164852364658488 0.0881657654860218
36.8510261444316 50.2380209432126 -59.377128968055 -0.965042241199172 -0.189977519452226 0.18056028025104 -0.257181608470278 0.553632390676611 -0.792053531182166 0.141289662567106 0.53952362964526 -0.129469418527909 -0.224336321033411 0.00293994055949182 0.482295474073121
36.8572888097961 50.6055916111872 -58.3953952937431 0.0419423082838009 -0.621381606304749 0.782384651001473 -0.391835088245203 0.710110378945177 0.58498590866319 0.183868710211538 0.0776140555230592 0.249660641487915 -0.0466781129869868 0.298439654596261 -0.355030128867305
37.4000992083083 51.9531318728629 -58.1769060980779 0.986307428613168 -0.028852549460017 0.162373602078357 0.159315303077748 0.421129826236598 -0.892898820505085 -0.498994271967512 -0.174340594504697 -0.216331875545886 -0.118304261125284 0.155888217104905 -0.0973767138019934
37.4773450302684 52.2946460459284 -58.2857539796793 0.365105930177846 -0.772283717295562 -0.519880293672911 -0.104246016427026 0.521004326726428 -0.847164245935693 -0.41168376582907 0.165976021191961 0.0769456047397133 0.0385388101420754 0.0683813535638943 -0.340441246027683
37.6613044426305 52.6121738941412 -58.660996890188 -0.409714128349986 -0.799476751867081 -0.439284937432141 -0.128973693641299 0.52749017787952 -0.839714176722991 0.602547073530119 -0.0217114790292771 0.50777945337516 0.255998357229464 -0.0670937085733544 -0.170293268237741
38.4199323939079 53.1629509640839 -58.1796269663744 0.193713283561854 0.774305682367491 0.602433294253674 -0.97669053277408 0.0943295098890393 0.192814799104951 -0.0321792868720438 -0.026847703542757 0.22868890237105 0.210421156457343 -0.332869197699125 0.353030244890543
38.1935077520398 53.0388896810703 -57.7541726891649 -0.241168750739522 0.9609202241626 -0.135904217969887 -0.935954828307385 -0.193274743726743 0.294335578558536 -0.0325524734708479 -0.175323010984248 -0.185456990038822 -0.412307781777254 0.364707938818932 0.314216187929324
37.8915664018321 53.1984539821076 -57.3994898858707 -0.410524498680647 0.378160394041575 -0.829737520160012 -0.911592379848557 -0.148593284594149 0.383300624543424 0.927685614900647 -0.0461305464757331 0.460670426724229 0.0240500196174809 -0.343188407256627 0.0639477625459191
37.5704443254627 53.4973745971873 -57.2252484101716 -0.488878118291126 -0.600113421562652 -0.633136688809514 -0.767101424422249 -0.0498664318738721 0.63958482128768 -0.0798342934801302 0.227965539217023 0.597675941911588 0.177057992517064 -0.0247389659744191 0.803739420724586
37.6316811342686 52.7625341692442 -55.9635787428569 -0.314038403105873 0.348645522581572 0.883077675495697 -0.911610867190573 -0.370572740907267 -0.177880495042697 0.494711152413933 -0.32040757358706 0.358485240346849 0.0996235100793058 0.0463695610539641 -0.194752453696941
37.1052669575931 53.7653515909892 -56.205505190354 0.39721415311221 0.606411267460307 0.688829653299492 0.863030904849769 0.00842106699929233 -0.50508092708499 0.286365362925716 -0.00250838556017992 -0.195508885372295 -0.284817718214799 -0.160659593960602 -0.380555683294792
37.3195882528558 54.0644138015288 -56.5003959238213 0.591534677986027 -0.463640175546977 0.659639683735417 0.759597643839034 0.0461201227930002 -0.648756004787351 -0.231102532538662 0.169026461274619 0.321480195932485 0.117479936645509 0.437839530110872 0.358027494822863
