        0.1434 26   0.002227   0.002227   0.313445    0.011449   0.000000  -1.051915   0.000000  -0.455232  -0.172689   0.000000   0.061308
        0.1190 26   0.002926   0.002926   0.273277    0.054514   0.000000  -1.158241   0.000000  -0.358447  -0.125166   0.000000   0.060342
        0.2065 26   0.001762   0.001762   0.269687    0.045392   0.000000  -1.160255   0.000000  -0.340161  -0.120330   0.000000   0.059575
        0.2153 26   0.001870   0.001870   0.255023    0.054396   0.000000  -1.121204   0.000000  -0.316953  -0.110930   0.000000   0.059724
        0.1628 25   0.003015   0.003015   0.280205    0.035807   0.000000  -1.115071   0.000000  -0.322016  -0.112213   0.000000   0.060623
        0.1620 24   0.003340   0.003340   0.319098    0.060559   0.000000  -1.128300   0.000000  -0.299162  -0.113719   0.000000   0.058691
        0.1527 26   0.003859   0.003859   0.319297    0.058619   0.000000  -1.129396   0.000000  -0.325871  -0.107089   0.000000   0.062190
        0.1869 26   0.003488   0.003488   0.313115    0.043072   0.000000  -1.091404   0.000000  -0.325689  -0.118554   0.000000   0.057082
        0.2294 26   0.002979   0.002979   0.356009    0.065449   0.000000  -1.136099   0.000000  -0.297745  -0.100165   0.000000   0.056576
        0.2409 26   0.003068   0.003068   0.314044    0.046832   0.000000  -1.048788   0.000000  -0.302257  -0.091274   0.000000   0.057326
        0.1837 25   0.004604   0.004604   0.357913    0.054851   0.000000  -1.058356   0.000000  -0.316212  -0.104451   0.000000   0.061409
        0.1911 25   0.004808   0.004808   0.323767    0.035007   0.000000  -1.097751   0.001810  -0.275185  -0.104451   0.000000   0.058128
        0.2543 26   0.003764   0.003764   0.351341    0.061383   0.000000  -1.083937   0.000000  -0.321040  -0.107029   0.000000   0.054168
        0.1486 26   0.006734   0.006734   0.348499    0.042089   0.000000  -1.075449   0.000000  -0.292339  -0.101138   0.000000   0.060045
        0.1760 25   0.006423   0.006423   0.337870    0.052011   0.000000  -1.056440   0.000000  -0.290862  -0.106234   0.000000   0.057982
        0.1983 26   0.006260   0.006260   0.329302    0.044084   0.000000  -1.082071   0.000000  -0.337655  -0.114601   0.000000   0.058372
        0.1912 25   0.006901   0.006901   0.381063    0.039530   0.000000  -1.138704   0.000000  -0.283861  -0.099258   0.000000   0.059470
        0.1902 26   0.007392   0.007392   0.375621    0.053181   0.000000  -1.120139   0.000000  -0.312993  -0.093746   0.000000   0.058758
        0.2450 26   0.006309   0.006309   0.347264    0.059616   0.000000  -1.100719   0.000000  -0.322715  -0.109424   0.000000   0.060691
        0.2266 25   0.007277   0.007277   0.337384    0.059610   0.000000  -1.120978   0.000000  -0.312629  -0.112714   0.000000   0.059722
        0.2015 25   0.008522   0.008522   0.289034    0.043054   0.000000  -1.095919   0.003127  -0.280188  -0.099253   0.000000   0.057615
        0.2197 24   0.008459   0.008459   0.252137    0.046392   0.000000  -1.126688   0.000000  -0.271510  -0.092779   0.000000   0.058993
        0.2109 26   0.009259   0.009259   0.290115    0.062438   0.000000  -1.127370   0.000000  -0.335699  -0.109843   0.000000   0.058985
        0.1902 25   0.010503   0.010503   0.367556    0.028009   0.000000  -1.094051   0.000007  -0.300122  -0.114967   0.000000   0.058822
        0.2014 24   0.010678   0.010678   0.344993    0.050299   0.000000  -1.118633   0.000000  -0.276104  -0.091376   0.000000   0.059891
        0.2137 26   0.010814   0.010814   0.324009    0.035969   0.000000  -1.067027   0.000000  -0.293317  -0.109960   0.000000   0.057204
        0.2128 26   0.011425   0.011425   0.336323    0.039378   0.000000  -1.092930   0.000000  -0.323397  -0.102187   0.000000   0.059212
        0.2197 26   0.011765   0.011765   0.314089    0.040536   0.000000  -1.099136   0.000000  -0.317104  -0.108128   0.000000   0.058570
        0.2157 26   0.012522   0.012522   0.307026    0.053705   0.000000  -1.089324   0.000000  -0.315631  -0.111009   0.000000   0.058207
        0.1664 26   0.015134   0.015134   0.334301    0.047135   0.000000  -1.140495   0.000000  -0.319143  -0.119239   0.000000   0.058425
        0.1979 25   0.014501   0.014501   0.327421    0.034815   0.000000  -1.131527   0.000000  -0.311489  -0.123527   0.000000   0.059918
        0.2050 24   0.014875   0.014875   0.330250    0.036595   0.000000  -1.114052   0.000000  -0.301998  -0.110489   0.000000   0.059856
        0.2333 26   0.014377   0.014377   0.311645    0.042014   0.000000  -1.098998   0.000000  -0.305233  -0.101791   0.000000   0.059079
        0.1983 25   0.016539   0.016539   0.303701    0.043878   0.000000  -1.088288   0.000000  -0.324816  -0.109879   0.000000   0.058066
        0.1760 25   0.018260   0.018260   0.330301    0.051403   0.000000  -1.143291   0.003222  -0.309993  -0.110525   0.000000   0.061727
        0.1606 26   0.019740   0.019740   0.303873    0.045529   0.000000  -1.101569   0.000000  -0.309942  -0.119879   0.000000   0.062515
        0.2140 25   0.018005   0.018005   0.333830    0.056614   0.000000  -1.104901   0.000000  -0.289608  -0.118991   0.000000   0.055386
        0.2002 25   0.019399   0.019399   0.306231    0.043343   0.000000  -1.075573   0.000000  -0.293610  -0.109163   0.000000   0.058105
        0.1940 25   0.020471   0.020471   0.322428    0.047867   0.000000  -1.109819   0.000000  -0.316330  -0.109429   0.000000   0.058029
        0.2546 25   0.018369   0.018369   0.291340    0.047215   0.000000  -1.060644   0.000000  -0.303244  -0.115277   0.000000   0.053719
        0.1468 26   0.024523   0.024523   0.328926    0.039369   0.000000  -1.085231   0.000000  -0.311631  -0.111690   0.000000   0.059139
        0.2099 26   0.022088   0.022088   0.333000    0.037246   0.000000  -1.077589   0.000000  -0.318614  -0.117597   0.000000   0.059683
        0.2135 25   0.022728   0.022728   0.323061    0.046890   0.000000  -1.113558   0.000000  -0.337076  -0.127983   0.000000   0.057539
        0.1771 25   0.025503   0.025503   0.292885    0.051198   0.000000  -1.126109   0.000000  -0.345593  -0.129472   0.000000   0.059667
        0.1687 26   0.026851   0.026851   0.309230    0.041966   0.000000  -1.143832   0.000303  -0.334982  -0.110033   0.000000   0.060909
        0.1968 26   0.026193   0.026193   0.298139    0.037016   0.000000  -1.117775   0.000000  -0.322525  -0.113705   0.000000   0.058057
        0.2303 26   0.025249   0.025249   0.316823    0.047622   0.000000  -1.130079   0.000000  -0.314284  -0.102206   0.000000   0.057614
        0.1511 26   0.030662   0.030662   0.299386    0.061117   0.000000  -1.110945   0.000000  -0.324941  -0.106462   0.000000   0.059872
        0.2579 25   0.025506   0.025506   0.337287    0.043325   0.000000  -1.076611   0.000000  -0.299929  -0.106943   0.000000   0.055699
        0.2529 26   0.026672   0.026672   0.320076    0.043810   0.000000  -1.093226   0.000000  -0.320831  -0.104289   0.000000   0.057615
        0.1769 26   0.032033   0.032033   0.309717    0.047226   0.000000  -1.093953   0.000000  -0.327834  -0.124751   0.000000   0.059207
        0.2126 25   0.030855   0.030855   0.291694    0.040335   0.000000  -1.088307   0.000000  -0.313639  -0.116293   0.000000   0.057547
        0.2020 26   0.032474   0.032474   0.338841    0.049238   0.000000  -1.085341   0.000000  -0.329900  -0.113925   0.000000   0.056349
        0.1994 24   0.033632   0.033632   0.338332    0.039699   0.000000  -1.129939   0.000000  -0.292486  -0.102742   0.000000   0.059848
        0.2206 26   0.033323   0.033323   0.350521    0.064296   0.000000  -1.090735   0.000000  -0.307842  -0.097847   0.000000   0.055580
        0.1876 26   0.036442   0.036442   0.320520    0.062104   0.000000  -1.108250   0.000000  -0.301617  -0.108553   0.000000   0.059441
        0.1615 26   0.039236   0.039236   0.351772    0.059513   0.000000  -1.117095   0.000000  -0.302758  -0.101655   0.000000   0.058096
        0.2238 25   0.036197   0.036197   0.315335    0.063378   0.000000  -1.110257   0.000000  -0.280440  -0.095376   0.000000   0.058828
        0.2136 26   0.037919   0.037919   0.346060    0.039601   0.000000  -1.102729   0.000000  -0.309923  -0.114576   0.000000   0.056657
        0.2495 25   0.036628   0.036628   0.333790    0.039435   0.000000  -1.108543   0.000000  -0.304357  -0.100563   0.000000   0.058910
        0.1942 25   0.041425   0.041425   0.311246    0.043554   0.000000  -1.115514   0.000000  -0.310592  -0.104718   0.000000   0.058722
        0.2790 25   0.036812   0.036812   0.298337    0.040602   0.000000  -1.084315   0.000000  -0.298153  -0.106231   0.000000   0.057768
        0.1927 26   0.043799   0.043799   0.277730    0.051528   0.000000  -1.103735   0.000000  -0.317181  -0.105094   0.000000   0.057436
        0.2622 25   0.040091   0.040091   0.338916    0.050333   0.000000  -1.141326   0.000000  -0.322219  -0.114594   0.000000   0.056430
        0.2986 25   0.038726   0.038726   0.293120    0.060316   0.000000  -1.075635   0.000000  -0.330108  -0.110557   0.000000   0.057843
        0.1688 26   0.049101   0.049101   0.358534    0.051746   0.000000  -1.096233   0.000000  -0.334796  -0.111514   0.000000   0.057856
        0.1732 24   0.049989   0.049989   0.280763    0.041941   0.000000  -1.128070   0.000000  -0.286298  -0.084768   0.000000   0.061628
        0.2395 25   0.046258   0.046258   0.304002    0.041573   0.000000  -1.089714   0.000000  -0.287846  -0.096892   0.000000   0.058561
        0.2563 24   0.046212   0.046212   0.335447    0.061189   0.000000  -1.071498   0.000000  -0.303318  -0.108748   0.000000   0.057288
        0.2973 24   0.044417   0.044417   0.346868    0.044630   0.000000  -1.075872   0.000000  -0.310197  -0.106081   0.000000   0.058701
        0.4126 24   0.037603   0.037603   0.369528    0.029185   0.000000  -1.051191   0.000000  -0.325716  -0.110040   0.000000   0.057834
        0.3572 23   0.042469   0.042469   0.316654    0.031123   0.000000  -1.070521   0.000000  -0.271108  -0.103849   0.000000   0.059217
        0.2942 23   0.048190   0.048190   0.297390    0.069075   0.000000  -1.106266   0.000000  -0.291673  -0.103819   0.000000   0.060010
        0.3200 24   0.047479   0.047479   0.338519    0.051323   0.000000  -1.062477   0.000000  -0.280955  -0.105784   0.000000   0.057848
        0.2540 23   0.053755   0.053755   0.319552    0.066013   0.000000  -1.089452   0.000711  -0.291088  -0.109142   0.000000   0.060744
        0.2720 24   0.053617   0.053617   0.331842    0.043412   0.000676  -1.069135   0.000000  -0.301641  -0.101474   0.000000   0.057750
        0.2125 24   0.059730   0.059730   0.350067    0.051532   0.000000  -1.079371   0.000000  -0.308051  -0.114955   0.000000   0.059431
        0.3665 24   0.048842   0.048842   0.364146    0.049003   0.000000  -1.083514   0.000000  -0.292856  -0.103037   0.000000   0.058450
        0.2468 24   0.059576   0.059576   0.313585    0.061005   0.000000  -1.080989   0.000000  -0.288619  -0.098247   0.000000   0.058196
        0.3614 24   0.051697   0.051697   0.350211    0.050583   0.000000  -1.081098   0.000000  -0.292893  -0.099695   0.000000   0.057815
        0.2561 24   0.061504   0.061504   0.286849    0.058457   0.000000  -1.073674   0.000000  -0.277960  -0.091673   0.000000   0.060484
        0.2847 24   0.060461   0.060461   0.324643    0.053804   0.000000  -1.088359   0.000000  -0.296290  -0.097261   0.000000   0.060101
        0.2323 24   0.066326   0.066326   0.293444    0.046744   0.000000  -1.045179   0.000000  -0.280041  -0.106823   0.000000   0.061163
        0.3489 24   0.057831   0.057831   0.326606    0.034861   0.000000  -1.075846   0.000000  -0.282994  -0.104277   0.000000   0.056693
        0.3460 24   0.059398   0.059398   0.318256    0.044077   0.000000  -1.067403   0.001851  -0.296168  -0.096504   0.000000   0.059788
        0.2955 23   0.065050   0.065050   0.325072    0.053807   0.000000  -1.065614   0.000000  -0.300748  -0.101341   0.000000   0.060113
        0.3057 23   0.065573   0.065573   0.330745    0.040670   0.000000  -1.022425   0.000000  -0.289133  -0.097176   0.000000   0.061895
        0.4822 22   0.052370   0.052370   0.301310    0.051343   0.000000  -1.053079   0.000000  -0.268800  -0.086802   0.000000   0.056367
        0.5788 22   0.046306   0.046306   0.334048    0.059133   0.000000  -1.030596   0.000000  -0.285028  -0.091639   0.000000   0.055443
        0.4978 21   0.053679   0.053679   0.311679    0.065784   0.000000  -1.036858   0.000000  -0.255268  -0.090619   0.000000   0.060520
        0.6942 21   0.040435   0.040435   0.349491    0.040645   0.000000  -1.008595   0.000000  -0.266575  -0.101643   0.000000   0.054467
        0.6433 22   0.045146   0.045146   0.351047    0.046186   0.000000  -1.053195   0.000000  -0.266328  -0.097526   0.000000   0.057657
        0.6681 22   0.044526   0.044526   0.297775    0.035920   0.000000  -1.009473   0.000000  -0.257934  -0.096283   0.000000   0.057300
        0.6631 22   0.046055   0.046055   0.284688    0.043801   0.000000  -1.030432   0.000000  -0.280424  -0.102365   0.000000   0.057374
        0.6061 22   0.051546   0.051546   0.337357    0.043070   0.000000  -1.018876   0.000000  -0.285646  -0.105366   0.000000   0.052951
        0.6538 22   0.049147   0.049147   0.323546    0.048286   0.000000  -1.035299   0.000000  -0.270896  -0.089626   0.000000   0.059273
        0.6248 21   0.052608   0.052608   0.295995    0.048724   0.000000  -1.052717   0.000000  -0.243819  -0.086243   0.000000   0.057309
        0.7785 20   0.042438   0.042438   0.320671    0.048728   0.000000  -1.028571   0.000000  -0.245334  -0.084255   0.000000   0.055375
        0.7018 20   0.049187   0.049187   0.346219    0.038687   0.000000  -1.005170   0.000000  -0.252108  -0.084844   0.000000   0.059334
        0.7706 21   0.045301   0.045301   0.321895    0.078185   0.000000  -1.007137   0.000000  -0.277331  -0.092996   0.000000   0.057387
        0.7217 21   0.050131   0.050131   0.305749    0.044601   0.000000  -0.980637   0.000000  -0.249731  -0.092422   0.000000   0.055926
