        0.1434 26   0.002227   0.002227   0.335144    0.011449   0.000000  -1.051915   0.000000  -0.455232  -0.172689   0.000000   0.061308
        0.2276 26   0.002002   0.002002   0.323310    0.034659   0.000000  -1.168179   0.000000  -0.329079  -0.110379   0.000000   0.059471
        0.2216 26   0.003318   0.003318   0.299454    0.048821   0.000000  -1.124676   0.000000  -0.302750  -0.108347   0.000000   0.058356
        0.1529 26   0.006579   0.006579   0.294612    0.068095   0.000000  -1.061225   0.000000  -0.320798  -0.112312   0.000000   0.058323
        0.1971 26   0.007303   0.007303   0.323211    0.043427   0.000000  -1.081743   0.000253  -0.312420  -0.114609   0.000000   0.056757
        0.1964 26   0.009489   0.009489   0.332358    0.051181   0.000000  -1.098265   0.000000  -0.322455  -0.119645   0.000000   0.057966
        0.1962 26   0.011944   0.011944   0.341756    0.046464   0.000000  -1.113662   0.000000  -0.313797  -0.106261   0.000000   0.058175
        0.2667 26   0.011917   0.011917   0.329408    0.049689   0.000000  -1.104714   0.000000  -0.296719  -0.105176   0.000000   0.056605
        0.2499 25   0.015340   0.015340   0.331888    0.044109   0.000000  -1.084481   0.000000  -0.322860  -0.112747   0.000000   0.058739
        0.2814 25   0.016992   0.016992   0.356545    0.041683   0.000000  -1.091605   0.000000  -0.315733  -0.103221   0.000000   0.056556
        0.2392 25   0.022312   0.022312   0.300759    0.046922   0.000000  -1.061959   0.000000  -0.306278  -0.116235   0.000000   0.057311
        0.2585 25   0.024943   0.024943   0.319256    0.059834   0.000000  -1.097365   0.000000  -0.307957  -0.105018   0.000000   0.058506
        0.2441 25   0.029662   0.029662   0.317946    0.060374   0.000000  -1.088409   0.000000  -0.327536  -0.112371   0.000000   0.056181
        0.2734 25   0.032077   0.032077   0.313036    0.046593   0.000000  -1.084646   0.000000  -0.305610  -0.114567   0.000000   0.057060
        0.3251 25   0.033179   0.033179   0.341837    0.045091   0.000000  -1.081023   0.000000  -0.314839  -0.103545   0.000000   0.055640
        0.2208 24   0.044823   0.044823   0.367873    0.046623   0.000000  -1.045675   0.000000  -0.293427  -0.119226   0.000000   0.058664
        0.3079 25   0.043588   0.043588   0.319223    0.050039   0.000000  -0.991123   0.000000  -0.303265  -0.108391   0.000000   0.055629
        0.2238 23   0.055175   0.055175   0.321921    0.039144   0.000000  -1.038563   0.000000  -0.281386  -0.100583   0.000000   0.058247
        0.2658 24   0.057410   0.057410   0.372434    0.052794   0.000000  -1.052195   0.000007  -0.298408  -0.105391   0.000000   0.060584
        0.2945 23   0.060798   0.060798   0.340143    0.054406   0.000000  -1.046911   0.000000  -0.275049  -0.095306   0.000000   0.059054
        0.2853 25   0.067588   0.067588   0.373532    0.049383   0.000000  -1.043175   0.000000  -0.288747  -0.102232   0.000000   0.059616
        0.3365 24   0.069241   0.069241   0.362921    0.047478   0.000000  -1.057720   0.000001  -0.281249  -0.107717   0.000000   0.056827
        0.2926 24   0.079771   0.079771   0.340967    0.047381   0.000000  -1.057844   0.000000  -0.299861  -0.119308   0.000000   0.056309
        0.3178 25   0.084100   0.084100   0.297741    0.056136   0.000000  -1.048503   0.000000  -0.319494  -0.100625   0.000000   0.057716
        0.3535 24   0.087485   0.087485   0.301788    0.055212   0.000000  -1.088884   0.000000  -0.275025  -0.100080   0.000000   0.056188
        0.2562 24   0.105076   0.105076   0.306931    0.060059   0.000000  -1.086213   0.000000  -0.290824  -0.102414   0.000000   0.058957
        0.2240 23   0.116595   0.116595   0.309573    0.035129   0.000000  -1.093786   0.000000  -0.256163  -0.092937   0.000000   0.060503
        0.3519 25   0.109949   0.109949   0.338752    0.053282   0.000000  -1.076478   0.000000  -0.314542  -0.109158   0.000000   0.057255
        0.3145 25   0.122340   0.122340   0.295351    0.051577   0.000000  -1.063739   0.000000  -0.318342  -0.115985   0.000000   0.057139
        0.3011 25   0.132421   0.132421   0.346834    0.045805   0.000000  -1.105126   0.000000  -0.308083  -0.105159   0.000000   0.056580
        0.3021 23   0.141058   0.141058   0.363011    0.038920   0.000000  -1.053748   0.000000  -0.310827  -0.108281   0.000000   0.056515
        0.2563 25   0.156174   0.156174   0.323349    0.046459   0.000000  -1.069539   0.000000  -0.314348  -0.100015   0.000000   0.059034
        0.2479 24   0.166842   0.166842   0.336061    0.052528   0.000000  -1.077221   0.000000  -0.298220  -0.113576   0.000000   0.059457
        0.2812 25   0.171932   0.171932   0.384403    0.053160   0.000000  -1.089537   0.000000  -0.319871  -0.107356   0.000000   0.057069
        0.2699 24   0.183540   0.183540   0.350513    0.052006   0.000002  -1.077046   0.002071  -0.278051  -0.104946   0.000000   0.058795
        0.3055 24   0.188550   0.188550   0.354091    0.054886   0.000000  -1.066168   0.000810  -0.272684  -0.112725   0.000000   0.060330
        0.4745 23   0.174182   0.174182   0.323202    0.056179   0.000000  -1.031876   0.000000  -0.279584  -0.100444   0.000000   0.057437
        0.5875 23   0.168111   0.168111   0.311750    0.040629   0.000000  -1.030832   0.000000  -0.274758  -0.092745   0.000000   0.057177
        0.4718 24   0.194930   0.194930   0.330254    0.034072   0.000000  -0.991415   0.000000  -0.300409  -0.100143   0.000000   0.056789
        0.5702 22   0.190644   0.190644   0.314472    0.049126   0.000000  -1.021858   0.000000  -0.275562  -0.095158   0.000000   0.054515
        0.6191 23   0.193753   0.193753   0.307614    0.046673   0.000000  -1.039044   0.000000  -0.274172  -0.089013   0.000000   0.057498
        1.1568 20   0.130096   0.130096   0.319214    0.052019   0.000000  -1.002298   0.000000  -0.246506  -0.080268   0.000000   0.060733
        1.5218 20   0.096437   0.096437   0.330953    0.057500   0.000000  -0.972043   0.000000  -0.235621  -0.093186   0.000000   0.054149
        1.6892 19   0.086409   0.086409   0.300806    0.056993   0.000000  -0.972713   0.000000  -0.200219  -0.066827   0.000000   0.053008
        1.7534 19   0.086964   0.086964   0.382401    0.051010   0.000000  -1.003426   0.000000  -0.226966  -0.081786   0.000000   0.049746
        2.2290 17   0.051060   0.051060   0.302616    0.047866   0.000000  -0.944759   0.002845  -0.190695  -0.071474   0.000000   0.051053
        2.5186 17   0.035579   0.035579   0.330940    0.049502   0.000000  -0.924853   0.000000  -0.216031  -0.072812   0.000000   0.049872
        2.2156 18   0.063471   0.063471   0.344013    0.050168   0.000000  -0.984902   0.000000  -0.225709  -0.080931   0.000000   0.047013
        2.5651 18   0.041785   0.041785   0.307579    0.056345   0.000000  -0.930700   0.000000  -0.223032  -0.075445   0.000000   0.048131
        2.8976 16   0.025530   0.025530   0.326999    0.077215   0.000000  -0.935502   0.000000  -0.187642  -0.065459   0.000000   0.048802
        3.3070 15   0.010425   0.010425   0.318959    0.041837   0.000000  -0.891751   0.000000  -0.173359  -0.067652   0.000000   0.046983
        3.3647 15   0.010848   0.010848   0.327334    0.067903   0.000000  -0.900774   0.000000  -0.162852  -0.055199   0.000000   0.046100
        3.6632 15   0.004264   0.004264   0.327015    0.042272   0.000000  -0.844227   0.000000  -0.189376  -0.059798   0.000000   0.042209
        3.6049 14   0.007577   0.007577   0.317345    0.057784   0.000000  -0.888540   0.000063  -0.173992  -0.064546   0.000000   0.044347
        3.5859 15   0.010426   0.010426   0.370773    0.045684   0.000000  -0.920566   0.000000  -0.167187  -0.060527   0.000000   0.045854
        3.5416 14   0.014758   0.014758   0.354587    0.058554   0.000000  -0.855559   0.000000  -0.167702  -0.062299   0.000000   0.041849
        3.5763 14   0.016237   0.016237   0.305801    0.039191   0.000000  -0.845940   0.000000  -0.178484  -0.061240   0.000000   0.048044
        3.9957 14   0.004630   0.004630   0.292002    0.040978   0.000000  -0.783747   0.000000  -0.166013  -0.060043   0.000000   0.044147
        4.1372 14   0.003120   0.003120   0.299017    0.035439   0.000000  -0.826472   0.000000  -0.154516  -0.056693   0.000000   0.045597
        3.6291 14   0.023715   0.023715   0.319811    0.060163   0.000000  -0.856893   0.000000  -0.178825  -0.050355   0.000000   0.044434
        3.9293 14   0.013192   0.013192   0.308389    0.040899   0.000000  -0.852448   0.000000  -0.168307  -0.053058   0.000000   0.044384
        4.3311 14   0.003416   0.003416   0.321003    0.058616   0.000000  -0.830144   0.000733  -0.162848  -0.056263   0.000000   0.040977
        4.1692 14   0.009564   0.009564   0.320731    0.044958   0.000000  -0.809378   0.000000  -0.176948  -0.060335   0.000000   0.045462
        4.0554 14   0.016632   0.016632   0.372642    0.051207   0.000000  -0.824222   0.000000  -0.168242  -0.050188   0.000000   0.046004
        4.4489 14   0.005473   0.005473   0.336601    0.058901   0.000000  -0.794376   0.000000  -0.176142  -0.054173   0.000000   0.041558
        4.3237 14   0.011468   0.011468   0.391731    0.074494   0.000000  -0.812383   0.000000  -0.183554  -0.063494   0.000000   0.042708
        4.4275 13   0.010263   0.010263   0.332168    0.036845   0.000000  -0.778085   0.000000  -0.140993  -0.054839   0.000000   0.041709
        4.6272 13   0.006276   0.006276   0.386759    0.057492   0.000000  -0.782694   0.000000  -0.159589  -0.057600   0.000000   0.043435
        4.6000 13   0.009156   0.009156   0.329671    0.051370   0.000000  -0.768614   0.000000  -0.158065  -0.059628   0.000000   0.043590
        4.6927 12   0.008425   0.008425   0.333981    0.056983   0.000000  -0.784904   0.006789  -0.141037  -0.051449   0.000000   0.039815
        4.8891 13   0.004940   0.004940   0.348136    0.051943   0.000000  -0.817980   0.000000  -0.163048  -0.058735   0.000000   0.043150
        4.6854 12   0.013624   0.013624   0.298066    0.038334   0.000409  -0.759876   0.000000  -0.144007  -0.052819   0.000000   0.038897
        5.3009 13   0.000578   0.000578   0.369666    0.062202   0.000000  -0.810896   0.000000  -0.141739  -0.038459   0.000000   0.042618
        5.0461 13   0.006263   0.006263   0.356188    0.056454   0.000000  -0.768742   0.000000  -0.148483  -0.052726   0.000000   0.039264
        4.9024 13   0.013318   0.013318   0.390995    0.051859   0.000000  -0.861023   0.000000  -0.159254  -0.052098   0.000000   0.043107
        5.0840 11   0.009292   0.009292   0.298335    0.042757   0.000000  -0.808570   0.000000  -0.128521  -0.046817   0.000000   0.043954
        5.4866 11   0.001590   0.001590   0.380002    0.036762   0.000000  -0.811015   0.000000  -0.138927  -0.052590   0.000000   0.040203
        5.3502 12   0.005606   0.005606   0.350069    0.071820   0.000000  -0.775512   0.000000  -0.152663  -0.056605   0.000000   0.039731
        5.3771 11   0.006748   0.006748   0.365787    0.050142   0.000000  -0.810549   0.000000  -0.131108  -0.039343   0.000000   0.038339
        5.2356 12   0.013929   0.013929   0.305577    0.046991   0.000000  -0.787735   0.000000  -0.145078  -0.060978   0.000000   0.040959
        5.5550 12   0.005719   0.005719   0.294578    0.032115   0.000000  -0.777349   0.000000  -0.142497  -0.048454   0.000000   0.038661
        6.1245 12   0.000086   0.000086   0.335072    0.047432   0.000000  -0.798077   0.000000  -0.153422  -0.056226  -0.005785   0.036472
        5.7043 11   0.005471   0.005471   0.323632    0.050000   0.000000  -0.804426   0.000770  -0.137665  -0.044399   0.000000   0.038980
        5.8180 12   0.004422   0.004422   0.305147    0.044313   0.000000  -0.800799   0.000000  -0.148271  -0.052335   0.000000   0.038984
        5.9743 12   0.002681   0.002681   0.292859    0.035728   0.000000  -0.788887   0.000000  -0.152058  -0.048646   0.000000   0.036051
        5.9173 12   0.005374   0.005374   0.293172    0.046233   0.000000  -0.803793   0.000000  -0.151749  -0.054086   0.000000   0.039742
        5.6746 12   0.015973   0.015973   0.300595    0.054357   0.000000  -0.811369   0.000000  -0.151002  -0.046803   0.000000   0.039159
        5.8818 12   0.010615   0.010615   0.289964    0.039850   0.000000  -0.835200   0.000000  -0.142241  -0.050200   0.000000   0.036002
        5.8615 11   0.014001   0.014001   0.311750    0.053503   0.000000  -0.849139   0.000000  -0.127447  -0.039499   0.000000   0.041949
        5.8111 12   0.019246   0.019246   0.291922    0.037565   0.000000  -0.810988   0.000000  -0.146424  -0.048451   0.000000   0.037991
        6.0535 12   0.011970   0.011970   0.297377    0.039099   0.000000  -0.769736   0.000000  -0.146090  -0.057113   0.000000   0.036480
        6.1403 11   0.011342   0.011342   0.346168    0.036766   0.000000  -0.777085   0.000000  -0.126700  -0.047209   0.000000   0.039264
        6.3373 11   0.007205   0.007205   0.327297    0.052869   0.000000  -0.771880   0.000000  -0.131186  -0.048617   0.000000   0.036798
        6.4983 12   0.004815   0.004815   0.287414    0.051902   0.000000  -0.750990   0.000000  -0.147592  -0.048838   0.000000   0.036061
        6.6079 9   0.003921   0.003921   0.301567    0.049294   0.000000  -0.730570   0.000000  -0.106369  -0.043415   0.000000   0.033497
        6.2198 11   0.019704   0.019704   0.346451    0.052340   0.000000  -0.773277   0.000000  -0.124207  -0.038790   0.000000   0.039005
        6.4966 11   0.011067   0.011067   0.296928    0.062326   0.000000  -0.747705   0.000000  -0.127558  -0.041323   0.000000   0.035573
        6.3233 10   0.021456   0.021456   0.301973    0.045467   0.000000  -0.764279   0.000000  -0.120677  -0.042444   0.000000   0.041395
        6.6369 11   0.011040   0.011040   0.374053    0.049615   0.000000  -0.758648   0.000000  -0.118589  -0.042537   0.000000   0.035955
        6.8038 11   0.007843   0.007843   0.310045    0.059591   0.000000  -0.720863   0.000000  -0.135973  -0.052195   0.000000   0.035834
        6.8578 10   0.008325   0.008325   0.335021    0.037582   0.000000  -0.730370   0.000989  -0.125433  -0.040081   0.000000   0.035492
