t = 1000000
b = 105 105 105
E = -0.486800025644205 -0.821820952138301 0.335020926494096
-6.03914140222509 22.3100807572979 10.8497974812471 0.129668784260808 0.818445723279295 0.559761203044786 0.235610076175302 -0.57379091999287 0.784379928439348 -0.0526265399591377 0.00716418232747641 -0.780546534252584 0.209519896738705 -0.0648292866843781 -0.0126192543890066
-5.64145469401836 22.1456059579468 11.202998066448 -0.673772743868994 0.480621973941673 0.561277834751744 0.237738504543866 -0.578193948795543 0.780494818069624 0.0457001570807598 -0.198406381558417 0.188649385368969 -0.0181896333497436 0.543123607853606 0.357903882945586
-5.55033302539931 21.9786208931642 11.7248707104129 -0.939932001967443 0.278159450638811 0.197876607252229 0.0709014227563434 -0.407947121597866 0.910248391501514 -0.38416773116383 0.5684966079991 -0.167228173949105 -0.125114810395968 0.265402337941646 -0.00711451418362856
-5.59419720980645 22.0277483419537 12.3425273713814 -0.983501536118511 -0.0245351778390266 -0.179228216252387 -0.151788765832947 -0.427061302361974 0.891391504666697 -0.106950008053246 -0.194581755424261 -0.0128795065116145 0.323529738509955 0.204826544264609 0.802637654301191
-5.71737333681506 22.1195425501842 12.7750911550885 -0.641612279205599 -0.688397133314182 -0.338294354102206 -0.142225314154702 -0.326622836579751 0.934392574156194 -0.437013433581999 -0.0294109547773775 -0.0419562696775403 -0.477636094764147 -0.361812312679646 -0.00842271707670333
-6.01791510568954 22.047983764044 13.1834997562973 -0.223435330531709 -0.855493007321793 -0.467127784972786 -0.243885171419587 -0.414931954212797 0.876556613422535 0.332187395409271 0.0381469274864676 -0.659532623235552 -0.41009981671954 0.252942797652702 0.464981542538219
-6.43795348333553 21.8677392348845 13.4335928569574 0.323415403622226 -0.887079091886408 -0.329383001136684 -0.372260871883944 -0.439298185195887 0.817581156673483 -0.573783357934058 -0.199989669521086 -0.271500775564867 0.103871521683771 0.1753568949129 -0.309284702249707
-6.79680390664546 21.4040486692201 13.5955760266266 0.816084292047215 -0.569788150685187 -0.0966844952025444 -0.313671379787402 -0.577194517484891 0.753960711501361 0.274851204903345 0.411062729850827 -0.151146968125723 0.186699469256772 -0.255566382830742 -0.186453966116197
-6.93986409405199 20.8457691708947 13.8983531974206 0.991947526900606 0.0686706566565956 0.106416374633547 -0.0445321494438486 -0.597473110555589 0.800651465888302 -0.165304154109252 0.126360352773302 -0.356056624536564 0.562395011362243 0.184375873026355 -0.716524586505591
-6.84803876803099 20.3727732177151 14.0789246159836 0.610571272053859 0.633372492575577 0.475438752512784 -0.089630616979548 -0.541209445634855 0.836097296045981 0.186327593094254 0.769318965038426 0.360652695199146 0.335436868811686 -0.099720673072203 -0.414968932817891
-7.09410838156922 19.7219585718143 13.7103697431563 0.414765547583506 0.0979894317557895 0.904636729191234 -0.174503415830025 -0.967165190326422 0.18477026948194 -0.366315365407761 -0.0935168462363117 0.0392049059672439 0.151359588893893 -0.190279883823844 -0.433523871068497
-7.72902209134202 18.9642538524711 13.0072642855351 0.335542501172069 -0.64038361058672 -0.690883536639288 -0.819288303791946 -0.560361607479528 0.121497095161509 -0.271861763682902 0.448636009785387 0.380102232618937 -0.057596236590602 -0.431022541163942 -0.631515264574422
-8.25653307357905 18.1130857179051 13.6613008686107 -0.574556325226334 0.583331115743587 0.57411657226354 -0.381146399218197 0.43005840353371 -0.818399164169284 0.60814658270447 -0.251188279534831 -0.0303359887575581 0.192761291352038 0.0929774982250355 -0.374180553671198
-7.20639290415887 17.2008822267992 13.4788404288897 0.836701420187219 -0.528974699968173 -0.141832648745624 0.529817700846503 0.716261769472352 0.454161074358122 -0.380700750918946 -0.305146921789929 0.382027411396174 0.189828163817683 0.679290667403943 0.574606428760129
-8.06988648978915 17.0502708037798 13.5574609757869 0.472011886330499 0.332821974794472 0.816354281091663 -0.378922950225519 0.912691798569277 -0.153006792714628 -0.197021616207532 0.677464008963972 0.0409312245217468 0.0958920494224292 0.264737892426163 0.146794104163269
-7.67722070127521 16.6474785238477 12.3549314510376 0.32347973097811 0.0591799536082516 -0.944382653767715 -0.711746084653194 -0.642441578878612 -0.284053390595548 -0.00934574414431688 -0.22528362372711 -0.130044599135551 0.443877038444884 -0.55668824251367 0.430879482089192
-8.02641775245391 16.2951362938743 12.0857422991943 0.717463784867577 0.129811444816769 -0.684393677789428 -0.462075187328824 -0.64652804542331 -0.607032130728015 -0.155433310527314 -0.439867308116939 0.173593048237137 0.569242170359558 0.0111306162524094 0.379908586212219
-8.28094814355604 15.9721750259345 11.5759659568021 0.986026901550377 -0.0323269925539333 -0.163419444899721 -0.108008745149431 -0.870917577998566 -0.479412852669156 0.129275905832504 -0.681584079245189 -0.0377145725318788 -0.0651450682969194 -0.107204669087592 0.429117282822164
-8.24296893730829 15.8127453872556 11.1211536013079 0.579452150901802 -0.580857976427233 0.571698535974949 -0.281607351890716 -0.800956202508196 -0.528362054868311 -0.231024795392764 -0.0752445433300113 -0.0948042265476799 0.133041244593282 -0.0223348531581435 -0.654345366100864
-8.08734351374834 15.5317661440622 10.7475834485794 -0.282914012165312 -0.53794819922719 0.794085257808454 -0.244933936578494 -0.759938761217851 -0.602080099248339 -0.240193659543246 -0.0929156660390913 0.152609468619918 -0.291315067479262 -0.0949412623250692 0.0385874357546827
-8.0018059437038 15.0124732020607 10.5466462833165 -0.614710573896261 -0.0790151423324173 0.784785013632535 -0.366389737983645 -0.852503975435716 -0.372821045230375 0.383784668097625 -0.542158932265202 0.510522723058139 0.0432629314550138 -0.206627378567572 0.104079866034949
-8.10311411038692 14.5342285912445 10.5333441081593 -0.793277674158987 0.597309486813652 0.118033506443395 -0.551845133958176 -0.623445837026416 -0.55387926159156 0.0649396939042822 0.305203148546267 -0.188604889542675 0.144426851857681 0.00264447658920269 -0.363977128117039
-7.77394878540072 13.4619877742503 10.6711301029691 -0.318355541560433 -0.765453436420411 0.559223377399241 -0.740265042449371 -0.167761799759631 -0.651048113021521 -0.365894161094084 -0.0917721700019492 0.708758504091739 0.6705790139878 -0.312434445869861 -0.259570420032911
-7.37021393323201 13.9419780753425 11.1201397539178 -0.385062315829724 0.88657850219636 -0.256330982074109 -0.812478981775641 -0.193920774744676 0.549793267779054 -0.348131777980176 -0.538194615591629 -0.36255468339909 0.287854340176065 -0.282448353026287 0.440156844486929
-7.54164258365163 13.5821295977851 12.0951234100472 0.366021725330643 0.526518173019836 0.76733741604718 -0.0827850401517047 0.839709506728611 -0.536688532984294 -0.0339219699408885 -0.0447841676399947 -0.599833315623178 0.360294862301868 -1.22246600902824 0.484738249694877
-7.91337642731102 13.4752284211061 11.2389090355778 0.0574076287375526 -0.998037536350082 -0.0250088024296395 -0.993550516300977 -0.0595672211994625 0.096483769187606 -0.0189301956785675 0.186729973319643 0.0785532361501786 0.344516877968769 -0.093781493055952 0.218876854817157
-5.69966341482499 28.8521595838363 20.7736759752901 -0.187748777403055 -0.246763516937868 0.950714554055096 0.284454983306839 -0.940108001222115 -0.187835855230385 -0.337840226822142 0.351422566504313 0.0586101671205948 -0.653466383026789 0.53303888389168 -0.460795032015357
-5.7598846640387 28.3904780591399 20.4743484989292 -0.364351377957837 -0.127827080443582 0.922446914941725 0.931194865965142 -0.0381545241858825 0.362519453111736 0.0700142506597043 0.620158545693462 -0.113957629071898 -0.230829627650727 0.460157287071008 0.319646011017226
-5.20143925565415 27.950089050463 19.0050932683636 0.664527600589289 -0.341603262466697 -0.664612879146352 -0.657387162269524 -0.690135234686671 -0.302581355551354 -0.109628912952248 -0.116172281297447 -0.139208969584727 0.384505491264655 -0.052571926728064 -0.895542041941657
-5.55092017290948 27.5997690323072 18.7723626872642 0.888175760179055 -0.384743677628071 -0.251229221141836 -0.457049317684073 -0.683262891339791 -0.569436337550166 0.0767862871319534 -0.236865648480745 0.223391999459439 -0.148451307636815 0.644702545595968 0.306091910306972
-5.62508388618264 27.4205038559548 18.297908724071 0.519306842482772 -0.672561955271683 0.527238863961598 -0.477703919613103 -0.7400165981309 -0.473470590086562 -0.502935744284674 0.225293397970322 0.292450576508024 0.198281517836439 -0.191548089173609 0.239061465766589
-5.6508732778862 27.0666485609611 17.9291461941294 -0.038335173939299 -0.48747280477496 0.872296210609589 -0.58458953011316 -0.697028854055046 -0.4152178439045 -0.0536354683286586 0.0781938988180566 -0.180073570197946 0.0920184836707938 0.341134150759011 0.0202573376500768
-5.71037570336997 26.5941941540647 17.8563023511794 -0.713083390411448 0.196671408038144 0.672928254407233 -0.659874844464079 -0.512493237489054 -0.549468717190986 0.186183017797591 -0.464881682686638 0.205760437183906 -0.160802860930727 0.886100774222476 0.235912632631076
-5.94875898887572 26.2029423743651 17.7421115467798 -0.55150505929631 0.813812872148267 0.183168716478082 -0.60472659596896 -0.238802075118056 -0.759788992449246 0.178933938541329 0.225618503145081 -0.0762632144214407 0.0949787001519163 -0.248864036966899 -0.132466803441004
-5.36921306879244 25.1865485800849 17.1055426333054 0.525496452431554 -0.451559907077644 0.721073594581017 -0.683632471194399 -0.728621318349792 0.0419239642084327 -0.169487771296022 -0.449436240675472 0.566755052765014 0.0531842292553149 0.383139450641745 0.308275420376185
-5.98066544754434 24.6974247710174 16.8105646242913 0.424525435798715 -0.655149576527159 0.624945747034277 -0.693557207264734 -0.679004853421077 -0.240688199299185 -0.375212350345005 -0.305062122021075 0.177484950444503 -0.327015817528296 0.0651083860617072 -0.164498166733643
-6.0654658755664 24.2570159715631 16.506937535794 -0.05344576838651 -0.263093007191745 0.963288959455236 -0.684489406108477 -0.692723887132922 -0.227173654107986 0.661459866887885 0.293990633932302 -0.16247938704918 0.17012145545986 -0.0733807425051388 -0.401696359767056
-6.14596095905318 23.7700557151584 16.495460813501 -0.547584594000604 0.115669073918178 0.82871694670267 -0.534840815605431 -0.810050997082347 -0.240338686208736 0.145212247270065 -0.385667198862369 -0.13526230442916 -0.425771120990778 0.168592455073425 -0.253899613700117
-6.46549516395867 23.3331783517766 16.6060505929319 -0.631028176192457 0.735147231249451 0.247713522516183 -0.774767290162538 -0.581079056594709 -0.249164154888263 0.332475738997551 0.264630013419312 -0.408627505946806 0.470900206180415 -0.118301892513134 -0.334053384566941
-5.9447888905009 22.3198288313888 15.9193352181813 0.0259376182639765 -0.690735234432436 0.72264242601185 -0.310403563870091 -0.692718883809505 -0.650991686237667 0.452525344787523 -0.121491194337081 0.482369353361504 0.144659927592717 0.47710626518045 -0.48970206128937
-6.27604580288207 22.5054453177963 15.2877403490421 0.397251977392894 0.851188676145213 -0.343028721916305 -0.803953655775222 0.142531888355522 -0.577358796735044 0.411158739726458 -0.412441519648694 0.137616616867833 -0.180413100421363 0.095038615151794 0.529014900777342
-6.12325761097383 20.9987497141958 14.918563346737 -0.0316542860831664 -0.878723315516069 -0.476280737528786 -0.0862258441518338 0.477143815667691 -0.874584977558145 -0.0972963134638669 0.140673678525796 0.314763210017521 0.134776881431299 0.0284011885072807 -0.0291562506671676
-5.97817724012867 21.0669776689077 14.4850397583379 -0.711913790201663 -0.631373341148877 -0.307484079924833 0.117618511207979 0.324462828481872 -0.938557275159493 0.390623597417363 0.0641619224626032 -0.569552619346669 -0.33980976900055 0.201375559843017 0.0560036404430181
-5.78722235050583 20.9371834644662 14.1049404370627 -0.98191184876102 -0.0151309558354268 -0.188733079872663 0.187923557623526 0.0437588430102052 -0.98120838772841 0.286167862624134 -0.0569993343618275 -0.00302538390844002 -0.076860202223058 -0.149175180245391 0.341546671735182
-5.83765945911138 20.7291991020272 13.5248622267785 -0.780050903743253 0.624563804146644 0.0379557916410687 0.190004761376001 0.294229288363681 -0.936657523603785 0.255136567526805 0.0627980878414836 0.461448686436041 -0.469034480679873 0.352237934942455 0.267742908622462
-5.99256265541945 20.8258805739333 13.0249660967504 -0.383091172697185 0.863094125141734 0.329104367256387 -0.0941674585085296 0.317937645808445 -0.943423628671614 0.0376581047862472 0.313207201563279 -0.107526791470691 0.00233177842793239 0.387219094167821 0.166511679100218
-6.36400184882668 20.9936319415897 12.6925586626302 0.375208799592006 0.854918132216609 0.358236435774176 -0.0077742865147277 0.389360741862963 -0.92105253550776 0.237178360993075 0.0123712895445401 -0.462255187251669 -0.127503516482356 0.339927532163847 0.0479019811959921
-6.56582110874548 21.3688877720916 12.4217835216498 0.75478080830127 0.589905980186321 0.286909159771126 -0.187026850705248 0.612745121217792 -0.767830953751577 0.260804063603792 -0.41172350550932 0.0861801276073718 -0.222564957122877 -0.468638017765686 0.325139288514532
-6.70196898719671 21.8670543207925 12.2714875336807 0.990761883653145 0.132918605580904 -0.0268985908656522 -0.108249773045018 0.655661784806273 -0.747254715997438 0.207625177952841 0.0368291450375306 0.0966365031239328 -0.143516327839149 0.120141439971855 0.270243768105773
-6.67210395118381 22.3763511753442 11.8394512284124 0.956031650037999 -0.288915944605531 -0.050309651939579 0.180332769831695 0.714448810259371 -0.676049546737386 0.0198633655221973 -0.267054043736022 0.258286426725455 0.517154654732946 0.138841577029873 -0.304928829213394
-6.38312026804667 22.8540037470816 11.8128758212796 0.580507712126769 -0.670634093747584 -0.461801589932962 0.276008903740187 0.695636990232307 -0.663255805007931 -0.0818517924632157 -0.54304523119961 -0.182149847488355 -0.0051573146468627 0.0503038703043649 -0.357597349503304
-6.02364151761145 23.219835078079 11.5652219328785 -0.0421468289102723 -0.793643905683624 -0.606920913945166 0.0307033886485613 0.606144940587741 -0.794761355958755 0.1219719886772 0.452950995759605 -0.357682010808042 0.018337882288863 -0.231615233131426 0.640674489273412
