t = 100000000
b = 105 105 105
E = -0.411485776113104 -0.71184938945294 0.300363613339836
91.9926565952446 -200.224053162079 84.2187207342561 -0.513617304305884 -0.243602278641349 0.822712097004067 0.0495272170733556 -0.965668768550549 -0.255011537417612 0.0494234614049681 -0.342811607352868 -0.276275169724967 0.856478641381598 0.625571951497621 -0.182218242983574
92.1711514772206 -200.584188746112 84.4019965273379 -0.986740159062815 -0.145858287224795 -0.0711984448017589 0.16211204449775 -0.907209691930157 -0.388188433492312 -0.413242224015883 0.376646939313105 0.22205864346389 0.31792533592833 -0.0813652465364432 -0.235343647162217
92.2294245327299 -201.068965721623 84.5075080824708 -0.446006693257963 0.0440351982150065 -0.893945709138804 0.420412578359102 -0.871439529450505 -0.252678472506662 -0.514465611842333 -0.43396004057999 0.675026014735518 0.193649084510124 -0.00377386877134311 -0.172492437593376
92.1184698293503 -201.528816697425 84.4124116610845 0.119064970338918 0.361175656874913 -0.924865221380666 0.457347514745328 -0.846737685764014 -0.271787678645142 -0.0705037317828863 0.638954820025528 0.412900453028649 0.472030959920737 0.114757916065144 0.357613615469749
91.9878243851203 -201.843364324786 84.2057523200821 0.756790876028987 0.315806651337792 -0.572305625457644 0.316049226729182 -0.943185835515094 -0.102534706156676 -0.193508717021469 0.0577834136929182 -0.276890343599611 -0.144979385740735 -0.232429028829516 0.0197357913164938
92.0375532981483 -202.148155216598 83.8753339447311 0.92291447286385 0.146701048918921 0.355960219722092 0.1684608129803 -0.985229036046993 -0.0307359889951011 0.194344093393982 -0.436638262547927 0.598870670402696 0.370880595890437 -0.175341717094696 0.272316033732408
92.3424584717892 -202.490134003701 83.760753039942 0.435321699820461 0.167732977987295 0.884511540773445 0.41433362018287 -0.909582164734137 -0.0314314616979304 -0.135014612919539 -0.131016523698865 0.120009505545964 -0.0153622685535806 -0.0721005399242959 -0.121126240344923
92.8047009201221 -202.631895505517 83.6358763134354 -0.139316655938635 -0.305530958591861 0.941935084131517 0.434569335762999 -0.873585101762422 -0.219085742104321 -0.343525614252924 -0.325945600120773 0.126806735326145 0.10329185701571 0.151833142154032 0.0375499162046603
93.1580919382954 -202.901391521569 83.5994930506308 -0.702374846117609 -0.475809598104582 0.529409861915883 0.478778622460614 -0.866166742470938 -0.143269692931346 -0.0986176492548802 0.152282606139315 -0.172916096566142 -0.213598547194862 0.295424647736092 0.560099630096142
93.3602789142468 -203.324423166273 83.8381993198517 -0.822109913742199 -0.388310201680497 -0.41635378826022 0.485843952752497 -0.859739907453586 -0.157489507920536 0.154792985160158 0.13752301729013 0.184632770046299 -0.00461496784877647 -0.216979388587174 -0.429068346872784
94.1606384802842 -203.07897436008 83.75106228238 0.0211205553912094 0.654704908444729 0.755589442089672 -0.471700538910957 0.67287920113219 -0.569852772454478 -0.354953930925278 0.200275918355933 0.0519797868395102 -0.307468278064657 0.803731502755112 0.427084317110026
93.9038014842221 -203.083511386372 82.3598936917654 0.662409342603275 0.527614737458388 -0.531823797557087 0.472656225232628 -0.845124254806234 -0.249722018826278 -0.448079523998217 0.171218357997791 0.381069555921514 -0.145793574424626 -0.220347726655178 0.27543246020874
94.1631453115165 -203.331764940717 82.0597394939694 0.76754110005499 0.435597704716421 0.470250251856705 0.458254759030816 -0.885850075045917 0.0726100569330196 0.0531193846520829 -0.152488174345566 0.028012910592539 -0.0127906433336733 0.00277386622530487 -0.133600899579987
94.654573166027 -203.574344153888 82.2284901344299 0.113520415725495 0.390264966110433 0.913677389147718 0.563795090116168 -0.78251954745092 0.264193592312232 0.371045368005968 -0.524113195987559 -0.429788994749246 -0.100467135217306 -0.645435729684885 0.427292049679463
95.1364088882684 -203.68587070391 82.3596235549735 -0.482555824330912 -0.173517080673698 0.858505503254623 0.538047216447109 -0.832156990572616 0.134238354861611 -0.460367632994095 0.137582351201326 0.099353926140935 0.0254029847342432 -0.117175060857664 0.154921311658157
96.1385207462738 -203.891274283628 81.6304123206077 0.675409681062654 -0.276023427431131 -0.683836844748691 -0.690707489024968 0.0880834295455042 -0.717749590068867 0.127883604552196 -0.11556448381061 -0.800223990891993 0.160973025763679 -0.25289725647786 -0.567742010707624
96.0557144788963 -203.655518842145 81.205490607789 0.214859315419952 -0.930347726785245 -0.297133945963205 -0.670140576052614 0.0808771165326689 -0.737814678865325 -0.00251985841011447 0.266852569119896 0.268714266708112 0.0462995493357302 -0.00237023570583611 0.315633632585952
95.8913777886743 -203.718712863419 80.7293913765818 -0.330120920903032 -0.815605498257571 0.475192433433405 -0.797387726320244 -0.0284570478703456 -0.602795993964642 -0.0393155215513572 0.264907132263451 -0.582501192157365 -0.0290770044972257 -0.121886667224195 0.00240548099003732
95.477584805294 -203.955063487832 80.3991613551838 -0.103216044136264 -0.658948566526775 0.745072637334317 -0.81488880636191 -0.373509809732962 -0.443223031101865 0.104617990098709 0.0994253007511274 -0.592861447440314 -0.446607602406067 0.0815388391683568 0.0867395934908256
95.3265458466994 -204.474357979413 79.8729793077702 0.307254203968541 0.178966592459059 -0.934647427069479 0.67892080062648 0.646997592933991 0.347074431807983 -0.251075337819726 -0.357074975473684 0.179236687813131 0.0423779949973925 0.360240538599818 -0.777932027921556
94.095656741517 -203.887078042843 79.8713166740844 -0.476395081863511 -0.292931703221027 0.82899863885577 0.0515262141274824 0.931945458037885 0.358918810458264 0.13161213807355 -0.129289020819529 -0.66071417629283 0.105123886425796 0.320127843126989 -0.103248773039562
94.4046594356072 -203.44495623981 79.7644426472244 -0.976757369328901 0.106629273200607 0.18594418398868 -0.189757991686179 -0.833586670227136 -0.518772751607665 -0.551311481822138 0.5780187639612 -0.0287659853400455 0.00372069170408225 -0.0829071800849532 -0.261514935510852
95.5786474089088 -202.580521881396 79.4289447660993 0.663227774739416 -0.281335787000268 0.693526563130191 0.470720287566745 -0.563616688552687 -0.678792044191574 0.0126630796291733 0.400447125267059 -0.128488037573823 0.428977072431746 0.127046024028938 0.173339576222495
95.8828035050808 -202.790105803953 79.0864692143911 0.118276473059677 -0.451527825549162 0.884383004515028 0.332870582676844 -0.821072050507562 -0.463721751770252 -0.36289047360999 -0.542378147553105 -0.17124001265489 -0.0863075720860786 -0.513216224014294 -0.117527726990238
96.4025758325245 -202.124197138407 78.3011326732496 0.958544026046586 0.110560980199658 -0.262620676619956 -0.146664275269471 -0.5987602468079 -0.787385393059291 0.512586592503995 -0.0665107006770678 0.204752967081625 0.369111698443816 -0.0433550327827569 0.315291480778615
96.4735797935032 -202.187087684788 77.8115534557932 0.742175700617366 -0.596403496043323 0.305741883491183 -0.190917147573357 -0.625428237770731 -0.75656471115301 -0.515668500426953 -0.23246463641564 -0.00974284573387048 0.190115574288322 -0.435502904791438 0.336255459568898
70.6865086831393 -170.793910377385 70.6904950913643 0.978188431950637 0.0949827300579196 0.184731352476058 0.0784940776289162 -0.992413641676354 0.0946247514815553 -0.234332160257549 0.854544262532891 0.121677687787248 -0.481724203347713 0.469176073266097 0.308707328748893
70.8979699896819 -171.213590536075 70.4937773478252 0.568876415355363 0.141130199122175 0.810223358677278 0.0864922991574874 -0.989969520048459 0.111711376151318 0.51212033337026 -0.0455161828866403 -0.242588455156246 -0.210880408227235 -0.282193543047986 0.0723816322256853
71.0816919100397 -171.619523660228 70.5375090395549 -0.540053065102676 0.183467228137919 0.821390566705094 -0.104277954524853 -0.983017272192293 0.151007121587006 0.244944909854602 -0.0526524291629846 0.0874755455078614 -0.0259522905935605 0.0844181185627774 -0.579358394256874
71.0207384175253 -172.011797947059 70.9280541878676 -0.934961074385221 0.337154055151792 0.110340076489408 -0.316260668568425 -0.933080070568421 0.171291480886846 0.196756004519466 -0.0242635478180115 -0.0774872651626049 0.350067004134488 0.267883410258288 -0.0539222211950537
70.7677273703075 -172.329016523947 71.204199025641 -0.51920636053618 0.0672578938533366 -0.851998316250382 -0.0866502801927393 -0.995904309006222 -0.0258134896108442 -0.341211784754944 -0.0338125130024129 0.616922290666228 -0.288544030692966 -0.0150535453037011 -0.347737212109389
70.4881908716079 -172.743920432505 71.3316775840062 -0.0516573989455576 0.0261946886550356 -0.998321266637469 -0.0927579603231847 -0.995460406717334 -0.0213199309394621 -0.208557968839703 0.107000652444314 0.625945222907777 0.252315085130457 0.301501222936642 0.0111018879086088
70.3307133923518 -173.214312612896 71.2796547291308 0.50682206323344 0.133947889338411 -0.851580506565121 -0.155942984689256 -0.957310668951776 -0.243388719207433 -0.237877784536093 0.0249996753739165 -0.272303472598658 0.609770916074434 0.596476508237152 0.262110613042295
70.1073256171271 -173.537075186924 71.0045336123654 0.975751181581835 -0.186778239029476 -0.114120642599931 -0.18894497418603 -0.981951942272664 -0.00837733826632908 -0.242651374858123 0.393172508103816 -0.00780863079473689 0.190364974053787 0.298531082520198 -0.202659116596944
69.9781217424673 -173.915569122114 70.8127318311747 0.753248934255909 0.114088110943238 0.647765347932416 -0.0772248559013744 -0.962689700472925 0.259354703511166 -0.337002654175184 -0.358901369060715 0.0857209501341596 -0.143421803946453 -0.1220295982468 0.0336822029406582
69.2833428173962 -174.165906575783 70.0790538610693 -0.670232484823026 -0.655754270379988 0.347526622242291 -0.247745205804397 0.639098896037228 0.72813111050494 -0.318643731409481 0.110260908106558 -0.29779106476053 0.467564963162021 0.0320254147570212 0.404367668480583
70.5407684222802 -174.097882628263 69.9177867651935 0.0128586777523374 -0.633822247441296 0.77337184656255 -0.0703700430736353 -0.772091711090357 -0.631603076862905 -0.307007129369272 0.308751646783021 -0.361579470934685 -0.0283131884274459 -0.00113386912751677 -0.0353852628584457
70.7017512094551 -174.524798274903 69.3551831678674 -0.305650979611432 -0.541069232804771 0.78346765343313 -0.481082140663468 -0.622328859637364 -0.617468027024738 0.214420120502479 0.507287633469187 0.00123606439953831 0.0859218682882419 -0.1505507906822 -0.430607379325253
69.5442781418348 -174.764739102704 68.7408307508637 -0.826954607923217 0.132322382433179 -0.546476773103435 0.505524441606705 -0.250516729353625 -0.825643026525905 -0.159619630209585 -0.153473145729006 -0.234879409643593 -0.0895844159877568 0.0402880426699856 0.305149441726496
69.6399637698954 -175.068249955934 68.3961542034785 -0.619758357503068 0.621768840408583 -0.478856019491018 0.333400025245064 -0.343774167978876 -0.87787456085477 0.301095125011257 -0.188758188260423 0.198051538775251 -0.285177542610511 0.105196586610048 0.7602687563313
71.1314658965555 -174.652575140551 67.9562029201672 0.911284994501556 -0.138247478120215 -0.38787535831636 -0.401169076850885 -0.0856466239757242 -0.911991243149016 0.275084450859409 -0.182236841864457 -0.419044355105888 0.181609609420295 0.184944695450428 0.265734260045543
71.0897895077495 -174.388320014544 67.5798879727399 0.54044793644451 -0.785464335638352 -0.301598749057941 -0.259853484347774 0.185112974947282 -0.947739074417941 -0.158703031550235 -0.104437316457476 -0.228790129582174 -0.140115145056816 0.452888004821111 0.143677689840883
71.2914936877086 -174.240783361536 67.1008889801857 -0.0997550594090617 -0.982145642907625 -0.159495655867779 -0.151277081388304 0.173401969553459 -0.973163399230178 -0.0501809867218667 -0.243078020352734 0.864565161098557 0.459603647818484 -0.382128603281369 -0.28335925791596
71.4596204616877 -174.329180353862 66.6749275889315 -0.935230210946861 -0.351634232214468 -0.0412046025171313 -0.127792187743953 0.44381872686805 -0.886957774887826 -0.0561887208006494 0.0858828984593297 -0.124469323346926 0.0479478593934477 0.411324351772841 -0.160258839807294
71.2556079443527 -174.263889860222 66.1578143212774 -0.948002602029074 0.0547388898037455 0.31351988850762 -0.277038098753054 0.342956183488884 -0.897569466975631 -0.445636692827034 -0.406683998755163 0.00555161802569673 -0.0572524617159416 0.239406558591253 -0.328827778991083
70.9897575406115 -174.26055417308 65.7074599760714 -0.526972132427933 0.626980854235478 0.573755505477656 -0.314076542828964 0.483641388445663 -0.816974254567089 -0.156086733652314 -0.116931262515211 0.244455657390783 -0.146547601732609 -0.206689755059807 0.145789713954722
70.5889530226777 -174.182752142312 65.4540732509961 0.238600582679322 0.905024842234887 0.352136048826064 -0.188867059660351 0.398931061973498 -0.897320032969647 0.075983950152591 -0.147830242115221 -0.146497695523512 -0.431984371079773 -0.470740888131586 0.27131011861034
70.141883244954 -173.561021623946 64.8216651114232 -0.39846361720848 0.880787264803608 0.255813486586736 0.913627342763174 0.405706644077808 0.0262144522439118 0.330065172491629 -0.559788001210234 -0.311176085333255 -0.280385161527714 -0.887450410500232 0.101093192135011
70.4501335423443 -173.218131703484 64.6144980381554 -0.240938156221732 0.426225088188536 0.871940926368168 0.932936901322835 0.349366986214678 0.0870140626165824 -0.133780148926216 -0.188515296030289 0.35173920680163 -0.234290739596267 0.440703367998262 0.120462286805982
70.5675727444607 -173.906952779853 63.916896359988 0.290431823110095 -0.604885768115093 0.741459751878854 -0.927812590211819 -0.367595342567091 0.0635410227146923 0.718064075105365 0.221105920081996 -0.156278725266009 0.280606981320084 -0.173856407047258 0.706992516209353
70.1911507046275 -174.399077758155 64.017537398674 -0.0369411389939412 0.086919698211254 0.995530169463986 -0.905692577500015 -0.423921408828551 0.0034050254160029 0.329753247983189 0.208847147521432 -0.0811077235956398 -0.0984136173379614 0.00982489152198865 -0.246329700759479
69.9140455565553 -174.783319556337 64.1514301881994 -0.312597417616136 0.6641854935886 0.679073254226041 -0.866323282116431 -0.492546984398687 0.0829544394331924 -0.313988872216952 -0.102768265384553 -0.0100559040644817 0.285344655654019 0.391948553994638 0.490819627206226
