0.999999238518982 
0.9999957131345417 
0.9999982036670748 
0.9999984644271548 
0.9999982182461831 
0.9999986542058994 
0.9999942620684348 
0.9999962476331814 
0.9999908524320446 
0.9999986553464287 
0.9999959197073959 
0.9999968937589986 
0.9999953721808647 
0.9999948259470319 
0.9998901652858719 
0.9999974164457218 
0.9999963907793836 
0.9999611975062556 
0.9999981624636687 
0.9615360558038726 
0.9615332466784121 
0.9615344054317643 
0.693723828486677 
0.42269595355782275 
0.4230745975576498 
0.38461484980368404 
0.3845352142766188 
0.2688494644133011 
0.26922954196345744 
0.3076920899789456 
0.3075302005176788 
0.3076918833107142 
0.26922957316612484 
0.3076921392072313 
0.3073371277005798 
0.2692245459898686 
0.2692065708140673 
0.2828958281213891 
0.2692305383743682 
0.30769131504274233 
0.23076912625361143 
0.23076552358860308 
0.23074736917708755 
0.23076812370584082 
0.23076663719454077 
0.19229808126485642 
0.19230758443024742 
0.19230020252946597 
0.19230757308927324 
0.15384428558825253 
0.15384505100591486 
0.15384593277512015 
0.0769224541518499 
0.07692257997207633 
0.0769230552116274 
0.07692224744656398 
0.07692305112582473 
0.07692301387928743 
0.0769209460008836 
0.07692305544270771 
0.07692303235286672 
0.07691602228919286 
0.07692297480886395 
1.5442783719482212e-197 
6.01125102801664e-222 
1.2179188244474612e-189 
3.939772215002269e-300 
3.3821034734989363e-305 
3.0690834102296116e-301 
2.3015846267563647e-228 
0.0 
0.0 
0.0 
0.0 
0.0 
0.0 
0.0 
0.0 
0.0 
0.0 
0.0 
0.0 
0.0 
0.0 
0.0 
0.0 
0.0 
0.0 
0.0 
0.0 
0.0 
0.0 
0.0 
0.0 
0.0 
0.0 
0.0 
0.0 
0.0 
0.0 
0.0 
