       30.4920 0   0.000337   0.000337   0.325201    0.034179   0.000000  -0.688106   0.000000   0.000000   0.000000   0.000000   0.026518
       30.4948 0   0.000320   0.000320   0.340812    0.053686   0.000000  -0.732024   0.000000   0.000000   0.000000   0.000000   0.033214
       30.8414 0   0.001681   0.001681   0.355119    0.061565   0.000000  -0.706469   0.000000   0.000000   0.000000   0.000000   0.028082
       30.5481 0   0.000078   0.000078   0.384793    0.034867   0.000000  -0.724306   0.000000   0.000000   0.000000   0.000000   0.028056
       30.6827 0   0.000197   0.000197   0.350768    0.042372   0.000000  -0.760186   0.003587   0.000000   0.000000   0.000000   0.024479
       30.7168 0   0.000393   0.000393   0.360175    0.047957   0.000000  -0.754846   0.000000   0.000000   0.000000   0.000000   0.025843
       30.1846 0   0.004976   0.004976   0.331335    0.056852   0.000000  -0.699255   0.000000   0.000000   0.000000   0.000000   0.028631
       30.6156 0   0.000007   0.000007   0.351569    0.051005   0.000000  -0.675861   0.000000   0.000000   0.000000   0.000000   0.027098
       30.7027 0   0.000304   0.000304   0.357737    0.027666   0.000000  -0.701943   0.000000   0.000000   0.000000   0.000000   0.025413
       30.6450 0   0.000058   0.000058   0.363840    0.053807   0.000000  -0.708632   0.000000   0.000000   0.000000   0.000000   0.027191
       30.9553 0   0.003641   0.003641   0.355135    0.053341   0.000000  -0.695059   0.000000   0.000000   0.000000   0.000000   0.033352
       30.7286 0   0.000477   0.000477   0.323105    0.061247   0.000000  -0.677957   0.000000   0.000000   0.000000   0.000000   0.028296
       30.3601 0   0.001660   0.001660   0.318761    0.046441   0.000000  -0.618732   0.000000   0.000000   0.000000   0.000000   0.028123
       30.8842 0   0.002330   0.002330   0.358091    0.090488   0.000000  -0.626027   0.000000   0.000000   0.000000   0.000000   0.026542
       30.4209 0   0.000925   0.000925   0.387642    0.061007   0.000000  -0.566423   0.000000   0.000000   0.000000   0.000000   0.027185
       30.8647 0   0.002021   0.002021   0.358924    0.062450   0.000720  -0.573111   0.000000   0.000000  -0.000004   0.000000   0.031247
       31.1792 0   0.009676   0.009676   0.330333    0.037957   0.000000  -0.522564   0.000000   0.000000   0.000000   0.000000   0.032363
       30.3719 0   0.001500   0.001500   0.336068    0.030998   0.000025  -0.535053   0.000477   0.000000   0.000000   0.000000   0.031860
       30.2956 0   0.002673   0.002673   0.356796    0.051051   0.000000  -0.566241   0.000000   0.000000   0.000000   0.000000   0.029074
       30.4846 0   0.000384   0.000384   0.315327    0.041211   0.000000  -0.571707   0.000000   0.000000  -0.000257   0.000000   0.032425
       30.3719 0   0.001501   0.001501   0.307744    0.042529   0.000000  -0.577796   0.000000   0.000000   0.000000   0.000000   0.026170
       30.5600 0   0.000046   0.000046   0.332605    0.040758   0.000000  -0.641604   0.000000   0.000000   0.000000   0.000000   0.026191
       30.3616 0   0.001639   0.001639   0.311518    0.064172   0.000000  -0.578465   0.000000   0.000000   0.000000   0.000000   0.028975
       30.4210 0   0.000925   0.000925   0.327287    0.046753   0.000267  -0.586635   0.000000   0.000000   0.000000   0.000000   0.029708
       30.7536 0   0.000680   0.000680   0.381935    0.034276   0.000000  -0.605529   0.000000   0.000000   0.000000   0.000000   0.028545
       30.5597 0   0.000047   0.000047   0.325043    0.045145   0.000000  -0.583535   0.000000   0.000000  -0.000000   0.000000   0.029829
       30.5469 0   0.000081   0.000081   0.305126    0.080817   0.001294  -0.587633   0.000000   0.000000   0.000000   0.000000   0.029896
       30.5427 0   0.000095   0.000095   0.325396    0.064398   0.000000  -0.595433   0.000000   0.000000  -0.000079   0.000000   0.032515
       30.3682 0   0.001551   0.001551   0.342664    0.049862   0.000000  -0.596634   0.000000   0.000000   0.000000   0.000000   0.032329
       30.6079 0   0.000002   0.000002   0.353165    0.040230   0.000000  -0.637886   0.000000   0.000000   0.000000   0.000000   0.025838
       30.4494 0   0.000654   0.000654   0.359414    0.040458   0.000000  -0.692522   0.000000   0.000000   0.000000  -0.007601   0.027566
       30.7011 0   0.000295   0.000295   0.301785    0.051447   0.000000  -0.673419   0.000000   0.000000  -0.000330   0.000000   0.026009
       30.5949 0   0.000001   0.000001   0.280648    0.044945   0.000000  -0.622276   0.000000   0.000000   0.000000   0.000000   0.028839
       30.7027 0   0.000304   0.000304   0.361746    0.034047   0.000000  -0.641114   0.000000   0.000000   0.000000   0.000000   0.039065
       30.7578 0   0.000718   0.000718   0.355455    0.047406   0.003156  -0.619693   0.000000   0.000000  -0.000003   0.000000   0.027264
       30.5060 0   0.000255   0.000255   0.329372    0.061639   0.000000  -0.539074   0.000000   0.000000   0.000000   0.000000   0.030229
       30.5978 0   0.000000   0.000000   0.382129    0.059547   0.000000  -0.626700   0.000000   0.000000  -0.000007   0.000000   0.029913
       30.8880 0   0.002392   0.002392   0.320625    0.068427   0.000000  -0.547712   0.000000   0.000000  -0.002757   0.000000   0.032927
       30.6766 0   0.000169   0.000169   0.349458    0.073058   0.000595  -0.573755   0.000000   0.000000   0.000000   0.000000   0.026682
       30.6211 0   0.000013   0.000013   0.333371    0.043659   0.000000  -0.523842   0.000000   0.000000   0.000000   0.000000   0.030898
       30.6176 0   0.000009   0.000009   0.333393    0.041265   0.000333  -0.526652   0.000000   0.000000   0.000000   0.000000   0.033825
       30.7613 0   0.000750   0.000750   0.400468    0.045921   0.000000  -0.564935   0.000000   0.000000   0.000000   0.000000   0.030919
       30.3841 0   0.001345   0.001345   0.332342    0.048261   0.000000  -0.559810   0.000000   0.000000   0.000000   0.000000   0.030674
       30.3423 0   0.001916   0.001916   0.274297    0.051552   0.000000  -0.528254   0.000000   0.000000   0.000000   0.000000   0.025644
       30.4668 0   0.000512   0.000512   0.387474    0.050136   0.000000  -0.615835   0.000000   0.000000   0.000000   0.000000   0.025450
       30.6371 0   0.000040   0.000040   0.324552    0.052720   0.000000  -0.597585   0.000000   0.000000   0.000000   0.000000   0.028642
       30.7672 0   0.000806   0.000806   0.327246    0.046195   0.000000  -0.630149   0.000000   0.000000   0.000000   0.000000   0.029240
       30.6589 0   0.000100   0.000100   0.331657    0.035745   0.000000  -0.643902   0.000000   0.000000   0.000000   0.000000   0.033484
       30.4366 0   0.000770   0.000770   0.339821    0.042589   0.000000  -0.677428   0.000000   0.000000   0.000000   0.000000   0.028301
       30.6319 0   0.000029   0.000029   0.313706    0.064288   0.000428  -0.663609   0.000000   0.000000   0.000000   0.000000   0.025842
       30.7584 0   0.000724   0.000724   0.316609    0.053426   0.000000  -0.661323   0.000000   0.000000   0.000000   0.000000   0.032731
       30.4639 0   0.000534   0.000534   0.393272    0.040220   0.000000  -0.706431   0.000000   0.000000   0.000000   0.000000   0.028902
       30.2527 0   0.003480   0.003480   0.405434    0.049760   0.000000  -0.726031   0.000000   0.000000   0.000000   0.000000   0.032277
       30.9223 0   0.002996   0.002996   0.323461    0.037833   0.000000  -0.651917   0.000000   0.000000   0.000000   0.000000   0.027042
       30.0321 0   0.009304   0.009304   0.342920    0.035285   0.000000  -0.643427   0.000000   0.000000  -0.002105   0.000000   0.033730
       30.3888 0   0.001287   0.001287   0.301877    0.066385   0.000000  -0.658202   0.000000   0.000000   0.000000   0.000000   0.026586
       30.8925 0   0.002469   0.002469   0.314907    0.038268   0.000000  -0.645576   0.000000   0.000000   0.000000   0.000000   0.030121
       30.5337 0   0.000127   0.000127   0.333631    0.033904   0.000000  -0.652281   0.000000   0.000000  -0.000003   0.000000   0.033155
       30.3614 0   0.001642   0.001642   0.308323    0.065107   0.000000  -0.625497   0.000000   0.000000   0.000000   0.000000   0.032738
       30.4172 0   0.000964   0.000964   0.304071    0.045071   0.000000  -0.614512   0.000000   0.000000  -0.000039   0.000000   0.030483
       30.5496 0   0.000073   0.000073   0.343295    0.056858   0.000000  -0.638327   0.000000   0.000000   0.000000   0.000000   0.032905
       30.5545 0   0.000060   0.000060   0.330530    0.058841   0.000000  -0.609524   0.000000   0.000000   0.000000   0.000000   0.030601
       30.4672 0   0.000508   0.000508   0.374019    0.069620   0.000000  -0.622182   0.000000   0.000000   0.000000   0.000000   0.030000
       30.7379 0   0.000548   0.000548   0.355075    0.052334   0.000000  -0.632046   0.000000   0.000000   0.000000   0.000000   0.026094
       31.0992 0   0.007190   0.007190   0.332686    0.048929   0.000000  -0.569428   0.000000   0.000000   0.000000   0.000000   0.023490
       30.2600 0   0.003335   0.003335   0.373678    0.051788   0.000229  -0.616527   0.000000   0.000000   0.000000   0.000000   0.034293
       30.5037 0   0.000268   0.000268   0.351840    0.037411   0.004359  -0.583178   0.000000   0.000000   0.000000   0.000000   0.028228
       30.6332 0   0.000032   0.000032   0.312048    0.046230   0.000000  -0.580607   0.000000   0.000000   0.000000   0.000000   0.023704
       30.9054 0   0.002690   0.002690   0.349021    0.047251   0.000000  -0.620787   0.001895   0.000000  -0.000550   0.000000   0.030314
       30.6203 0   0.000012   0.000012   0.294003    0.053648   0.000000  -0.545468   0.000000   0.000000   0.000000   0.000000   0.033635
       30.7503 0   0.000652   0.000652   0.327849    0.050519   0.000000  -0.553607   0.000000   0.000000   0.000000   0.000000   0.030513
       30.2897 0   0.002777   0.002777   0.344791    0.039909   0.000000  -0.561307   0.000000   0.000000   0.000000   0.000000   0.029027
       30.6592 0   0.000101   0.000101   0.345098    0.043504   0.000000  -0.651504   0.000000   0.000000  -0.000276  -0.007586   0.030832
       30.7221 0   0.000430   0.000430   0.347484    0.053299   0.000000  -0.629508   0.000000   0.000000  -0.000058   0.000000   0.027461
       30.5251 0   0.000162   0.000162   0.314706    0.041720   0.000000  -0.599908   0.000000   0.000000   0.000000   0.000000   0.029514
       30.6096 0   0.000003   0.000003   0.291700    0.039052   0.000000  -0.541512   0.000004   0.000000   0.000000   0.000000   0.028748
       30.3775 0   0.001428   0.001428   0.288980    0.033764   0.000000  -0.526532   0.000000   0.000000  -0.000087   0.000000   0.028187
       30.4379 0   0.000758   0.000758   0.290415    0.061663   0.000000  -0.569001   0.000000   0.000000   0.000000   0.000000   0.030202
       30.8594 0   0.001941   0.001941   0.290283    0.050629   0.000000  -0.585850   0.000000   0.000000   0.000000   0.000000   0.029748
       30.5559 0   0.000056   0.000056   0.300323    0.052187   0.000000  -0.584209   0.000000   0.000000   0.000000   0.000000   0.025867
       30.6114 0   0.000004   0.000004   0.295219    0.061570   0.000000  -0.616134   0.000000   0.000000   0.000000   0.000000   0.030459
       30.6321 0   0.000030   0.000030   0.307439    0.047248   0.000000  -0.629022   0.000000   0.000000   0.000000   0.000000   0.025220
       30.5573 0   0.000053   0.000053   0.334010    0.060753   0.000000  -0.645264   0.000000   0.000000   0.000000   0.000000   0.028790
       30.6054 0   0.000001   0.000001   0.305498    0.042241   0.000000  -0.643535   0.000000   0.000000   0.000000   0.000000   0.027077
       30.6518 0   0.000077   0.000077   0.322394    0.056262   0.000000  -0.660222   0.000000   0.000000  -0.000288   0.000000   0.036258
       30.5690 0   0.000028   0.000028   0.317274    0.030751   0.000000  -0.668401   0.000000  -0.004744  -0.000033   0.000000   0.027593
       31.1348 0   0.008251   0.008251   0.285661    0.052513   0.000000  -0.659635   0.000000   0.000000  -0.000121   0.000000   0.027883
       30.5425 0   0.000095   0.000095   0.330161    0.043806   0.000000  -0.614950   0.000000   0.000000   0.000000  -0.007072   0.027729
       30.1476 0   0.005904   0.005904   0.362716    0.056413   0.000000  -0.666744   0.000000   0.000000   0.000000   0.000000   0.029523
       30.6971 0   0.000272   0.000272   0.309919    0.050717   0.000000  -0.644796   0.000000   0.000000   0.000000  -0.000000   0.034637
       30.5938 0   0.000001   0.000001   0.347835    0.048954   0.000000  -0.658139   0.000000   0.000000  -0.000283   0.000000   0.027465
       30.9118 0   0.002805   0.002805   0.340848    0.049027   0.000000  -0.696866   0.000000   0.000000  -0.000000   0.000000   0.029445
       30.3326 0   0.002062   0.002062   0.327879    0.044040   0.000000  -0.643118   0.000000   0.000000  -0.000000   0.000000   0.030538
       30.4585 0   0.000578   0.000578   0.344976    0.043993   0.000000  -0.658627   0.000000   0.000000   0.000000   0.000000   0.029605
       30.4780 0   0.000430   0.000430   0.333024    0.055913   0.000000  -0.666109   0.000000   0.000000  -0.000000   0.000000   0.037905
       30.8588 0   0.001931   0.001931   0.371404    0.060691   0.000000  -0.703038   0.000000   0.000000  -0.000005  -0.001863   0.029354
       30.6499 0   0.000072   0.000072   0.345096    0.054153   0.000000  -0.731086   0.000000   0.000000   0.000000   0.000000   0.029631
       30.2883 0   0.002803   0.002803   0.353153    0.038655   0.000000  -0.738449   0.000000   0.000000   0.000000   0.000000   0.030568
       30.5159 0   0.000204   0.000204   0.315281    0.048453   0.000000  -0.708304   0.000000   0.000000   0.000000   0.000000   0.033132
       30.7046 0   0.000315   0.000315   0.344254    0.059797   0.000000  -0.756335   0.000000   0.000000   0.000000   0.000000   0.029200
       31.0066 0   0.004769   0.004769   0.324127    0.043117   0.000000  -0.726840   0.000000   0.000000  -0.000000   0.000000   0.028180
       30.4223 0   0.000910   0.000910   0.337610    0.044861   0.000000  -0.734482   0.000000   0.000000   0.000000   0.000000   0.029406
       30.4654 0   0.000522   0.000522   0.337203    0.057940   0.000000  -0.763223   0.002185   0.000000   0.000000   0.000000   0.029454
       30.6411 0   0.000049   0.000049   0.324244    0.044745   0.000000  -0.768901   0.000000   0.000000   0.000000   0.000000   0.027999
       30.6720 0   0.000150   0.000150   0.341245    0.042626   0.000000  -0.770955   0.000000   0.000000   0.000000   0.000000   0.028037
       30.2317 0   0.003914   0.003914   0.356103    0.053374   0.000000  -0.754708   0.000000   0.000000   0.000000   0.000000   0.023867
       30.5552 0   0.000058   0.000058   0.285571    0.051777   0.000000  -0.769114   0.000000   0.000000   0.000000   0.000000   0.037097
       30.6310 0   0.000028   0.000028   0.368602    0.054154   0.000000  -0.798571   0.000000   0.000000   0.000000   0.000000   0.026553
       30.2656 0   0.003225   0.003225   0.339910    0.045295   0.000000  -0.784761   0.000000   0.000000   0.000000   0.000000   0.029100
       30.7369 0   0.000541   0.000541   0.361314    0.052235   0.000591  -0.775255   0.000000   0.000000   0.000000   0.000000   0.029955
       30.9359 0   0.003254   0.003254   0.316433    0.057667   0.000000  -0.758786   0.000000   0.000000   0.000000   0.000000   0.031636
       30.5781 0   0.000014   0.000014   0.349607    0.040535   0.000000  -0.792233   0.000000   0.000000   0.000000   0.000000   0.029672
       30.6332 0   0.000032   0.000032   0.316586    0.044087   0.000000  -0.807135   0.000000   0.000000   0.000000   0.000000   0.028723
       30.9091 0   0.002757   0.002757   0.330102    0.035752   0.000000  -0.823662   0.000000   0.000000  -0.000223   0.000000   0.032435
       30.8786 0   0.002239   0.002239   0.321075    0.049773   0.000000  -0.859407   0.000001   0.000000   0.000000   0.000000   0.029148
       30.5266 0   0.000156   0.000156   0.306826    0.054977   0.000000  -0.855318   0.000000   0.000000   0.000000   0.000000   0.024945
       30.5167 0   0.000200   0.000200   0.300993    0.040444   0.000000  -0.857879   0.000000   0.000000   0.000000   0.000000   0.029777
       30.6565 0   0.000092   0.000092   0.305080    0.036714   0.000046  -0.846351   0.000985   0.000000   0.000000   0.000000   0.029888
       30.5339 0   0.000126   0.000126   0.297232    0.038184   0.000000  -0.854302   0.000000   0.000000  -0.000001   0.000000   0.028966
       30.4772 0   0.000435   0.000435   0.300359    0.066539   0.000055  -0.886286   0.000000   0.000000   0.000000   0.000000   0.030077
       30.7604 0   0.000742   0.000742   0.324165    0.043299   0.000000  -0.845704   0.000000   0.000000  -0.000000   0.000000   0.025844
       30.6378 0   0.000041   0.000041   0.314466    0.064083   0.000000  -0.831150   0.000000   0.000000   0.000000   0.000000   0.027451
       30.3347 0   0.002030   0.002030   0.345432    0.046346   0.000000  -0.825332   0.000000   0.000000   0.000000   0.000000   0.031731
       30.4069 0   0.001076   0.001076   0.353352    0.039010   0.000000  -0.803613   0.000000   0.000000   0.000000   0.000000   0.026966
       30.5991 0   0.000000   0.000000   0.347043    0.036003   0.003437  -0.831110   0.000000   0.000000   0.000000   0.000000   0.029016
       30.8030 0   0.001189   0.001189   0.299795    0.041339   0.000000  -0.762254   0.000000   0.000000   0.000000   0.000000   0.028752
       30.9518 0   0.003571   0.003571   0.330360    0.055450   0.000000  -0.751623   0.000000   0.000000   0.000000   0.000000   0.025356
       30.4188 0   0.000947   0.000947   0.290648    0.060331   0.001981  -0.766905   0.000000   0.000000   0.000000   0.000000   0.028656
       30.3943 0   0.001221   0.001221   0.283345    0.059565   0.000000  -0.735897   0.000000   0.000000   0.000000   0.000000   0.024838
       30.8419 0   0.001688   0.001688   0.298917    0.050425   0.000000  -0.721554   0.000000   0.000000  -0.001346   0.000000   0.026239
       30.8487 0   0.001785   0.001785   0.347328    0.053269   0.000000  -0.750794   0.000000   0.000000   0.000000   0.000000   0.031287
       30.3645 0   0.001600   0.001600   0.283385    0.059497   0.000000  -0.758640   0.000000   0.000000   0.000000   0.000000   0.029397
       30.6876 0   0.000221   0.000221   0.312574    0.061839   0.000000  -0.768816   0.001721   0.000000   0.000000   0.000000   0.024905
       30.8959 0   0.002526   0.002526   0.331808    0.045387   0.000000  -0.810600   0.000000   0.000000   0.000000   0.000000   0.032214
       30.6606 0   0.000106   0.000106   0.293478    0.044640   0.000000  -0.792467   0.000000   0.000000   0.000000   0.000000   0.029181
       30.6426 0   0.000052   0.000052   0.351759    0.051929   0.000000  -0.836220   0.000000   0.000000   0.000000   0.000000   0.025377
       30.3749 0   0.001462   0.001462   0.337650    0.061900   0.000000  -0.800575   0.000000   0.000000  -0.000004   0.000000   0.026895
       30.8272 0   0.001489   0.001489   0.358492    0.041091   0.000000  -0.783729   0.000000   0.000000   0.000000   0.000000   0.027532
       30.7023 0   0.000302   0.000302   0.334144    0.042127   0.000000  -0.747319   0.000000   0.000000   0.000000   0.000000   0.029025
       31.0935 0   0.007026   0.007026   0.379685    0.059979   0.000000  -0.784830   0.000000   0.000000  -0.000073   0.000000   0.027909
       30.6565 0   0.000092   0.000092   0.370929    0.050545   0.000000  -0.741609   0.000000   0.000000   0.000000   0.000000   0.027279
       30.4834 0   0.000392   0.000392   0.370996    0.064192   0.000000  -0.731719   0.000000   0.000000  -0.000000   0.000000   0.032748
       30.7755 0   0.000888   0.000888   0.349104    0.048147   0.000000  -0.741492   0.000000   0.000000   0.000000   0.000000   0.028745
       30.4236 0   0.000898   0.000898   0.326917    0.030353   0.000000  -0.678326   0.000000   0.000000   0.000000   0.000000   0.027193
       30.2588 0   0.003358   0.003358   0.301415    0.044519   0.000000  -0.684105   0.000000   0.000000   0.000000   0.000000   0.028006
       30.5264 0   0.000156   0.000156   0.312508    0.037073   0.000000  -0.695027   0.000000   0.000000  -0.000000   0.000000   0.027533
       30.8656 0   0.002035   0.002035   0.357005    0.062503   0.000000  -0.757908   0.000000   0.000000   0.000000   0.000000   0.032626
       30.5744 0   0.000019   0.000019   0.302007    0.051009   0.000141  -0.663571   0.000000   0.000000   0.000000   0.000000   0.029308
       30.8121 0   0.001298   0.001298   0.314823    0.066628   0.000000  -0.691890   0.000000   0.000000   0.000000   0.000000   0.029013
       30.4152 0   0.000985   0.000985   0.331534    0.069463   0.000000  -0.706547   0.000000   0.000000   0.000000   0.000000   0.025891
       30.6989 0   0.000282   0.000282   0.316177    0.058284   0.000000  -0.722299   0.000000   0.000000   0.000000   0.000000   0.027697
       30.6372 0   0.000040   0.000040   0.329957    0.032340   0.000000  -0.701662   0.000000   0.000000   0.000000   0.000000   0.025240
       30.7383 0   0.000552   0.000552   0.378661    0.048950   0.000000  -0.765313   0.000000   0.000000   0.000000   0.000000   0.030908
       30.5347 0   0.000123   0.000123   0.363419    0.057966   0.000000  -0.728038   0.000000   0.000000   0.000000   0.000000   0.026518
       30.7495 0   0.000645   0.000645   0.343101    0.033244   0.000000  -0.703134   0.000000   0.000000   0.000000   0.000000   0.028330
       30.6236 0   0.000016   0.000016   0.320384    0.050715   0.000000  -0.656426   0.000000   0.000000   0.000000   0.000000   0.029233
       30.6429 0   0.000053   0.000053   0.317832    0.044734   0.000000  -0.621262   0.000000   0.000000   0.000000   0.000000   0.033033
       30.7919 0   0.001063   0.001063   0.305326    0.058702   0.000000  -0.623204   0.000000   0.000000   0.000000   0.000000   0.030935
       30.7152 0   0.000383   0.000383   0.286332    0.066426   0.000000  -0.582473   0.000000   0.000000   0.000000   0.000000   0.029761
       30.8039 0   0.001199   0.001199   0.336014    0.057775   0.000000  -0.613826   0.000000   0.000000  -0.000010   0.000000   0.029727
       30.6454 0   0.000059   0.000059   0.370994    0.046459   0.000953  -0.622344   0.000000   0.000000   0.000000   0.000000   0.030974
       30.3899 0   0.001273   0.001273   0.320398    0.059874   0.000000  -0.598643   0.000000   0.000000  -0.000000   0.000000   0.030474
       30.5423 0   0.000096   0.000096   0.331255    0.054611   0.000078  -0.603682   0.000000   0.000000   0.000000   0.000000   0.022915
       30.7641 0   0.000777   0.000777   0.359185    0.034505   0.000000  -0.677293   0.000000   0.000000   0.000000   0.000000   0.028975
       30.8080 0   0.001247   0.001247   0.326659    0.064699   0.000000  -0.687962   0.000000   0.000000   0.000000   0.000000   0.028959
       30.3197 0   0.002267   0.002267   0.351388    0.053880   0.000000  -0.713690   0.000000   0.000000   0.000000   0.000000   0.024293
       30.4321 0   0.000813   0.000813   0.365146    0.050482   0.000000  -0.763199   0.000000   0.000000   0.000000   0.000000   0.023622
       30.9251 0   0.003048   0.003048   0.388263    0.045340   0.000000  -0.781615   0.000000   0.000000   0.000000   0.000000   0.036122
       30.5066 0   0.000251   0.000251   0.391675    0.058685   0.000000  -0.748168   0.000000   0.000000   0.000000   0.000000   0.030676
       30.4221 0   0.000913   0.000913   0.410553    0.044135   0.000000  -0.743741   0.000000   0.000000   0.000000  -0.013387   0.027232
       30.5274 0   0.000152   0.000152   0.363372    0.039683   0.000000  -0.741626   0.000000   0.000000   0.000000   0.000000   0.026914
       30.7206 0   0.000419   0.000419   0.330433    0.052539   0.000000  -0.688922   0.000000   0.000000   0.000000   0.000000   0.024528
       30.4865 0   0.000371   0.000371   0.379561    0.050913   0.000000  -0.703220   0.000000   0.000000   0.000000   0.000000   0.030978
       30.7086 0   0.000340   0.000340   0.336451    0.045706   0.000000  -0.649624   0.000000   0.000000  -0.000876   0.000000   0.028076
       30.5558 0   0.000056   0.000056   0.339047    0.035855   0.000000  -0.655303   0.000000   0.000000   0.000000   0.000000   0.027243
       30.5120 0   0.000223   0.000223   0.312537    0.082342   0.000000  -0.664596   0.000000   0.000000   0.000000   0.000000   0.027497
       30.5186 0   0.000191   0.000191   0.320606    0.032277   0.000000  -0.657770   0.000000   0.000000   0.000000   0.000000   0.031241
       30.4770 0   0.000436   0.000436   0.364994    0.035745   0.000000  -0.719194   0.000000   0.000000   0.000000   0.000000   0.030591
       30.4651 0   0.000525   0.000525   0.317167    0.040149   0.000000  -0.661340   0.000000   0.000000   0.000000   0.000000   0.029659
       30.6661 0   0.000126   0.000126   0.328599    0.033951   0.000947  -0.638085   0.000000   0.000000   0.000000   0.000000   0.024265
       30.8070 0   0.001236   0.001236   0.351851    0.068347   0.000000  -0.621732   0.000000   0.000000   0.000000   0.000000   0.031954
       30.8589 0   0.001933   0.001933   0.313986    0.051105   0.000000  -0.626939   0.000000   0.000000   0.000000   0.000000   0.030302
       30.4255 0   0.000879   0.000879   0.327704    0.048977   0.000000  -0.630517   0.000000   0.000000   0.000000   0.000000   0.025735
       30.6435 0   0.000055   0.000055   0.291257    0.062501   0.000000  -0.600721   0.000000   0.000000   0.000000   0.000000   0.031786
       30.3475 0   0.001839   0.001839   0.341362    0.043911   0.000000  -0.662893   0.000000   0.000000   0.000000   0.000000   0.031647
       30.5578 0   0.000051   0.000051   0.337451    0.030564   0.000000  -0.609190   0.000000   0.000000   0.000000   0.000000   0.027277
       30.6560 0   0.000091   0.000091   0.304723    0.046444   0.000000  -0.645628   0.000000   0.000000   0.000000   0.000000   0.033197
       30.5365 0   0.000116   0.000116   0.295018    0.028822   0.000000  -0.606684   0.000000   0.000000   0.000000   0.000000   0.026371
       30.6406 0   0.000047   0.000047   0.335927    0.054771   0.000000  -0.620698   0.000000   0.000000  -0.000000   0.000000   0.030426
       30.3383 0   0.001976   0.001976   0.306662    0.056920   0.000000  -0.618397   0.000000   0.000000   0.000000   0.000000   0.032903
       30.5171 0   0.000198   0.000198   0.303228    0.042371   0.000000  -0.614389   0.000064   0.000000   0.000000   0.000000   0.029765
       30.4122 0   0.001017   0.001017   0.339819    0.039933   0.000000  -0.654002   0.000000   0.000000   0.000000   0.000000   0.031983
       30.8014 0   0.001170   0.001170   0.286658    0.040025   0.000000  -0.615870   0.000000   0.000000   0.000000   0.000000   0.030818
       30.5272 0   0.000153   0.000153   0.341152    0.043094   0.002477  -0.688364   0.001859   0.000000   0.000000   0.000000   0.028833
       30.1728 0   0.005264   0.005264   0.311848    0.055732   0.000000  -0.679427   0.000000   0.000000  -0.000020   0.000000   0.032403
       30.8691 0   0.002089   0.002089   0.362952    0.035936   0.000000  -0.679389   0.000000   0.000000   0.000000   0.000000   0.028432
       30.8197 0   0.001392   0.001392   0.370640    0.042565   0.000000  -0.700425   0.000000   0.000000   0.000000   0.000000   0.031749
       30.3318 0   0.002075   0.002075   0.299824    0.054850   0.000000  -0.657105   0.000000   0.000000   0.000000   0.000000   0.027236
       30.2114 0   0.004356   0.004356   0.288590    0.045576   0.000000  -0.670064   0.000000   0.000000   0.000000   0.000000   0.030052
       30.6562 0   0.000091   0.000091   0.334446    0.054912   0.000000  -0.707385   0.000000   0.000000   0.000000  -0.000032   0.028584
       30.7003 0   0.000290   0.000290   0.360447    0.056657   0.000000  -0.685128   0.000000   0.000000   0.000000   0.000000   0.031689
       30.4582 0   0.000580   0.000580   0.343787    0.053778   0.000000  -0.647953   0.000000   0.000000   0.000000   0.000000   0.023432
       30.6817 0   0.000193   0.000193   0.352036    0.032134   0.000000  -0.610692   0.000000   0.000000   0.000000   0.000000   0.032295
       30.6307 0   0.000027   0.000027   0.330293    0.054701   0.000000  -0.629694   0.000425   0.000000   0.000000   0.000000   0.032192
       30.6080 0   0.000002   0.000002   0.301729    0.065348   0.000500  -0.651179   0.000000   0.000000   0.000000   0.000000   0.029970
       30.6762 0   0.000167   0.000167   0.347189    0.044740   0.000000  -0.693912   0.000000   0.000000   0.000000   0.000000   0.026406
       30.4417 0   0.000723   0.000723   0.293560    0.054644   0.000000  -0.660681   0.000000   0.000000   0.000000   0.000000   0.035406
       30.7509 0   0.000657   0.000657   0.344012    0.058062   0.000000  -0.667012   0.000000   0.000000  -0.000002   0.000000   0.025272
       30.7010 0   0.000294   0.000294   0.304129    0.039099   0.000000  -0.669702   0.004867   0.000000   0.000000   0.000000   0.029323
       30.7507 0   0.000655   0.000655   0.353096    0.032604   0.000000  -0.714362   0.000000   0.000000  -0.000000   0.000000   0.029231
       30.3116 0   0.002399   0.002399   0.339091    0.061479   0.000000  -0.722034   0.000000   0.000000   0.000000   0.000000   0.030794
       30.5870 0   0.000005   0.000005   0.324054    0.039790   0.000000  -0.702468   0.000000   0.000000   0.000000   0.000000   0.033846
       30.7378 0   0.000548   0.000548   0.374845    0.050349   0.000000  -0.723144   0.003260   0.000000   0.000000   0.000000   0.030056
       30.8186 0   0.001379   0.001379   0.296357    0.051962   0.000000  -0.681324   0.000000   0.000000   0.000000   0.000000   0.033051
       30.5655 0   0.000034   0.000034   0.300357    0.066426   0.000000  -0.679959   0.000000   0.000000   0.000000   0.000000   0.027749
       30.2527 0   0.003479   0.003479   0.312220    0.033350   0.000000  -0.683072   0.000000   0.000000   0.000000   0.000000   0.027755
       30.7542 0   0.000686   0.000686   0.331127    0.050242   0.000000  -0.680326   0.000000   0.000000   0.000000   0.000000   0.027899
       30.7336 0   0.000515   0.000515   0.295341    0.058642   0.000000  -0.638194   0.000000   0.000000   0.000000   0.000000   0.029010
       30.5270 0   0.000154   0.000154   0.353669    0.050544   0.000000  -0.675951   0.000000   0.000000   0.000000   0.000000   0.027256
       30.6550 0   0.000087   0.000087   0.363694    0.049013   0.000000  -0.684239   0.000000   0.000000   0.000000   0.000000   0.028730
       30.5510 0   0.000069   0.000069   0.293291    0.033428   0.000000  -0.575652   0.000000   0.000000   0.000000   0.000000   0.033456
       31.1587 0   0.009003   0.009003   0.336289    0.048705   0.000000  -0.609882   0.000000   0.000000   0.000000   0.000000   0.027793
       30.6709 0   0.000145   0.000145   0.357434    0.044150   0.000000  -0.587722   0.000000   0.000000   0.000000   0.000000   0.024522
       30.6255 0   0.000019   0.000019   0.333507    0.047269   0.000000  -0.565049   0.000000   0.000000  -0.000000   0.000000   0.028545
       30.6598 0   0.000103   0.000103   0.378407    0.060986   0.000000  -0.592004   0.000000   0.000000  -0.000000   0.000000   0.023647
       30.3580 0   0.001690   0.001690   0.358760    0.066137   0.001617  -0.554509   0.000000   0.000000  -0.000020   0.000000   0.031134
       30.7026 0   0.000304   0.000304   0.382776    0.066069   0.000000  -0.616138   0.000000   0.000000   0.000000   0.000000   0.029994
       30.7574 0   0.000715   0.000715   0.354506    0.049193   0.000000  -0.635303   0.000000   0.000000   0.000000   0.000000   0.026059
       30.5829 0   0.000008   0.000008   0.314056    0.072705   0.000000  -0.597621   0.000000   0.000000   0.000000   0.000000   0.025387
       30.4961 0   0.000312   0.000312   0.322903    0.059658   0.000000  -0.622608   0.000000   0.000000   0.000000   0.000000   0.030378
       30.6064 0   0.000001   0.000001   0.335186    0.049923   0.000000  -0.607873   0.000000   0.000000  -0.002112   0.000000   0.028932
       30.3986 0   0.001170   0.001170   0.296561    0.060418   0.000000  -0.622368   0.000000   0.000000   0.000000   0.000000   0.028013
       30.4786 0   0.000425   0.000425   0.307201    0.060145   0.000000  -0.648410   0.000000   0.000000  -0.000000   0.000000   0.029168
       30.2929 0   0.002721   0.002721   0.295490    0.043295   0.000000  -0.629114   0.000000   0.000000   0.000000   0.000000   0.033275
       30.7446 0   0.000603   0.000603   0.315363    0.055929   0.000000  -0.600374   0.000000   0.000000   0.000000   0.000000   0.028916
       30.6868 0   0.000217   0.000217   0.395391    0.042059   0.000000  -0.633227   0.000000   0.000000   0.000000   0.000000   0.030057
       30.2377 0   0.003787   0.003787   0.362945    0.064356   0.000000  -0.589063   0.000000   0.000000   0.000000   0.000000   0.032919
       30.7477 0   0.000629   0.000629   0.347537    0.044374   0.000708  -0.587727   0.000000   0.000000   0.000000   0.000000   0.024990
       30.9047 0   0.002678   0.002678   0.359307    0.032908   0.000000  -0.538802   0.000000   0.000000  -0.000190   0.000000   0.025685
       30.4594 0   0.000570   0.000570   0.320403    0.064369   0.000000  -0.519879   0.000000   0.000000   0.000000  -0.013623   0.029107
       30.6340 0   0.000033   0.000033   0.322414    0.064002   0.000000  -0.582041   0.000000   0.000000  -0.000004   0.000000   0.030673
       30.9289 0   0.003120   0.003120   0.358283    0.072286   0.002981  -0.586571   0.000000   0.000000   0.000000   0.000000   0.026521
       30.3877 0   0.001300   0.001300   0.406219    0.046376   0.000000  -0.614792   0.000000   0.000000   0.000000   0.000000   0.025920
       30.4258 0   0.000875   0.000875   0.367199    0.055109   0.000000  -0.653735   0.000000   0.000000   0.000000   0.000000   0.029908
       30.7513 0   0.000661   0.000661   0.368759    0.060073   0.000000  -0.656015   0.000000   0.000000   0.000000   0.000000   0.028269
       30.4643 0   0.000531   0.000531   0.323218    0.047843   0.000000  -0.605299   0.000000   0.000000   0.000000   0.000000   0.028495
       30.7369 0   0.000541   0.000541   0.360461    0.050991   0.000000  -0.621214   0.000000   0.000000  -0.000113   0.000000   0.028066
       30.6795 0   0.000182   0.000182   0.357762    0.071752   0.000000  -0.677584   0.000000   0.000000   0.000000   0.000000   0.034557
       30.6238 0   0.000016   0.000016   0.352615    0.047030   0.000000  -0.669076   0.000000   0.000000   0.000000   0.000000   0.026841
       30.5808 0   0.000011   0.000011   0.335147    0.071846   0.000000  -0.650690   0.000276   0.000000   0.000000   0.000000   0.029798
       30.7561 0   0.000703   0.000703   0.312480    0.056771   0.000000  -0.615361   0.000000   0.000000   0.000000   0.000000   0.025873
       30.7307 0   0.000493   0.000493   0.318788    0.038878   0.000000  -0.557609   0.000000   0.000000   0.000000   0.000000   0.032484
       30.3260 0   0.002165   0.002165   0.351697    0.058689   0.000000  -0.583149   0.000000   0.000000   0.000000   0.000000   0.027305
       30.6468 0   0.000063   0.000063   0.364064    0.041283   0.000000  -0.556442   0.000000   0.000000   0.000000   0.000000   0.027167
       30.7563 0   0.000705   0.000705   0.330279    0.046572   0.000000  -0.513035   0.000000   0.000000  -0.000006   0.000000   0.034036
       30.6583 0   0.000098   0.000098   0.295798    0.067160   0.000000  -0.489917   0.000000   0.000000   0.000000   0.000000   0.032018
       30.7245 0   0.000447   0.000447   0.308503    0.070238   0.000000  -0.521052   0.000000   0.000000   0.000000  -0.000018   0.027914
       30.4904 0   0.000346   0.000346   0.375105    0.047165   0.001558  -0.526575   0.000000   0.000000   0.000000   0.000000   0.025698
       30.6088 0   0.000002   0.000002   0.334053    0.041528   0.000000  -0.525543   0.000000   0.000000  -0.000004   0.000000   0.024848
       30.8365 0   0.001613   0.001613   0.357794    0.059120   0.000000  -0.528464   0.000420   0.000000   0.000000   0.000000   0.028091
       30.6242 0   0.000017   0.000017   0.331938    0.050818   0.000115  -0.542889   0.000486   0.000000   0.000000  -0.005182   0.033157
       30.5871 0   0.000005   0.000005   0.324337    0.057172   0.000000  -0.510362   0.000000   0.000000   0.000000   0.000000   0.024311
       30.5155 0   0.000206   0.000206   0.358019    0.047523   0.000000  -0.486881   0.000060   0.000000   0.000000   0.000000   0.030702
       30.5557 0   0.000057   0.000057   0.361952    0.054043   0.000000  -0.532076   0.000000   0.000000   0.000000   0.000000   0.034762
       30.7920 0   0.001063   0.001063   0.370129    0.066845   0.000000  -0.488585   0.002718   0.000000   0.000000  -0.012139   0.026082
       30.4190 0   0.000945   0.000945   0.368633    0.040876   0.000000  -0.532022   0.000000   0.000000   0.000000   0.000000   0.027550
       30.6366 0   0.000039   0.000039   0.333621    0.051652   0.000048  -0.487947   0.000000   0.000000  -0.000000   0.000000   0.029406
       30.4042 0   0.001106   0.001106   0.327578    0.050725   0.000000  -0.493895   0.000000   0.000000  -0.005008   0.000000   0.027373
       30.9104 0   0.002779   0.002779   0.325187    0.059015   0.000000  -0.486244   0.000000   0.000000  -0.000031   0.000000   0.029635
       30.2661 0   0.003216   0.003216   0.353365    0.074160   0.000000  -0.502946   0.000000   0.000000  -0.001961   0.000000   0.032609
       30.7562 0   0.000704   0.000704   0.358502    0.058045   0.006851  -0.509089   0.000000   0.000000  -0.000059   0.000000   0.032516
       30.8275 0   0.001493   0.001493   0.355611    0.072242   0.000000  -0.524252   0.000000   0.000000   0.000000  -0.006944   0.028198
       30.2412 0   0.003714   0.003714   0.339812    0.047135   0.000000  -0.502339   0.000000   0.000000   0.000000   0.000000   0.027555
       30.9035 0   0.002657   0.002657   0.316860    0.038983   0.000000  -0.542298   0.000000  -0.000000  -0.000000   0.000000   0.034472
       30.6585 0   0.000099   0.000099   0.320779    0.043172   0.000000  -0.537685   0.000000   0.000000  -0.000044   0.000000   0.029588
       30.7596 0   0.000735   0.000735   0.376658    0.041060   0.000000  -0.546600   0.000000   0.000000   0.000000   0.000000   0.031496
       30.8728 0   0.002146   0.002146   0.357882    0.036317   0.000000  -0.548915   0.000000   0.000000   0.000000   0.000000   0.028543
       30.5454 0   0.000086   0.000086   0.329436    0.056916   0.000000  -0.552796   0.000000   0.000000   0.000000   0.000000   0.030183
       30.6299 0   0.000026   0.000026   0.315428    0.063154   0.000000  -0.512523   0.000000   0.000000   0.000000   0.000000   0.030607
       30.3323 0   0.002067   0.002067   0.331770    0.039629   0.000000  -0.546199   0.000000   0.000000   0.000000  -0.010232   0.029368
       30.6575 0   0.000095   0.000095   0.381037    0.067085   0.000000  -0.631469   0.000000   0.000000   0.000000   0.000000   0.027561
       30.6920 0   0.000244   0.000244   0.367659    0.049225   0.000000  -0.644799   0.000000   0.000000   0.000000   0.000000   0.030014
       30.5139 0   0.000214   0.000214   0.309883    0.049761   0.000207  -0.590846   0.000000   0.000000   0.000000   0.000000   0.031049
       30.6507 0   0.000074   0.000074   0.305888    0.048026   0.000000  -0.616742   0.000026   0.000000   0.000000   0.000000   0.034775
       30.5850 0   0.000007   0.000007   0.341453    0.063603   0.000000  -0.650223   0.000000   0.000000   0.000000   0.000000   0.031494
       30.5560 0   0.000056   0.000056   0.367197    0.056883   0.000000  -0.651594   0.000000   0.000000   0.000000   0.000000   0.027717
       30.7263 0   0.000460   0.000460   0.321753    0.060697   0.000000  -0.681912   0.000000   0.000000   0.000000   0.000000   0.030401
       30.8285 0   0.001506   0.001506   0.327969    0.041420   0.000000  -0.662346   0.000000   0.000000   0.000000   0.000000   0.032664
       30.3030 0   0.002545   0.002545   0.323305    0.039821   0.000000  -0.630846   0.000000   0.000000   0.000000   0.000000   0.027267
       30.7107 0   0.000353   0.000353   0.341742    0.048638   0.000000  -0.673769   0.000000   0.000000   0.000000   0.000000   0.028496
       30.7135 0   0.000372   0.000372   0.312371    0.046684   0.000000  -0.663400   0.000000   0.000000   0.000000   0.000000   0.037697
       30.8369 0   0.001620   0.001620   0.348184    0.049749   0.000000  -0.673256   0.000000   0.000000   0.000000   0.000000   0.025625
       30.4215 0   0.000919   0.000919   0.316382    0.061937   0.000000  -0.673982   0.000000   0.000000   0.000000   0.000000   0.033122
       30.5349 0   0.000122   0.000122   0.313520    0.059137   0.000000  -0.691220   0.000000   0.000000   0.000000   0.000000   0.031305
       30.6299 0   0.000026   0.000026   0.341781    0.040987   0.000000  -0.680414   0.000000   0.000000   0.000000   0.000000   0.027105
       30.4525 0   0.000627   0.000627   0.359371    0.061297   0.000000  -0.728245   0.000000   0.000000   0.000000   0.000000   0.033673
       30.6802 0   0.000186   0.000186   0.330239    0.047281   0.000000  -0.726543   0.000000   0.000000   0.000000   0.000000   0.026477
       30.5666 0   0.000032   0.000032   0.357437    0.056032   0.001767  -0.774260   0.000000   0.000000   0.000000   0.000000   0.029493
       30.7263 0   0.000460   0.000460   0.333534    0.040512   0.000000  -0.734182   0.000000   0.000000   0.000000   0.000000   0.024269
       30.6498 0   0.000072   0.000072   0.291948    0.057501   0.000000  -0.697950   0.000000   0.000000   0.000000   0.000000   0.028915
       30.3060 0   0.002494   0.002494   0.327797    0.057826   0.000001  -0.735265   0.000000   0.000000   0.000000   0.000000   0.032323
       30.9128 0   0.002822   0.002822   0.327336    0.060715   0.000000  -0.763458   0.000000   0.000000   0.000000   0.000000   0.026909
       30.4175 0   0.000961   0.000961   0.330017    0.040216   0.000000  -0.739872   0.000000   0.000000   0.000000   0.000000   0.023783
       30.5157 0   0.000205   0.000205   0.335529    0.041478   0.000000  -0.763599   0.000000   0.000000   0.000000   0.000000   0.029156
       30.9138 0   0.002840   0.002840   0.293741    0.070186   0.000000  -0.743593   0.000000   0.000000   0.000000   0.000000   0.028508
       30.4799 0   0.000416   0.000416   0.326447    0.048189   0.000000  -0.737359   0.000000   0.000000   0.000000   0.000000   0.028842
       30.2138 0   0.004303   0.004303   0.379449    0.051288   0.000000  -0.744588   0.000000   0.000000  -0.000000   0.000000   0.031138
       30.7413 0   0.000576   0.000576   0.376264    0.049894   0.000000  -0.735103   0.000000   0.000000   0.000000   0.000000   0.030105
       30.7111 0   0.000356   0.000356   0.334644    0.039158   0.000000  -0.748073   0.000000   0.000000   0.000000   0.000000   0.032244
       30.6798 0   0.000184   0.000184   0.318434    0.048992   0.000000  -0.741919   0.000000   0.000000   0.000000   0.000000   0.030389
       30.7903 0   0.001045   0.001045   0.373783    0.042662   0.000000  -0.771301   0.000000   0.000000   0.000000   0.000000   0.027811
       30.5241 0   0.000166   0.000166   0.362306    0.060922   0.000000  -0.756913   0.000000   0.000000   0.000000   0.000000   0.030326
       30.2460 0   0.003615   0.003615   0.357425    0.042996   0.000000  -0.680609   0.000483   0.000000   0.000000   0.000000   0.026813
       30.8296 0   0.001521   0.001521   0.295985    0.032425   0.000000  -0.638778   0.000000   0.000000   0.000000   0.000000   0.029182
       30.7912 0   0.001055   0.001055   0.326802    0.053657   0.000000  -0.658199   0.000000   0.000000   0.000000   0.000000   0.027584
       30.7292 0   0.000482   0.000482   0.310716    0.053430   0.000000  -0.632058   0.000000   0.000000   0.000000   0.000000   0.028842
       30.4999 0   0.000289   0.000289   0.393317    0.038709   0.000000  -0.658142   0.000000   0.000000   0.000000   0.000000   0.033739
       30.6296 0   0.000025   0.000025   0.346895    0.047588   0.000000  -0.617500   0.000000   0.000000   0.000000   0.000000   0.032707
       30.4086 0   0.001056   0.001056   0.308418    0.060947   0.000000  -0.622753   0.000000   0.000000   0.000000   0.000000   0.032602
       30.6599 0   0.000104   0.000104   0.335740    0.035971   0.000000  -0.635460   0.000000   0.000000   0.000000   0.000000   0.030172
       30.5400 0   0.000104   0.000104   0.348100    0.056961   0.000000  -0.657581   0.000000   0.000000  -0.000058   0.000000   0.024735
       30.5256 0   0.000160   0.000160   0.336558    0.049201   0.000000  -0.662431   0.000000   0.000000  -0.000083   0.000000   0.027710
       30.5587 0   0.000049   0.000049   0.335686    0.047814   0.000000  -0.632725   0.000000   0.000000   0.000000   0.000000   0.032370
       30.3816 0   0.001376   0.001376   0.329921    0.046720   0.003636  -0.620166   0.000000   0.000000   0.000000   0.000000   0.030290
       30.7317 0   0.000500   0.000500   0.323127    0.042379   0.001208  -0.617358   0.000000   0.000000  -0.003158   0.000000   0.035676
       30.6112 0   0.000004   0.000004   0.334534    0.042447   0.000000  -0.616296   0.000000   0.000000  -0.000039   0.000000   0.032038
       30.6492 0   0.000070   0.000070   0.336027    0.057694   0.000381  -0.637356   0.000000   0.000000   0.000000   0.000000   0.026646
       30.4529 0   0.000624   0.000624   0.290992    0.066757   0.000001  -0.638319   0.000000   0.000000  -0.000476   0.000000   0.026308
       30.4670 0   0.000510   0.000510   0.384057    0.049634   0.000000  -0.676208   0.000000   0.000000   0.000000   0.000000   0.025508
       30.6015 0   0.000000   0.000000   0.310815    0.040123   0.000000  -0.621977   0.000000   0.000000   0.000000   0.000000   0.027916
       30.3169 0   0.002312   0.002312   0.363446    0.044523   0.000000  -0.669436   0.000000   0.000000   0.000000   0.000000   0.033871
       30.6094 0   0.000003   0.000003   0.309360    0.053752   0.000000  -0.642969   0.000000   0.000000   0.000000   0.000000   0.026636
       30.5931 0   0.000001   0.000001   0.307133    0.040902   0.000000  -0.678063   0.000090   0.000000   0.000000   0.000000   0.030083
       30.6819 0   0.000193   0.000193   0.354071    0.043205   0.000000  -0.705542   0.007868   0.000000   0.000000   0.000000   0.027536
       30.6099 0   0.000003   0.000003   0.332828    0.050915   0.000000  -0.699118   0.000000   0.000000   0.000000   0.000000   0.024174
       30.4516 0   0.000635   0.000635   0.333067    0.062276   0.000000  -0.637922   0.000000   0.000000   0.000000   0.000000   0.035601
       30.4291 0   0.000843   0.000843   0.356566    0.050119   0.000000  -0.627347   0.000000   0.000000   0.000000   0.000000   0.027353
       30.7616 0   0.000753   0.000753   0.322669    0.043953   0.000402  -0.617306   0.001065   0.000000   0.000000   0.000000   0.034786
       30.6517 0   0.000077   0.000077   0.306492    0.050113   0.000175  -0.632180   0.000000   0.000000  -0.000000   0.000000   0.030003
       30.5694 0   0.000027   0.000027   0.328568    0.048708   0.000000  -0.662438   0.000000   0.000000   0.000000   0.000000   0.029387
       30.6574 0   0.000095   0.000095   0.304838    0.048028   0.000001  -0.720466   0.000000   0.000000   0.000000   0.000000   0.029641
       30.6161 0   0.000007   0.000007   0.350479    0.052429   0.000000  -0.761961   0.000000   0.000000  -0.000004   0.000000   0.028182
       30.5163 0   0.000202   0.000202   0.338258    0.061455   0.000043  -0.793713   0.000000   0.000000   0.000000   0.000000   0.029141
       30.7030 0   0.000306   0.000306   0.312145    0.046896   0.000000  -0.698311   0.000000   0.000000   0.000000   0.000000   0.028503
       30.5176 0   0.000196   0.000196   0.383735    0.049396   0.000000  -0.701574   0.000000   0.000000   0.000000   0.000000   0.025227
       30.2162 0   0.004248   0.004248   0.355213    0.060716   0.000000  -0.654213   0.000000   0.000000   0.000000  -0.010057   0.035090
       30.9446 0   0.003425   0.003425   0.313012    0.068937   0.000000  -0.601881   0.000000   0.000000   0.000000   0.000000   0.028668
       30.8362 0   0.001610   0.001610   0.307939    0.041080   0.000000  -0.552389   0.000000   0.000000  -0.000001   0.000000   0.026959
       30.5169 0   0.000199   0.000199   0.339487    0.054694   0.000000  -0.572827   0.000000   0.000000   0.000000   0.000000   0.026215
       30.5494 0   0.000074   0.000074   0.358465    0.034012   0.000144  -0.560513   0.000000   0.000000   0.000000   0.000000   0.031442
       30.7409 0   0.000573   0.000573   0.357237    0.056630   0.000000  -0.547807   0.000000   0.000000   0.000000   0.000000   0.027098
       30.7244 0   0.000447   0.000447   0.387493    0.079651   0.000000  -0.547597   0.002884   0.000000   0.000000   0.000000   0.034110
       30.1961 0   0.004707   0.004707   0.331798    0.073672   0.000000  -0.534678   0.000000   0.000000  -0.000001   0.000000   0.031183
       30.4602 0   0.000564   0.000564   0.382143    0.043524   0.000000  -0.606225   0.000000   0.000000   0.000000   0.000000   0.038883
       30.7260 0   0.000458   0.000458   0.329630    0.046931   0.000000  -0.591011   0.000000   0.000000   0.000000   0.000000   0.027643
       30.9221 0   0.002992   0.002992   0.329713    0.049613   0.000000  -0.589262   0.000000   0.000000  -0.000124   0.000000   0.029976
       30.8875 0   0.002384   0.002384   0.312994    0.046084   0.000598  -0.581875   0.000000   0.000000   0.000000   0.000000   0.029048
       30.4193 0   0.000942   0.000942   0.352015    0.048910   0.000000  -0.616366   0.000000   0.000000   0.000000   0.000000   0.027154
       30.2772 0   0.003006   0.003006   0.294742    0.041650   0.000000  -0.618576   0.000000   0.000000   0.000000   0.000000   0.029792
       30.9183 0   0.002922   0.002922   0.263359    0.037263   0.000000  -0.580475   0.000000   0.000000   0.000000   0.000000   0.036086
       30.3394 0   0.001959   0.001959   0.318855    0.069075   0.000000  -0.635020   0.000000   0.000000   0.000000   0.000000   0.028103
       30.4247 0   0.000886   0.000886   0.367016    0.038332   0.000000  -0.601374   0.000000   0.000000   0.000000   0.000000   0.027509
       30.6203 0   0.000012   0.000012   0.315921    0.046698   0.000000  -0.608500   0.000000   0.000000  -0.000000   0.000000   0.034417
       30.6914 0   0.000241   0.000241   0.386408    0.058955   0.000000  -0.669633   0.000000  -0.016879  -0.003060   0.000000   0.027772
       30.6932 0   0.000251   0.000251   0.343891    0.048547   0.005327  -0.626041   0.000000   0.000000  -0.000000   0.000000   0.028290
       30.8298 0   0.001524   0.001524   0.367012    0.038509   0.000000  -0.589074   0.000000   0.000000   0.000000   0.000000   0.027993
       30.6062 0   0.000001   0.000001   0.290051    0.053676   0.000000  -0.559339   0.000000   0.000000   0.000000   0.000000   0.025377
       30.5574 0   0.000052   0.000052   0.335439    0.038697   0.000031  -0.587453   0.000000   0.000000   0.000000   0.000000   0.026614
       30.6401 0   0.000046   0.000046   0.339016    0.049689   0.000000  -0.622655   0.000000   0.000000   0.000000   0.000000   0.031952
       30.6788 0   0.000179   0.000179   0.357244    0.047639   0.000000  -0.629242   0.000000   0.000000   0.000000   0.000000   0.025157
       30.4674 0   0.000507   0.000507   0.379223    0.063584   0.000000  -0.712778   0.000000   0.000000  -0.000000   0.000000   0.025485
       30.0890 0   0.007533   0.007533   0.360184    0.052047   0.000000  -0.727224   0.000000   0.000000   0.000000   0.000000   0.027712
       31.2088 0   0.010691   0.010691   0.290646    0.058512   0.012201  -0.735872   0.000000   0.000000   0.000000   0.000000   0.030075
       30.5589 0   0.000049   0.000049   0.346890    0.044796   0.000000  -0.745607   0.000000   0.000000   0.000000   0.000000   0.027927
       30.4195 0   0.000940   0.000940   0.365974    0.045124   0.000000  -0.772474   0.000000   0.000000   0.000000   0.000000   0.028459
       30.6229 0   0.000015   0.000015   0.326104    0.037692   0.000000  -0.680880   0.000000   0.000000   0.000000   0.000000   0.029249
       30.5278 0   0.000150   0.000150   0.304203    0.053599   0.000000  -0.656578   0.000458   0.000000   0.000000   0.000000   0.028944
       30.5681 0   0.000029   0.000029   0.296960    0.069708   0.000000  -0.676097   0.000000   0.000000   0.000000   0.000000   0.028051
       30.5423 0   0.000096   0.000096   0.307345    0.052081   0.004302  -0.641639   0.000000   0.000000   0.000000  -0.000000   0.028984
       30.5132 0   0.000217   0.000217   0.354445    0.039354   0.000000  -0.607874   0.000000   0.000000   0.000000   0.000000   0.023843
       30.2416 0   0.003706   0.003706   0.350551    0.063251   0.000000  -0.660066   0.000000   0.000000   0.000000   0.000000   0.025328
       30.8417 0   0.001685   0.001685   0.340600    0.052023   0.000000  -0.685766   0.000000   0.000000   0.000000   0.000000   0.027836
       30.7684 0   0.000818   0.000818   0.367306    0.045145   0.000000  -0.752450   0.000000   0.000000   0.000000   0.000000   0.022878
       30.5086 0   0.000241   0.000241   0.301978    0.052325   0.000000  -0.762119   0.000000   0.000000   0.000000   0.000000   0.025509
       30.5916 0   0.000002   0.000002   0.337861    0.046919   0.000000  -0.832419   0.000000   0.000000   0.000000   0.000000   0.027971
       30.5814 0   0.000010   0.000010   0.283353    0.056688   0.000000  -0.856574   0.000000   0.000000   0.000000   0.000000   0.024276
       30.8076 0   0.001244   0.001244   0.295140    0.036410   0.000000  -0.834596   0.000000   0.000000   0.000000   0.000000   0.026511
       30.5659 0   0.000034   0.000034   0.316701    0.042621   0.000000  -0.850120   0.000000   0.000000  -0.000539   0.000000   0.027450
       30.7402 0   0.000567   0.000567   0.301143    0.052349   0.000000  -0.880708   0.000000   0.000000   0.000000   0.000000   0.031655
       30.4093 0   0.001049   0.001049   0.333325    0.052996   0.000000  -0.897094   0.000000   0.000000   0.000000   0.000000   0.025340
       30.6569 0   0.000093   0.000093   0.322063    0.063160   0.000000  -0.845190   0.000000   0.000000  -0.000003   0.000000   0.027869
       31.0267 0   0.005252   0.005252   0.286223    0.053743   0.000000  -0.779825   0.000000   0.000000   0.000000   0.000000   0.028732
       30.5623 0   0.000041   0.000041   0.319549    0.045464   0.000000  -0.764697   0.000000   0.000000   0.000000   0.000000   0.028492
       30.6183 0   0.000010   0.000010   0.344583    0.040534   0.000000  -0.758874   0.000000   0.000000   0.000000   0.000000   0.028146
       30.5772 0   0.000015   0.000015   0.316147    0.059164   0.000000  -0.763366   0.000000   0.000000  -0.000009   0.000000   0.032486
       30.5108 0   0.000230   0.000230   0.335481    0.059222   0.000000  -0.767700   0.000000   0.000000   0.000000   0.000000   0.028098
       30.7759 0   0.000892   0.000892   0.354187    0.050028   0.000000  -0.794818   0.000000   0.000000  -0.000000   0.000000   0.029495
       30.6021 0   0.000000   0.000000   0.327371    0.055719   0.000000  -0.783514   0.000000   0.000000   0.000000   0.000000   0.028060
       30.4357 0   0.000779   0.000779   0.342519    0.068778   0.000000  -0.747379   0.000000   0.000000   0.000000   0.000000   0.028232
       30.6735 0   0.000156   0.000156   0.354029    0.052741   0.000000  -0.725900   0.000000   0.000000   0.000000   0.000000   0.028629
       30.6417 0   0.000050   0.000050   0.340391    0.040037   0.000000  -0.758222   0.000000   0.000000   0.000000   0.000000   0.029606
       30.6326 0   0.000031   0.000031   0.329397    0.047100   0.000000  -0.760548   0.000000   0.000000   0.000000   0.000000   0.028420
       30.9125 0   0.002817   0.002817   0.329091    0.059471   0.000000  -0.766910   0.000000   0.000000  -0.000000   0.000000   0.027884
       30.6455 0   0.000060   0.000060   0.329433    0.059498   0.000000  -0.750200   0.000000   0.000000   0.000000   0.000000   0.025167
       30.6198 0   0.000011   0.000011   0.354483    0.046113   0.000000  -0.776354   0.000000   0.000000   0.000000   0.000000   0.029149
       30.7127 0   0.000366   0.000366   0.317788    0.053303   0.000000  -0.753879   0.000082   0.000000   0.000000   0.000000   0.037939
       30.6770 0   0.000171   0.000171   0.290700    0.035358   0.000000  -0.763172   0.000000   0.000000   0.000000   0.000000   0.027844
       30.5399 0   0.000104   0.000104   0.333836    0.056258   0.000000  -0.796387   0.000004   0.000000   0.000000   0.000000   0.023320
       30.5593 0   0.000048   0.000048   0.335970    0.035534   0.000000  -0.755841   0.000000   0.000000   0.000000   0.000000   0.028647
       30.5984 0   0.000000   0.000000   0.323065    0.036420   0.000000  -0.749176   0.000000   0.000000   0.000000   0.000000   0.030183
       30.5449 0   0.000088   0.000088   0.331794    0.045844   0.000111  -0.752238   0.001025   0.000000   0.000000   0.000000   0.028584
       30.7335 0   0.000514   0.000514   0.333497    0.040536   0.000000  -0.733354   0.000000   0.000000   0.000000   0.000000   0.028147
       30.5411 0   0.000100   0.000100   0.296777    0.073287   0.000000  -0.729072   0.000000   0.000000  -0.000000   0.000000   0.023422
       30.5966 0   0.000000   0.000000   0.330896    0.036082   0.000000  -0.737872   0.000000   0.000000   0.000000   0.000000   0.029146
       30.4379 0   0.000758   0.000758   0.323595    0.055293   0.000000  -0.697374   0.000000   0.000000   0.000000   0.000000   0.025524
       30.2667 0   0.003204   0.003204   0.341516    0.056583   0.000000  -0.727097   0.000000   0.000000   0.000000   0.000000   0.023212
       30.9403 0   0.003341   0.003341   0.331924    0.041362   0.000000  -0.705939   0.000000   0.000000   0.000000   0.000000   0.035948
       30.6197 0   0.000011   0.000011   0.340356    0.056592   0.000000  -0.711092   0.000003   0.000000   0.000000   0.000000   0.027329
       30.7757 0   0.000890   0.000890   0.323890    0.058591   0.001854  -0.697493   0.000000   0.000000  -0.000004   0.000000   0.025785
       30.3468 0   0.001849   0.001849   0.332205    0.031298   0.000000  -0.735321   0.000000   0.000000   0.000000   0.000000   0.029308
       30.5111 0   0.000228   0.000228   0.266473    0.037724   0.000000  -0.674099   0.000000   0.000000   0.000000   0.000000   0.030442
       30.6722 0   0.000150   0.000150   0.329578    0.038123   0.000117  -0.689603   0.000000   0.000000   0.000000   0.000000   0.028720
       30.5770 0   0.000015   0.000015   0.367942    0.055718   0.000000  -0.759282   0.000000   0.000000   0.000000   0.000000   0.027573
       30.2442 0   0.003652   0.003652   0.302851    0.061284   0.001723  -0.701663   0.000696   0.000000   0.000000   0.000000   0.029923
       30.5852 0   0.000006   0.000006   0.344878    0.049368   0.000000  -0.693778   0.000332   0.000000   0.000000  -0.011366   0.030981
       30.8739 0   0.002165   0.002165   0.284144    0.053818   0.000000  -0.742512   0.000000   0.000000   0.000000   0.000000   0.034580
       30.5716 0   0.000023   0.000023   0.351448    0.034820   0.000000  -0.774786   0.000000   0.000000   0.000000   0.000000   0.026977
       30.6301 0   0.000026   0.000026   0.348621    0.033266   0.000321  -0.759160   0.000000   0.000000   0.000000   0.000000   0.025863
       30.4707 0   0.000482   0.000482   0.329804    0.058806   0.000000  -0.763372   0.000000   0.000000   0.000000   0.000000   0.024450
       30.7074 0   0.000333   0.000333   0.353916    0.051783   0.000000  -0.749355   0.000000  -0.001438  -0.000000   0.000000   0.030463
       30.7690 0   0.000824   0.000824   0.354705    0.061431   0.001552  -0.721088   0.000000   0.000000   0.000000   0.000000   0.029476
       30.5392 0   0.000107   0.000107   0.321038    0.047100   0.000000  -0.673288   0.000000   0.000000   0.000000   0.000000   0.029135
       30.7241 0   0.000444   0.000444   0.309389    0.056726   0.000000  -0.650936   0.000000   0.000000   0.000000   0.000000   0.027090
       30.7015 0   0.000297   0.000297   0.352173    0.043551   0.000000  -0.650406   0.000000   0.000000   0.000000   0.000000   0.029867
       30.4563 0   0.000596   0.000596   0.340851    0.024739   0.000507  -0.653615   0.000000   0.000000   0.000000   0.000000   0.033413
       30.5017 0   0.000278   0.000278   0.293505    0.054817   0.000000  -0.663207   0.000000   0.000000   0.000000   0.000000   0.023701
       30.4451 0   0.000692   0.000692   0.280783    0.057088   0.000000  -0.679247   0.000000   0.000000   0.000000   0.000000   0.034172
       30.7320 0   0.000503   0.000503   0.320102    0.066407   0.000000  -0.700971   0.000000   0.000000   0.000000   0.000000   0.029102
       30.7064 0   0.000327   0.000327   0.339701    0.056727   0.000000  -0.682682   0.000000   0.000000   0.000000   0.000000   0.029018
       30.6480 0   0.000067   0.000067   0.335138    0.061291   0.000000  -0.718929   0.000000   0.000000   0.000000   0.000000   0.033695
       30.4176 0   0.000960   0.000960   0.329199    0.040071   0.000448  -0.675186   0.000000   0.000000   0.000000   0.000000   0.026082
       30.4851 0   0.000381   0.000381   0.328022    0.043711   0.000000  -0.680338   0.000000   0.000000   0.000000   0.000000   0.029103
       30.8882 0   0.002395   0.002395   0.351994    0.048746   0.000000  -0.708978   0.000000   0.000000   0.000000   0.000000   0.024443
       30.1204 0   0.006636   0.006636   0.408836    0.031935   0.000000  -0.699919   0.000000   0.000000  -0.000000   0.000000   0.026373
       30.8423 0   0.001693   0.001693   0.355792    0.055229   0.000000  -0.662321   0.000000   0.000000   0.000000   0.000000   0.031770
       30.9590 0   0.003718   0.003718   0.317887    0.059169   0.000000  -0.600521   0.000530   0.000000   0.000000   0.000000   0.030786
       30.3283 0   0.002130   0.002130   0.310657    0.067639   0.000000  -0.580849   0.000203   0.000000   0.000000   0.000000   0.029145
       30.4758 0   0.000445   0.000445   0.367513    0.037968   0.000000  -0.544165   0.002200   0.000000   0.000000  -0.000197   0.028623
       30.6706 0   0.000144   0.000144   0.364505    0.055811   0.000000  -0.522306   0.000000   0.000000   0.000000   0.000000   0.026296
       30.9941 0   0.004480   0.004480   0.332577    0.043413   0.000000  -0.474754   0.000000   0.000000   0.000000   0.000000   0.029798
       30.7377 0   0.000547   0.000547   0.354590    0.061536   0.002558  -0.491665   0.000000   0.000000   0.000000   0.000000   0.027981
       30.4470 0   0.000675   0.000675   0.369138    0.043267   0.000000  -0.487642   0.000000   0.000000   0.000000   0.000000   0.031383
       30.5328 0   0.000130   0.000130   0.312890    0.054517   0.000000  -0.448826   0.000000   0.000000   0.000000   0.000000   0.033200
       30.4844 0   0.000386   0.000386   0.339926    0.060862   0.000000  -0.473252   0.000000   0.000000   0.000000   0.000000   0.030343
       30.6847 0   0.000207   0.000207   0.352746    0.059286   0.000000  -0.499096   0.000000   0.000000   0.000000   0.000000   0.025620
       30.6108 0   0.000003   0.000003   0.360024    0.062995   0.000000  -0.546317   0.000000   0.000000   0.000000   0.000000   0.031028
       30.7292 0   0.000481   0.000481   0.345340    0.076952   0.000000  -0.616130   0.000000   0.000000   0.000000   0.000000   0.031173
       30.8551 0   0.001877   0.001877   0.339763    0.053402   0.000000  -0.604801   0.000000   0.000000   0.000000   0.000000   0.029836
       30.5637 0   0.000038   0.000038   0.348568    0.022849   0.000000  -0.630602   0.000000   0.000000   0.000000   0.000000   0.030641
       30.7975 0   0.001126   0.001126   0.323392    0.047070   0.000000  -0.671909   0.000000   0.000000   0.000000   0.000000   0.031949
       30.7507 0   0.000655   0.000655   0.325947    0.063404   0.000000  -0.671300   0.000000   0.000000   0.000000   0.000000   0.027475
       30.2777 0   0.002996   0.002996   0.326036    0.047580   0.000000  -0.658513   0.000000   0.000000   0.000000   0.000000   0.032235
       30.6197 0   0.000011   0.000011   0.358690    0.040301   0.000000  -0.701911   0.000000   0.000000  -0.000000   0.000000   0.028260
       30.3140 0   0.002359   0.002359   0.359785    0.052238   0.000000  -0.692164   0.000000   0.000000   0.000000   0.000000   0.030342
       30.6405 0   0.000047   0.000047   0.350173    0.044980   0.000000  -0.714006   0.000000   0.000000   0.000000   0.000000   0.027034
       30.8014 0   0.001170   0.001170   0.291463    0.050736   0.000000  -0.692775   0.000000   0.000000   0.000000   0.000000   0.029859
       30.4077 0   0.001066   0.001066   0.364459    0.054130   0.003803  -0.722234   0.000000   0.000000   0.000000   0.000000   0.028974
       30.8834 0   0.002318   0.002318   0.309112    0.047695   0.000000  -0.614664   0.000000   0.000000   0.000000   0.000000   0.028474
       30.3489 0   0.001819   0.001819   0.370282    0.076867   0.000000  -0.653560   0.000000   0.000000  -0.000000   0.000000   0.027692
       30.4155 0   0.000982   0.000982   0.377932    0.033549   0.000000  -0.658242   0.000000   0.000000   0.000000   0.000000   0.027765
       30.7111 0   0.000356   0.000356   0.353414    0.071239   0.000000  -0.628339   0.000000   0.000000   0.000000   0.000000   0.028153
       30.7681 0   0.000815   0.000815   0.315415    0.052317   0.000000  -0.598906   0.000000   0.000000  -0.000104   0.000000   0.028804
       30.4555 0   0.000603   0.000603   0.345168    0.042577   0.003080  -0.573398   0.000000   0.000000   0.000000   0.000000   0.027119
       30.8122 0   0.001299   0.001299   0.337067    0.057538   0.000329  -0.507354   0.000000   0.000000   0.000000   0.000000   0.028573
       30.1781 0   0.005134   0.005134   0.323809    0.047910   0.000046  -0.511047   0.000000   0.000000  -0.000455   0.000000   0.034341
       30.8177 0   0.001367   0.001367   0.380414    0.046633   0.000000  -0.576243   0.000000   0.000000  -0.000285   0.000000   0.030910
       30.8220 0   0.001422   0.001422   0.379285    0.060095   0.000000  -0.563906   0.000000   0.000000   0.000000   0.000000   0.029078
       30.4478 0   0.000669   0.000669   0.307751    0.053822   0.000000  -0.545334   0.000000   0.000000   0.000000   0.000000   0.028495
       30.8484 0   0.001780   0.001780   0.294407    0.049679   0.000000  -0.569621   0.000000   0.000000   0.000000   0.000000   0.028321
       30.6272 0   0.000021   0.000021   0.329276    0.065101   0.000000  -0.552959   0.000000   0.000000   0.000000   0.000000   0.025325
       30.4031 0   0.001118   0.001118   0.339284    0.062757   0.000361  -0.573378   0.000000   0.000000   0.000000   0.000000   0.032995
       30.5862 0   0.000006   0.000006   0.298530    0.044485   0.000000  -0.513080   0.000000   0.000000   0.000000   0.000000   0.026045
       30.8503 0   0.001808   0.001808   0.325607    0.041091   0.002035  -0.562544   0.000000   0.000000   0.000000   0.000000   0.028739
       30.5118 0   0.000224   0.000224   0.340693    0.056426   0.000000  -0.588562   0.000417   0.000000  -0.000072   0.000000   0.030870
       30.6225 0   0.000015   0.000015   0.373601    0.031300   0.000000  -0.568180   0.000163   0.000000  -0.000001   0.000000   0.032992
       30.6904 0   0.000236   0.000236   0.279931    0.056318   0.009234  -0.528269   0.000000   0.000000   0.000000   0.000000   0.024786
       30.6613 0   0.000109   0.000109   0.311524    0.043462   0.000000  -0.562613   0.000000   0.000000   0.000000  -0.007665   0.029214
       30.7731 0   0.000865   0.000865   0.321190    0.051477   0.000000  -0.578138   0.000000   0.000000   0.000000   0.000000   0.028745
       30.7997 0   0.001150   0.001150   0.301528    0.049804   0.000000  -0.580717   0.001024   0.000000   0.000000   0.000000   0.032252
       30.8749 0   0.002179   0.002179   0.300546    0.034512   0.000000  -0.589137   0.000960   0.000000   0.000000   0.000000   0.028467
       30.5935 0   0.000001   0.000001   0.334098    0.062463   0.000000  -0.606020   0.000000   0.000000  -0.000000   0.000000   0.028693
       30.6171 0   0.000008   0.000008   0.348702    0.052355   0.000000  -0.591044   0.002021   0.000000   0.000000   0.000000   0.028404
       30.5374 0   0.000113   0.000113   0.386801    0.035809   0.000145  -0.659828   0.000000   0.000000   0.000000   0.000000   0.031132
       30.9039 0   0.002665   0.002665   0.327100    0.042789   0.000000  -0.607943   0.001688   0.000000  -0.003737   0.000000   0.034832
       30.4140 0   0.000998   0.000998   0.381058    0.038965   0.000000  -0.591005   0.000000   0.000000   0.000000   0.000000   0.027513
       30.5339 0   0.000126   0.000126   0.322689    0.046913   0.000000  -0.601943   0.000000   0.000000  -0.000000   0.000000   0.030784
       30.6374 0   0.000040   0.000040   0.350293    0.043518   0.000000  -0.613737   0.000000   0.000000   0.000000   0.000000   0.027850
       30.1946 0   0.004740   0.004740   0.311663    0.038482   0.000000  -0.570066   0.000000   0.000000   0.000000   0.000000   0.033254
       30.8252 0   0.001463   0.001463   0.335934    0.037353   0.000000  -0.559642   0.000000   0.000000   0.000000   0.000000   0.033186
       30.7921 0   0.001065   0.001065   0.341892    0.033723   0.000000  -0.647589   0.000000   0.000000   0.000000   0.000000   0.028343
       30.3438 0   0.001894   0.001894   0.299227    0.046506   0.000000  -0.594835   0.000000   0.000000   0.000000   0.000000   0.030692
       30.6212 0   0.000013   0.000013   0.309530    0.052110   0.000000  -0.559654   0.000000   0.000000   0.000000   0.000000   0.027768
       30.4574 0   0.000587   0.000587   0.333593    0.056247   0.000000  -0.628695   0.000000  -0.000000  -0.001088   0.000000   0.033910
       30.6472 0   0.000064   0.000064   0.323188    0.037326   0.000000  -0.619271   0.000000   0.000000   0.000000   0.000000   0.029929
       30.3782 0   0.001420   0.001420   0.325940    0.045238   0.000000  -0.587182   0.000000  -0.007067  -0.002893   0.000000   0.027001
       30.9714 0   0.003979   0.003979   0.340669    0.044059   0.000000  -0.605774   0.000000   0.000000   0.000000   0.000000   0.034503
       30.4441 0   0.000702   0.000702   0.307973    0.066889   0.000000  -0.557092   0.000000   0.000000   0.000000   0.000000   0.029764
       30.5357 0   0.000119   0.000119   0.331484    0.040226   0.000000  -0.553262   0.000000   0.000000   0.000000   0.000000   0.029045
       30.9323 0   0.003185   0.003185   0.322663    0.049009   0.000000  -0.502268   0.002045   0.000000   0.000000   0.000000   0.032123
       30.7657 0   0.000792   0.000792   0.374815    0.046172   0.000000  -0.566155   0.000000   0.000000   0.000000   0.000000   0.025192
       30.3401 0   0.001948   0.001948   0.355710    0.055245   0.000000  -0.620969   0.000000   0.000000   0.000000   0.000000   0.031434
       30.7346 0   0.000523   0.000523   0.316862    0.049639   0.000000  -0.620250   0.000000   0.000000   0.000000   0.000000   0.033685
       30.7776 0   0.000910   0.000910   0.281363    0.055195   0.000000  -0.596471   0.000000   0.000000   0.000000   0.000000   0.029513
       30.7109 0   0.000355   0.000355   0.356506    0.043909   0.000000  -0.660245   0.000000   0.000000   0.000000   0.000000   0.027473
       30.3674 0   0.001560   0.001560   0.380859    0.075356   0.000000  -0.731390   0.000000   0.000000   0.000000   0.000000   0.029020
       30.5580 0   0.000051   0.000051   0.306590    0.055185   0.000000  -0.654968   0.001208   0.000000   0.000000   0.000000   0.031599
       30.8592 0   0.001937   0.001937   0.318814    0.057330   0.000000  -0.651209   0.000000   0.000000   0.000000   0.000000   0.026242
       30.6103 0   0.000003   0.000003   0.313097    0.053853   0.000000  -0.631653   0.000000   0.000000   0.000000   0.000000   0.028267
       30.1906 0   0.004836   0.004836   0.336132    0.035548   0.000000  -0.594062   0.000000   0.000000  -0.000001   0.000000   0.027411
       30.8111 0   0.001286   0.001286   0.296109    0.046264   0.000000  -0.597198   0.000000   0.000000  -0.000000   0.000000   0.025950
       31.0083 0   0.004809   0.004809   0.300159    0.043661   0.000000  -0.653629   0.000000   0.000000   0.000000   0.000000   0.028465
       30.1406 0   0.006088   0.006088   0.325552    0.047290   0.000458  -0.696954   0.000000   0.000000   0.000000   0.000000   0.028342
       30.6224 0   0.000014   0.000014   0.296482    0.068942   0.000000  -0.671401   0.000000   0.000000  -0.000000   0.000000   0.028485
       30.6193 0   0.000011   0.000011   0.341173    0.050096   0.000000  -0.691987   0.000000   0.000000   0.000000   0.000000   0.029960
       30.5471 0   0.000081   0.000081   0.340437    0.042530   0.000277  -0.649781   0.000000   0.000000   0.000000   0.000000   0.027994
       30.7664 0   0.000799   0.000799   0.377982    0.049330   0.000000  -0.663535   0.000000   0.000000  -0.000035   0.000000   0.030531
       30.3537 0   0.001750   0.001750   0.314667    0.039720   0.000000  -0.580802   0.000000   0.000000   0.000000   0.000000   0.026435
       31.0310 0   0.005359   0.005359   0.334285    0.041361   0.000000  -0.641988   0.000000   0.000000   0.000000   0.000000   0.026380
       30.5001 0   0.000288   0.000288   0.342160    0.065449   0.000000  -0.684499   0.000000   0.000000   0.000000   0.000000   0.028793
       30.2997 0   0.002600   0.002600   0.345421    0.059270   0.000000  -0.685364   0.000028   0.000000   0.000000   0.000000   0.032948
       30.7033 0   0.000308   0.000308   0.343855    0.052139   0.000000  -0.698427   0.000000   0.000000   0.000000   0.000000   0.031040
       30.6529 0   0.000081   0.000081   0.318118    0.056021   0.000000  -0.658690   0.000000   0.000000  -0.000094   0.000000   0.025515
       30.6656 0   0.000124   0.000124   0.349651    0.049071   0.000000  -0.687719   0.000000   0.000000   0.000000   0.000000   0.026121
       30.5163 0   0.000202   0.000202   0.316132    0.064291   0.000000  -0.700527   0.000000   0.000000   0.000000   0.000000   0.026528
       30.3658 0   0.001582   0.001582   0.348968    0.049641   0.000000  -0.755433   0.000000   0.000000   0.000000   0.000000   0.030814
       30.7364 0   0.000536   0.000536   0.400319    0.055807   0.000000  -0.779785   0.000000   0.000000   0.000000   0.000000   0.027414
       30.8214 0   0.001414   0.001414   0.401569    0.047731   0.000000  -0.792344   0.000000   0.000000   0.000000   0.000000   0.027085
       30.2743 0   0.003061   0.003061   0.360647    0.037576   0.000000  -0.729522   0.000000   0.000000   0.000000   0.000000   0.031508
       30.8411 0   0.001676   0.001676   0.344580    0.040888   0.000000  -0.702798   0.000000   0.000000   0.000000   0.000000   0.030884
       31.1285 0   0.008056   0.008056   0.333120    0.051945   0.000000  -0.743805   0.000000   0.000000   0.000000   0.000000   0.030681
       30.5211 0   0.000179   0.000179   0.326252    0.053979   0.000000  -0.730691   0.000000   0.000000   0.000000   0.000000   0.029743
       30.2702 0   0.003138   0.003138   0.320688    0.032587   0.000179  -0.746034   0.000000   0.000000   0.000000   0.000000   0.025278
       30.5918 0   0.000002   0.000002   0.304049    0.044627   0.000000  -0.743446   0.000000   0.000000   0.000000   0.000000   0.027461
       30.3237 0   0.002202   0.002202   0.315500    0.053152   0.001872  -0.720626   0.000000   0.000000   0.000000   0.000000   0.027617
       30.7024 0   0.000303   0.000303   0.301108    0.038835   0.000000  -0.729985   0.000000   0.000000   0.000000   0.000000   0.029461
       30.4760 0   0.000444   0.000444   0.338859    0.047087   0.000000  -0.718321   0.000000   0.000000  -0.000000   0.000000   0.026202
       30.7656 0   0.000791   0.000791   0.313950    0.033226   0.000000  -0.668772   0.000000   0.000000   0.000000   0.000000   0.036305
       30.4989 0   0.000295   0.000295   0.326377    0.033820   0.000359  -0.649163   0.000000   0.000000   0.000000   0.000000   0.029285
       30.6497 0   0.000071   0.000071   0.324881    0.037149   0.000047  -0.696190   0.000000   0.000000   0.000000   0.000000   0.030579
       30.2256 0   0.004044   0.004044   0.325118    0.038646   0.000510  -0.751082   0.000000   0.000000  -0.000000   0.000000   0.028743
       30.5778 0   0.000014   0.000014   0.351192    0.037685   0.000000  -0.722503   0.000000   0.000000   0.000000   0.000000   0.031802
       30.5895 0   0.000003   0.000003   0.299927    0.054199   0.000000  -0.746890   0.000000   0.000000   0.000000   0.000000   0.033711
       30.8166 0   0.001354   0.001354   0.280268    0.051281   0.000042  -0.729459   0.000000   0.000000   0.000000   0.000000   0.026429
       30.8187 0   0.001380   0.001380   0.330435    0.054289   0.000000  -0.761128   0.000000   0.000000  -0.000152   0.000000   0.027929
       30.6737 0   0.000157   0.000157   0.305367    0.054337   0.000000  -0.778217   0.000000   0.000000   0.000000   0.000000   0.031508
       30.5530 0   0.000064   0.000064   0.300905    0.054552   0.000027  -0.752072   0.000000   0.000000  -0.000002   0.000000   0.028369
       30.4108 0   0.001032   0.001032   0.301663    0.054500   0.000000  -0.730247   0.000000   0.000000   0.000000   0.000000   0.027067
       30.5063 0   0.000253   0.000253   0.303420    0.053299   0.000000  -0.689511   0.000000   0.000000   0.000000   0.000000   0.034802
       30.5243 0   0.000165   0.000165   0.360985    0.069902   0.000000  -0.694682   0.000000   0.000000   0.000000   0.000000   0.031861
       30.6857 0   0.000212   0.000212   0.352926    0.042773   0.000000  -0.656411   0.000000   0.000000  -0.000000   0.000000   0.030725
       30.5274 0   0.000152   0.000152   0.317502    0.055802   0.000000  -0.669406   0.000000   0.000000   0.000000   0.000000   0.027825
       30.5499 0   0.000072   0.000072   0.317481    0.042692   0.000000  -0.696219   0.000000   0.000000   0.000000   0.000000   0.026532
       31.0550 0   0.005972   0.005972   0.337468    0.062816   0.000000  -0.737103   0.000000   0.000000   0.000000   0.000000   0.027244
       30.6809 0   0.000189   0.000189   0.307091    0.036766   0.000000  -0.694604   0.000000   0.000000   0.000000   0.000000   0.026289
       30.5169 0   0.000199   0.000199   0.339873    0.050893   0.000000  -0.712042   0.000000   0.000000  -0.000001   0.000000   0.033243
       30.5974 0   0.000000   0.000000   0.334702    0.046627   0.000000  -0.704956   0.000000   0.000000   0.000000   0.000000   0.027774
       30.6721 0   0.000150   0.000150   0.327445    0.054729   0.000000  -0.692462   0.000000   0.000000   0.000000   0.000000   0.028841
       30.6328 0   0.000031   0.000031   0.306639    0.059483   0.000000  -0.691227   0.000000   0.000000   0.000000   0.000000   0.026577
       30.7403 0   0.000568   0.000568   0.329431    0.037285   0.000000  -0.671576   0.000000   0.000000  -0.000025   0.000000   0.029056
       30.6332 0   0.000032   0.000032   0.331794    0.058882   0.000000  -0.647987   0.000000   0.000000   0.000000   0.000000   0.030838
       30.7313 0   0.000497   0.000497   0.300703    0.055901   0.000000  -0.631573   0.000000   0.000000   0.000000   0.000000   0.032424
       30.4840 0   0.000388   0.000388   0.359736    0.048879   0.000000  -0.644609   0.000000   0.000000   0.000000   0.000000   0.029862
       30.7174 0   0.000398   0.000398   0.340592    0.053508   0.000000  -0.598377   0.000000   0.000000   0.000000   0.000000   0.031161
       30.6445 0   0.000057   0.000057   0.363343    0.043551   0.000000  -0.582202   0.000000   0.000000   0.000000   0.000000   0.029360
       30.4473 0   0.000673   0.000673   0.331787    0.044057   0.000000  -0.584637   0.000000   0.000000  -0.000079   0.000000   0.028860
       30.7651 0   0.000786   0.000786   0.369459    0.047276   0.000000  -0.626039   0.000000   0.000000   0.000000   0.000000   0.039011
       30.6023 0   0.000000   0.000000   0.332710    0.049838   0.000000  -0.573445   0.000000   0.000000   0.000000   0.000000   0.030856
       30.4614 0   0.000554   0.000554   0.353999    0.040709   0.000000  -0.569162   0.000000   0.000000  -0.000001   0.000000   0.036570
       31.0718 0   0.006420   0.006420   0.306470    0.048000   0.000000  -0.514003   0.000000   0.000000  -0.000002   0.000000   0.035750
       30.8587 0   0.001930   0.001930   0.300921    0.046933   0.000000  -0.481729   0.000415   0.000000   0.000000   0.000000   0.029726
       30.5520 0   0.000066   0.000066   0.308245    0.039651   0.000000  -0.506688   0.000000   0.000000  -0.000286   0.000000   0.028374
       30.6833 0   0.000200   0.000200   0.327041    0.056626   0.003312  -0.559823   0.000000   0.000000   0.000000   0.000000   0.025705
       30.7165 0   0.000391   0.000391   0.277710    0.049162   0.000000  -0.544462   0.000000   0.000000   0.000000   0.000000   0.027233
       30.4745 0   0.000455   0.000455   0.360868    0.049376   0.000199  -0.607334   0.000000   0.000000   0.000000   0.000000   0.031263
       30.3889 0   0.001285   0.001285   0.390508    0.043254   0.000000  -0.655175   0.000000   0.000000   0.000000   0.000000   0.025954
       30.4566 0   0.000593   0.000593   0.368107    0.056492   0.000000  -0.652417   0.000000   0.000000   0.000000   0.000000   0.032443
       30.6500 0   0.000072   0.000072   0.334486    0.041291   0.000000  -0.595431   0.000000   0.000000   0.000000   0.000000   0.030663
       30.6632 0   0.000115   0.000115   0.375497    0.046526   0.000000  -0.632052   0.000000   0.000000   0.000000   0.000000   0.027175
       30.2422 0   0.003694   0.003694   0.324257    0.055793   0.001083  -0.576549   0.000000   0.000000   0.000000   0.000000   0.037034
       30.8996 0   0.002589   0.002589   0.344210    0.062050   0.000000  -0.613296   0.000000   0.000000   0.000000   0.000000   0.026326
       30.5078 0   0.000245   0.000245   0.329945    0.039112   0.000000  -0.597076   0.000000   0.000000   0.000000   0.000000   0.030932
       30.6689 0   0.000137   0.000137   0.325549    0.064613   0.000000  -0.653020   0.000000   0.000000  -0.000004   0.000000   0.030550
       30.5859 0   0.000006   0.000006   0.337899    0.049737   0.000000  -0.570900   0.000000   0.000000   0.000000   0.000000   0.026290
       30.5267 0   0.000155   0.000155   0.319642    0.054913   0.000000  -0.589108   0.000000   0.000000   0.000000   0.000000   0.030635
       30.6054 0   0.000001   0.000001   0.327492    0.042980   0.000000  -0.589426   0.000000   0.000000   0.000000   0.000000   0.027890
       30.3686 0   0.001545   0.001545   0.301951    0.060825   0.000000  -0.603410   0.000000   0.000000   0.000000   0.000000   0.027856
       30.6004 0   0.000000   0.000000   0.362795    0.043833   0.000548  -0.665137   0.000000   0.000000  -0.000000   0.000000   0.035720
       30.4344 0   0.000791   0.000791   0.343099    0.043195   0.000000  -0.605580   0.000000   0.000000   0.000000   0.000000   0.026410
       30.6381 0   0.000042   0.000042   0.325922    0.050058   0.000000  -0.630847   0.000000   0.000000   0.000000   0.000000   0.026317
       30.4699 0   0.000488   0.000488   0.313000    0.040361   0.000000  -0.586638   0.000000   0.000000  -0.001787   0.000000   0.037255
       30.4191 0   0.000944   0.000944   0.334255    0.063169   0.000000  -0.645451   0.000000   0.000000   0.000000   0.000000   0.028223
       30.9496 0   0.003525   0.003525   0.318567    0.050277   0.000000  -0.736248   0.000000   0.000000   0.000000  -0.000234   0.029662
       30.5147 0   0.000210   0.000210   0.342092    0.041657   0.000000  -0.717910   0.000000   0.000000   0.000000   0.000000   0.026675
       30.6486 0   0.000068   0.000068   0.357684    0.046421   0.002712  -0.748285   0.000000   0.000000   0.000000   0.000000   0.027101
       30.5623 0   0.000041   0.000041   0.370381    0.049956   0.000000  -0.790502   0.000000   0.000000  -0.000000   0.000000   0.026416
       30.3895 0   0.001278   0.001278   0.352794    0.040213   0.000000  -0.790260   0.001056   0.000000   0.000000   0.000000   0.033019
       30.7432 0   0.000592   0.000592   0.343314    0.039113   0.000000  -0.771455   0.000000   0.000000  -0.000000   0.000000   0.028801
       30.6273 0   0.000022   0.000022   0.361994    0.047157   0.000000  -0.799912   0.000000   0.000000   0.000000   0.000000   0.028101
       30.7400 0   0.000565   0.000565   0.362105    0.043418   0.000000  -0.850565   0.000000   0.000000   0.000000   0.000000   0.028759
       30.4852 0   0.000380   0.000380   0.317879    0.054796   0.000000  -0.817655   0.000000   0.000000  -0.000000   0.000000   0.029444
       30.7478 0   0.000630   0.000630   0.320189    0.024962   0.000000  -0.734064   0.000000   0.000000   0.000000   0.000000   0.025402
       30.8469 0   0.001759   0.001759   0.316436    0.051902   0.000000  -0.718533   0.000000   0.000000   0.000000   0.000000   0.030614
       30.6760 0   0.000167   0.000167   0.293470    0.059264   0.000000  -0.685726   0.000000   0.000000   0.000000   0.000000   0.032350
       30.6618 0   0.000110   0.000110   0.278505    0.046502   0.000000  -0.648494   0.000000   0.000000   0.000000   0.000000   0.028571
       30.4347 0   0.000788   0.000788   0.288217    0.039621   0.000000  -0.642844   0.000000   0.000000   0.000000   0.000000   0.027830
       31.0020 0   0.004662   0.004662   0.291645    0.037035   0.000000  -0.616336   0.000000   0.000000   0.000000   0.000000   0.030059
       30.3236 0   0.002203   0.002203   0.316700    0.048777   0.000000  -0.690407   0.000000   0.000000   0.000000   0.000000   0.028113
       30.1286 0   0.006410   0.006410   0.348205    0.042729   0.000000  -0.659945   0.000000   0.000000   0.000000   0.000000   0.032521
       30.4856 0   0.000377   0.000377   0.326013    0.056384   0.000000  -0.656854   0.000000   0.000000   0.000000  -0.006553   0.031061
       31.0995 0   0.007197   0.007197   0.359852    0.052994   0.000000  -0.726981   0.000000   0.000000   0.000000   0.000000   0.028695
       30.3883 0   0.001293   0.001293   0.344601    0.051558   0.000000  -0.671851   0.000000   0.000000   0.000000   0.000000   0.030878
       30.4573 0   0.000587   0.000587   0.311717    0.040173   0.000000  -0.633436   0.000000   0.000000   0.000000   0.000000   0.032655
       30.6615 0   0.000109   0.000109   0.314816    0.047874   0.000000  -0.636745   0.000000   0.000000  -0.000000  -0.012916   0.033706
       30.6568 0   0.000093   0.000093   0.351906    0.066801   0.000000  -0.691105   0.000000   0.000000   0.000000   0.000000   0.029782
       30.6311 0   0.000028   0.000028   0.346859    0.055366   0.000000  -0.724005   0.000000   0.000000   0.000000   0.000000   0.025935
       30.5382 0   0.000110   0.000110   0.344553    0.056876   0.000000  -0.705463   0.000000   0.000000   0.000000   0.000000   0.027409
       30.6434 0   0.000054   0.000054   0.298528    0.056775   0.000000  -0.598377   0.000000   0.000000   0.000000   0.000000   0.034052
       30.1534 0   0.005754   0.005754   0.364005    0.072088   0.000000  -0.668336   0.000000   0.000000   0.000000  -0.000003   0.034265
       30.2996 0   0.002603   0.002603   0.361240    0.054454   0.000000  -0.650719   0.000000   0.000000   0.000000   0.000000   0.031266
       30.6801 0   0.000185   0.000185   0.294488    0.027609   0.000000  -0.574610   0.000000   0.000000   0.000000   0.000000   0.027269
       30.8639 0   0.002009   0.002009   0.324073    0.051584   0.000000  -0.650574   0.000000   0.000000  -0.000194   0.000000   0.025359
       30.1247 0   0.006518   0.006518   0.334785    0.058920   0.000000  -0.631007   0.000000   0.000000   0.000000   0.000000   0.031195
       30.3965 0   0.001195   0.001195   0.329223    0.068645   0.000000  -0.632459   0.000000   0.000000  -0.000014   0.000000   0.033977
       30.7967 0   0.001116   0.001116   0.363347    0.045901   0.000000  -0.632207   0.000000   0.000000   0.000000   0.000000   0.027483
       30.7846 0   0.000983   0.000983   0.369537    0.039455   0.000159  -0.669365   0.000000   0.000000   0.000000   0.000000   0.026802
       30.4283 0   0.000851   0.000851   0.365781    0.071779   0.000032  -0.681258   0.000000   0.000000  -0.000005   0.000000   0.033954
       30.4947 0   0.000320   0.000320   0.372529    0.050227   0.000008  -0.647867   0.000000   0.000000  -0.000000   0.000000   0.026920
       30.5108 0   0.000230   0.000230   0.357523    0.030971   0.000000  -0.655802   0.000000   0.000000   0.000000   0.000000   0.026264
       30.5380 0   0.000111   0.000111   0.296685    0.054448   0.000000  -0.698673   0.000000   0.000000   0.000000   0.000000   0.030648
       30.4526 0   0.000627   0.000627   0.355652    0.066406   0.000000  -0.756722   0.000000   0.000000   0.000000   0.000000   0.027873
       30.5481 0   0.000078   0.000078   0.310140    0.057846   0.000000  -0.678118   0.000000   0.000000   0.000000   0.000000   0.030853
       30.5254 0   0.000160   0.000160   0.374274    0.047216   0.000000  -0.771284   0.000000   0.000000   0.000000   0.000000   0.028369
       30.4847 0   0.000384   0.000384   0.319029    0.046375   0.000000  -0.726235   0.000476   0.000000   0.000000   0.000000   0.032268
       30.8362 0   0.001610   0.001610   0.328290    0.036872   0.000000  -0.729308   0.000000   0.000000   0.000000   0.000000   0.027024
       30.7047 0   0.000316   0.000316   0.303744    0.051534   0.000000  -0.741676   0.000000  -0.000000  -0.000870   0.000000   0.028291
       30.3456 0   0.001867   0.001867   0.302974    0.048165   0.000000  -0.724120   0.000000   0.000000   0.000000  -0.000011   0.028627
       30.8724 0   0.002140   0.002140   0.325757    0.046160   0.000000  -0.729097   0.000000   0.000000  -0.000708   0.000000   0.027663
       30.4249 0   0.000884   0.000884   0.308277    0.057146   0.000000  -0.709339   0.000000   0.000000   0.000000   0.000000   0.031277
       30.3800 0   0.001397   0.001397   0.318128    0.044709   0.000000  -0.701712   0.000000   0.000000   0.000000   0.000000   0.027415
       31.0465 0   0.005752   0.005752   0.315906    0.062581   0.000000  -0.725409   0.000000   0.000000   0.000000   0.000000   0.028027
       30.4787 0   0.000425   0.000425   0.341724    0.056794   0.000000  -0.712636   0.000000   0.000000  -0.000007   0.000000   0.034142
       30.1000 0   0.007212   0.007212   0.311575    0.055354   0.000000  -0.709908   0.000000   0.000000   0.000000   0.000000   0.033426
       30.8029 0   0.001187   0.001187   0.322326    0.041924   0.000381  -0.724626   0.000000   0.000000  -0.000160   0.000000   0.028225
       30.7719 0   0.000852   0.000852   0.329253    0.056091   0.000000  -0.734229   0.002851   0.000000   0.000000   0.000000   0.028513
       30.7745 0   0.000878   0.000878   0.334539    0.076174   0.000000  -0.762958   0.000000   0.000000   0.000000   0.000000   0.027768
       30.6943 0   0.000256   0.000256   0.331759    0.054157   0.000000  -0.732609   0.000000   0.000000   0.000000   0.000000   0.027677
       30.5368 0   0.000115   0.000115   0.351145    0.050900   0.000000  -0.722959   0.000000   0.000000  -0.000000   0.000000   0.028459
       30.5168 0   0.000200   0.000200   0.323224    0.065575   0.000000  -0.748881   0.001333   0.000000   0.000000   0.000000   0.027180
       30.8932 0   0.002480   0.002480   0.342266    0.047493   0.000000  -0.772792   0.000000   0.000000  -0.000012   0.000000   0.024184
       30.6289 0   0.000024   0.000024   0.310934    0.058308   0.000000  -0.759313   0.000000   0.000000  -0.001093   0.000000   0.024142
       30.4399 0   0.000740   0.000740   0.301184    0.050105   0.000000  -0.697577   0.000000   0.000000   0.000000   0.000000   0.031515
       30.7535 0   0.000679   0.000679   0.335226    0.059307   0.000000  -0.722710   0.000000   0.000000  -0.000142   0.000000   0.037043
       30.7530 0   0.000675   0.000675   0.386874    0.043304   0.000000  -0.682235   0.000000   0.000000  -0.000757   0.000000   0.027202
       30.6157 0   0.000007   0.000007   0.352075    0.043228   0.000000  -0.692271   0.000000   0.000000   0.000000   0.000000   0.030956
       30.5436 0   0.000092   0.000092   0.345206    0.061761   0.000000  -0.660987   0.000000   0.000000   0.000000  -0.002271   0.026920
       30.5266 0   0.000155   0.000155   0.321702    0.059316   0.000000  -0.707963   0.000000   0.000000  -0.000000   0.000000   0.031005
       30.6298 0   0.000026   0.000026   0.310374    0.073605   0.000000  -0.717407   0.000162   0.000000   0.000000   0.000000   0.026388
       30.5621 0   0.000041   0.000041   0.314735    0.051278   0.000000  -0.737391   0.000000   0.000000   0.000000   0.000000   0.035871
       30.5533 0   0.000063   0.000063   0.318969    0.058174   0.000000  -0.754771   0.000000   0.000000   0.000000   0.000000   0.028738
       30.5636 0   0.000038   0.000038   0.324325    0.055776   0.000000  -0.737342   0.000000   0.000000   0.000000   0.000000   0.025980
       30.8881 0   0.002395   0.002395   0.341540    0.057283   0.000000  -0.760013   0.000000   0.000000   0.000000   0.000000   0.027972
       30.6226 0   0.000015   0.000015   0.310565    0.051961   0.000000  -0.722816   0.000000  -0.002755  -0.000020   0.000000   0.029781
       30.6753 0   0.000164   0.000164   0.375384    0.041599   0.000000  -0.781078   0.000000   0.000000   0.000000   0.000000   0.024811
       30.4053 0   0.001093   0.001093   0.320969    0.063757   0.000000  -0.782656   0.000000   0.000000   0.000000   0.000000   0.031957
       30.7368 0   0.000540   0.000540   0.346595    0.034519   0.000000  -0.801294   0.000000   0.000000   0.000000   0.000000   0.030417
       30.9232 0   0.003014   0.003014   0.298324    0.036261   0.000000  -0.786978   0.000000   0.000000   0.000000   0.000000   0.025981
       30.6377 0   0.000041   0.000041   0.324347    0.036017   0.000000  -0.827813   0.000000  -0.001712  -0.000008   0.000000   0.028448
       30.4352 0   0.000783   0.000783   0.332527    0.054578   0.000000  -0.802992   0.000000   0.000000   0.000000   0.000000   0.030127
       30.8133 0   0.001313   0.001313   0.341794    0.038725   0.000000  -0.816331   0.001730   0.000000   0.000000   0.000000   0.030038
       30.6892 0   0.000230   0.000230   0.302854    0.053895   0.000792  -0.808388   0.000000   0.000000   0.000000   0.000000   0.030558
       30.6093 0   0.000003   0.000003   0.354965    0.052430   0.000000  -0.850794   0.000000   0.000000   0.000000   0.000000   0.034455
       30.4126 0   0.001013   0.001013   0.353587    0.048475   0.000000  -0.851328   0.000000   0.000000   0.000000   0.000000   0.023792
       30.7038 0   0.000311   0.000311   0.337953    0.052053   0.000000  -0.831244   0.000000  -0.000000   0.000000   0.000000   0.028708
       30.6684 0   0.000135   0.000135   0.291982    0.042331   0.000000  -0.775132   0.000000   0.000000  -0.001460   0.000000   0.033701
       30.4571 0   0.000589   0.000589   0.288141    0.047148   0.000000  -0.796314   0.000000   0.000000  -0.001228   0.000000   0.025346
       30.6199 0   0.000011   0.000011   0.327638    0.051434   0.000000  -0.772533   0.000000   0.000000   0.000000   0.000000   0.029008
       30.6149 0   0.000006   0.000006   0.307888    0.050373   0.000000  -0.769367   0.000000   0.000000   0.000000   0.000000   0.028338
       30.8401 0   0.001662   0.001662   0.341832    0.038352   0.001483  -0.763784   0.000000   0.000000   0.000000   0.000000   0.022172
       30.6905 0   0.000236   0.000236   0.330371    0.057029   0.000000  -0.760834   0.000000   0.000000  -0.000071   0.000000   0.028724
       30.6573 0   0.000095   0.000095   0.305267    0.044254   0.000000  -0.763506   0.000000   0.000000   0.000000   0.000000   0.025037
       30.7457 0   0.000613   0.000613   0.299090    0.070991   0.000000  -0.746505   0.000000   0.000000   0.000000   0.000000   0.025906
       30.8321 0   0.001554   0.001554   0.330725    0.027207   0.000000  -0.743074   0.000000   0.000000   0.000000   0.000000   0.028135
       30.5599 0   0.000046   0.000046   0.339917    0.038472   0.000000  -0.755107   0.000000   0.000000   0.000000   0.000000   0.029061
       30.6800 0   0.000184   0.000184   0.306344    0.053943   0.000000  -0.726131   0.000000   0.000000   0.000000   0.000000   0.024745
       30.5055 0   0.000257   0.000257   0.293179    0.036105   0.000000  -0.728082   0.000000  -0.012458  -0.003810   0.000000   0.025519
       30.4662 0   0.000516   0.000516   0.289394    0.045100   0.000000  -0.716443   0.000000   0.000000   0.000000   0.000000   0.027220
       30.4931 0   0.000330   0.000330   0.291972    0.038060   0.000000  -0.695032   0.000153   0.000000   0.000000  -0.010602   0.026974
       30.5113 0   0.000227   0.000227   0.295210    0.045573   0.000000  -0.719406   0.000000   0.000000  -0.000309   0.000000   0.024966
       30.5195 0   0.000187   0.000187   0.284228    0.040497   0.000000  -0.730209   0.000000   0.000000   0.000000   0.000000   0.029671
       30.7795 0   0.000930   0.000930   0.348255    0.047503   0.000000  -0.772446   0.000000   0.000000   0.000000   0.000000   0.032723
       30.7806 0   0.000941   0.000941   0.347963    0.062003   0.000000  -0.724549   0.000000   0.000000   0.000000   0.000000   0.030632
