t = 100000000
b = 105 105 105
E = -0.417422350816569 -0.763937234814058 0.346514883997489
96.1596541602373 208.632897995635 203.840619366861 0.135424691444824 -0.0315642350130391 -0.990284732799099 -0.804739208868854 -0.586556981691152 -0.0913548736438902 -0.0130063177787637 -0.507368542063629 0.0979218188312445 0.649161180995732 0.2743338412188 0.36612872107643
95.6995001262854 208.634740576772 203.707934524867 0.416229068915045 -0.710671949138222 -0.567184928307105 -0.815570891054871 -0.567583429913249 0.112663977174615 -0.0735617969462672 -0.0332627774827107 0.0093408615888763 0.174247268934117 0.0476528110832347 0.19478297592472
95.274987410235 208.361577231877 203.519411860225 0.65319841155072 -0.730693860294684 -0.198540468606606 -0.756944568326936 -0.636774047039419 -0.146811898352463 0.748793852627071 0.648651726341071 0.0150585592095162 0.0580397750285563 -0.273710657930215 -0.0574207690740071
94.9632356123706 207.959152791763 203.376073743473 0.780752396729495 -0.545645550747019 0.304461209271449 -0.515262775817639 -0.837860651686278 -0.18026036783366 0.339997644472115 -0.481379483947331 -0.827775392539036 -0.0346196946160281 -0.0020699262245327 0.284650845162216
94.917886924619 207.602650756115 203.084756460469 0.112686587716172 -0.453832640593142 0.88393306719538 -0.650869215133815 -0.705889071302149 -0.279445672369791 -0.0506674802166555 0.301859421347187 -0.0585456582327625 0.399203167034295 0.161373595198672 -0.119374427841756
94.7291160087605 207.182422080298 203.039449397148 -0.336007553807578 0.240396301159832 0.910663792061662 -0.834928483278435 -0.523485614098535 -0.169874187685469 -0.71159668474782 0.387747116492663 -0.158914232469059 0.246725929612057 0.0389657520490818 -0.261429134345658
94.6258990526031 206.824141200566 203.240223436721 -0.807651306756342 0.578995459354046 0.111640605253096 -0.582858603850871 -0.755221779892544 -0.299859819070343 -0.207844017460821 0.328764264275032 0.436968012771896 0.171843152861814 0.194981751506788 0.695521636410361
94.233434819599 206.53764593525 203.245195937839 -0.489891090249204 0.576096609240669 -0.654308349722658 -0.781159444594749 -0.623288049852736 0.0360822536961375 -0.294019067966187 -0.43888964474619 -0.102034674269988 0.786935558779865 -0.498903984994113 0.017972197302704
93.6997609103076 206.402943336718 203.291512506384 -0.142669136740057 0.159073165040745 -0.976903908061166 -0.896534694475126 -0.43896565358242 0.0594533142710365 0.228146437178573 0.125615232948717 -0.436313969264659 0.536352481544694 -0.344981388143151 0.178462191466683
93.1932624980299 206.445934851946 203.173402473717 0.193721814857673 -0.320462875607836 -0.927240747490394 -0.975329903672596 -0.1648818169752 -0.146784077586512 -0.591404255009174 0.211251792299655 0.205600150111231 -0.448755685321079 -0.285835251601081 0.0212015956843458
92.7813116551575 206.668603014517 202.95547008792 0.249400071471818 -0.918262016645545 -0.307562145160731 -0.965281096614655 -0.261197167711691 -0.00290587295941305 -0.0604645335977245 0.703410998743038 0.117354191319596 -0.24163325217553 0.277650956824914 0.315448819900644
92.4081494070805 206.484277630916 202.63509342442 0.285173438732467 -0.759626895398785 0.584502429103687 -0.945265602726811 -0.323793757904132 0.0403799782576528 0.0555916695321822 0.190209841534379 -0.417219954557172 0.0726103058860594 0.286408444737692 0.183193442852181
92.0066129981446 206.165798359183 202.652216305689 0.127366709100333 0.0509237014650885 0.990547574850224 -0.962813987277109 -0.233549951311345 0.135807386186097 -0.723574031129682 -0.33676593419965 -0.219292950227414 -0.157458228951767 -0.185337944854605 0.365765205184163
92.1225754691775 205.302973589389 202.192802327328 0.571047212473082 -0.343418526020804 0.745633151833729 -0.774035764344016 0.0773061604091381 0.628404641197532 0.484083411518028 -0.112983704657226 -0.044410357178388 -0.166362033583575 -0.0193794494548343 0.556363273433021
91.7963267739671 205.080859066777 202.454512663347 0.673317919010767 0.380875340071277 0.633700998315799 -0.703647805266382 0.0669709822301472 0.707385788437447 -0.21727203841707 -0.355852387348284 0.0456877229811764 -0.105371939718642 -0.234610344306882 -0.044599304606607
91.7171791092585 204.913390601476 202.939892037248 0.397484704389672 0.86490333687461 0.306509588168436 -0.463564786493093 -0.0990010581231798 0.880514894373118 -0.0811528160610796 -0.178383132213161 0.510440104264357 0.172167956187524 0.334868601385392 -0.607186812007187
90.6858845244132 204.977902128874 202.458411284867 0.808033060846757 0.31621931890597 -0.497079384936382 0.100840559208405 -0.905526462065196 -0.41213227017466 -0.0415800338172978 0.142341528933867 -0.0510497851568646 0.108268747807632 -0.424057123732498 0.316762426914269
90.7390970008939 204.771404153269 202.013667904264 0.914551813217741 -0.0635487350187952 0.399445289392168 0.0939348767819637 -0.927206324821299 -0.362580570544205 -0.244946496677711 -0.0219948533943931 -0.482116759524692 0.335400902584116 -0.176498190455407 -1.07891841802188
91.0806645649584 204.404539451508 201.719345249559 0.220871797604629 -0.337110908551636 0.915189534664094 -0.106696862973596 -0.941084260903344 -0.320899039126252 -0.155009438440372 0.522154911846041 0.0134001989247699 0.457808687637628 0.474494434410437 -0.363801150855864
91.3262683634311 204.023466424127 201.543316811034 -0.508112992483072 -0.189142554966001 0.840265601326191 -0.151317543633873 -0.940811153192219 -0.303277719288946 -0.0578407129297182 0.232271071386014 0.20718742340958 0.0590688324041569 -0.517769232427186 0.137967768768957
91.3380205052946 203.485127373148 201.62910191893 -0.947349569378294 0.291716897688094 0.132022895750012 -0.320143087229748 -0.855065792910052 -0.40788588293074 -0.549538516082773 -0.59097012131357 0.0745244847591095 0.458705433584671 -0.498575702014013 0.149333662589546
91.0537796706582 203.058678354623 201.659220026642 -0.67716155962846 0.614487883334954 -0.404792370724353 -0.542209731464703 -0.788589063659937 -0.290061882676286 0.257565370588875 0.112202618646257 0.211535756118515 0.0730780826296827 -0.240324923141191 0.26415075510713
90.8943860323438 202.40197114224 202.286407418124 -0.915339867365001 0.359295525656715 -0.181823135089847 -0.328335071117943 -0.927335843124705 -0.179567021274532 0.495475935259334 0.448090700083137 0.164200574779424 -0.549240315622752 -0.542767892579956 -0.362709348203493
91.5810829071307 201.206264658865 201.423393344895 0.097097408704352 -0.169123746630372 -0.980800311760508 0.893285423556885 0.449356506674727 0.0109490624656739 -0.259262548555632 0.0149946486885687 0.105825026073982 0.310847169800743 0.632068998109001 0.294933661349144
92.0220647202553 201.105956705536 201.336126477061 -0.16305923022673 0.655993688319457 -0.736942310036629 0.933458594170251 0.344443837098221 0.100067457518632 0.294418949957955 -0.0654753160276456 0.420440339629151 -0.220451294405099 0.0140719466384004 0.572237497617893
92.3565833223031 201.058222369713 201.039335582267 -0.0497754227997703 0.997995213341116 -0.0390891472758736 0.997327073126069 0.0475698578454649 -0.0554600562104717 0.281150835600699 0.408953911479476 0.674573113409177 0.28180269023939 0.0975416559317224 0.571316027056185
124.788580323857 189.668292955361 181.503497569282 0.0745820451620665 -0.731361354364866 0.67789976241341 -0.535334801927087 0.544170999761548 0.645983415316301 -0.23378505014862 0.452642702006015 0.0619711819827051 -0.0901949098291377 -0.14810308058654 0.0440370582638002
124.733062058775 190.872535653561 181.611558851769 -0.308418040177186 0.945976113478461 0.100037519065979 0.950811652777826 0.309761770427351 0.00220148236681062 0.124437512580871 0.373507948666876 -0.158496937193694 0.288522875959843 0.206491019412304 0.23510626764628
124.028869731391 190.95260680102 181.760307396144 -0.377344271644129 0.676372557950984 -0.632559454523194 0.875233728101133 0.037264404438561 -0.482262672570144 0.0634498606142312 0.326763768038182 0.436031621008079 -0.255038039830953 -0.325526547007252 -0.348519985344878
123.581447817244 190.360527923402 182.010704516268 -0.530731671338718 0.334304203436572 0.778822568113028 0.161671907976812 0.941980923131287 -0.294166848280333 0.229901238249809 0.00744613557816911 -0.753728685561257 -0.119158714398413 -0.137875665653442 0.519542634069002
123.41410964664 190.810923563711 181.820704433028 0.202460569134393 0.126516014383935 0.971083629793509 0.10448822462293 0.983168176211718 -0.149875108675981 -0.630568366778516 0.154695818294836 -0.668877433153036 0.361924754467516 0.32028640608689 -0.0688955306858288
123.262377960253 191.268896358156 181.889218825041 0.836138775429958 0.0428618151013994 0.546840756553271 0.1755616139738 0.92358655039044 -0.340831341920911 -0.534199347277235 0.37818566222037 -0.203241966373295 0.223671143641627 0.138031199215127 -0.225952584263125
123.3986312819 191.653390606808 182.076870128415 0.842030617273381 -0.143887413247683 -0.519885421881394 -0.0431111169417188 0.942735517584256 -0.330743368008569 -0.0504856744490777 0.0161562034633936 -0.300787133954231 -0.110053185595213 -0.440788537450577 -0.349911217421806
122.691849882734 191.784062362827 181.834496175389 0.343401210360525 0.909495493916596 0.234293737153479 -0.919462752983602 0.27470003041355 0.281297243439415 -0.199881734540445 0.739769639024289 -0.093133962955568 -0.0155788982789509 -0.513501457365599 -0.160761472004635
122.343973215082 191.971612513239 182.267758560529 0.239944168117703 0.810471168253455 -0.534381213756149 -0.920247089464119 0.365185919926018 0.140657521023754 0.542820132172191 -0.0733741397379172 0.0899792521456315 -0.115309373975691 -0.169706916169055 0.630910965939618
121.642607877399 191.348133542181 181.47106199325 0.677706634419064 0.50136222451276 -0.537912295356378 0.267236498677968 -0.84943177554369 -0.455027815051702 0.497228091767352 0.306816703258228 0.299854959985642 0.352215429245998 -0.180080070155271 0.149570420477822
121.379755474209 190.575155639444 181.77636712125 0.262897615198235 0.192246256889125 -0.94547671607226 0.743405677218359 0.584284603006871 0.325514211317043 -0.353815633002797 0.129421320738457 -0.110669323880816 0.0701296052996507 -0.282278223987886 -0.0841337689456134
120.920650231102 191.14557257412 182.500304099909 -0.708028809934514 0.150458955135487 -0.689969062438069 -0.568896170560192 0.457341153405311 0.683517531979035 0.301702620103086 -0.443448678842113 0.217151480762295 0.42159937657963 -0.63401659872364 0.82398100391225
120.735954493547 191.559674844655 182.694068197978 -0.761762105662048 -0.427824718013226 -0.486502317605712 -0.618459769638674 0.70385845257995 0.349414928231532 -0.183824501193183 -0.0114377565356651 -0.411755168363471 0.572420215230973 0.282610670965638 -0.60239868466105
120.335840143319 191.982183864346 182.613158756853 -0.615936969029685 -0.787702381743271 0.0121081781332207 -0.737022136256232 0.581600339179693 0.344295536036543 -0.255741556316256 0.103961330819715 -0.222168711429896 -0.043925184162608 -0.0801624187820362 0.531475583174829
120.303609524888 192.111249441251 182.223189877772 -0.231289388342053 -0.565267377769212 -0.791819430469982 0.682805559478795 0.485448312116899 -0.546000461728819 -0.352108421321742 0.266893211306462 -0.28978983425856 0.0719071471984566 -0.184761301623339 0.100523128323764
120.248025982602 192.982674978661 181.251535790773 0.783541828016571 0.00906871555108609 -0.621272856438723 -0.491387915743154 -0.60289651141556 -0.628532984642797 0.647427549645496 0.0601765021815158 -0.426016534719684 0.781663926979337 -0.145385139577219 0.136144769917757
119.996616038657 192.916320497318 180.809817733416 0.87527103786201 -0.390682472806785 -0.28507510540348 -0.449703811668389 -0.440562185340525 -0.776962960905077 -0.517490106074465 0.184680649225448 0.124730726356736 0.330760581492444 -0.278158285007183 -0.207928522071338
120.010981887918 192.825117532718 180.279236271528 0.338922898763779 -0.875077913396303 0.345499514009047 -0.334983097931585 -0.455411585821828 -0.824855509528527 0.314791606655261 -0.65834231771517 0.216818013114639 0.16052210394579 -0.24345233148529 0.223831058249216
120.096962032979 192.562935492708 179.884937040085 -0.320493710955026 -0.779384558854607 0.538371145825409 -0.284398785276647 -0.462958823636218 -0.839515609474546 -0.12782801005474 0.3702295422023 -0.305510044069236 0.485776382858898 0.212051436230964 0.0571595194147475
120.020015566953 193.137182443151 179.201540157486 -0.174551357048764 -0.81019724297443 -0.559564340562069 0.433260609939295 0.447119907389419 -0.782540115451443 0.0344972288353843 0.0409694511154032 0.498773439037461 -0.178311397494628 -0.293468925780015 0.61929866272423
120.451975869673 193.072908666749 178.793499173906 -0.773347319880058 -0.210380522722215 -0.598058490863203 0.391973250407441 0.582763429826587 -0.711859365198261 0.00877364408785735 0.619904200056292 0.0921870626618377 -0.174500103919142 -0.482068826407974 -0.217359703806677
120.687014263767 193.243426574795 178.312662759033 -0.952361327954406 0.0291030271417799 -0.303580162108489 0.269026158918785 0.549019409606471 -0.79132964919398 -0.134753088135483 0.141149710700453 -0.0289709462450268 0.187702462626851 -0.300360277571684 0.304228154319266
120.647781979842 193.270215020888 177.818579949267 -0.624354447513085 0.766643351503461 0.149798182448777 0.448517626507275 0.50884588062183 -0.734784191777247 -0.129777040966602 -0.529201041328081 0.230743150474997 0.375312109032557 0.0124586351104435 -0.30455077068919
120.687904011869 193.567926779104 177.314264057702 -0.133141812456068 0.671312743597247 0.729117588636831 0.605310529514149 0.637598621330787 -0.476515646056577 0.0616129697837948 -0.439690683780446 -0.0751344397543455 -0.033484041618359 0.716382591415427 0.0877670954035248
120.725781435857 194.045957439953 177.088787559128 0.419167539392182 0.167748820102772 0.892277371266357 0.677326102069794 0.596670985569379 -0.43036390001192 0.0771816510986111 -0.0235537478071348 -0.275770055097856 0.263731266469933 0.00752590693903569 0.280281815768845
121.031124683442 194.534942131921 177.059920652176 0.490754981750612 -0.579288276253131 0.650833804347121 0.870426511309794 0.359349277784842 -0.336490393567449 0.00971153936112614 -0.161624803130895 -0.0951465228352272 -0.0606207269308352 -0.280149900069241 -0.0585183190439148
