0.999999238518982 
0.9999810039671758 
0.9999940314294231 
0.9800993799251869 
0.9246255612053821 
0.9230743585121259 
0.8461523556832723 
0.8461516336867461 
0.8461493155598157 
0.8461482656001276 
0.8073338814662616 
0.5384601170869433 
0.4997699850739163 
0.4615375518495959 
0.4615375151725833 
0.4615371324378032 
0.42307571089322316 
0.3824933251440028 
0.3846118760945849 
0.3461531169084258 
0.3461535113033361 
0.3461534903824307 
0.26922949249063954 
0.26922893203091064 
0.23076898397407922 
0.2307468252647957 
0.19230679427876707 
0.19230320100518286 
0.11538455639479225 
0.11538428193526315 
0.11537912845854364 
0.11370135780889197 
0.07690965201549203 
6.949994451850036e-272 
1.71043061904918e-292 
0.0 
0.0 
0.0 
0.0 
0.0 
0.0 
0.0 
0.0 
0.0 
0.0 
0.0 
0.0 
0.0 
0.0 
0.0 
0.0 
0.0 
0.0 
0.0 
0.0 
0.0 
0.0 
0.0 
0.0 
0.0 
0.0 
0.0 
0.0 
0.0 
0.0 
0.0 
0.0 
0.0 
0.0 
0.0 
0.0 
0.0 
0.0 
0.0 
0.0 
0.0 
0.0 
0.0 
0.0 
0.0 
0.0 
0.0 
0.0 
0.0 
0.0 
0.0 
0.0 
0.0 
0.0 
0.0 
0.0 
0.0 
0.0 
0.0 
0.0 
0.0 
0.0 
0.0 
0.0 
0.0 
0.0 
