t = 0
b = 24 24 24
E = 0 0 0
1.8960418701171875 4.197235107421875 1.50372314453125 -0.9899964891687492 -0.05409274898432823 0.13031088189736617 0.04215554398071552 -0.9948027579091345 -0.09268431888981962 0 0 0 0 0 0
1.7736358642578125 3.713836669921875 1.712890625 -0.7226228362362416 0.2998213414704845 -0.6228349699147674 -0.10373098982129919 -0.9378687346818673 -0.3311225124586468 0 0 0 0 0 0
1.4754791259765625 3.188629150390625 1.639404296875 -0.3495714833164865 0.53252050492123 -0.7708577624246573 -0.2667722532747662 -0.8452827243294241 -0.4629575367492479 0 0 0 0 0 0
1.0182952880859375 2.9954833984375 1.4658203125 0.3013757908570175 0.4039961550855462 -0.8636896082282122 -0.2194694647200037 -0.852092949713591 -0.4751534058637348 0 0 0 0 0 0
0.6812286376953125 2.81854248046875 1.09661865234375 0.8426995177548325 0.0737028278996078 -0.5333154938077211 -0.2778101165017195 -0.7889919483826696 -0.5480084347495209 0 0 0 0 0 0
0.5455780029296875 2.62353515625 0.62109375 0.9813967554409311 -0.16891956903881067 -0.09125013756568091 -0.18276618301291503 -0.6764259823423295 -0.7134734842719134 0 0 0 0 0 0
0.6475982666015625 2.4903564453125 0.112548828125 0.8467936096671216 -0.45978604373547227 0.2674647203146782 -0.1287946269418228 -0.6650944479543685 -0.7355687047252556 0 0 0 0 0 0
0.7504119873046875 2.190582275390625 -0.377197265625 0.38632641306282073 -0.5032771222305349 0.7729579812702408 -0.10332117366395989 -0.856358549811072 -0.5059394916768012 0 0 0 0 0 0
1.0306549072265625 1.888427734375 -0.59454345703125 -0.29816555748015205 -0.5364385963774179 0.7895130984658683 0.091831162589479 -0.8394206569369305 -0.5356678059068297 0 0 0 0 0 0
1.2686309814453125 1.324249267578125 -0.60205078125 -0.8559957621974847 -0.18281182335548385 0.4835815260546981 0.020609710243433468 -0.9467151502708693 -0.3214119849838944 0 0 0 0 0 0
1.3285980224609375 0.787353515625 -0.4764404296875 -0.9681678099376995 0.1066586759884085 0.22643987863633508 -0.12022065302095912 -0.9916372706971861 -0.04693099137510279 0 0 0 0 0 0
1.2928009033203125 0.428680419921875 -0.18414306640625 -0.800761757366296 0.037230539023890286 -0.5978248028508284 -0.19878045911750356 -0.9580211205458737 0.206595889748715 0 0 0 0 0 0
1.0258636474609375 0.0274658203125 -0.01556396484375 -0.4582303707141525 0.06363039113812907 -0.886552931684724 -0.3853834998366997 -0.9130246806427166 0.13366185166636768 0 0 0 0 0 0
0.7193756103515625 -0.402191162109375 0.09320068359375 -0.24079601392767147 0.12077949621277058 -0.963031460011112 -0.6205927294420801 -0.7820519700382488 0.057090982851264224 0 0 0 0 0 0
0.2757110595703125 -0.632537841796875 0.212646484375 0.0977413052343776 -0.1653438005018706 -0.9813806931495431 -0.6821336728081171 -0.729162731020285 0.05491233115019123 0 0 0 0 0 0
-0.1812896728515625 -0.807403564453125 0.06298828125 0.4909637164589337 -0.44556769294796783 -0.7486147608228527 -0.7557633382004033 -0.6452658399741229 -0.111596471246506 0 0 0 0 0 0
-0.6061248779296875 -0.972808837890625 -0.213134765625 0.6840509638788694 -0.6924432911180705 -0.22933941528216392 -0.7251168702344475 -0.6796750661986106 -0.11066765059995522 0 0 0 0 0 0
-0.8084869384765625 -1.279296875 -0.61492919921875 0.5772405746028035 -0.6842047942159585 0.4457096797289952 -0.6523033950529883 -0.7147156994511795 -0.252352431651364 0 0 0 0 0 0
-1.0080718994140625 -1.665618896484375 -0.96612548828125 0.39070742396210695 -0.432288276541554 0.8126958562867337 -0.6627700520491431 -0.7447973619910163 -0.07754190917174582 0 0 0 0 0 0
-1.1245574951171875 -2.1885986328125 -1.012939453125 0.06538535413608726 0.08072077558457448 0.9945898209078572 -0.6118484732475874 -0.784126200064508 0.10386312221858175 0 0 0 0 0 0
-1.1550445556640625 -2.737030029296875 -0.89605712890625 -0.2569510343106433 0.39313203082029247 0.8828495751314621 -0.6069683613181212 -0.7765212572554541 0.1691276009089114 0 0 0 0 0 0
-1.2663116455078125 -3.1754150390625 -0.58770751953125 -0.6105017549927833 0.6823703694895593 0.40206751422294024 -0.6509818956385438 -0.7214753651784169 0.23599972243949402 0 0 0 0 0 0
-1.4196624755859375 -3.4212646484375 -0.1988525390625 -0.7208877488615232 0.5918771463295266 -0.36055831316748427 -0.6635925744070892 -0.73954827789725 0.11275300373375371 0 0 0 0 0 0
-1.8072967529296875 -3.63525390625 0.047607421875 -0.617980897390966 0.4755401152392458 -0.6260680548136132 -0.7568421223968135 -0.575396787099525 0.31001377253507784 0 0 0 0 0 0
-2.3676910400390625 -3.690216064453125 0.2822265625 -0.2503058789984707 0.1467810152980974 -0.9569756007792795 -0.92027677496948 -0.3430970024634081 0.18808270614917627 0 0 0 0 0 0
-2.8639373779296875 -3.46051025390625 0.1929931640625 0.1030032748715192 -0.7407842931315407 -0.663798882505346 -0.9404122057037902 -0.2899436752086269 0.17764444424143008 0 0 0 0 0 0
-3.332747459411621 -3.4447641372680664 -0.06902655214071274 0.2734571199163514 -0.9553764517162578 -0.11170066729034085 -0.9404121121569978 -0.28994375113859233 0.17764481552833536 0 0 0 0 0 0
-3.739222764968872 -3.646796226501465 -0.35650843381881714 0.3400195159757154 -0.8070052891974525 0.4828345389084923 -0.9404123607257651 -0.2899436311082493 0.1776436955649066 0 0 0 0 0 0
-4.068190574645996 -4.032785415649414 -0.5339282155036926 0.27740311668389767 -0.35203829692864713 0.8939331900928825 -0.9404122025796237 -0.2899439292186795 0.17764404619512156 0 0 0 0 0 0
-4.333924770355225 -4.499021530151367 -0.5075759291648865 0.10939718568873827 0.2366721906168058 0.9654110678628178 -0.9404123099295805 -0.28994329730072926 0.17764450929677414 0 0 0 0 0 0
-4.574721336364746 -4.911308288574219 -0.2611582279205322 -0.10017152264633657 0.7354685460644201 0.6701131873054001 -0.9404124446681498 -0.2899431997420877 0.1776439552492409 0 0 0 0 0 0
-4.838352203369141 -5.15594482421875 0.1380118727684021 -0.271682756702906 0.954847397127389 0.120228648455183 -0.9404123951045148 -0.28994341392578926 0.17764386804741894 0 0 0 0 0 0
-5.163913249969482 -5.182924270629883 0.5645881295204163 -0.33997748127741034 0.811464166042837 -0.47533274603447107 -0.940412257260802 -0.28994356910642255 0.17764434448490748 0 0 0 0 0 0
-5.566971778869629 -5.024930000305176 0.8828121423721313 -0.27910949462343 0.35979153869053837 -0.8903077775116582 -0.9404122960297291 -0.2899428382937507 0.17764533204747338 0 0 0 0 0 0
-6.033653736114502 -4.784921646118164 0.9980905055999756 -0.11220219511450583 -0.2285707559238035 -0.9670398528229887 -0.940412300049251 -0.2899435671993336 0.1776441210842715 0 0 0 0 0 0
-6.525912284851074 -4.597015857696533 0.8929321765899658 0.09733200844931161 -0.730096159645949 -0.6763771712598378 -0.940412081294691 -0.28994396146238083 0.1776446356254222 0 0 0 0 0 0
-6.995983600616455 -4.575535774230957 0.6335936188697815 0.26988864618745284 -0.9542453527245529 -0.12874752604495887 -0.9404119122233192 -0.28994416986210925 0.1776451905103331 0 0 0 0 0 0
-7.404533863067627 -4.771575450897217 0.3449070453643799 0.33990860652237337 -0.8158612411350136 0.46779544079186347 -0.940412518669045 -0.2899439808826061 0.17764228854777303 0 0 0 0 0 0
-2.8916168212890625 -3.96771240234375 -0.75616455078125 -0.06202279180313764 0.39334503633084583 0.9172964927932682 0.7849797302265796 0.5868378796312917 -0.19856516855495093 0 0 0 0 0 0
-2.6640167236328125 -3.516204833984375 -0.8563232421875 0.27894635806765233 -0.15740326495994716 0.9473189228030557 0.7804480093508496 0.6119506294164162 -0.12813013641274482 0 0 0 0 0 0
-2.4726409912109375 -3.012176513671875 -0.742919921875 0.4643340918480452 -0.49408931626814667 0.7350303386237377 0.8112146556764439 0.570321513750788 -0.12908971054564403 0 0 0 0 0 0
-2.2742462158203125 -2.607818603515625 -0.5223388671875 0.6677516988504555 -0.682324433594564 0.29755845812577425 0.6650067572982912 0.7264265239751013 0.17340852923966377 0 0 0 0 0 0
-2.0227203369140625 -2.36407470703125 -0.11376953125 0.6363375571937969 -0.6905799745496044 -0.3437641808794208 0.7648265499176571 0.6228970691185817 0.1644371911233414 0 0 0 0 0 0
-1.5254364013671875 -2.191497802734375 0.11126708984375 0.3289849803113559 -0.5004966305293356 -0.8007946088469369 0.7501561136069653 0.6536063146501896 -0.10032243352058018 0 0 0 0 0 0
-1.0509490966796875 -2.14642333984375 0.18902587890625 -0.05515950641674482 -0.08132784763520053 -0.9951598917012717 0.8170834233675494 0.5691633099269154 -0.09180308214327126 0 0 0 0 0 0
-0.5684356689453125 -2.160888671875 0.07781982421875 -0.30837102562142 0.4276149427531072 -0.8497368835654072 0.9094716444520613 0.3943972922424628 -0.13157546811422408 0 0 0 0 0 0
-0.1792755126953125 -2.158111572265625 -0.24273681640625 -0.5074908631645974 0.8504210240071807 -0.13869789375123842 0.8568579066544908 0.481117999868573 -0.18525657344922508 0 0 0 0 0 0
0.2146148681640625 -1.8031005859375 -0.478759765625 -0.6652029420272563 0.7054096114214946 0.24474951691976582 0.6776353946792965 0.708004147939414 -0.19884767632139555 0 0 0 0 0 0
0.4560394287109375 -1.363616943359375 -0.77734375 -0.5844860469859221 0.5101759817510587 0.6309489111830799 0.5349974655713557 0.8269406628585442 -0.1730515875203057 0 0 0 0 0 0
0.4237213134765625 -0.890411376953125 -0.97735595703125 -0.08232661352662839 0.23484830068115123 0.9685394180787958 0.5193217514546286 0.8395746153448653 -0.1594345750915355 0 0 0 0 0 0
0.4854888916015625 -0.308349609375 -1.08642578125 0.1640340289800179 -0.02876317624440314 0.9860352514129077 0.31347570969528726 0.9492811970484537 -0.024457889551036862 0 0 0 0 0 0
0.3906707763671875 0.253875732421875 -0.98944091796875 0.5098211104292538 -0.2953483266195214 0.8079924512789282 0.2580083246509679 0.9484781921168008 0.1839043868145769 0 0 0 0 0 0
0.1936798095703125 0.61053466796875 -0.77618408203125 0.8866520619185245 -0.21536902175150532 0.40922402857778056 0.03713181635287825 0.9152287360326574 0.40122012531078316 0 0 0 0 0 0
0.1438446044921875 0.844757080078125 -0.30316162109375 0.9689063390048663 0.028227979955259885 -0.24581230112391175 0.09210277287506392 0.8809292844979284 0.46419896051444604 0 0 0 0 0 0
0.2866668701171875 1.11956787109375 0.098876953125 0.7563012169919248 0.08636467039593049 -0.6484979667538949 0.3293654846145713 0.8062016639571115 0.49148474500984646 0 0 0 0 0 0
0.6739044189453125 1.26129150390625 0.40582275390625 0.1770741066864199 0.42715981186439683 -0.8866675001764637 0.457356269514628 0.7620082415593915 0.45844158028174875 0 0 0 0 0 0
1.1897125244140625 1.464019775390625 0.45098876953125 -0.38535430138214594 0.679309978124456 -0.6245318374805477 0.4744786452823053 0.7263447881954012 0.49728589747995705 0 0 0 0 0 0
1.5956573486328125 1.930938720703125 0.5531005859375 -0.8155510207214636 0.4112470765917007 -0.40712697600989145 0.1625265770778733 0.8379979258510586 0.5209074658830244 0 0 0 0 0 0
1.7579193115234375 2.459869384765625 0.5650634765625 -0.9945982882039628 0.09598071851492676 -0.039521472329675726 0.06291162362494442 0.8602580300953782 0.5059626955312938 0 0 0 0 0 0
1.7002716064453125 2.93890380859375 0.4527587890625 -0.768350175613542 -0.14465216293945743 0.6234691326694336 0.08316879035618231 0.9433004246466868 0.32135223847371885 0 0 0 0 0 0
1.4951934814453125 3.428131103515625 0.46630859375 -0.3012862411028585 -0.37231624628562915 0.8778423626562396 -0.09881437098165102 0.9278544699959003 0.3596134071417915 0 0 0 0 0 0
1.1738128662109375 3.83990478515625 0.62652587890625 0.23230889058566798 -0.49505825648945795 0.837227509125491 0.03337967134918136 0.8643274069868347 0.501820616427858 0 0 0 0 0 0
0.9456939697265625 4.12774658203125 0.98004150390625 0.7921826170425165 -0.3411962499676523 0.5059958698089154 -0.04735192617003601 0.7922518164829505 0.6083542178430696 0 0 0 0 0 0
0.7878265380859375 4.2608642578125 1.4346923828125 0.9976789711509504 0.05760095000527396 -0.03631530093047736 -0.02496218420749458 0.8055735767640229 0.5919696797803164 0 0 0 0 0 0
0.9140966534614563 4.373945713043213 1.9445488452911377 0.7710134856520052 0.3924358585123943 -0.5015299611153704 -0.02496266618902595 0.805574613443924 0.5919682487020801 0 0 0 0 0 0
1.2161191701889038 4.576482772827148 2.3400814533233643 0.25142695963809975 0.5781792785767258 -0.7762043582663255 -0.024961884691650026 0.8055733299135178 0.591970028333097 0 0 0 0 0 0
1.575454592704773 4.910815715789795 2.558678388595581 -0.36368090376679146 0.5442617608913345 -0.7559863331217264 -0.024961351785509015 0.8055736744595624 0.5919695819336995 0 0 0 0 0 0
1.8518887758255005 5.369213581085205 2.604948043823242 -0.8406204591227905 0.3035700540044911 -0.44855597868705216 -0.024962152312530222 0.8055733902499613 0.5919699349402042 0 0 0 0 0 0
1.9367035627365112 5.8968095779418945 2.5489695072174072 -0.9981938668481487 -0.05245208462731022 0.029287932753774344 -0.02496156174717873 0.805573938199501 0.5919692141732444 0 0 0 0 0 0
1.7939800024032593 6.412449359893799 2.499666929244995 -0.776537136273122 -0.388547368996617 0.49600505847677134 -0.02496207314800473 0.8055739913945342 0.5919691202189797 0 0 0 0 0 0
1.4742449522018433 6.83951997756958 2.5634288787841797 -0.25986066054380874 -0.5770275901479833 0.7742813424781371 -0.02496168980493609 0.8055732554428866 0.5919701378931476 0 0 0 0 0 0
1.095274567604065 7.135056495666504 2.8036880493164062 0.3555411879636846 -0.5462838416543406 0.7583959572734726 -0.024963115062258224 0.8055736644323619 0.5919695212250417 0 0 0 0 0 0
0.7973498702049255 7.306067943572998 3.2168238162994385 0.8358668960544543 -0.3079987003257881 0.4543823639600435 -0.024961915913719584 0.8055737212007765 0.5919694945389079 0 0 0 0 0 0
0.6899610161781311 7.4068708419799805 3.7335360050201416 0.9986326577106213 0.04730104921002978 -0.022258160244085567 -0.02496243237040375 0.8055733260051154 0.5919700105572995 0 0 0 0 0 0
0.8102104663848877 7.518455982208252 4.245174407958984 0.7820012661567979 0.38462994004370793 -0.490442482816424 -0.02496218360559732 0.805573407730784 0.5919699098321236 0 0 0 0 0 0
1.1087172031402588 7.71771764755249 4.645016670227051 0.2682744381593824 0.5758318977618812 -0.7722994570438454 -0.024962085860604468 0.8055733269172638 0.5919700239276812 0 0 0 0 0 0
