t = 100000000
b = 105 105 105
E = -0.261187466138065 -0.573574017424034 0.312386551285969
118.016642206059 198.976694066508 197.79404846164 0.6400023295886 0.194804628402928 -0.743268575195887 0.610502839270102 0.458452057420878 0.645838984801637 -0.275923507427991 -0.321749075190308 -0.627679295577311 -0.651482878973242 0.433505971738728 -0.225700974626846
117.251316479625 198.969217210595 198.649604288333 -0.555428635593302 -0.767149424555008 -0.320906203066929 0.577363645425088 -0.0780396696254532 -0.81274905777 -0.328812478499853 0.0587001702161925 0.285205347842449 -0.18797993015087 -0.00866211208894389 -0.104262468213197
116.964306531665 198.834655279848 197.676967231537 0.616933917977972 0.212669901865293 -0.757736137245163 0.748087804623571 -0.457516488429599 0.480669636433114 -0.194130655333427 0.0140155913407956 -0.0241727979583942 -0.0445733575057888 -0.415551124505668 -0.510180712365353
117.436097757528 198.52855116769 197.614690996131 0.457416931385689 0.873279959706959 -0.167785168756662 0.730379760243091 -0.261316654029398 0.631077659368332 0.0181308123216394 -0.0770112036936407 0.723633962450541 0.533397063583488 -0.396699569073931 -0.00385763529102378
117.10702195649 197.701095745056 197.476966044617 0.116133087979239 -0.628839510379106 -0.768813355804505 -0.967586627753479 0.10313743352172 -0.230518518997883 0.256118615669473 -0.0898053686891115 0.414341926155673 0.637976942784425 -0.221276727438353 -0.385720059517745
116.780020191858 197.762949739404 197.071898262083 -0.0889384567559974 -0.9944753835684 -0.0557553798885618 -0.935632540489846 0.102610962848779 -0.337731756693272 -0.2695171543447 0.819804416400112 -0.156826225538165 -0.344664671111781 -0.131602870490947 0.377606951781797
117.182914342876 198.428561530989 196.898552088678 0.806942391842684 0.550964321185914 0.212796365166888 -0.262616935325077 0.0119886847715017 0.964825692401548 -0.452562143858558 -0.171335589500755 -0.0611991778488681 0.0477732360668679 0.512816350758905 -0.0800136501675042
115.586406266748 198.090770408937 196.822948337679 -0.848892168854574 -0.0971408945238341 0.519563020497193 -0.148971198997337 0.98708906842303 -0.058845160116686 0.142265405085807 0.104577498870133 -0.163855581129699 0.095452686791368 0.616695626317366 -0.12866718501274
115.21715743582 198.388903572642 196.611939638934 -0.175668314133079 0.210991651809598 0.961573276603812 -0.199275194445132 0.948920519385723 -0.244620613948181 -0.177957103059657 0.449427246292683 -0.162311400840785 -0.061776757083004 -0.0417662638775675 -0.63253537461453
114.694180519749 197.984999870418 196.073248533105 -0.845063248326496 -0.351556136386544 -0.402835436991418 0.410594661647903 -0.909294098444176 -0.0677957694911679 -0.037289353444646 0.192556065995167 -0.150627532709351 0.00599194280244798 0.525956465937919 -0.0649921459383757
114.74061882057 197.839268676238 195.805988889307 -0.0342881402344551 -0.0737829126872721 0.996684707032956 -0.832279800770352 -0.550001090499734 -0.0693479176251363 -0.180519615706355 0.631625751014496 -0.390448343795838 0.209378576328161 -0.14354188455364 0.295235165707775
114.035116376058 197.143340385168 195.646129939611 0.00292292070983005 -0.189371318457574 0.981901196801987 -0.693557587559528 0.706979110934612 0.138413906245756 0.207540827575025 0.18253704895971 -0.0928611025987549 0.684342645278264 -0.302471959445544 0.349571222027576
113.53011074163 197.378381428851 195.698147030611 0.524644458620192 0.152929114349208 0.837472911814616 -0.589447960947451 0.775039653995021 0.227738086563374 0.306497087512984 0.0598892962021263 0.506181527406478 -0.0425659325025178 0.474634873030079 0.0453046211612728
113.215894691305 197.59502503765 196.110636574234 0.7681774147791 0.503158088985313 0.395898215345933 -0.638189724092837 0.651187015943714 0.410693737874845 -0.646284287397022 0.109938333639806 -0.167545409351977 -0.257659559696276 -0.127231536814039 -0.743974678058755
112.976984532915 197.758998586998 196.480577230529 0.626408843359337 0.74503221429473 -0.229213788034431 -0.618191745106725 0.653939388457093 0.436121820717047 -0.469748667271676 -0.24353901988354 -0.0835934384216862 0.30187299799805 0.067354189305939 -0.21181309338136
112.708214549295 198.110440221629 196.816874549524 0.409940575411419 0.578233101971936 -0.705404284374985 -0.465689909549427 0.797664672935635 0.383228362328839 -0.186813176858559 -0.291443900307754 0.721077521849682 -0.46229785010967 0.645419178623253 0.0154626059373309
112.829949653527 198.53487136731 196.981495253497 -0.284983420256057 0.561309199064948 -0.776991913229887 -0.155501118151317 0.77279452878983 0.61531131838108 -0.035843702940577 0.140158882394896 -0.163239681846346 -0.58569064976755 -0.673393684505622 -0.175083894212687
112.840746004313 199.047050899123 197.124435296704 -0.736370550719875 0.103406604472064 -0.668629558262974 -0.199532707416765 0.911106387092479 0.360654751900287 0.272069284944016 -0.0872029202238803 -0.0898838348297479 -0.229038781396429 0.16116550586551 -0.559052445812407
112.873418789631 199.555068320019 197.094201905557 -0.970781502666056 -0.221233918643587 -0.0929452921021741 -0.23976832291086 0.909954661052877 0.338369127073628 -0.149932668640611 0.0196659123126591 -0.676371518380572 -0.418794475718496 0.367132342777123 -0.121960942385706
112.56666636059 199.95849299501 196.993720748802 -0.69328107841366 -0.424814308048846 0.582146158616885 -0.275684798372616 0.902679509543315 0.330405198199598 0.517497246600598 0.00244451889094356 0.182354903972137 -0.190531106167249 -0.175516356880745 -0.0976662681069945
112.18534989439 200.28677197009 196.957252219633 -0.0789138762054523 -0.252398940127788 0.964400007862848 -0.332428096574576 0.918706092080154 0.213238544787451 -0.309624491105515 -0.138406372587266 -0.23333427878401 0.614444913652469 -0.904137886293024 0.269404741506788
112.353999593836 200.889550258093 197.081214716175 0.585147290433207 0.0501218920646444 0.809376577641653 -0.727808532423292 0.472627273730189 0.496908643776959 -0.627024252961887 0.400026636384136 -0.295481618606121 0.753429803014555 -0.0487970507929249 0.300751857201741
111.958979370941 201.648179566763 196.665951237087 -0.670096342045782 0.356003643267996 -0.65133117410215 0.319806904768077 0.930328728020723 0.179477022157623 0.228849548310635 0.0555746176228358 0.0231629671101154 -0.333329807624276 -0.351585097483217 0.27081249759867
111.879996133766 202.105075100698 197.481915360633 -0.456948074587479 -0.871368258726974 0.178649978488646 -0.0239984129548992 0.212848714743476 0.976790407819109 -0.458816847210046 -0.241350497853368 -0.453104092254196 -0.28243013165302 -0.580939637955204 -0.0377721078232883
112.445881764559 202.953344898295 196.720717692194 -0.820165861845426 0.490852355971678 0.293925030751279 0.494665882066403 0.350263027493932 0.795375054103229 -0.192626066941654 0.0722039850119878 0.0934942011600207 0.0196375126383628 -0.457590177033559 0.203125950804936
113.240679309464 203.412098072287 196.693421681921 0.130959942773646 0.180613827398637 -0.974796460159821 -0.934696796580601 0.350228056614343 -0.0606811900128748 -0.0399254827151875 -0.387131907739484 -0.488304324244399 -0.11870169015477 -0.106561586124182 0.0695344659289374
99.9392840968245 189.115243145578 183.260875807633 0.518358788676564 0.2783598817469 -0.808591332154077 -0.765728489264068 0.572062128341192 -0.293946937469716 -0.500785763659867 0.287359358486265 0.407618797753424 -0.0469398519133304 0.427359805098682 0.188599988040577
100.00638510965 188.847481998694 183.998479837847 -0.283504620048435 -0.823436485889709 0.491505324607019 -0.408985900076018 -0.359762984519216 -0.838630507737445 0.145329683357699 0.166272921396739 0.270766322606615 0.319918383319101 0.339073461954254 -0.243563387504426
100.224294311174 188.571344734234 183.639574170011 -0.888652095947433 -0.31383431733283 0.334373254959913 -0.177742132176547 -0.436434105787414 -0.882005105288151 -0.508126768193488 0.326433102954588 0.380393677871783 0.296906916636684 0.124345963332396 -0.149906174596006
100.791804389036 188.688189992099 184.572977629388 0.533022890579127 -0.81455480330374 0.228882219782249 0.796035680914815 0.391113051485941 -0.4619066741952 -0.220400788283927 0.128664761956968 0.105481678629869 -0.0792601210373755 -0.426933291088067 -0.164861751606623
101.307720973298 188.82857110508 184.629151716663 0.1016346921965 -0.762240869159452 -0.639264614009398 0.568578485663667 0.57180296488948 -0.59140500081041 -0.576952853227863 0.491351821032735 -0.194607114938771 -0.182758409569042 0.217818017304798 -0.176336412786666
101.810396450934 188.926801120439 184.480583202035 -0.609953389447826 -0.278572948346096 -0.741858460322385 0.43568712827908 0.66408700735528 -0.607589641875611 0.475949899548862 -0.0660795692660508 -0.501018511618307 -0.343160140766827 0.421248779033569 -0.0560467375883889
102.063249274899 188.976067867731 184.039438691004 -0.880443933289968 0.255906552175705 -0.399162018339591 0.474145509425378 0.478958180894933 -0.738772696331259 0.21689431724449 0.0316371926254043 0.0872769534441189 0.356569498103418 -0.270197686498715 -0.657283080524803
102.211344115021 189.008636776628 183.575108977228 -0.468753395366326 0.786698959545106 0.401715074875149 0.607579983430541 0.617259446082573 -0.499837313489566 0.0700910412178985 -0.407811875482916 0.353097788373448 -0.025389704838012 0.0887467858415175 0.209700374647085
102.265733692951 189.361773231402 183.287187722776 0.120181921657043 0.407557000267071 0.905236763083976 0.499645568708692 0.763108435426834 -0.409902209618181 -0.292179816308382 0.170888049708907 0.180207490509104 -0.224478175063812 -0.124648185396852 -0.0281064142227974
103.226505880254 188.440559136421 182.735572869312 0.439194792182068 -0.0475087911000221 0.897134799954664 -0.34513470156077 -0.930893278149018 0.119665126405118 -0.228715535735889 0.191598440669027 0.0569854046840395 0.102997712654999 -0.154753189268769 0.0233256022439509
103.319298015531 187.966990584043 182.727211825395 -0.362658053877544 0.0599349176764539 0.929992979329482 -0.278100691455294 -0.959420106182398 -0.0466161481072101 0.0640386772733628 -0.0289510344143122 0.064896777816874 0.268289043257713 0.177478623839513 -0.437874469764917
103.268610641937 187.549343187538 183.060142616951 -0.867526640268195 0.404943875923107 0.288821719712866 -0.412855001674443 -0.91008851366185 0.03591162619223 -0.148652883815321 -0.17979054221253 -0.525892629999677 0.0442971884710199 0.168072775169202 0.147287026805352
102.957862428168 187.2288234814 183.353541492235 -0.599548805584635 0.422767648939172 -0.679565114416366 -0.468106736087352 -0.873951446289132 -0.130709422603898 0.536896485638372 -0.229544604457471 0.352152197440537 -0.388469708008105 -0.182069451614334 -0.0956836018499021
103.554464777547 186.172586939728 184.033190020186 -0.227640233063173 -0.967609971080778 -0.109136923887952 0.24915272242475 0.0504690997614636 -0.967148277607152 -0.410462549370171 0.0651737600382762 0.434478570828462 -0.0896003832782375 -0.413083100331012 0.126122434455851
102.430542301187 186.218404037872 184.073364815054 0.245805064015253 -0.561722870139404 -0.789966637059326 -0.223712505051934 -0.825843857622367 0.517624031425826 0.182676144112391 -0.0843999229028409 -0.421923758405124 0.13102691066402 -0.0993493808675846 -0.201162264707629
102.189569701464 185.81552624639 184.061097229628 0.90695618489355 -0.353261830826088 -0.229426584256701 -0.231500544841676 -0.873061912044848 0.429150784077942 0.0935823877769208 0.42096631926901 0.363333269467006 0.171832828133146 -0.531455105317753 0.0966956240190516
102.110457995391 185.321164074944 184.089913419736 0.885256159489982 0.262922914648333 0.383657494435523 -0.0351848947348884 -0.784664359565017 0.618921534615179 0.183875219768419 -0.198024938874196 -0.444699839594542 -0.423013961624338 -0.222569201428893 0.119627384296103
100.89220179821 185.295280806151 184.795103431611 -0.953819602675649 -0.0856377438886643 0.287913775937599 -0.299891518759122 0.32613270671874 -0.896494581458662 0.766826486069119 -0.416687783679637 -0.0703194681016058 0.346941171355968 -0.385634599314974 0.133538922215216
100.69589806362 185.161725656084 184.390439113623 -0.27039966883481 0.910273320532208 0.313506779863683 0.0147386018213392 0.329513102661991 -0.944035957360602 -0.122769817583883 0.0497572009682931 0.0745771342747932 0.0374128212464313 0.145982116975425 0.593189782316873
100.400523511454 185.316312842355 183.986393331074 0.380210707006745 0.8421189158915 0.382459866882538 0.127708857708832 0.361753775783291 -0.923485058553046 -0.0568035169011401 -0.640298432708902 -0.489789809512479 -0.0585649619490733 0.415599747505861 0.124983263767655
100.15027690295 185.443147148359 183.544458505102 0.945667887784777 0.316060339467892 0.0762765221313145 0.0522771962213651 0.0837405740152411 -0.995115375731953 0.097771988593551 -0.0810099862824573 0.281214954522345 0.71575077804054 0.189674439666736 -0.0880800063235612
100.183739445011 185.830158642318 183.163700126462 0.918440047877343 -0.395540682913627 0.0039302180421964 0.0776470081227172 0.170534968078818 -0.982287517376189 0.482953928339148 0.0105794301532129 -0.0761016441809745 0.117695965140244 -0.150121778684832 -0.0106452823457761
100.368144644498 186.102155800868 182.811719501301 0.297741627533205 -0.943613244225337 -0.14472031148532 0.0647379952137852 0.171204307374765 -0.983106340694578 -0.245526745617404 -0.0563276381574645 -0.305259174042164 -0.17176067409278 -0.0398179683295674 0.105165259232906
99.8085643774863 185.393448386576 182.072323366965 0.245344683621409 -0.969352749465238 0.0126977684678604 -0.794103900036286 -0.193441462890387 0.576176532309262 -0.149446986939928 0.143943463969084 0.00545366293461113 -0.614565501190131 0.23588292236849 0.792861083160504
99.1033997119281 186.059621561866 181.694222609635 -0.689297145910845 0.721497593993963 -0.0656556661657318 -0.106784564405566 -0.190815771485521 -0.975800388479501 0.149814937095766 -0.0832656536071332 0.5488770167914 0.0335351128034246 -0.0812405719051426 -0.255325561005475
99.6750844635504 185.524076576131 181.260377720869 -0.549471140739753 -0.820762659783721 0.156301381305649 0.574925425672919 -0.50716299910564 -0.642064208044849 0.13320708845267 0.0074967922194803 -0.512925796511903 0.0876725656130952 0.0914500167763776 0.242850042883733
