t = 7000000
b = 105 105 105
E = -0.174059553082204 -0.519269156036343 0.345209602954138
3.97807320263398 10.5421444891516 36.5653963811451 -0.366746382080017 0.0350114931015435 -0.929661920582965 0.876045614451193 0.349325340297217 -0.332439299762987 -0.13107179516637 0.0639307953066542 -0.537561313157054 -0.530223042838915 0.0176921873736993 -0.154381663173913
4.33711580442633 10.4537515657659 36.3395012282131 -0.43918901580366 0.804895664258482 -0.399068888859184 0.891138539439517 0.333960508996505 -0.307152213009706 -0.392082613130021 -0.376913609445212 -0.0820515061121659 0.0104305304372074 0.0888344256717341 -0.0534254974645644
4.9580718931558 10.8587390436349 35.8851156320912 -0.0579090485754286 0.882314079444619 -0.467085010792486 0.0968382869952272 0.470628315795946 0.877001330981588 -0.125772056718282 0.323872240344 -0.0404370760879842 -0.148398048070501 0.164097215165779 0.36925324346369
5.29540174497236 11.1059363580431 36.1682246715921 -0.744109063586833 0.658343202232515 -0.113516208369103 0.225157756504124 0.407120557212148 0.885187458441039 0.0912713061282997 -0.484220602084847 0.0454966785309101 0.306800319379499 0.124908535650007 -0.0962873109818552
5.65200201659197 10.6579538205175 36.9987486772313 -0.284504223433951 -0.213116870465339 0.934686335821628 0.620131458454122 0.702612007570898 0.348960371751591 0.180164983261084 -0.205778307855605 -0.649449088113232 0.129474588571214 -0.162412458037393 0.280379052832822
5.75935115266791 11.0092556724173 37.2648653819467 0.59929017102542 -0.480730893103954 0.640116473251597 0.477379999363805 0.856490620051468 0.196296087509484 0.0977579317762216 0.322077607069098 0.00107914037705287 0.303005789731331 -0.114873370501751 -0.0672484006993601
5.96003864162717 11.4300946799622 37.5599929186418 0.667864079539718 -0.736592264733912 -0.10672116376127 0.740689396556237 0.671845103178668 -0.00183716179271271 -0.0769826982151538 -0.701436722378084 -0.0358458638863361 0.257928498141038 0.458764146965489 -0.27894241681316
6.27880005811755 11.727337055741 37.8194419404336 0.196009519850232 -0.492026609626567 -0.84822761305414 0.668923403836179 0.699588827909306 -0.251230873231202 -0.19810241079452 0.564495747832029 0.0997083342693645 0.280512631973629 0.0128206536587302 0.635821265940878
5.77217492184747 12.9399910434009 38.3762844776178 -0.060203375695405 0.961258046888118 0.268995391870818 -0.876555563199677 -0.179829745981864 0.446443285405566 -0.408707126412651 -0.0828577978881804 0.154741322966259 0.80392105185213 -0.0274681877665686 -0.460573328561275
4.6748434588885 13.3268951314548 38.4544709761757 -0.712184381329948 -0.0624982685355085 0.699204815071805 0.369937341426212 0.81308795851744 0.449482296795069 0.0677339480283503 -0.53429117165533 0.0142620509952336 -0.312835516537748 0.518189510412848 0.207520322451521
4.40132997301438 12.2301404187578 38.2775512956932 0.591840338952634 -0.79322973880943 -0.143218695206437 0.125775502334942 -0.0846217757288691 0.988443057583569 -0.136969342564028 -0.179015252668711 -0.298005441449803 -0.0315188275580292 0.0741440277372389 0.293592262507149
4.50324194163058 11.9289986168105 38.8007821331921 0.806704637357382 -0.336883584799138 -0.485527628832015 0.291283384372011 -0.48818607385191 0.822695780520441 0.530645627017463 -0.503847825418213 0.272252639235571 0.0412660097191556 0.764362663876929 -0.157253554946806
3.75525294000086 12.4802049135087 40.0084420119298 0.295944189662388 0.435369049761617 0.850218105614476 0.173319995934433 0.850839468787108 -0.496016509163805 -0.885892591114777 -0.331846501948992 -0.324373349921004 0.109406383485792 -0.0604504234507526 -0.0471830445768705
3.61787089601606 12.9148171550722 39.8043353363681 0.830074802726618 0.0165312351555695 0.557406978914854 0.167788021665997 0.945838101412663 -0.277916292615937 0.267184127326054 -0.139436641001537 0.307896880784255 -0.112035453861082 0.509188212083521 0.131832101577475
3.58033986311578 13.3336168553022 39.9846710948704 0.924650408945443 -0.0589438780576301 -0.376227644487593 0.0153710908691216 0.992920240643666 -0.117784231905409 0.195047289262039 0.425276343703522 -0.225206835425632 0.664988768169979 0.145829923371702 0.444266538709483
2.61241439709117 13.8095554941329 40.5884713035732 -0.487729898407092 0.47568137005286 0.732015560206403 -0.339610543460979 -0.875845701223253 0.342868759759319 0.596685034144454 0.162912286277318 -0.233644274286337 0.860356332671228 -0.479409543958047 0.289401925737196
2.28641045087618 12.9072355775252 40.3521556901307 0.329383148869056 -0.374713170257742 -0.866658399414906 0.215822772273838 -0.863699584599478 0.455459722182691 0.440010392804703 -0.190641370944925 0.803639866167638 0.388951056360551 -0.316927033917703 -0.157078316628415
1.38860987537129 12.8177458151175 40.6186751486707 -0.327355113530417 -0.517716001289007 -0.790448462364801 -0.0899182173836178 -0.815676236740041 0.571477900710028 -0.630290924381947 0.845196748732031 0.429264320905618 0.234500344921324 -0.12042042833122 0.195558480406507
1.97888309295435 12.5376175163452 41.844603228056 0.912361073294357 0.29112598135829 0.287824486303069 -0.404649601413696 0.534656134395692 0.741890502721972 0.592730588431988 0.0216996186021315 0.0165856942532665 -0.19649895563057 0.101513472863908 -0.241192840617265
1.6056230848732 12.4704489685169 42.1914230623948 -0.987033972712965 -0.142292519201942 -0.0742750004354517 0.00196846558009106 -0.473435420270099 0.880826332472363 0.0204784393488326 0.608950628332304 -0.115029737518351 -0.370362213109293 -0.344025314459643 0.280749015459921
1.33189477790643 12.5136740447578 42.6350125316465 -0.43676780651205 -0.826371116164118 -0.355449942417435 -0.123423029785765 -0.336345782671908 0.933615697274364 0.125148315348174 0.52631731649069 -0.305440533450764 -0.423624466816543 -0.198033254866117 0.431909870044424
2.17442864038477 13.0648075035997 43.5416311593688 -0.604089441386701 0.418973208777023 0.677891877169428 -0.704503205520314 -0.678372353002381 -0.208533412415148 0.33234997379275 -0.899953673772942 0.0172123492591793 0.133547594245199 0.214010986393452 0.400584924505336
2.45294674057022 12.9742682902518 44.1505758661968 -0.404628648524348 0.821641119701426 0.40147419245737 -0.898731564028504 -0.438415896886951 -0.00854851890953925 -0.076400810535974 -0.40508046303367 -0.119198712567593 -0.621583984178687 -0.114422256286894 0.403027565040821
2.06745598050389 12.9038494779763 44.4418407522858 -0.287864761030045 0.697694667639678 -0.656015266670057 -0.936573372234169 -0.348092385240319 0.0407677539170154 -0.419600306754809 -0.095087244614846 -0.0824044618541565 0.271888732194967 -0.0723925944610064 0.328196318391497
1.72667152307524 12.9687117660657 44.6893851902913 -0.180935218516181 -0.254012488598228 -0.950126361246957 -0.922343598710112 -0.291512989405908 0.253579303032048 0.579064726519236 0.267036677773942 -0.305510215853009 0.411798573980582 -0.351749483816246 0.397262264748524
1.21836722468004 13.0272025770625 44.6350684702929 0.255000558417381 -0.729121316280377 -0.635103787858796 -0.920051022333388 -0.385013582861885 0.0725992928019935 -0.223761183797767 -0.701961220325183 0.370830605229721 -0.2260368854723 0.0381436002982842 0.234382616337083
2.14058217768253 6.00154434793301 0.901188843215284 0.563607929785051 -0.422076646538264 0.710068592412169 0.416289049094962 0.887594855306235 0.197177078884491 -0.182522259399357 -0.518512257931571 -0.21928792684366 0.281209658052599 0.49935824088395 0.0526804475928636
2.25951285053903 6.37853982372194 1.27411260566215 0.778980009661801 -0.604885426723869 -0.165238509690827 0.626230958838355 0.763920697602426 0.155756072007609 -0.107466857098821 0.454148145298834 -0.265387539750616 -0.160355252054094 -0.501237479309968 -0.00627194693990597
2.66202716491993 6.48588567334975 1.62009325082064 0.396365214868311 -0.226846630244017 -0.889626451264628 0.694284169328197 0.708086197555718 0.128776663457779 -0.302535191037953 -0.348460673113184 -0.380983148934365 0.564382854675904 -0.401997886471026 -0.239604020315441
3.20102239711268 6.78217347713175 1.6095437846647 0.395224384186212 -0.484956976648688 -0.780137434651804 0.83703964515862 0.539953773036849 0.0883999740713094 -0.00109740266318735 0.469291194463414 0.111241862748801 0.1124736843747 -0.507845518858371 -0.241741772680113
3.62998316100308 6.81615911486061 1.86932032013468 0.0928283131707101 -0.150170694687698 -0.984292470117856 0.863876296556252 0.503682777294488 0.00462645704125897 -0.0840584518464016 -0.165797376874303 0.222390868949096 0.0299401593074732 -0.532828963484372 -0.0768137632084075
4.17263360082349 6.87945534253416 1.80831662961733 -0.522634075875862 0.463259307340927 -0.715712537891582 0.712599050827927 0.698227366521357 -0.0684188380473134 0.360500225179357 0.381560910533534 0.11710657033271 -1.08145179513178 -0.200091433551059 -0.326105707256113
4.58086413075783 7.12948410370592 1.56765787180058 -0.789845407735405 0.611116754650834 -0.0517739709154676 0.611806980328593 0.779203838589422 -0.136138153169854 0.525854031452855 -0.865397580727184 -0.109087670698043 -0.293415311702722 0.0592019553522368 -0.00820578570700113
5.70308604829344 7.04851255917633 2.85399867978266 0.994353646065454 -0.0713221506787387 0.078574661178282 0.0436080401411597 0.949680636732975 0.310169352208875 0.280954325462131 0.0141877152032417 0.616771804878769 0.0132156976895018 -0.028233358695772 -0.278180383095678
5.80874748474768 7.44552227430484 3.18241591529325 0.667347362969402 0.0045954166839424 -0.744732421265085 0.143622654422342 0.980415911461227 0.134748557284204 0.529364899631749 0.427523984096709 -0.460727948473769 0.424824406939869 0.442108534781263 0.0889665627886959
5.90093969334676 8.00467557755894 3.6609517121502 0.848911885497665 -0.203753605539306 0.487681329241258 -0.0426615584063305 0.893278827885427 0.447473940119761 0.0707644352366456 -0.171935771089233 -0.344547370565153 0.108879387709151 0.231107398986314 -0.282938657139818
5.79654641144369 8.16887168914006 4.07897635727204 0.978717231767951 0.180381998551718 -0.097851493799492 -0.0991852004370067 0.833235005546739 0.543950109427325 -0.406020273399027 0.129164455949303 0.0792673434313466 -0.189081681477838 -0.230202513059695 -0.274762194084316
5.94735378594579 8.67348445941112 4.42381915745374 0.785637805821444 -0.142611109080687 -0.602026004115163 0.400318148355125 0.859095839103048 0.318903934332821 -0.15047848943653 -0.299863783505429 0.223127470854992 0.369772207859147 -0.312926398453848 0.218087116520649
4.84539766277714 9.61470278498965 5.00515426829381 -0.308431603986122 0.950461140587536 0.038646680266641 -0.950998543467633 -0.309024226277104 0.0102858104102192 0.588968052207601 -0.710557137927752 0.0286851679476958 0.142748845181141 0.0272649637273204 0.237163904447704
4.44591446046186 9.58678908759243 5.20656512105139 -0.1643029300932 0.624624101291265 -0.763445662276409 -0.919521178349044 -0.377138206478467 -0.110668766061 0.0948167115138352 0.131452549058378 -0.176116847866086 0.131760906762037 -0.613071214053995 0.0692740269784737
3.94134051554638 9.70142806106565 5.16122365136595 0.302876975295358 -0.0883840235864213 -0.948922442673908 -0.804036693524041 -0.558255550362807 -0.204635617515038 0.0765004529813754 0.14991921508906 -0.350318963641532 0.125851053171214 0.0405667541781264 0.0198678032621729
3.79822228701598 9.1877708522319 4.97353615936807 0.671110748241797 -0.193233630865664 -0.715731183823105 -0.735106900481773 -0.298548244653281 -0.608676260813846 -0.593034844126371 0.368992719057177 0.135148415200058 -0.135530942351244 -0.41215260852996 0.550108741053572
3.5630253299335 9.28466965286739 4.53596903049381 0.564891212732771 -0.803603058324352 -0.187403421604378 -0.670621119633668 -0.314767331311185 -0.671705918568957 -0.113856076961803 0.140320057489716 -0.502594448685683 0.0528036496478867 -0.257088174471272 0.113039671534261
2.8777682731222 9.14106049394136 3.73245800737086 -0.0469424400900872 0.343188399122773 -0.938092815251518 0.966796281322456 -0.220559599503354 -0.129067476492395 -0.0328455967283191 0.358247211602018 0.522996665211185 -0.255350378008717 -0.163503198859604 -0.0832233346628978
3.71296521430226 9.98790047839623 4.28393126825366 0.543025667289313 0.252172841236163 -0.800956916948798 0.0257810471073954 0.948386125890427 0.316068179082993 0.122852047974876 -0.00672305773552857 0.552748736693421 -0.0482879689066147 0.48563313881048 0.231232061979183
3.02928854184354 10.7437966176883 4.3445299855329 0.530329704149639 0.40114285061526 -0.746883403414687 0.326646929445574 -0.909641513605172 -0.256620537388793 -0.169051572922546 -0.740573161501321 0.137903953951072 0.149668485510865 0.400705688277927 -0.255673965249283
3.58564320466508 11.0356166076711 5.04576170237992 0.576945722868048 -0.5883724624614 -0.566525796660119 0.718744550529096 0.695203006967456 0.00995239612352642 0.349693307141019 0.14918060359155 -0.24818919699028 -0.27553820338388 -0.227621024255843 -0.256472869164856
3.92574496511956 11.2252857938593 5.288183003277 0.173084292334053 -0.0258684601610032 -0.98456724022069 0.344719905076312 0.938016733906171 0.0359554440428155 0.620587024575844 -0.0410917331819069 0.39738227015014 0.306017523625574 0.272652139874464 -0.194105072897442
4.04731617885496 12.3434964330127 6.01549462648726 0.420557361419097 -0.148555600341316 0.895021083195092 0.895303164928173 -0.0917170248415701 -0.435913099394937 -0.497229498746226 0.211564787253671 -0.212669222613985 -0.148163785115535 -0.581098076294991 -0.140631478460437
4.47884062804325 12.5418511663411 6.03605092107274 0.300245902485238 -0.863442459341914 0.405363438714344 0.84069940514836 0.0387688859181142 -0.540112473164578 0.145680504095684 -0.238054129580031 0.256177711424466 -0.24801620210011 -0.0291727764940545 -0.370834739590641
5.01782986143523 12.7143566848569 5.95924486602658 -0.162225184107791 -0.986246785335882 0.0316270146551335 0.877326309924608 -0.158831087747161 -0.452847912083981 0.42148592717613 -0.019428111062832 -0.150707936357829 -0.354468421559946 0.0850715693080066 0.191772985211651
4.87955880803741 13.8672732880205 5.00230100697351 -0.0666772044091441 -0.153860348590051 -0.985840323553279 -0.494694912548113 0.863148162405812 -0.101253114691695 -0.0471299092386671 -0.251259921658113 -0.0568516794381978 -0.0589227701905854 0.244880468112924 -0.0778383665639838
