t = 7000000
b = 105 105 105
E = -0.113757356718635 -0.421835224501462 0.308077867782827
52.362621508891 15.0671367889874 33.5255571263632 -0.900668058165559 -0.116478427408504 -0.418604616492326 0.288598249933782 -0.880562359291801 -0.375926830026085 0.0251456208981224 -0.142881108694411 -1.16091738914117 0.048847098686159 0.354028062365494 0.138362655544782
52.3394885620764 14.6119683189074 33.6607720591856 -0.283984558315559 0.0760073813417396 -0.955811513123681 0.496008067932552 -0.841461819095788 -0.214284865424537 -0.407549018498351 0.0706084327403269 -0.317244183995568 0.0897968071041885 -0.0685286387223724 -0.161747947507437
53.3341017100027 14.6764219395184 34.3828616921589 0.351279912883291 -0.138818334507451 -0.925922185072449 0.892274666400566 0.349228027430998 0.286156783173859 -0.160763480750982 -0.0696274001165893 -0.0250255043073157 -0.047423250800193 -0.355983290251895 -0.377975750361516
53.7753583498643 14.524530213844 34.4246819022118 0.190889242641213 0.496370072624227 -0.846863653752315 0.918667530988709 0.213625542557992 0.332286164433503 0.0993274637458583 0.192650650952206 -0.0619054970153537 0.0464149159054011 -0.130259126442135 0.413803655297636
54.3114924663827 14.589225019299 34.4994757888336 -0.150028944958073 0.933122630775692 -0.326762102468068 0.922991887167845 0.250650755804741 0.291993449989624 0.471676284281982 0.140640121564147 -0.430580138519544 0.388721654831441 -0.255999720550324 -0.197629474294189
54.7429279347951 14.7550720803194 34.3943433125043 -0.414167103374243 0.850259564242556 0.324845015194494 0.903546446666348 0.340986613680866 0.259484003374027 0.195647493671658 0.13216978926066 -0.032468742137978 -0.105301262946649 0.437268042140863 0.361763345585102
55.8793253736053 13.9826680987673 34.2727162521874 0.157520309323835 -0.698131655233032 -0.69842647724143 -0.572340384356538 0.511814162597209 -0.640681471091212 0.430299457828478 -0.280484157979003 0.145663926280233 0.0036038335964403 -0.523121027612219 0.108040739060739
56.2226119934501 13.8281163557876 34.9767292925438 -0.0654092831003856 -0.844303374415201 0.531858475193787 0.937718066456906 0.130232992914677 0.322062409164057 -0.0238162157675911 -0.232052105395706 0.178492305735789 -0.0194148080197269 -0.115648175182696 -0.169019970092373
56.5615707437538 13.2700662303817 34.9202809123085 -0.503610590906628 -0.729040863518809 0.463546968543647 -0.584404534817425 0.682644491437611 0.438711565831372 -0.262328356864787 0.148504851308652 0.0520755915897326 0.158278073008007 0.310194313648177 -0.0602128893339676
56.5991233267316 13.9503017442184 36.0187360868802 0.715302339316874 0.698814413352545 -0.000989473800355156 -0.698532330922787 0.714971890761743 -0.0294580731885412 -0.814817483437717 0.114146266802982 0.15276228398807 0.327373102986169 -0.231243239884497 -0.300293120486259
56.2914048269564 13.0794174934302 36.0185678404317 0.958839918271741 0.28378402214544 0.00962496253377428 0.0638069650252131 -0.248371205843401 0.966561128600932 0.090995743713125 -0.0454087971119028 0.415382221535354 -0.344531136550486 0.0342788556506855 0.0766114633337217
55.8274227793469 14.0540519936961 36.0614195834021 -0.72873983873207 -0.188971202362011 -0.658200677698628 -0.601921446122751 0.635095160320561 0.484091633923908 0.513206400661102 0.320264735617479 -0.588702624882909 -0.0814308103204987 0.1261529299201 0.0923493647168897
56.6368571229146 13.4840660824891 36.9171265504145 0.906844001485733 0.280962640724382 -0.314155934985659 0.391536380123773 -0.285720978026376 0.874678675717836 -0.135335885608232 -0.613000600205589 0.43122581439839 -0.245219055879491 -0.318996193804971 -0.391940389175556
56.2827916185714 12.5931710748995 37.2041247841725 0.712394483150233 -0.492518042098095 -0.499920072196599 0.615663035820126 0.0967094415769726 0.782052626256379 0.0922144933414607 0.289108784090168 0.136629735402588 0.10627444166155 -0.0359450083083348 -0.0452468962581616
56.5455495340855 12.3979389884856 37.5972393588319 0.657311116106076 0.388514334542643 -0.645754371644785 0.723405048720681 -0.085083988024465 0.685161185756472 0.451217227847125 0.35858380193803 0.292911825814862 -0.024897342425537 0.176383837175706 -0.175735405719636
56.8394047035856 12.1965163705515 37.8853365527192 0.322423221850094 0.861152606996686 -0.393013299360532 0.611870390596847 0.127190405741635 0.780664605190886 -0.424201018947307 0.202831109988797 0.0756666026512935 0.576729721541681 -0.204277526772696 -0.285518150050125
56.7823491617569 12.4963431223166 38.3606708278421 0.935900150012766 0.346080944551182 -0.065718254879107 0.341130844958627 -0.843872010723461 0.414137387994972 -0.771495013012717 -0.193377211047375 0.151487570621263 0.376744299237684 -0.125351078961198 0.203681982348428
55.9496410913983 12.5426068537092 38.6102700299356 -0.472460368228454 0.878765775520264 -0.0674678607025392 -0.0416677744913636 0.0541938032784281 0.997660677913453 -0.318201845090487 0.319856745040026 0.231524536661277 -0.399508549116949 -0.0113221670870877 -0.226448336027225
55.0051832393917 11.9973672094561 38.6288021532747 -0.826344269884681 -0.517071718539308 -0.223141178440114 0.0676666677914451 0.302194019651582 -0.950841730550904 0.444680408756042 -0.492292783750215 -0.437107394352977 0.199240533798973 -0.562176217848829 0.0194573768542534
54.8815242859561 12.755394236443 38.1689638881652 0.679440231704567 -0.438955726871517 -0.587944590406155 -0.536586210490238 0.249265721731072 -0.806189703904533 0.455470015293546 -0.303499980365939 0.302480786702456 -0.282980754503569 0.154698910552822 -0.769353864499196
54.7993688389755 13.0288438030367 37.763231334874 0.126764638573917 -0.948426851459032 -0.290546440072915 -0.637236515384561 0.146607910812577 -0.75659483473525 -0.101469334032404 -0.658707483325422 -0.482219731486139 0.456235796492085 0.305088838260971 -0.154064591160078
54.3291414321808 12.9947749100286 37.1009721206626 0.885053862794751 -0.464145130119655 0.0353406018389133 -0.459319965765833 -0.858485480689887 0.228096138708165 -0.0435905277598407 -0.0117653972199886 -0.0162381174539173 0.0699963532910853 0.123121692636257 0.0204961385126669
54.2036800242194 12.527929490626 37.0386747456534 0.837416388711767 -0.125752073069435 0.531902442216258 -0.273595454334815 -0.938915658092973 0.208765213470077 0.149016087527099 -0.246618740424177 -0.106503215567373 0.304693104097049 0.0958083457635621 0.107104007302263
52.9973663168994 12.9771696928887 36.9829534594149 -0.232570327718077 -0.173675050620827 0.956947239640877 0.944005865261572 0.196437056580025 0.265076232721387 -0.129128672574953 -0.814049799838276 0.58110413100287 0.164575310202435 0.659244035956761 0.17186442252391
53.0748783315038 12.0903106839203 36.2666328921251 -0.784165548264069 0.384012455939631 0.487461615513002 -0.204019397836547 0.582321956705684 -0.786941690371406 -0.167676703156245 0.482782105159843 0.362464818086945 -0.323353061409574 0.227587059248315 0.143322173737202
52.7138121254728 12.160441987806 35.912874322919 0.129320822551252 0.85395268243599 0.504024742462977 -0.201883703351583 0.520321052562005 -0.829764407878379 -0.189202486815147 0.284981859724565 0.0661605837857919 0.0701169042728632 0.245034354979006 -0.0433738813320842
66.2299776765097 31.844423790935 38.5504569581822 0.918602386127134 -0.162337106408488 0.360300319295665 -0.242020954569183 -0.951848052937249 0.188178483544259 -0.248997362534145 -0.0628658672544097 0.366619851763848 -0.113005877986709 -0.304002943394747 0.175435407138257
65.9011305393173 32.4594130435191 39.1013372709923 -0.673727310603056 -0.61552338980615 0.408928438175769 0.239810343004144 0.341311731748948 0.9088439366353 -0.00854936417011139 -0.0263842657877489 -0.04096728246295 -0.794930103098332 0.69880159927696 0.0058089988696311
65.8072388122985 33.0091672169092 39.3812981476044 -0.786807621180799 -0.601796745809633 -0.137019867116095 -0.359837318758867 0.266907034937514 0.894023343503442 0.0464024743825514 0.125527985859619 -0.0811562596285812 0.245282713806177 0.11977942935626 0.147864123794681
65.4237278473982 33.2095234597936 39.7226680853347 -0.106060436850083 -0.990424860954222 0.0883729513976366 -0.415818289783079 0.124906814011514 0.900829305526448 -0.576864618653881 -0.105246400155554 0.0173566097746858 -0.307076551364312 0.433471756595752 0.363873023697606
66.072967138858 34.231911506434 40.0328919661001 0.569593227267265 0.0335881622749784 0.821240154160695 0.272502420982032 0.934935604599616 -0.227239622008076 0.243122174674121 0.0060265367742034 0.213912916289127 -0.111059129110214 0.158173922072809 0.185709236887919
65.117545647738 34.3432507684189 40.0615344578136 -0.258684267612631 -0.63396759070024 0.728812420058398 0.0169266050402495 0.751403092713511 0.659626320201152 -0.0774769263223696 -0.0473859892790064 0.617182872690724 -0.452212888114756 -0.555032238447393 0.0851417482700182
64.8332150394976 34.5751942972702 40.4359286615738 0.598349320597752 -0.497972685061303 0.627695224988306 -0.257228027765216 0.622552838031908 0.73909519386256 -0.00767102008009146 -0.297993535371234 0.367754071379267 -0.520186444069141 0.159493633233151 0.409528604635429
64.5868454150396 34.7449971162001 40.9201912004903 0.852842574049711 -0.404775352720141 0.329873396499816 -0.116782386130338 0.4678796196847 0.876042542216688 -0.337460963945303 0.280839164727937 0.0201236779031898 0.067646640400835 -0.375906556660569 -0.362583757467973
64.4688605327869 34.6347695915713 41.3632464642286 0.949110847975599 0.294372435053482 0.111952971090613 -0.230782480229918 0.408175391373934 0.883250981712209 0.331895480119658 -0.193740503550972 0.125299547373922 0.139482515824967 -0.280860255357673 0.0192411595127108
63.3268656132082 34.4011899605665 40.30955930255 0.207101969535822 -0.625491124599763 -0.752243063950489 0.0568473222905012 -0.759920375445065 0.647525601757911 0.12283054507155 -0.369412333283391 -0.26184103625042 -0.0875576378846259 0.743550742278028 0.0366972524221568
63.1339016729047 33.9776986175572 40.3917401617532 0.862777155799877 -0.379711561442913 -0.333818378068604 -0.148679365602239 -0.82162033750764 0.550303977123253 -0.270728740556747 0.201631373250451 0.0856862513213149 0.677339021578936 1.01184424905897 -0.182550903579974
63.0201559290814 33.5458553903628 40.3499335068006 0.957715205092415 -0.0164048157038978 0.287249835433886 -0.0612649266114178 -0.987104584442554 0.147888972337333 0.307082225168884 -0.00733292799244932 -0.262078297519679 -0.196928103632005 -0.399256754674898 0.302609696093044
63.3039296966268 33.1247761921166 40.1273809138143 0.283767868517784 -0.00753361660186876 0.958863411241467 -0.055973717092681 -0.998394156248835 0.00872076617326765 -0.930503417140166 -0.102619271410414 0.0293748697403907 -0.491671937533458 -0.0331074862490154 0.6374002103789
63.4809183330892 32.6481714726519 40.202631883552 -0.53078774307329 0.227850295796082 0.816301791317911 -0.0679812064325186 -0.971525422965592 0.226973364303842 -0.533586373073831 -0.226115986694349 -0.498320241016168 0.209811533721112 -0.060391979765163 0.917821753541419
63.5702675476102 32.2640361897979 40.493195807663 -0.970437989240582 0.139230882293519 0.197141752185099 -0.0418168801546372 -0.901470400614921 0.430816045835599 -0.552160227671036 -0.266961970955766 0.68239923954999 -0.0923988942749603 -0.35459156985983 -0.261965310695022
63.3810716296718 31.934427141705 40.8380098950999 -0.90118042626262 0.216901840327757 -0.375269810914228 -0.405972810919189 -0.725705801247523 0.555461219915172 0.457377934286199 0.0600247040687457 -0.0894963378837181 0.0877299779133524 -0.515949235569741 0.345207803188042
63.0846580284674 31.7773401349169 41.183659053903 -0.502631273738051 -0.341380141370546 -0.794242659228161 -0.497715418945042 -0.636921294308917 0.588736466171252 0.429405177697668 -0.421684961663227 0.232477768233461 -0.097640875302143 -0.364139531592425 -0.308592397632909
62.9747247177459 32.3256730747924 41.5505579789013 0.272766776753747 -0.0416005252963127 -0.961180358618927 -0.875079009421339 -0.425890586634138 -0.22989983794466 -0.256943878778124 0.074624381471187 0.452879807816773 0.0567991322012939 -0.0758317604244928 0.140446776213565
63.4307803106668 31.9092229293672 42.3746919595566 0.366776543800062 0.195381212613917 -0.909560964793114 -0.200909568587316 0.971261407172141 0.127619058874192 -0.106256486018393 0.341242782213537 0.164402730932167 -0.01813831470561 0.404359323198285 -0.0148024032369603
63.137646361546 32.6549338922954 43.3905321727802 -0.818311525554884 0.407978049549499 0.404870545026515 -0.185707958056858 -0.854286652820127 0.485496518141804 -0.0247304266948887 0.14768391543239 -0.155246250202481 0.2763698866423 -0.280903197130039 -0.402931801134161
62.9919404408979 32.3615800415212 43.8466118639742 -0.901868702227852 0.354024425877505 -0.247587458938944 -0.431853312318493 -0.754242009504708 0.494592466317464 0.0215396573067928 0.0139436806002482 -0.23611602063436 0.491429255231605 -0.0184502070305938 0.164763026586952
62.6183822220803 32.337122693198 44.2220670952348 -0.58467457415224 -0.359284210719512 -0.72737232437562 -0.484296376691862 -0.564730788396923 0.668233608972082 0.0858374364551206 0.433304133237223 0.0535671454474904 0.424017406458086 -0.112530626064249 -0.160470804675796
62.5588494434743 31.2827906327146 44.3007596879823 -0.411092634223205 -0.891001728246081 -0.192662311702416 -0.529088088055328 0.405314578420569 -0.745510487919745 0.220407913035838 -0.448316115340709 -0.108348905797007 0.141354638609155 0.0844328165208953 0.514134436161537
61.9544146932556 31.7882043204471 45.157877490216 -0.873783877654616 0.405339639149107 -0.268703390535301 -0.223338006919988 0.156351987331113 0.962119634308798 0.179147828280677 -0.0189486630180251 0.196997437471591 -0.227813456015286 0.0014044571909638 -0.328827576691117
61.5292148643768 30.8054644864993 45.9122488240664 0.100821798170179 0.0283455121759284 0.994500626924484 -0.915167951546736 -0.38945688948225 0.103879505662136 0.63472234516804 -0.00571882600159735 -0.155450321795759 0.0512654217951536 -0.336326065609697 0.169230289732641
60.8083766561992 31.3772696789397 46.3003733258716 0.628090546862834 0.624699864638925 0.463952954577833 -0.749322367719191 0.646322861447762 0.144162228083236 -0.221196064163999 0.623591009919668 -0.151637712238978 -0.0455365179990622 0.132596812442372 -0.0144138796790937
