t = 7000000
b = 105 105 105
E = -0.235442211493938 -0.543355502872418 0.30791329137848
19.1558202525161 69.5751232201386 -9.65562584388261 -0.502401887860317 -0.0125564698521228 0.864543045856808 -0.296118301805395 -0.936927999191989 -0.185687575421507 0.391001089957182 -0.0606661155600334 0.0847084972837904 0.0130321590940921 0.363269564968407 -0.497446547065553
18.7503342147885 70.1477772066548 -10.8017886743543 -0.583699260330749 0.498601100442234 -0.640852647749155 0.634377707726219 -0.21260276438757 -0.743212613263998 0.243230847955884 -0.106771330446621 0.017308711752631 -0.424061370312254 0.444579288111295 0.16732125548701
18.8050327544683 69.8891653007877 -11.2260040098255 -0.0827832579024447 0.932064087824667 -0.352708758607651 0.581093135062562 -0.242382900282467 -0.776904947875807 0.717388793190319 -0.150119838073646 -0.132244572760941 0.248400750488673 -0.0597137428416807 0.0893491758614721
18.5655729875537 69.3837809606382 -10.738152655351 0.51690229210404 -0.243669849079848 -0.820632088738232 0.83837974190125 0.337838314083316 0.427767088386824 -0.00494795792428924 -0.0357900008866149 -0.193907845340592 0.226029734297638 -0.186395154583189 0.0601469998598422
17.5740551526456 69.9922674377068 -10.9706932024269 -0.877227782788084 -0.479345403752446 -0.0264461907652895 0.345030589176412 -0.667811775364814 0.659531140444901 0.0344264002617177 -0.688727058089057 -0.130953775240863 -0.297542495067555 0.734142883518477 -0.528503705192059
17.6859313346705 71.0874942239857 -11.3843456093676 0.0888217002665854 0.981523979744628 -0.169473840896466 0.670812046942948 -0.184720905852472 -0.718254401042795 -0.109109183309364 -0.0673626278919782 0.0196653646754069 0.281393977255483 0.0747552012431928 0.000442730253597346
17.8278715355585 71.2736518329626 -11.8552239343221 0.594540766366879 0.590615325841528 0.545614162214743 0.732999754957341 -0.119194324339001 -0.669704466371631 -0.11226386261929 0.106487269670858 0.403902021847998 -0.122194834300126 0.212161272138381 0.150032700419289
18.0724383899125 71.490294601202 -12.1793809002811 0.645369866885838 -0.288811618043795 0.707167295764586 0.682716456597295 -0.197165587569388 -0.703579399193893 -0.142960514947349 -0.0642264495911002 -0.0811347885951049 0.275373769152763 0.385736431744168 -0.121008425941545
17.3667047796679 71.8973648186264 -13.0647243053545 0.758373137586598 0.627398961143356 -0.176750467448993 0.530386610250292 -0.751591631936748 -0.392173510667931 -0.0347284029253469 -0.637199576679548 -0.0817335521248581 -0.139854197698128 -0.439204157872172 -0.252086030144888
17.4647500464628 71.2052794888182 -13.5341480691804 0.88469242118803 -0.466173663784957 -0.00119795042679187 -0.405888203599238 -0.769015194854356 -0.493832356434734 -0.259993064419702 0.114478029327557 0.0480797773200579 -0.0625048473045926 0.0761808241382435 -0.0923175938871505
17.4736359156937 71.0377698627764 -14.0808542740315 0.717540734719491 -0.68420552081248 0.1303767590791 -0.306603706942834 -0.478348483445707 -0.822907586108106 -0.141801192777701 0.550096116291895 -0.173160932020277 0.204948442592532 -0.474156620885182 0.353671341766977
17.5269468179771 70.9303449299426 -14.4847528388506 -0.159016423533742 -0.834617247256288 0.527378258585789 -0.527523846856062 -0.379699808649175 -0.759964898077754 -0.190791285087215 -0.00869765824070739 -0.272944262276875 0.373891124427691 0.205915400538391 -0.0990902332341336
17.6192819040491 70.6508449976535 -14.9145788894456 -0.653368052094627 -0.526036859271206 0.544422089182641 -0.310451631646257 -0.469715615883805 -0.826430290225808 0.505451183590135 -0.409844648790107 0.298771115252656 -0.405214577027687 0.281343916102954 -0.131414387978
17.1914755756605 70.3681304106625 -15.3423596320616 -0.516141444854203 -0.170759696122473 0.839308724537283 -0.719122743724411 -0.445898577568894 -0.532951159094901 -0.0106275322367663 -0.0368961736374202 0.401780389845747 0.481860104888875 -0.312116887744623 -0.119066805941778
16.9764640997766 70.9789884958708 -16.2050687488546 -0.99930079701642 -0.0267893458940398 -0.026081564922664 -0.00664780753298366 -0.55915528896073 0.829036289605292 0.22266333630353 -0.0937744431932876 0.0419642311268081 0.0494246683957934 -0.0342875898884026 -0.0501517875178997
17.8019096067079 69.8471661632341 -16.3834922945089 -0.309712605090384 -0.544257176325035 0.779655198319483 0.203240748645064 -0.838915830229582 -0.504889520470287 -0.054196663196523 -0.101098550639024 0.515054499879139 -0.153172700998861 -0.517618994657783 0.140087007352649
18.029590440991 69.4449839891065 -16.3419423195312 -0.853983496937289 -0.462025411652573 0.239258659082104 0.391260142073965 -0.873380336437237 -0.290038427020994 0.579941931754532 0.570665922453337 0.0590904460043826 0.159113192838325 -0.0144384251844584 0.167375804659369
18.1395852804894 68.9853092633678 -16.2355591749697 -0.854642943264685 -0.134664508355928 -0.501448810665065 0.348855913178838 -0.864238413240619 -0.362479677939551 0.0153894648135865 0.0469510539418292 -0.470572746356245 -0.134633440407495 -0.110937412463005 0.696415345062
18.1568554605765 68.4388048375982 -16.3174084583385 -0.271473298003588 0.354998219701585 -0.89458287066065 0.478278591590964 -0.756835941850561 -0.445476089087936 0.519836350664472 0.508684257734084 7.85593155091581e-05 -0.369982726076017 -0.392142772385745 -0.0481634029871231
18.0888163143333 68.0476732827029 -16.6903387887261 0.0905383252040222 0.706603948071055 -0.701793183380511 0.192095249397072 -0.703844765524926 -0.683887389269568 0.425752915029726 -0.0485026208803587 -0.207558697460712 -0.367697518991711 -0.348553492441271 -0.0804540175887766
17.823915164098 66.9062152571745 -16.8546050166332 -0.140233583136303 -0.833231621183696 -0.53484540534646 -0.176820915471618 -0.510424008870593 0.841547203084991 0.451337512999984 0.187454723198288 -0.291404743857986 0.24922198213219 0.498951044714251 -0.0881226644919987
17.5321499734948 66.7082066635675 -16.5572940082709 0.740058798918483 -0.583834876395963 -0.333840996953413 0.194925722773139 -0.288877370288998 0.937312022507062 -0.000131347982065691 -0.230029102357475 -0.167023818048515 -0.465013302124204 0.12721803484133 -0.145329695384082
17.5001523257211 66.3012365834025 -16.2700191963765 0.994819826401393 0.0604797545856724 0.0817050321794399 -0.0577347499227269 -0.325382212391046 0.943818369449703 0.209212331971425 -0.678202718229082 0.0437484551612372 -0.688249350249797 0.543655280669956 -0.345093958735856
17.5376501852947 66.0237751528531 -15.8198736705023 0.782005171921322 0.591975546233328 0.195020162419466 -0.0165436726506058 -0.293072444210961 0.955947095470999 0.0357036230256639 -0.160637021978163 -0.535835740374862 -0.340826316244543 -0.149919480456049 -0.405755103023383
17.0658870995141 65.8121018605658 -15.2188381590535 0.342512247049247 0.828670153055768 0.442708863764905 -0.329061658705827 -0.335552509947136 0.8826794083005 0.197767313145738 0.465531273488209 -0.0657869102255919 0.105386807966833 0.243510154710281 -0.0179157968187687
17.1421250922822 65.6161155585962 -14.7181101548212 -0.165526041763274 0.973720622726888 0.156426591009506 -0.268037676088185 -0.197062241430908 0.943038852433745 0.148588324803686 0.0258671764883527 0.42132776087452 0.276847426625775 0.0938490097761687 0.0844463462345944
10.4155184435588 82.8279161763213 28.3291667961298 -0.826360719960665 -0.479690854515425 0.29499939762709 -0.433546620351939 0.876234302787644 0.210358680826908 -0.224560500194389 -0.0836039332894631 -0.189960455262926 0.700127562348094 -0.25237141688622 0.00706654595346799
10.7757293967703 82.8059040193303 27.3662527768573 0.31704801541117 0.46048145544388 -0.829118438533484 0.941930609242584 -0.254895254626208 0.218620988335553 0.038563246231755 -0.0115940835011696 0.0868677204772233 -0.481323264862273 0.713755114790786 -0.21052847796363
11.1106164211662 82.5744637543276 27.3329003688801 0.132631455362671 0.991155032891712 0.00453848237083208 0.72133136401053 -0.099663341028934 0.685381851050899 0.078695281288076 -0.133451327659723 -0.107962384499486 0.341518333502979 0.0445582111431854 0.572505018403894
10.2000534789861 81.4519574285 27.2063693176556 -0.897143374422605 -0.440368481429553 -0.0347759441746413 0.049277972671236 -0.0215360258715044 -0.99855289344088 0.0804614441695475 0.437381405151053 0.841325521219498 -0.338955483223637 -0.221964753212379 -0.0790832034132982
10.2087278773149 81.2599728723001 26.6754198729682 -0.945833236716555 0.054506733420287 0.320044534922502 -0.320501441193794 0.000378207512840924 -0.947247952308196 -0.195399822143338 -0.188729396232779 0.0406542350522964 0.373136529630073 -0.0715838176598662 0.375230944058747
9.98798172753521 80.9694685722903 26.4233405944476 -0.485077977349414 0.869658318650606 -0.0916174911909152 0.0156106961325196 -0.0961406044597133 -0.995245341782754 0.185571163836909 -0.108613891144747 0.283084455382698 -0.266613386470568 0.619407985487114 0.059104586364072
9.69572361229567 81.2454768393713 25.7507272931601 -0.107995936054859 0.350945359493537 -0.930147425113772 -0.82280899159677 -0.556664922708038 -0.114496843510938 0.757865982719381 -0.225143245861826 0.112242929789807 -0.243002733383446 -0.0720093999601259 0.101162600363614
9.21214303064094 81.0757483084428 25.8002692607099 0.29458464996674 -0.0808900775055953 -0.952195714842813 -0.862211153940314 -0.452167765756553 -0.228333610385431 -0.10790528509962 0.392408577822241 -0.103737694658035 -0.57428338223034 -0.817017213327107 0.0566048427324386
9.00574634978243 80.2705024330033 26.1017680564694 0.491905644283636 -0.257840518629172 -0.831593112089591 -0.601824208597659 -0.790909953930277 -0.110765819276507 -0.826167572695588 0.199665267745936 0.161588631961956 0.165945095259043 -0.0308712964561382 -0.0425980113639218
8.57289108596395 80.1154933212027 25.8674816265188 0.783470563583274 -0.505022588772931 -0.362113325945669 -0.582064859715849 -0.800473967771043 -0.142975263612153 -0.226928265984976 0.0101745440945974 0.616160935890165 0.118363623715353 -0.0634654060632294 0.283817440963574
8.14299793989512 79.6197052816939 25.5516110630658 0.62716701016512 -0.777507479505288 0.0462996833008116 -0.678597058652425 -0.574626024563557 -0.45750515175492 -0.18105028895327 0.128549294821279 -0.346833592910671 -0.219979055991021 -0.0916518951673245 0.211399922754766
8.0763679538711 79.4683098008958 25.1594877850062 -0.00461217705529799 -0.809883515263091 0.586572603799335 -0.816364099514731 -0.335714675001114 -0.469941819816695 0.0721541560972677 -0.0599109652958841 -0.035705331422321 0.709485038969685 -0.0625167620684473 0.208432914316367
7.23351425433049 79.364097900262 24.9532182991738 -0.127101178583833 0.681622931292768 0.72057995388317 -0.442478167814728 0.611217845861814 -0.656220859091952 -0.00979650812285856 0.00695243416291831 -0.308833321194472 0.106069905560065 0.722280475683048 0.0376635532065578
8.20873394730772 79.2222955987048 23.868983493626 0.893170715033911 0.428059863935496 0.137879754471977 0.434158648017415 -0.74079508177346 -0.512570887947863 -0.131638840884319 0.735760705014693 0.22713809593584 -0.02770977648725 -0.325243661937705 -0.444841569755701
7.67613184046116 79.5981044866478 24.0355537165205 0.237193273278011 0.922187624469347 0.305465769583543 -0.908769607210094 0.321759994708204 -0.265722236210601 -0.133385421840308 -0.255669781977642 0.423087356314028 0.438460242185842 -0.229148820922167 0.0723530943342483
7.26789907135258 79.170287265457 23.5193606024562 -0.687057053354452 -0.452045709056413 0.568864906950262 0.0208438154536 -0.794849387816313 -0.606448667279605 0.37080789228893 -0.287331507925035 0.167122430770758 -0.167230320909504 -0.0904150452691845 -0.133572223440116
7.36109476511048 78.6353541180153 23.3473374712931 -0.950023557343247 0.0145294592335627 0.311839919361365 -0.213975504774954 -0.757658889283698 -0.616577238345477 -0.194801264459006 -0.587060661465238 -0.296728813578463 0.75023112359994 -0.277623119268693 -0.146001846499428
8.2251506680588 77.9647657728615 22.867302772128 0.495759913016605 0.223598977449355 -0.83918150952554 0.455685420004219 0.755610700311243 0.470535086439895 0.410878863427446 -0.013748238760805 -0.0436765947293613 0.17824081304946 -0.210273738281381 -0.215300692285826
8.61100405055294 78.1724750456647 23.0275037670002 -0.310487950867272 0.527648453388447 -0.790685994565905 0.571287503020713 0.76839643165423 0.28843979044753 0.544073441291988 -0.314942041127859 -0.311312729522092 0.304019387463317 -0.171233543271187 0.100585929759945
9.0068034464472 78.376111559104 23.0090479024233 -0.792114215909589 0.605975697358633 -0.0731335980567709 0.564691787520082 0.773032495410851 0.289039696489405 -0.0289158675138597 0.496579368035753 -0.238302713759815 0.0164540926877806 0.32871198005854 -0.459440004710058
9.24174087291645 78.7519710960995 22.8459987106767 -0.691380179096771 0.361053942326392 0.625806278877535 0.629330837122949 0.726407483307991 0.276179046345767 0.445413754199405 -0.174685688651246 0.319101801526247 -0.0187778206734955 0.637744168780894 0.170952331230995
9.378660938274 79.1980391885495 22.944202248006 -0.396753896372542 -0.385321488110981 0.833134860939746 0.619827191029369 0.556997557486042 0.552782031379125 0.376198081181678 0.181207171943234 0.535521606097968 -0.355944679237203 0.332441089488652 -0.149705034600141
10.6647374018942 78.5600428473535 22.4668154673217 0.188483208381206 0.0829595496346593 -0.97856619259155 0.839500715545277 0.503455879378467 0.20437887884594 -0.416304575081774 0.0402784471968503 0.74543443726446 0.2498201078578 -0.0678422905406066 0.086666377610633
11.1423890922751 78.5046843810659 22.3773881006817 -0.209338000428014 0.849851540400861 -0.483663065423342 0.850965771634883 0.401988696500229 0.338027134105719 0.230498154184387 0.363332632953558 0.254454960370517 -0.0422650115515497 0.562585289640829 0.256275413398561
11.5861724527177 78.7000999503744 22.175860592321 -0.508022381743473 0.775037447048745 0.375806087391283 0.861110321863516 0.467154207620896 0.200638879289194 0.0991101390576064 -0.267998754354087 0.62182936997593 -0.817018367343451 0.469232201716316 -0.0452136647250467
11.089018497585 77.2183082278196 22.3118301466298 0.130814480569309 -0.883743070480876 -0.449316989496549 0.422557815614875 -0.360283006924432 0.83164959411041 -0.00978040809233114 -0.107654211153902 0.704182858428812 0.315453950384117 0.347605004694463 0.173563193832798
