t = 100000000
b = 105 105 105
E = -0.284068899464853 -0.629319206359824 0.34525030689497
132.129906370285 465.436140665915 -27.0933982195505 -0.797397970232875 0.494865638204332 -0.345346893998131 -0.554035889585104 -0.373547592547816 0.743980126853384 0.182581739203329 -0.0204987036149312 -0.242879265207186 -0.39370667361691 -0.521826537124067 0.130104777968158
132.299698223356 464.227186009595 -27.5994626380109 0.563212353900521 -0.785063621929369 0.257811857636245 -0.525487068604297 -0.581075265258073 -0.621461886872783 -0.319224740008231 0.396641442465563 -0.35655130940457 0.0955388368569027 0.995301960248761 -0.175610551688673
132.381924673228 464.067577745619 -28.0411010497934 -0.309026393310473 -0.628272329555872 0.713986392134134 -0.56747397123033 -0.480638269254966 -0.668550780497123 -0.272449981408806 -0.114884911949186 -0.0214709341404805 0.116530500521654 -0.354495505492541 -0.235359085127532
132.958973934596 465.39992574134 -28.3442908470348 0.325174110428632 0.93407270514209 0.147546533052185 -0.409941514577154 -0.0013665071306359 0.912110786737881 0.155149841330934 -0.321508186757099 0.146679100121017 0.443407196855469 0.367270866983401 0.346370628081262
133.111927719722 465.423905711659 -27.9192500917887 -0.559942527436218 0.824834423680552 -0.0781827313360883 -0.216920893896626 -0.054874986478067 0.974645608234499 -0.223309383336305 0.217991738025877 -0.262280809283008 0.527773641185404 -0.527292830841683 -0.572366879051398
133.103613818919 465.68435847999 -27.4404266059156 -0.923426189457402 0.190317655182568 -0.333261553063833 -0.35324147173262 -0.0820584783230976 0.931926428846706 0.195770055037735 -0.23450401209769 -0.0335264088791922 2.17632393002784e-05 -0.0987558362502034 0.117119676810991
134.359207822277 464.506123228142 -27.7618934890483 0.17288780886307 -0.968254862910919 -0.180533448409124 -0.380830864969345 0.103322822663053 -0.918853767800835 -0.445005394337813 -0.193613981347526 -0.390323444478275 -0.500505496863226 0.21344403704534 0.271507923975145
134.546096760779 464.446692614588 -28.1981569622091 -0.704043212086874 -0.701069104120923 0.113248694301715 -0.428658619796661 0.292387769489394 -0.854845705334272 -0.00638573001931481 0.206357605581386 -0.427333990793905 0.116795378478934 0.413618965013717 0.134461181242688
134.47989675558 464.212962672672 -28.6281820285865 -0.902684733453608 0.238193353384159 0.358363221318234 -0.198061713687811 0.509355916461696 -0.837453346721873 -0.0920250226441389 -0.0624733565736403 -0.713815214934561 -0.0988690218622352 0.0259125982505614 0.165337276652734
134.225668678298 464.178265169348 -29.0127887171132 -0.258587868917517 0.835500579674393 0.484841309515488 -0.176849304597928 0.45248319831168 -0.874061370103939 0.207712757259915 0.427465409043386 -0.0925544800598019 -0.293617096092096 -0.16453006292806 0.684791421953548
134.371720761844 464.94837539053 -29.9055451388941 0.422800691550839 0.635595457118879 -0.645955099146267 -0.127962862080041 -0.663784909204216 -0.736895582997371 0.211081276921441 -0.223929087005968 0.428229391042994 -0.447562843067083 0.475433347755527 0.17284468907065
134.104671929479 464.816477340781 -30.3024180234477 0.927577735011228 0.0879497805722253 -0.363131355860341 -0.075970118477926 -0.907201691282872 -0.413779690695434 0.213634719283329 -0.150044798170277 -0.33168767137249 0.189846716808586 0.415193648187789 -0.544498493840447
134.163801044742 464.560683097496 -30.7469147399295 0.939181798152607 -0.116663074830634 0.322997332789757 0.0385264682849497 -0.898800949906149 -0.436660696295311 0.165953937443426 0.33625866738852 -0.0567511818405867 -0.103749192716441 0.147982335101095 0.323563410906274
134.384705018355 464.363331940076 -31.0791746151908 0.177732680182213 -0.525742148584219 0.83186915293032 -0.321668169290924 -0.829930272191792 -0.455790886443913 -0.269528475325304 -0.167168528436429 -0.176763930644824 0.0423787726333322 0.0960989074672396 -0.4307213673384
134.673850706471 465.308367777134 -31.7157863708072 0.10090366519356 0.974504400437513 0.200398662364229 0.982656872647526 -0.0661216775898499 -0.173243742716419 -0.107242395867722 0.370984704574077 0.440455355856054 0.0309120817848045 0.415670452885261 -0.174710949062109
135.015193854957 465.442493041079 -32.0352994763928 0.197614951690847 0.639370299454317 0.743070623187915 0.949750341960525 0.062826163507941 -0.306638486047365 0.0117980714419737 0.836754042978515 0.161554815681876 -0.516599353373775 -0.914468260452451 0.516635110258476
135.877947524987 464.44842444531 -31.8760677024896 0.831664549259105 -0.490287515361005 0.260676484912222 0.480237560694674 0.399415846876228 -0.780921805664159 0.0952698859709705 0.167476882993037 0.212477018426319 -0.108621339411516 -0.265487722091852 -0.323599699048728
136.334633745986 464.685159334137 -32.0415040525895 0.193355141421551 -0.956123427857264 -0.220094934038007 0.255845327899795 0.265702419120508 -0.929486628557036 -0.113098323971123 0.203444744041559 0.239786347840854 -0.00408599963299123 -0.342879293866098 0.198244377514828
136.648263227127 464.860253092486 -32.3363227703989 -0.412756874743451 -0.739731413713387 -0.531440681466553 0.443643450633681 0.346299517018766 -0.826593692948786 -0.600397055521921 -0.223455110217712 -0.266418722581014 0.058832652863088 0.68400313817385 0.619649997368456
136.434691641551 465.899764764501 -33.2098395635609 -0.818737991102725 0.337998038988296 -0.464139448403375 0.387680516447331 0.921706933390175 -0.0126548847282053 -0.0720821086451263 0.319147043150525 0.0392508960330087 -0.0289692036324009 -0.254885926498572 -0.343399551059173
137.014749861786 466.733285546426 -33.3888133483853 0.298452563651841 0.0998501934808862 -0.949187023779395 -0.288868973854397 0.957317695520295 0.0098765270479345 -0.0305862200783629 0.10318248754993 0.0415914058576907 -0.0286459686129341 0.402280531101912 -0.32827923035883
137.232173687832 467.077244585066 -33.4322004229254 -0.770301330910408 0.0548212968255986 -0.635319199309482 -0.0818333075493104 0.979561557574217 0.183745652187665 0.559831013434689 -0.160315420636721 0.0179178759511751 -0.214919750849407 0.314514965781218 -0.0247973973035369
137.232370774944 467.613678419762 -33.5512685901084 -0.936445279950306 -0.341068206155557 -0.0821140451324773 -0.350246468207371 0.9222641401454 0.163573430941499 0.369303844796969 -0.00790333690388671 -0.143530813635836 -0.129153757093085 -0.253849062759931 -0.614277060394372
136.985040943653 467.945480686383 -33.8077150659857 -0.715883398690806 -0.24180099684049 0.655013921535409 -0.228193503992852 0.967628972651973 0.107804897941283 0.694913566243267 0.508568409781876 0.129101979510455 -0.00888640408568727 0.0743470316055173 0.0798114020213895
136.560698123719 468.342764379376 -33.8039123114347 -0.0562388041862737 -0.291576061473567 0.954892976871542 -0.399308293200493 0.883154266398834 0.246153262670802 0.592787249035342 -0.279029852155555 -0.190632599654328 0.384124694955917 -0.21394714295838 -0.249717482765604
136.764696265572 467.834482232855 -33.861157090927 0.848459442458999 -0.15162717550635 -0.507075708499864 0.333532176717652 0.897080687160458 0.289831895792842 0.0843238024886443 -0.692178814371744 0.681191844557467 0.143920628788007 0.344290640537329 -0.081030955658328
149.444260244203 465.549722081574 -44.5082425025721 0.300955020657652 -0.565416130516388 -0.767939239063154 -0.234467540167729 0.736682408009008 -0.634290156268541 -0.291602968756559 -0.0760019357629545 0.00726146153707754 0.27322517027177 -0.145620666321479 -0.0533542621392304
149.204686209889 466.168795933459 -44.7246569654441 0.213434025710902 -0.788253356321851 -0.577150381543233 -0.505523094452786 0.416416678493374 -0.755674235928655 0.00633111860835965 -0.362474047396894 0.170204451666009 -0.0557550567321196 -0.236683376228567 0.453060214701828
149.639107395493 466.940298718543 -44.110213535761 0.922734310259314 -0.111889431665195 -0.368838918435195 -0.0235297559287468 0.938800876807568 -0.34365573513357 0.171865720190728 -0.20668553665104 0.0384148302452404 0.195136606398469 -0.0800120652015637 -0.497877211308955
149.840488666465 467.40141193136 -44.1207739077905 0.0340689809040641 -0.497288954583198 -0.866915797635447 -0.57517445679949 0.699615865222374 -0.42392450433317 0.228125608354679 0.572057634603295 -0.358854665499462 -0.315557532518983 0.0654218055361751 -0.0460747674457301
149.934058646219 467.750047395701 -44.4951086045417 -0.544904959814605 -0.675229146893656 -0.49713598135193 -0.336232468093728 0.719091508222669 -0.608157159129484 -0.161086085068981 0.0480344004101012 -0.59067403865306 -0.243079779823775 -0.146068002452747 -0.11111513279776
149.81885679328 467.946441639679 -44.9985453921899 -0.821105314384664 -0.546660699345654 0.164158894002452 -0.529057588843405 0.620997029421958 -0.578325822641901 0.304389127084589 0.134218913924057 -0.181462880721758 0.271106377347975 -0.272445065895644 -0.0303372581217386
149.20465721454 468.288810896166 -44.7105364996236 -0.851029629861896 -0.520443183499229 0.0699103843887233 -0.282206508316849 0.341012224044968 -0.896699587216708 -0.190071180612752 0.527740104262397 -0.341813606529858 -0.176402731237629 -0.200317165543145 -1.0278375871777
149.330812788345 467.969564846858 -45.553215784937 0.767832460399912 -0.598630538787496 -0.228199015746955 -0.600394466531547 -0.796661513880581 0.0696915838403006 0.596884153201769 -0.0359412577254547 -0.190201943502176 0.0448537918850946 0.547246262356977 0.55350703728935
149.233472059698 468.889618253576 -45.5720596704104 0.44948279620536 -0.171417125062975 -0.876687735257231 -0.0607364278646829 0.97327994335668 -0.221443532733009 -0.517483519538913 0.513189312478588 -0.0657661076355864 0.324311934944351 -0.22051809342219 -0.0165032003718987
149.378952573418 469.415852828388 -45.747384386061 0.284950630128475 -0.422396365292769 -0.860455954117157 0.0526574791010085 0.903213966586371 -0.425948025536165 -0.699629972514063 -0.19668461813409 0.0558479522248089 -0.117968406222173 0.0695367686328046 0.523283405754558
149.629087124228 469.840273832814 -45.9252534604895 -0.431905987107925 -0.343974582379878 -0.83374978559322 0.114580774941425 0.896001511847205 -0.429013445920835 -0.37119711181402 0.690803415354547 -0.231905500919843 0.496115941856705 0.159077860898815 -0.249519948135272
149.848368702238 470.224833025919 -46.2483889686934 -0.87326796653464 -0.347782619311922 -0.34124816238304 -0.133974135997328 0.844764889500738 -0.518095755966427 -0.384222584658822 0.269044906567431 -0.368878058856451 0.625669114947597 0.0557392444533491 0.460736462993833
149.790550584036 470.354514758338 -46.7196575419453 -0.804077049074622 0.328654582407137 0.495425337074317 -0.0452611542468771 0.797054982614373 -0.602208255179044 0.560022620505767 0.310026872405269 -0.4396117265045 0.69011346237913 -0.456438027727165 -0.622686963147711
149.459086632916 470.56894210282 -47.0606012500986 0.0428811258410815 0.687463664907662 0.724951666303897 0.0483882048984538 0.723338476543981 -0.688796072852291 0.292768594347759 0.294186964892337 0.02900645578053 -0.588128510031225 -0.144526631055634 -0.473703953169838
148.996273648389 469.928587938314 -47.7969811368978 -0.512462993116812 0.84415680987099 0.157419697102892 0.60678477075494 0.485698074997239 -0.629213494710661 -0.547239906288644 -0.0417010760168644 -0.259429426154334 -0.119846644632751 0.0672107244046019 0.277747147390986
149.111541493571 470.199400556183 -48.171082421374 -0.13716117941959 0.627271589491867 0.766627134842825 0.443200114153969 0.731014189726528 -0.51883707773467 0.342276921939846 0.475035265055219 -0.361545817195813 0.423012048525608 -0.087301290476479 -0.0603970607364755
149.097165153974 470.65661933303 -48.3633830207197 0.551379010757778 0.109263108267553 0.827068775657061 0.379326016339686 0.850143562027347 -0.365195423396439 -0.333564008457903 0.150243182063123 -0.332336329681776 0.491625190271191 0.126257973864846 0.284056550409926
149.223583139975 471.217592978015 -48.1856089693645 0.930743297150952 -0.359098996030087 -0.0690277180489046 0.2885349353584 0.837166609501839 -0.46465003928986 -0.441967099094719 -0.195207339094411 0.354850408438889 0.313951086032375 0.154073898473627 0.0520085310255458
149.164350263385 471.711475255042 -48.8592902338503 0.688129840179584 -0.713559847889489 -0.13156620589998 0.164155702506182 0.329722986125905 -0.92969654068114 -0.213095410950454 0.37171818571741 -0.178284004634733 -0.056709906504087 -0.295150450861503 -0.000299747614818724
148.999037393952 472.357011160221 -49.254096656351 0.64487460977318 0.747215472500151 0.160641760841708 -0.529336255552309 0.588268279374073 -0.611345696018837 -0.134502183624043 -0.254838907348068 -0.0262028342383427 -0.0805958210374871 0.120467790821594 0.416637646692354
148.783314612396 472.773633609165 -49.4245113476416 0.899412932717095 0.000234162697582395 -0.437099898913167 -0.37256370013545 0.523376620149838 -0.76633752539044 -0.117201133681942 -0.0899525279259213 0.0862816617622201 -0.4002835388654 -0.588079575128559 -0.15983800758548
148.643885450255 473.191215467243 -49.9119987507769 0.741555551391453 -0.522102081488454 -0.421313162274393 -0.224744175472518 0.398382313152632 -0.889259010726603 -0.0314562395673812 0.107505423602475 0.493912591954228 -0.248659331515311 0.106680002284024 0.736842028138069
148.890860748503 473.526656761499 -50.282307577876 0.0545689132449903 -0.910281620790927 -0.410377392845864 -0.0732459120533288 0.406233291495586 -0.910829045017233 -0.692832695734731 -0.366180393999242 -0.586916904830097 -0.678466618514641 0.223517177188562 -0.546258100923382
149.060952792978 473.679824823936 -50.7407778823105 -0.459061444098887 -0.880611984693059 -0.117410063267339 -0.192408922159058 0.227572158973713 -0.954562579999105 -0.0264679854734976 -0.145897614785202 -0.351240022095807 -0.209982671040161 -0.0157253510974805 0.359058207441219
149.413383059775 474.367796309187 -49.9764388689108 0.100364253052998 0.342283247746461 0.934221170291524 -0.893185491782433 0.444674357941516 -0.0669656080325459 0.276623544477845 -0.346832512150238 0.376661280236122 -0.619096891693811 0.470238194335589 -0.46753652604757
149.093633828039 475.695286762037 -50.0268000465575 0.298815269718432 0.413401385491706 0.860121345541598 0.721831653522128 0.491648514757848 -0.487073713014291 0.251663201006043 0.127279823308272 0.136180971345365 0.138723263987757 0.111011527272665 -0.32162410333742
