t = 10000
b = 29 29 29
E = -1.35963042306527 -1.35963042306527 0
-4.81654219988237 -3.60748603084492 0.110029761033005 -0.380809699635423 0.915899400568363 -0.126934080144306 0.836213275611461 0.282538086070793 -0.470020837421711 0 0 0 0 0 0
-4.57253593135651 -3.39041617277183 -0.26452361626998 -0.123899384662688 0.796633062773278 0.591628858133773 0.880521511061493 0.36317067605441 -0.304612751886986 0 0 0 0 0 0
-4.28859994400426 -2.9998938244426 -0.5512604691523 0.0521866219826228 0.32910871032473 0.942848881462156 0.919968656413371 0.351455832607181 -0.173598585660655 0 0 0 0 0 0
-3.98070840160253 -2.55436721111406 -0.590395895145701 0.126247992318238 -0.178418257784239 0.975821894468888 0.871889164375664 0.489145459487606 -0.0233667393310696 0 0 0 0 0 0
-3.69793013850656 -2.14552000613216 -0.333251092678825 0.258991205317076 -0.596447017608986 0.759720021293205 0.807560287985528 0.565218743177732 0.168446293011531 0 0 0 0 0 0
-3.41129199844086 -1.80020748513657 -0.0448345553167186 0.327889992971263 -0.891999754058132 0.311166500879415 0.844168834063135 0.424508346486192 0.327370804073982 0 0 0 0 0 0
-3.07017764758134 -1.69757961630699 0.309947988431986 0.477593642313281 -0.791626247057763 -0.381093423967375 0.877944837070703 0.413512186873928 0.241289316729209 0 0 0 0 0 0
-2.6138663889438 -1.74676096452007 0.63104706016053 0.449543268446868 -0.305325400078075 -0.839456520530562 0.869869618273269 0.363279523539539 0.333698718879767 0 0 0 0 0 0
-2.04177608677976 -1.84045388730274 0.723968569252538 0.107624729774863 -0.19237164874997 -0.975402515015259 0.97774838058759 0.198179009143348 0.0687981438216385 0 0 0 0 0 0
-1.53618182921592 -2.0436486268643 0.649414017577783 -0.193570482098523 0.557577635685269 -0.807240762501359 0.914106074167326 0.401306283382338 0.0579944142849569 0 0 0 0 0 0
-1.09200648209771 -2.07545325487928 0.343539001584663 -0.333260927006565 0.928559178852502 -0.163447257240615 0.941679058522305 0.319232376400144 -0.106448300120103 0 0 0 0 0 0
-0.65229585774896 -1.90362875406933 0.145896922208511 -0.475115281833861 0.799015137117327 0.368565163336557 0.867643213299919 0.49514196449714 0.0450520744084362 0 0 0 0 0 0
-0.370520990402643 -1.49645868323545 -0.150433212598848 -0.268212480828959 0.402171518651949 0.875397129714702 0.797031668526178 0.603043672207455 -0.0328458334788455 0 0 0 0 0 0
-0.111093107574501 -0.982669402734432 -0.15809568145642 -0.0434115494215874 -0.241985975872638 0.969308116574798 0.798393206508563 0.574833090981699 0.179262950197207 0 0 0 0 0 0
-0.425240025167874 -0.174751635260083 -0.900225751164321 0.176843233028061 0.808802360373305 0.560861135029673 -0.0421688031208377 0.57554532749372 -0.81668192587047 0 0 0 0 0 0
-0.608880642773912 0.233603945190391 -1.17003794999207 0.83071619719943 0.351954966512335 0.431321575228749 0.239489912217392 0.473489134544246 -0.847615845424479 0 0 0 0 0 0
-0.58947890693414 0.711751884059047 -1.43080183006737 0.945194730176443 -0.2126960367697 0.247724278158478 0.317295633970984 0.419408283589676 -0.850541105602372 0 0 0 0 0 0
-0.38287906297834 1.12981359339233 -1.59943099761869 0.731052311311146 -0.66817385339735 -0.138225250091198 0.324433535795447 0.518612159644652 -0.791065299908914 0 0 0 0 0 0
-0.0210897239077248 1.47910957980367 -1.76312904208618 0.292287462657875 -0.879876437133377 -0.374680523313548 0.490248971174556 0.474251372873096 -0.731260269391328 0 0 0 0 0 0
0.39769921314376 1.63047378454508 -2.13192311364352 -0.17748522387329 -0.908383674764915 -0.378600177928156 0.430534549232545 0.274269738549324 -0.859893081977761 0 0 0 0 0 0
0.851420832601313 1.54923983884622 -2.39429369754087 -0.662171446717871 -0.514658568426271 -0.544660934065408 0.3687517005745 0.408951193652667 -0.834734152010973 0 0 0 0 0 0
1.15011654085215 1.41024175639641 -2.7521498965103 -0.904327144814853 0.170408931433867 -0.391347941400726 0.425794984677274 0.424272366963155 -0.799181825153175 0 0 0 0 0 0
1.39927423857809 1.50704267424221 -3.28164394855102 -0.933769980422113 0.354623435951214 -0.0481231995677666 0.212334387982911 0.440751001605576 -0.872154035858124 0 0 0 0 0 0
1.31639519811002 1.47257802373197 -3.75859560185882 -0.534182175486665 0.822616833874486 0.194810030590443 0.323598043669885 0.411867731561668 -0.851850502043197 0 0 0 0 0 0
1.19716399434165 1.5855838221318 -4.28779930745631 -0.122882118600275 0.85032585871649 0.511708822404273 0.272644436630734 0.524702204106211 -0.806444423491417 0 0 0 0 0 0
1.12069013205317 1.89742674869097 -4.75091890594957 0.112848216381098 0.73718046918045 0.66620585100891 0.108419667092946 0.657349531708394 -0.745745780377071 0 0 0 0 0 0
0.895464344009991 2.31083631665827 -4.96087961242349 0.765798471425535 0.429842506306782 0.478318012345572 0.0785338018042178 0.675714505202958 -0.732968177639728 0 0 0 0 0 0
0.866642820764596 2.8204015333522 -5.06595355354981 0.997953231733291 -0.0638164129417605 -0.00410033075868484 0.0411785399540469 0.690354080158718 -0.722298810642425 0 0 0 0 0 0
1.01247704120787 3.33701120495994 -5.13757298020262 0.854995964244761 -0.434614182752101 -0.283006030458526 0.124951698616085 0.702220063292051 -0.700909449018243 0 0 0 0 0 0
1.24521998088105 3.72861097892801 -5.33116992900232 0.426185746146259 -0.746935980292386 -0.510345325369392 0.12656435578167 0.607827941598198 -0.783917506666406 0 0 0 0 0 0
1.61193879315174 3.88180769708304 -5.59729638417228 -0.380496036325514 -0.665250907192912 -0.642389287597158 0.156572856350958 0.638268077657558 -0.753723292526782 0 0 0 0 0 0
1.9633704352203 4.02546844153192 -5.99455508287978 -0.810564117751119 -0.436442267102704 -0.390517552103103 -0.00358918551008145 0.670500035246178 -0.74190081579834 0 0 0 0 0 0
2.05518961359136 4.04325597464893 -6.48961615857295 -0.987208055233864 0.156930590277535 -0.0281610638383239 0.110719342926746 0.547683421547441 -0.829327496748995 0 0 0 0 0 0
1.86633116677679 4.14628617373562 -6.95978573345153 -0.808918938992302 0.482274882709498 0.336245576397822 -0.01150513803472 0.558828943190829 -0.829203137989134 0 0 0 0 0 0
1.62498405003986 4.21635469461615 -7.35695891318583 -0.299188378386566 0.789682920201407 0.535618520759507 -0.00425259360466781 0.56022171391975 -0.828331785397892 0 0 0 0 0 0
1.40297345646117 4.52628691577372 -7.72214659756237 0.187868102908038 0.70864697485043 0.680091935656555 0.0956783010178911 0.675924006648999 -0.730734151350468 0 0 0 0 0 0
1.18734581482041 4.96962529277281 -7.89807432462402 0.814813865399447 0.378402096272831 0.439192689248279 0.122654858993319 0.627913650815876 -0.768557240994053 0 0 0 0 0 0
1.09832384679216 5.45625565863091 -7.99056339010923 0.991016242046186 -0.13068080981505 -0.028448795172056 0.0780643080878138 0.73793170086876 -0.670345260784118 0 0 0 0 0 0
1.24008449118862 5.94073821590162 -8.07032317696843 0.760001349354446 -0.476305492998626 -0.442188903432389 0.0778270052043174 0.742174356688833 -0.665672728549424 0 0 0 0 0 0
1.64943393390815 6.25510982018677 -8.25544776469438 -0.00769044118641909 -0.654427161141442 -0.75608593947693 0.152013456268812 0.746555502526994 -0.647724316943457 0 0 0 0 0 0
2.02034758981781 2.81359725194796 -4.91994484803412 -0.986415736002132 -0.0277261273403826 -0.161911264679413 -0.128804462525557 -0.481166789057787 0.867114716482959 0 0 0 0 0 0
1.82133402512791 2.76105692292539 -4.38279777837435 -0.813025863775025 -0.350956663777663 -0.464562552282158 -0.400255575665618 -0.242553299312752 0.883721319840759 0 0 0 0 0 0
1.4848006761771 2.81219005300861 -3.99773358160521 -0.424869879205202 -0.766127588271746 -0.482217901195165 -0.464741587303166 -0.272533175491162 0.84246123073269 0 0 0 0 0 0
1.02610681417601 2.65724270960037 -3.78561956947888 0.171041799027309 -0.922427663547735 -0.346225228005354 -0.462157683597653 -0.385459740651636 0.798643264435637 0 0 0 0 0 0
0.551417956438035 2.37750406598117 -3.53729006219513 0.635365185359687 -0.739916664979007 -0.220985090264488 -0.407252220449681 -0.564206954825009 0.71820341203999 0 0 0 0 0 0
0.289084112738726 1.94478418215368 -3.431351890574 0.901230418775613 -0.419572516397491 0.108363442901175 -0.385048173493453 -0.660633067581862 0.644439177973167 0 0 0 0 0 0
0.0884076710302481 1.47103076282045 -3.18840890251854 0.973629516447603 -0.0305902994790877 0.22607476258923 -0.184014171553063 -0.691060702238309 0.698980608092626 0 0 0 0 0 0
0.0870733088337295 0.991721801997871 -3.04321106490036 0.577178637791574 0.498177340104201 0.6470580792199 -0.175188823317444 -0.698377549138814 0.693957977865742 0 0 0 0 0 0
0.226464784067113 0.626752737292045 -2.66218134957475 0.279319892718385 0.810713092842424 0.514514021796937 -0.0396616635255274 -0.525642889006096 0.84978026906001 0 0 0 0 0 0
0.388793608233411 0.385747137547826 -2.1823175036197 -0.236578039159618 0.912498911192129 0.333731281813035 -0.181912438362238 -0.379006962420111 0.907337636828856 0 0 0 0 0 0
0.487865812516257 0.381909825414403 -1.68006586864219 -0.710759668891195 0.702070416014874 0.0437929678646591 -0.0841687388964619 -0.146688827885792 0.985595257276571 0 0 0 0 0 0
0.498944646263987 0.485976068405055 -1.17071288330524 -0.968902569670769 0.179573814695132 -0.170238231784803 -0.217208300680824 -0.287685415858457 0.932768811452061 0 0 0 0 0 0
0.375181923128358 0.669565568301286 -0.723201161673362 -0.828669251702944 -0.432600216948412 -0.355196176187544 -0.260018728775258 -0.264440310668764 0.928688097683774 0 0 0 0 0 0
0.129632550516348 0.521906205043981 -0.179997517273065 -0.556595759355114 -0.390386865391407 -0.733347977428026 -0.544023945422599 -0.49586735684698 0.676870379925449 0 0 0 0 0 0
-0.119994951592307 -0.300669322756145 0.404902417150351 0.095882830916223 -0.801882712471361 0.589737736773775 0.732790445270038 0.457836753440203 0.503392163745392 0 0 0 0 0 0
-0.0427151400416731 -0.0629864026127616 0.897886107823555 0.471312074575326 -0.87977220887802 0.062175468196076 0.680390793461087 0.407544253615428 0.609078032372245 0 0 0 0 0 0
0.0292214836340565 -0.0355869504874402 1.40770237456849 0.876910263211399 -0.342610038343619 -0.337115339165557 0.47977710643522 0.581570920594366 0.656954482791364 0 0 0 0 0 0
0.299560335977995 -0.130948105046309 1.84565599724887 0.745672414139699 0.153315187835019 -0.648434348234405 0.561490390982905 0.379379841601056 0.735390696582861 0 0 0 0 0 0
0.76215800928312 -0.0772300066062627 2.23639755102161 0.486834072698213 0.347708295018573 -0.80130613827385 0.732546419872866 0.337151605639825 0.59135821423729 0 0 0 0 0 0
1.22968763947554 -0.118836808018653 2.36673635555228 0.109498188063263 0.681257385525038 -0.723808345819842 0.718696248966188 0.448770250545326 0.531112948389895 0 0 0 0 0 0
1.70438684374086 -0.0745883194102534 2.38511783678678 -0.313298949299226 0.923138352096525 -0.22284378218051 0.806479892463214 0.382538214914994 0.450837772576982 0 0 0 0 0 0
2.23711017269461 0.191430597339516 2.25156031895284 -0.630030100457325 0.762481140325928 0.147256861181439 0.749223702925616 0.546936377171297 0.373529707387746 0 0 0 0 0 0
2.56913749302035 0.680734665879529 2.31905571483418 -0.838610853801286 0.307579378373052 0.449585099715667 0.495210734415037 0.774300603384625 0.393985918680255 0 0 0 0 0 0
2.60374177497655 1.16556263206502 2.39304370787409 -0.56626143404258 -0.255863936475415 0.783505988699085 0.474260671950815 0.676318841663626 0.563621894049129 0 0 0 0 0 0
2.549815143888 1.62048802688863 2.50054340830534 -0.064878679397987 -0.571066899627993 0.818335721515837 0.365851415672366 0.749349724974762 0.551930911736937 0 0 0 0 0 0
2.53017469867471 1.98118649737815 2.86715657933636 0.535690338376286 -0.69109936835832 0.485198438193106 0.389887011460093 0.712114523075279 0.583850172835455 0 0 0 0 0 0
2.55825995508614 2.24470719361135 3.45031013680773 0.755348839964004 -0.65507845254087 0.01789835136787 0.34743337728342 0.423472661765065 0.83663669121492 0 0 0 0 0 0
2.59561680984052 2.29719373720766 3.99619401184224 0.872009720853556 -0.452482432162674 -0.186704834755377 0.427204101200009 0.517318233209557 0.741537929917833 0 0 0 0 0 0
2.79398672510482 2.20631616535186 4.39317925827588 0.790114240288648 0.286229845727353 -0.542025795242246 0.325166513054434 0.553870347883417 0.766481817477444 0 0 0 0 0 0
3.13280527735206 2.16408742113873 4.69594157504282 0.206960677332541 0.835482193517873 -0.509054793074985 0.321228355726093 0.43344408053569 0.841984900414538 0 0 0 0 0 0
3.43571626824631 2.42872898297009 5.05466373063501 -0.23782567717691 0.784626694960591 -0.57253811823369 0.335452026837021 0.619531351861626 0.709685029961493 0 0 0 0 0 0
3.71914692892836 2.82014731876719 5.18425560666851 -0.704711014793856 0.696513759072094 -0.135096147433883 0.320152296152794 0.482099923567323 0.815525702209605 0 0 0 0 0 0
4.05414643599112 3.26540813926589 5.29851236168091 -0.902835203397975 0.342769961798149 0.259609993633205 0.415412582180616 0.539453924410125 0.732408253643108 0 0 0 0 0 0
4.19126280873468 3.78189642524521 5.40992907667899 -0.85642306773725 -0.177503576498339 0.484800999769824 0.301814229862633 0.589724229995331 0.749088448188089 0 0 0 0 0 0
4.06402912880846 4.17911809607364 5.69589953631504 -0.33747578208812 -0.640560504070112 0.689777019861822 0.319085409340784 0.611539683218715 0.724019141594039 0 0 0 0 0 0
4.0347560304514 4.4855883828754 6.13450758524819 0.123716913106083 -0.911186466760692 0.392980086268573 0.31571414393574 0.411587620881713 0.854938716900726 0 0 0 0 0 0
3.93158517782821 4.62831637245703 6.59739798186717 0.699832159887325 -0.702411947594271 0.129816808866477 0.334898678756391 0.483173784731186 0.808941264070372 0 0 0 0 0 0
3.92763147086831 4.62100504805002 7.10892078749355 0.94017899036467 -0.280960367975796 -0.192677808020995 0.29089282547043 0.367671804064997 0.88328863265946 0 0 0 0 0 0
4.11207947938219 4.5631585179852 7.55067589369093 0.805838278950228 0.335682820440938 -0.487792693917571 0.297586203240514 0.482608259166519 0.823730368400457 0 0 0 0 0 0
4.50072937494666 4.68210401005551 7.88374618825985 0.36002317481897 0.64844870538379 -0.670744057058554 0.347433415496217 0.574050833044898 0.741455098355318 0 0 0 0 0 0
3.71147898434172 1.8586474866141 3.61924953901954 -0.898354338583151 0.301000726236968 0.319934438836565 -0.439067571139007 -0.593098470910621 -0.674873226448932 0 0 0 0 0 0
3.41897591817848 1.43072087033597 3.54827968478721 -0.698055566878967 0.70797672455373 -0.107179209921691 -0.507138041147401 -0.594498278700209 -0.624005451773985 0 0 0 0 0 0
3.00778305630991 1.1187667731094 3.48779663995626 -0.317817231794533 0.763138245761032 -0.562683059129406 -0.6348155152581 -0.612074363314205 -0.471565727509012 0 0 0 0 0 0
2.52074414651849 0.984426440130747 3.51059999865031 0.103464382005398 0.495434216727702 -0.862461627292273 -0.69622950131227 -0.583181141348895 -0.418526269041103 0 0 0 0 0 0
1.96559539744367 0.905508514779203 3.36968350886928 0.480524968478407 0.150131505518393 -0.864034886864883 -0.722373741220588 -0.490888669079473 -0.487036438641255 0 0 0 0 0 0
1.60670524128374 0.933513400562823 3.02423627186105 0.77433573487951 -0.174888558613902 -0.608126764543834 -0.631362121689552 -0.277721905013419 -0.724052770709001 0 0 0 0 0 0
1.45623846085617 1.04047294415493 2.55513937462327 0.715795943093851 -0.653358082234395 -0.246494187009282 -0.563813655759848 -0.332464745039977 -0.756029996021478 0 0 0 0 0 0
1.21706746660602 1.01890427175353 2.05529968648016 0.553877028610816 -0.803355343181612 0.218724552254221 -0.511038114731803 -0.5354171892233 -0.672434739417577 0 0 0 0 0 0
1.30946794866001 0.725954616715111 1.60641853468242 0.0105266250199787 -0.758322652351204 0.65179440400844 -0.419318190135978 -0.59509800028214 -0.685587795604101 0 0 0 0 0 0
1.32323495637025 0.309205463343549 1.25750322583461 -0.463652221738147 -0.324576656800954 0.824425018505137 -0.575045521848997 -0.597646324823725 -0.55869626652245 0 0 0 0 0 0
1.19712191353551 -0.161264497373967 1.01249905496404 -0.666613310639351 0.0817289394349106 0.740909626430433 -0.657152168438743 -0.533577597423245 -0.532396445371583 0 0 0 0 0 0
1.02810594729316 -0.634793939007377 0.977916316588558 -0.762969525125128 0.571850841593258 0.301436757379416 -0.619931906736079 -0.51511813912106 -0.591893346608179 0 0 0 0 0 0
0.563805491518224 -1.07722557959946 0.885657578368046 -0.540027203268218 0.838982861132848 0.0669206878002059 -0.779074162959484 -0.468210599611922 -0.41691999594649 0 0 0 0 0 0
0.110175361456264 -1.27787286271618 1.03931440031308 -0.166283079380295 0.779361819877237 -0.60410685414871 -0.838041759995831 -0.434544976456653 -0.329934344892092 0 0 0 0 0 0
-0.392130557908267 -1.16988067086429 1.04636285005943 0.28096202671204 0.144378370151699 -0.948796725214737 -0.935713635600638 -0.178521336213274 -0.304253388917303 0 0 0 0 0 0
-0.789725463888491 -1.03426870202971 0.851457820439352 0.442323611275879 -0.36957496977475 -0.817168382051007 -0.896622239195268 -0.20300507290333 -0.393519377611793 0 0 0 0 0 0
-1.14196456378886 -0.888500131266095 0.49964779221163 0.395508919479917 -0.852221627190165 -0.342477725934361 -0.856323136561238 -0.207332603410673 -0.472994584908623 0 0 0 0 0 0
-1.49257266078843 -0.989379844244226 0.149127018658514 0.337840403273191 -0.909716224543546 0.241413033447766 -0.843872348062674 -0.406362499955944 -0.350355503460048 0 0 0 0 0 0
-1.7992007858558 -1.29938252294225 -0.306780563186752 0.179888147908831 -0.516700453692257 0.837054893896541 -0.819275447059643 -0.549673776799945 -0.163237498583237 0 0 0 0 0 0
-1.903417559299 -1.86060484600792 -0.45071647671204 -0.10455426894504 0.0595234166521003 0.992736303212203 -0.823679936991726 -0.564582326618058 -0.0528976168447237 0 0 0 0 0 0
-2.22475256732906 -2.25087072359841 -0.393314569406935 -0.240113321741613 0.551366321965214 0.79896230932677 -0.850530006932533 -0.51621011876224 0.100627136473338 0 0 0 0 0 0
-2.52866849337294 -2.61607378301208 -0.0955364660882867 -0.51019301579078 0.842742000659214 0.171723635423952 -0.846124411154339 -0.527616772828513 0.0754587428913924 0 0 0 0 0 0
-2.98298320202831 -2.87257603213424 0.176943294977114 -0.349769467213469 0.931714395835062 -0.0978243548350305 -0.918928251068945 -0.320889242750225 0.229348998852327 0 0 0 0 0 0
-3.34618422567068 -2.95145571386893 0.481328807997594 -0.297636978617366 0.678668404977122 -0.671432368184121 -0.952966413948044 -0.253315801807882 0.166391461443865 0 0 0 0 0 0
-3.83617593832062 -2.78472415641988 0.641486525332276 -0.0452207125790502 0.164775049223236 -0.985294001964544 -0.972782733120475 -0.2316438071175 0.00590768709101507 0 0 0 0 0 0
-4.36993435139596 -2.53525771939352 0.645567212962733 0.0612190718519307 -0.509193264834766 -0.858472156967536 -0.995135229816633 -0.0976510401072298 -0.0130441076264793 0 0 0 0 0 0
-4.81041958919941 -2.37930662224278 0.351746294481505 0.216564939543763 -0.943329912884705 -0.251452385984625 -0.974402714304295 -0.192943378786254 -0.11537852026684 0 0 0 0 0 0
-5.25663982908125 -2.55364823282558 0.139618213608451 0.497454509347982 -0.864821232397235 0.0679944639237844 -0.866124810131005 -0.490747912223078 0.0948382830097125 0 0 0 0 0 0
-5.56965635966717 -2.87004454459886 -0.0947337663112174 0.428746033176101 -0.556423444050872 0.711737163527601 -0.877015653228431 -0.445441529573312 0.18007050764547 0 0 0 0 0 0
-5.92124425775366 -3.24560659962849 -0.0507784008503764 0.361480818415076 0.0221091334074137 0.932117376802914 -0.804124811622431 -0.498618219894148 0.323671373653559 0 0 0 0 0 0
-6.12272434854343 -3.66186764737544 0.196636568592416 -0.00546997563586685 0.42745563071335 0.904019780280281 -0.831011203988054 -0.50479997249155 0.23366079392756 0 0 0 0 0 0
-6.37419942651306 -4.06350031229456 0.408017762476519 -0.200131237003946 0.838170996733975 0.507362659454988 -0.893205941435927 -0.368897225477152 0.257095280428913 0 0 0 0 0 0
-6.61537179626599 -4.25685501691167 0.787942239623909 -0.445386493501157 0.885705541587194 -0.130983071457678 -0.888970830254733 -0.420044554281617 0.182464888059488 0 0 0 0 0 0
-7.0722298592661 -4.20880702926853 1.06354665504648 -0.420038460343829 0.606791037927675 -0.674812809690681 -0.890652248233021 -0.418279646655619 0.178271450072983 0 0 0 0 0 0
-7.46983427860831 -4.2557543662748 1.25741172818593 -0.238058364660994 0.0898754259806153 -0.967083565582483 -0.904540570166575 -0.383167653424747 0.187053217806343 0 0 0 0 0 0
-7.91324951660576 -4.16584709803448 1.19648255249478 0.00631636912795207 -0.543635975035203 -0.839297343096317 -0.90715464365947 -0.356263556863995 0.22393465684808 0 0 0 0 0 0
-8.43214116303482 -4.16497398350442 1.1349609728079 0.311818044417549 -0.79626187808124 -0.518398040785408 -0.941005110697473 -0.334286934626607 -0.0525511843747156 0 0 0 0 0 0
-8.9207162262126 -4.28559396055855 0.947112319721101 0.456680744867732 -0.886919771958009 0.0693975170810288 -0.869312795997432 -0.428314647393225 0.246661358026636 0 0 0 0 0 0
-9.18653957483462 -4.60802621131903 0.676935028458245 0.375871839481771 -0.576986822279512 0.725125207947145 -0.882372436008671 -0.461893832132161 0.0898497190334777 0 0 0 0 0 0
-9.59700548749713 -5.00713577025384 0.652043872759711 0.247481618453303 0.0774106201227966 0.965795239385622 -0.77335048257366 -0.584711260782236 0.245034227440849 0 0 0 0 0 0
