t = 7000000
b = 105 105 105
E = -0.218992046206481 -0.527080002903216 0.308087956696735
32.328974294286 -7.82513196738137 -6.07459391375144 -0.944787462516574 -0.0676529294823041 -0.320623972597359 0.327634793664408 -0.178114102455608 -0.927863572130852 0.0436729767316234 -0.26602852551165 -0.132823580123439 0.238731013071538 0.142819910553619 -0.0954112877916531
33.1153225689152 -6.76525851767982 -6.31030651350852 -0.847303620077399 0.0896049476122959 -0.523495490685031 -0.502160775489605 0.185808871667185 0.844576591416875 0.149548304163577 0.558647019983721 0.306450047159604 -0.210428282000956 -0.250701888115383 0.235379021140374
32.8496966850598 -6.45092451975425 -6.05177069479934 -0.547857527704939 -0.828966118463419 -0.112549117175397 -0.474673053213264 0.197247286587683 0.857775611967973 0.824736848171109 0.193936709365277 -0.0593974862871159 0.611500591824362 -0.250109186009924 0.0988950276785182
32.5136363109008 -6.4931357482653 -5.59816949012475 0.53429406098731 -0.845263105195805 0.00775495894794041 -0.222144893910441 -0.131555072300771 0.966097774069203 0.445148755403391 -0.119945550772691 0.363696620240681 -0.052423676496275 -0.357472708482712 0.249301059551221
32.3458174322605 -6.78496506056393 -5.37900662812287 0.882569861815554 0.12085277558494 0.454384248899814 -0.467766679330974 0.323500725740227 0.822521497684458 -0.517092509952589 -0.0759545469810365 0.217012343866677 0.311325541408444 -0.0554033091321116 -0.275105226026568
32.2053849082253 -6.84833168944793 -4.86026809843544 0.73337287734388 0.678197030101217 0.0470426523312401 -0.429785979882671 0.408911512523937 0.805031295305953 0.233443575156921 -0.186324916454349 0.561196246373352 -0.460490055404121 0.535490673246101 0.328352588627742
32.2251924873988 -6.80367289423776 -4.37187386169596 0.152577663139721 0.899039386329377 -0.410424461429683 -0.689254643801204 0.394421284702942 0.607749854933822 0.489197059446182 -0.0124291331342048 -0.229936994601998 -0.225249461663414 -0.117150769890287 -0.778337215399757
32.1187943283728 -6.404625224133 -4.0925659257221 -0.444575424719516 0.27032798822097 -0.853976270466378 -0.850530597167894 0.171661972765674 0.497121585114686 0.612883424462023 0.271170276905496 -0.282164102501515 -0.469454732377528 0.0986813601255928 -0.369689812763065
31.7026682685607 -6.31048541066623 -3.37175592060829 0.759903733911466 0.411999154138255 0.502795199039125 -0.589414750315745 0.762887341404014 0.265693726752711 0.167353580763633 0.147128627194268 0.293745774857641 0.0294177907311078 -0.210541764492285 -0.0594432476100077
30.3913206989682 -6.35070453650531 -3.38545399348437 -0.424062032316252 -0.544309206043149 0.723808594148987 0.688797582184639 0.325055887088311 0.64799426004065 0.148422202467047 0.0881127637407028 0.567617090266432 0.307877400217908 0.158082245318676 0.252306750093748
31.3651408526974 -5.7605210181177 -3.27245064636482 0.734774850745962 -0.019351259487071 -0.678034989854811 -0.347260653392239 0.847934706164813 -0.400520627042395 0.088737469663588 -0.11706129459588 -0.349027116782062 0.100989803686031 -0.305804116216728 0.000294335530550877
31.4288500682827 -5.20660154308736 -3.2894330919379 -0.0128140834501029 -0.36877962254845 -0.929428528321587 -0.308772824828313 0.885537066803396 -0.347107254267765 -0.101914579985308 -0.0896994716088166 -0.842302246598766 -0.0105396921512578 -0.11723006823434 -0.424400386489741
31.4710570722876 -4.88073671419533 -3.68956974716912 -0.788057872998836 -0.461985851899019 -0.406858527561373 -0.383476450620155 0.885422990657316 -0.262625092927249 0.340652120284303 0.161505592424579 0.200801103619962 0.118636043919342 0.00797804492147114 -0.0449502976795235
31.3570000828407 -4.56603241032576 -3.97348600484009 -0.881709468269519 -0.231609731175225 0.411029616924329 -0.321668370898681 0.932435015242565 -0.164603771259789 -0.526381017545363 0.28007843722983 -0.0588272240951711 0.0265921250367574 -0.514889516184956 -0.538579101297344
31.7968247885525 -3.36124814593328 -3.55119134446497 -0.519633227608403 0.0765390016590267 0.850954223205026 0.794786837527909 -0.322174392670494 0.51431269049025 -0.634929294415089 0.20582810503409 0.210783001422208 -0.4119910436897 -0.200525052561941 0.434577343196018
32.2092959916416 -3.22452824088792 -3.26035636705346 -0.596138636429257 -0.751577196333596 0.282401211235745 0.783810486028751 -0.468582484509159 0.407518805949488 0.301337823064443 0.392897672477391 -0.0915395426461683 0.255521502685067 -0.319191729344843 -0.69192876365152
33.3814345439387 -2.9485403883686 -4.30101063957036 0.805073202446659 -0.207626736214009 -0.555651218941796 -0.489431088052978 0.296729878539892 -0.820005237317796 0.560903901568767 -0.00894211878253477 0.270211026367376 0.269995289066305 -0.210114410329618 -0.446651711972606
33.3274966701618 -2.59001382649794 -4.82352499669566 0.301119444162752 -0.886612867939271 -0.351062249111906 -0.66456417184094 0.0689068570266332 -0.744047247532238 -0.3744540771467 0.357475987941114 -0.549851564430354 0.145459464603432 -0.0014408822011295 -0.234763389640437
33.1681755579899 -2.59932439571241 -5.30546480276891 -0.0559982678596118 -0.978835212051805 0.196839583528678 -0.851044905424329 -0.0562977855956045 -0.52206621063636 0.558913342879484 -0.202981398142461 0.423914241453519 0.0774260940074645 -0.0576774471469571 0.395521804523075
33.2596844759006 -2.53514166698991 -5.85271861644776 -0.284899647594534 -0.929580612900906 0.233906124158186 -0.887598664828601 0.347973436134196 0.301799764644151 0.123210067644668 0.166366604768297 0.53680849442276 -0.0771853619244667 -0.0504023082781177 -0.533691096862465
33.8374149316622 -2.16940400709316 -6.20458427686538 -0.86540091788103 0.486373119217192 0.120509087763954 0.46947362565918 0.702953809253104 0.534275637538459 -0.347055994255065 0.421221829087333 0.443558274530674 -0.167410559305368 0.219435904343981 -0.277928704791979
34.6297181375866 -2.35690571987889 -5.41144196831536 -0.0264196827293666 0.0817999215673629 0.99629853618094 -0.982526551767343 0.181559236062046 -0.0409611873936603 -0.260761135552619 -0.554960705117626 -0.235606098131898 0.591432439631001 -0.0675843757234057 0.336792047308181
35.5332752980981 -2.10195497101489 -5.07352078900362 -0.437375600167654 -0.221122467366521 0.871669340291113 -0.505900582691242 -0.740870649486866 -0.441786465570855 -0.0240041852069596 -0.0259607946781519 -0.382343830314624 -0.325676725965101 -0.294430224654655 0.302776077973183
35.4944857035098 -2.61589037483054 -5.11400157127234 -0.858354904019088 0.43560058558701 0.271070080573873 -0.51193044848056 -0.762154167626825 -0.39629312470372 -0.257148783749825 -0.769103126132882 -0.102489031568402 0.236124491075019 0.195102535854981 0.145502478112004
36.2786784885923 -2.70898143302883 -5.17521702353013 0.235809318007502 0.56970080762966 0.787295976953372 0.967834216513767 -0.0645657445062004 -0.243162895980571 -0.301624449194611 0.400479639867809 0.264355304509342 0.133954796621683 0.0305203652869817 -0.327054104524389
35.4584429214914 -3.39928756858024 -5.44254696998544 -0.92807266969421 -0.0211202052220941 0.371799753493675 0.36991855036292 0.0627600395809494 0.926941984985734 0.231046069701259 -0.454052837782673 0.154774602016494 -0.275105643679431 0.302024885870702 -0.235745113253875
61.987241967781 -44.7549684332484 -22.413341390551 -0.140400055202808 0.777986962393151 0.612392121802256 -0.665493396746804 0.383806660325885 -0.640164811885133 0.329056763667711 -0.281844937256782 0.189195639718428 0.524762085556808 0.424344601011566 -0.0632276241463928
61.4847046337033 -44.6573567716243 -22.4493112695516 0.366682511744264 0.919772771661172 0.139864163000479 -0.802904479617595 0.388802528590343 -0.451859480781387 0.423958447307793 -0.650732429365333 -0.160651169035677 -0.255274242631208 -0.283357404875277 0.441930839675944
61.09491368259 -44.4474951889184 -22.3176771119261 0.512543983609177 0.561813071246886 -0.649357172781105 -0.858174913423066 0.309720580194208 -0.409400757419025 0.159113197437879 0.182057556941798 0.265679613548459 0.0937695849398412 -0.181242511054901 0.438823920602702
59.9152666837192 -44.5438370452969 -21.9120397700757 -0.0730846992974467 0.271128018966502 0.959764671187597 0.775765568446064 0.620241100048173 -0.116141123745075 0.482111045469392 -0.581774237007466 0.706409789468123 -0.428176700139494 0.157203621423726 -0.108399370530118
60.0166151639024 -44.0286240848322 -21.9203840276283 0.32442873625029 -0.363158918579117 0.873419483954323 0.669893322427271 0.740117093618182 0.0589035168871523 0.251090981286596 0.161148509840796 0.0612090004654415 -0.213062598239104 -0.62929432415437 -0.375822098367303
60.1433932367386 -43.6440836094947 -21.7726270387506 0.679314575513416 -0.636133026851061 0.365877683993315 0.604896990997297 0.767670814325866 0.211615573895656 -0.127967342289337 -0.217141785187455 0.216505453488572 -0.0680008602318689 0.451727091641769 0.54530928768905
60.7759756452105 -42.942099519008 -22.1392812966402 0.567437284287125 -0.736929293063553 -0.367355611669899 0.0611067287410463 0.482592742003708 -0.873710600294918 -0.035215771549208 -0.221491632259796 -0.419945064981378 -0.144983312408814 0.0705741353056654 0.291901522396347
61.147224494911 -42.7524694507553 -22.477734431072 -0.35578184974286 -0.757135306185027 -0.547873528765639 -0.149621673519453 0.624815042991481 -0.766302496971638 -0.43176610471547 -0.0825210427168386 -0.10896847461839 -0.434724671879874 -0.0201859308297332 0.162305618142095
61.9358081020078 -42.3008923698103 -21.641234360963 0.655747508108675 -0.622153064591314 -0.427692377566837 0.321879592683492 0.742815773041358 -0.587041953470492 0.354306391845327 0.338718220785583 -0.0164087796604045 0.0144645995421624 -0.214487193388141 0.112378898804867
62.3775080349005 -42.0172283697204 -21.8041254370273 -0.213920629652618 -0.671649287627917 -0.709313187977039 0.235628301791909 0.669202966615981 -0.704731645995448 0.338917517231412 -0.300747057883007 -0.052596667452302 0.0717606968707703 -0.0350057632139824 -0.38232918996361
62.623087762431 -41.9503781993049 -22.1716785663165 -0.954128201827552 0.0356714728226784 -0.297265740549053 0.198405355721205 0.818900578840065 -0.538550978828096 0.140158219195636 0.0495917725001191 0.0479825693484785 0.124266348161412 0.159027350581083 0.434637953847665
62.7391661517005 -41.6613942944085 -22.6324590509953 -0.97100406582585 0.1836203536447 0.153083865502035 0.102463924135195 0.898210198210467 -0.427457113733857 -0.561520769831913 -0.377256454628135 -0.321464172411455 0.10376885142124 0.644090330248295 -0.00491528008608084
62.6974982874819 -41.2479358743171 -22.9445723500099 -0.638609750699784 0.448953805156678 0.62499445369233 -0.111574083489309 0.749574663488735 -0.652448501990049 -0.149084651009751 0.119147439901622 -0.361165199720966 0.327131067257459 0.338853087615687 0.445962909216183
62.4584915272376 -40.9241102936924 -23.2835774018174 -0.135103453700689 0.470469654438347 0.872012248223059 -0.252974170859203 0.834535031666632 -0.489443918952448 0.194838983239929 0.458270795318357 0.0860101728181508 0.00246562136868689 -0.0624332924946275 -0.311792690931439
62.2851103021431 -40.2669283246594 -23.2203022079386 0.954635640219433 0.246392267593868 0.167217358226917 0.0337448186813879 0.468421950738451 -0.882860217292803 0.280055203348128 -0.294923281135266 0.429673996546702 0.1087612176819 0.0192483485849365 -0.0710457296003686
62.3154770657102 -39.8358342140888 -23.3420558365668 0.915139601855685 -0.240052479711845 -0.323873920067465 -0.0111275297622505 0.788036637184062 -0.61552777072754 0.530606250548882 0.00219128060921242 0.0535065495923593 0.282350449452316 0.139892471429895 0.0562645385308071
62.4295631302245 -39.4008309217702 -23.4594512584359 0.316752940632347 -0.613134158248002 -0.723694741303338 -0.0332096073732086 0.75534536815257 -0.654484909519255 -0.196105447798384 0.0535716125756237 0.186492253166095 -0.0816118574552231 -0.328206326051932 0.13825491392405
62.6942639462482 -39.0920452966234 -23.7585019373031 -0.275793700444628 -0.647299917151917 -0.710591761878923 -0.0619805847563473 0.749699977896103 -0.658868993242219 -0.218440423419953 0.208533766977333 0.0527583680541495 0.504731666818648 -0.261039235705277 -0.22081308693087
62.6658947564119 -38.2186570820688 -23.2068972476585 -0.601926030486572 -0.60641005406206 0.519568956112252 0.797397385322244 -0.421460819614208 0.431889091563717 0.295736160329004 -0.0368208226343907 -0.316831031021624 -0.212008006664169 0.663624972655787 -0.225571210578434
63.000387695199 -37.9543884281507 -23.2389783578918 0.860651180189846 -0.415592341574107 -0.294215145196528 0.479771121571583 0.468281770428754 0.741978338221296 -0.270469411073156 -0.512363121930899 0.699987616549746 0.0916930952302305 0.198395757533269 -0.228885914431505
63.2403663438862 -37.94862595969 -22.7640448864511 0.772293039717428 0.335139099132985 -0.539671423216367 0.433463945619304 0.343031090970542 0.833329873744855 -0.372033457856079 0.42722712150496 0.0214352352880014 -0.476692501823197 -0.395761881087242 -0.148753213091759
63.532967850667 -37.9313888464267 -22.235627882198 0.277604227043519 0.708861789699106 -0.648421819676005 0.388739223520792 0.534340204091878 0.750574688080715 -0.4883731885073 -0.293452684923155 0.111660834682901 0.0977945869066524 0.35916950343656 -0.357356149854178
62.8914330213857 -37.7880949911007 -21.1208381107858 0.427459967668639 0.774086879984248 0.466976956901206 0.167879898109508 0.439593686218796 -0.882368251268898 -0.342306752760973 -0.417849757329803 -0.338481507757113 0.215584989966559 0.14480467241842 0.246629047224493
62.3082815649341 -37.7763184160728 -20.3284295595161 -0.916443059935008 -0.117371243164921 0.382565169839786 0.390292715808161 -0.0511214488299516 0.919270468065301 -0.290667057910449 0.534330317420713 0.26373821634574 -0.335295037417984 -0.0836294229325325 -0.0525495037828603
62.2623290811458 -38.2922070993178 -20.5785282757664 -0.326335587821655 0.0212746326537779 0.945014536463051 -0.152503733417088 -0.987834481104123 -0.0304244841449082 0.297223918589802 0.68794147544768 0.0861158282022186 -0.407597472625749 0.616681801246483 0.0304736363406216
62.9215233246424 -39.052269690468 -21.3542684674709 0.414907733618891 -0.65804657585352 -0.628352032375788 0.0203014911420298 0.697123913981789 -0.71666316914739 0.124726989991258 0.0661281148027916 -0.132779901762735 -0.0937371875529122 -0.348317673467392 0.17405618346947
