0.999999238518982 
0.9999970882604374 
0.9999976386589027 
0.9999842293417098 
0.99999604708442 
0.9999583217967876 
0.9999955561196696 
0.9614958444162173 
0.9615353877854068 
0.9230746200153581 
0.3846149989501049 
0.3846150305735331 
0.3846150639034502 
0.3844380898534107 
0.3846146675611166 
0.3846094542275346 
0.3846094730389389 
0.34615112630017175 
0.34615231014129305 
0.34615306636367116 
0.3461511726344887 
0.346148284962473 
0.30769200701233146 
0.275450821225114 
0.2692298652687365 
0.26923045829157705 
0.23076873722248548 
0.23076893289241346 
0.192306304303932 
0.15384130637509677 
0.15384601804401546 
0.15384609950179756 
0.14779131112941177 
0.004684841381977928 
2.194762535771531e-253 
5.327901813921295e-273 
6.5969820256992265e-292 
0.0 
0.0 
0.0 
0.0 
0.0 
0.0 
0.0 
0.0 
0.0 
0.0 
0.0 
0.0 
0.0 
0.0 
0.0 
0.0 
0.0 
0.0 
0.0 
0.0 
0.0 
0.0 
0.0 
0.0 
0.0 
0.0 
0.0 
0.0 
0.0 
0.0 
0.0 
0.0 
0.0 
0.0 
0.0 
0.0 
0.0 
0.0 
0.0 
0.0 
0.0 
0.0 
0.0 
0.0 
0.0 
0.0 
0.0 
0.0 
0.0 
0.0 
0.0 
0.0 
0.0 
0.0 
0.0 
0.0 
0.0 
0.0 
0.0 
0.0 
0.0 
0.0 
0.0 
0.0 
