0.999999238518982 
0.9999978147268087 
0.9999954882432539 
0.9999917084633438 
0.9999962179509269 
0.9999952149697239 
0.999998453116656 
0.9999982375242232 
0.999973057089213 
0.9999953101172484 
0.999994600646361 
0.999995641923735 
0.9999959431127243 
0.9999969342198546 
0.999996740496534 
0.9615305600489203 
0.9615344941084677 
0.9615242100028369 
0.9615327251868102 
0.9615281705754531 
0.9615372937279087 
0.9615370360770648 
0.9615347285259055 
0.9615357232102372 
0.9615375139711209 
0.9615341689999519 
0.961532782583937 
0.9615353784826046 
0.9230731009004314 
0.8461481472515593 
0.6923001249797716 
0.6153830465509883 
0.6153840457095774 
0.576921704749518 
0.5769220354405467 
0.5769210029735309 
0.5769221267788932 
0.5769212924654191 
0.5769216995200742 
0.5769224482765822 
0.5384755225862758 
0.49999826131073954 
0.4999993679212226 
0.4999988706476968 
0.5234447672558762 
0.4615365453760542 
0.4615377759160509 
0.4615405935809637 
0.4999981184670531 
0.4615363382034764 
0.46153454965847934 
0.4615341463424799 
0.46153734519182343 
0.4230760224620921 
0.38633976858392843 
0.3846305994938587 
0.38461472406552855 
0.3453176564393679 
0.3076917141887766 
0.3076918150813271 
0.2692293965554908 
0.30767949187188204 
0.26923009500689843 
0.26922728720452166 
0.26922559835852133 
0.2307690141480285 
0.26693194609940296 
0.2307690077488334 
0.23076872328377232 
0.23076605053464083 
0.23076670467582433 
0.2307691790594548 
0.23076797237155525 
0.23076896957483706 
0.23076817020631768 
0.23076268648093437 
0.23076919253199615 
0.23076854986542358 
0.23163300861865904 
0.23079550365218388 
0.26305122607265147 
0.23076804960929093 
0.26780869767298116 
0.19226819093248082 
0.1923073399048546 
0.19230591467612326 
0.1923035770028199 
0.1923073481400726 
0.19230290104722017 
0.19239259274488804 
0.19230908909272887 
0.2307666211964474 
0.19230761883602426 
0.19230218721688352 
0.1923075440274848 
0.19230750012173736 
0.19230873861666892 
0.19230714062388587 
0.23076817506039185 
0.19230754797727168 
0.23015668158964472 
