0.999999238518982 
0.9999968682308595 
0.9999973627493942 
0.9999976067385948 
0.9999235029657836 
0.9999958822042948 
0.9999841568663181 
0.9999981046089744 
0.9999886879764264 
0.9999976524972779 
0.9999970068986586 
0.9999949135985223 
0.9999955145560582 
0.9999947847172547 
0.9999926004378812 
0.9999894067658407 
0.9999803073679304 
0.9999971276229883 
0.9999991759690429 
0.961549195261589 
0.9999905663773959 
0.9999965307256183 
0.9999958180403183 
0.9999931770013569 
0.9615370172304799 
0.9615127412524822 
0.9615293058445492 
0.9990145062687282 
0.8858466481372125 
0.7684319211462995 
0.46153412910295055 
0.34615369950658087 
0.3461530733652538 
0.34615331096188917 
0.34615126409862307 
0.3846116528367078 
0.346150712239156 
0.34615082523291263 
0.3076910409923043 
0.3461534217176104 
0.3461526989347053 
0.34615184306402885 
0.3461518118626612 
0.3461514282837257 
0.3461482705057061 
0.34615291203489745 
0.34615346949980313 
0.3461487363620731 
0.34614674972144766 
0.34615190785739836 
0.34615333059691805 
0.346153314694463 
0.3461536219845932 
0.346153293424258 
0.346152095263713 
0.34615354855008884 
0.34615336089603993 
0.3461350918922944 
0.34615278128021754 
0.3461535067678981 
0.34614147829216324 
0.34615340289953467 
0.3076918657169599 
0.3076916901694709 
0.1550437513096889 
0.19230669405502915 
0.1923033761407377 
0.19216830571866647 
0.1922834595319775 
0.11538458120315376 
0.11538369736152064 
0.11538450596349624 
0.11538457717670791 
0.11538452902857362 
0.11537890558241015 
0.11538455041854488 
0.115384521038736 
0.11538449793292924 
0.07692271133579334 
0.07692303517710976 
1.9223625217626174e-51 
2.5884687571529755e-233 
2.79418609358767e-287 
0.0 
0.0 
2.450832420232426e-303 
1.6084250382603586e-284 
2.3067986880532832e-272 
3.7334802515667254e-287 
3.6363351251565605e-269 
1.5196603245734342e-284 
2.3196139532115514e-205 
8.870677691419036e-293 
0.0 
0.0 
0.0 
1.1726111956536747e-277 
0.0 
0.0 
0.0 
0.0 
