t = 1000000
b = 105 105 105
E = -0.33399036209482 -0.628327590523566 0.294337228428746
-0.750415046800441 -13.4039607420506 -9.79618658467411 0.236657102191176 -0.694422115107175 0.67953759427452 -0.367746781094313 0.583349867780463 0.724199721592903 -0.229744459094213 -0.658505589138534 0.118644878112889 0.030663986795126 -0.400967853303551 -0.0486341840687107
-1.07736700535078 -13.3349405215689 -9.41442253353783 0.768001871139246 -0.350475197351517 0.536041287559258 -0.258210853340485 0.596495454359798 0.759947582498454 -0.711733472458116 0.128190087196575 0.503511464559202 0.0303277120712144 -0.404975893751292 -0.341414294633356
-1.30563724257421 -13.2981206164682 -8.99015208980009 0.972612102526443 0.212267219967024 0.0947012425817788 -0.197001379899773 0.536594665054878 0.820522164083511 -0.587445528961737 0.399355396129205 0.0623569170957238 0.0309853580594889 -0.0373747761619074 -0.134195946023415
-1.16928360992938 -13.1640712328581 -8.50583442714439 0.444181212232901 0.718631379028223 -0.535043915744501 -0.205480840238335 0.662982359167622 0.719883334803354 -0.00195242506228319 -0.223211620122398 -0.476723736682024 -0.00939648384246941 -0.65203797296975 0.184440488097556
-1.02444806383474 -13.0317052346708 -8.03722278827493 -0.244809164038815 0.730734300012942 -0.637256507214535 -0.303682262333789 0.566395510222709 0.766141768567355 -0.457102583194373 -0.38516199137188 -0.0922580521631986 0.0962761503570666 -0.139944807087443 0.305676005899089
-0.979029368204635 -12.6117802297571 -7.72955331295675 -0.713260993909158 0.179445759332119 -0.677538171637068 -0.316619033622394 0.779927089180559 0.539876025685692 0.205163263600702 0.650735442415463 -0.230752552924591 0.0118769954970392 0.477436932065348 0.551402567214323
-1.19785289195034 -12.063622888511 -7.69756195653484 -0.854634016835905 -0.348138187891995 -0.38522785387125 -0.464762928462177 0.843709698918669 0.26860633700215 0.128624689933118 0.453020955121276 0.62383490171507 -0.0460246175301019 0.100538468236138 0.152751951801027
-1.50794538251981 -11.6864311155659 -7.76992083526227 -0.640299450352014 -0.683843579972608 0.349820771266196 -0.586896066795667 0.729360259623167 0.351548884882733 -0.421043092949736 0.171737335375962 0.149704864196014 0.00357412842768024 0.268918545604239 0.678954559066707
-0.848481895379464 -10.6608382922957 -6.89551789198059 0.544992814472177 0.173785613621488 0.820232523539448 0.212269275231564 0.917813441199109 -0.335499987998293 0.0702771334819268 0.292634034814442 0.344503108634231 -0.0227005100204382 0.589642977297402 -0.134470772981666
-0.84204699261859 -10.0666006528486 -6.91802530993113 0.868007230193797 -0.156285166180537 0.471315600381705 0.180899506726061 0.983476369575738 -0.00704265235488157 -0.0737826463155031 0.336219967691885 -0.390845771155953 -0.246814702853097 -0.14808152477187 -0.192287063381207
-0.728315249478744 -9.59785519895972 -6.71379307068743 0.871837287434221 -0.156572771390424 -0.464095584441754 0.0925943264344031 0.983130629896169 -0.157735396382574 0.12616358228562 -0.00302213641171469 0.514627553168852 -0.192009232895632 -0.355216786108547 0.301006825643626
-0.547105207417041 -9.15633585707875 -6.70088308955036 0.668969352292053 -0.363551424934611 -0.648313479053177 0.397088127474573 0.912123122975823 -0.101746879812676 0.593060232384175 0.207104849851013 -0.448450417043996 0.162882111236567 -0.0527855952518068 -0.0287984912535268
-0.245525283300775 -8.68748710996392 -6.79476615126415 0.532854645378066 -0.543888085313906 -0.648268214208003 0.562080593694705 0.800158934122197 -0.209310979970297 0.217797270469035 0.61442252494663 0.0472893775386764 0.209799009614975 0.109731325801091 0.168853896474463
0.152636204644422 -8.32943525761048 -6.92870615540806 0.252349753005694 -0.639793614268101 -0.725936452659494 0.677709399171735 0.652343795032353 -0.339348704664051 -0.0525286863233423 0.25209363339972 0.0393333957313618 0.0686415681547943 -0.136296527010586 -0.211651259906923
0.5340025328818 -8.26653452916412 -7.17052848489248 -0.538595808432295 -0.0950277197416356 -0.837188322672865 0.674073605608817 0.547539268152992 -0.495807950775281 -0.274965398919836 -0.350643565156218 -0.203640771058584 -0.463410384381898 0.244936583479138 0.300402192172566
0.764827497693148 -6.96163941279236 -6.77964309667449 0.618762541420873 0.593226349506331 0.514990694659358 -0.151252907339372 0.733254836734976 -0.662917719197539 0.0342294490844768 -0.374814001920038 0.052151972293579 0.283495173218595 -0.141142750379137 0.0858835911886088
0.757474523060371 -6.42069359138551 -7.00629015411973 0.792506358205276 0.180597536674283 0.582510259095414 0.204758611028622 0.820911149622355 -0.533084229400351 -0.0441662508501621 0.0764843605299312 -0.0395571944919202 0.537733549333478 -0.106903883956593 0.637132248606435
0.906858059635696 -5.94095603335909 -7.19295127770777 0.892141127483951 -0.251144170757421 0.375514066508905 0.378625214565961 0.869105704714288 -0.318273814392209 -0.0198677353367315 0.0645923950468981 -0.145685752009015 0.149270413214083 0.0311954909071492 -0.102401369320274
0.262101651503245 -4.99411801389958 -7.63950923048904 -0.23137085112342 0.924956879308914 -0.301533249691466 -0.314120120371226 -0.364369096078671 -0.876677655584257 0.266741173715407 -0.117260952240999 -0.240810803664748 0.49123744913548 0.042717412697651 0.558669062092357
-0.165168716101897 -5.02069394325 -7.93529824062027 0.589016144614648 0.603298520848507 -0.537671717803074 -0.234359658628947 -0.509219410549605 -0.828113000940611 -0.261624004075395 -0.17409399906967 0.11625985923271 0.0163729050320181 -0.33234632973466 0.423749247039839
-0.697592329065116 -5.4555472178249 -6.90744998760194 -0.948846238081801 -0.0448627655222978 0.312535036032182 -0.311112347310082 -0.0359804148346011 -0.949691801112021 -0.431337133558836 0.198080298047758 -0.0852446797885856 0.0391289176497905 -0.13410824424919 0.262735135676696
-0.977368913372442 -4.49320432161853 -6.47001288928923 0.731083050592615 0.00156854143983795 0.682286679346667 0.356614685149888 0.851651700849926 -0.384077266672612 0.504846101404311 0.566002510168284 -0.259264431710319 0.485582102973056 0.165054995961892 0.638041395248498
-0.992633867956592 -4.01431488423493 -6.46758168370396 0.963680885838538 -0.260467774462953 0.058954972104944 0.254160704115625 0.826747357098957 -0.501887581051322 0.651819168025525 -0.01538411777484 -0.0409897366530517 -0.174857028337052 -0.0869072641589322 -0.262654147467692
-0.714171321727569 -3.63278781182776 -6.33780068305359 0.491424131940474 -0.473282494141141 -0.731099174726628 0.0277145938151843 0.847528889027018 -0.53002517256649 0.521470962060609 -0.394402839360149 -0.0911202275470617 0.186252231333972 -0.174487116080578 0.0743773690477915
-0.424675222969902 -3.27523557872887 -6.5070076856489 -0.245850935195911 -0.3470725475275 -0.905040310934311 0.345764919967633 0.84087191254669 -0.416390497982205 -0.0547625713339212 -0.317158357438471 -0.0387342023150047 0.424534613332336 0.0876339898609557 -0.0149930255333476
-0.0908320920992114 -3.0281157825977 -6.72141986194383 -0.773652488938304 0.00528747400865271 -0.633588090937846 0.273057433026449 0.905124321470611 -0.325867459178503 0.380991404082669 0.147166733585995 0.182367925708506 -0.0960992291759853 0.457637776315443 -0.078764426333579
11.681425076911 -10.6497236650093 -18.3014886437603 -0.389586534671896 -0.844246661491685 -0.36806236776172 0.568063980442491 -0.534836531528099 0.625502357043377 -0.245240799242046 0.320866684219078 -0.0731048819616587 -0.313521603001967 -0.036719347674771 0.246356723896298
11.684534052867 -10.9528855894868 -17.968984106055 0.413356730131114 -0.5502138821119 -0.725534904457954 0.563576863759302 -0.47124810610259 0.678458798402664 0.145218834711863 0.238410013951517 -0.134149609892854 0.366384198552249 -0.044980886007437 0.780615176725525
11.2296087665017 -10.4403262268787 -17.7637601829141 -0.063499481321707 0.990969616400907 0.118097566621213 -0.869779636020653 -0.112976915795313 0.480332802607917 -0.386219619052165 0.0405802865871999 -0.0474081644592489 -0.136220964562442 -0.488253284252511 -0.274735857140658
10.6377692634221 -11.4830335388694 -19.0161992853309 -0.0909359971065197 0.469748575115651 -0.878104162731906 0.829489602553982 -0.452202532122736 -0.327810721601126 -0.119947777180393 0.252906978708027 0.373245139730024 -0.0821395139285312 0.352843340722684 0.676715751733584
10.7434565503194 -11.8197846376238 -19.2459518751562 0.534137609588908 0.791710505208969 -0.296464989440949 0.73803896275326 -0.607722821565706 -0.29320890437749 -0.379940853328275 -0.140904797642095 -0.265971786976147 -0.522831325176784 -0.472431046800423 -0.0441203178324584
10.5089729244419 -12.5467710462151 -19.8278957292921 -0.583863278626001 -0.811693718128201 0.0160305902390544 -0.811790832266828 0.583463077453427 -0.0238008801579071 0.202580966113634 0.260846651299722 0.0224372233924451 0.422951587772285 -0.166207055732188 -0.0218170589066448
10.0721689639781 -12.359639273945 -20.0444402560086 -0.413906827791722 -0.718444792196618 0.559033289235157 -0.846617183188512 0.529491689341377 0.0536460254668843 -0.242944728250324 0.310178012182769 -0.0382004039492448 -0.285606602709113 -0.306649552998511 0.368216037783276
9.86936649031938 -10.8186280010558 -20.1915812244491 -0.876275958322886 0.417778389730505 -0.240003462348896 0.0984242942977985 0.642841632494846 0.759649454566567 0.0888567034650332 -0.11562345367244 0.119498234001287 -0.454645225346628 0.397647817813332 0.511740224024364
9.71941096534636 -11.9621148451164 -20.2024154869334 -0.167878640300562 -0.978135252012299 -0.122752559654579 0.910711393565732 -0.201551806986779 0.360529647504849 -0.0195491091213198 0.0391159589725011 -0.0507327719410356 -0.0130534112560976 0.636240557073145 -0.0836690124073531
9.0927423241961 -11.8442418143669 -20.806914968134 -0.384377922722505 0.148878799246605 0.911092045656434 -0.458928654023196 0.825509326009621 -0.32851003514006 0.177877810752058 -0.662655995407856 0.000535536362858064 0.166884952141851 -0.00269638067537958 0.00138256951177745
8.76924700267493 -11.6358126711865 -21.4382131790711 0.167783112992688 0.940608713955068 -0.295133993681417 -0.37267818141995 -0.216642163640889 -0.902317652507498 -0.185361745938698 -0.25886498032819 0.075825763235408 0.161068936448929 -0.214520276047071 0.155242570499462
9.08190217638445 -12.5206753441169 -21.203680802078 0.519227266066543 -0.301261956200966 0.799777644047909 0.83099549505685 0.396550310351778 -0.390120928117198 -0.653928266064838 -0.344160606573382 0.0731836824176988 0.533089101459395 0.589965657484236 -0.314896462794207
8.96517606488883 -13.1806095804041 -21.8283410379274 -0.276419333107129 0.584708704061494 -0.762697898043075 -0.00275408180457586 -0.794098294703333 -0.607783113768968 -0.198701312808251 0.467697451992503 -0.0905308256464486 -0.024071943244694 0.103337683343131 0.0841670652691689
8.65198487474629 -13.5585716912362 -22.177753407255 0.268458208049922 0.719831704060062 -0.640134757969499 -0.178407031835086 -0.615878335253901 -0.767375271400279 -0.110393441274111 0.115296662711176 -0.300786973889961 0.140162588893339 0.05769280713471 0.450740041293938
8.19594453364808 -13.6443816634842 -22.4793457320689 0.680174643407187 0.356618629040175 -0.640457342753777 -0.454208707159269 -0.480735533742367 -0.750058529008316 -0.233154953900548 -0.0200118222728427 -0.226083612896692 -0.1777328541437 -0.0589232052868568 -0.0266056253478996
7.9930500495923 -13.5463475770675 -22.9029498582542 0.836033661862405 -0.413144105383088 -0.361053547857018 -0.497908593459712 -0.294811891687912 -0.815581376122809 -0.078308121096474 -0.136070781343975 0.157305128932804 0.62447156503438 -0.180430144755946 0.250391260569833
7.96182517816865 -13.3979587420519 -23.415328836913 0.273005557785495 -0.959556927878958 0.0686911026108559 -0.697733169093937 -0.24665910088563 -0.672553130017545 -0.76655174494095 0.125433450278189 -0.171535359299615 -0.454742037654915 0.641771440136736 1.12307910574154
7.37662051281408 -12.9002169631634 -24.1199240395734 -0.73844799014612 -0.64726974353085 -0.189040855263117 -0.580318630964857 0.467260557017162 0.667006640454896 0.377299575831293 -0.285856961706021 0.0783602745809698 -0.00988043968434343 0.486697508169115 -0.209458458402374
6.95643149826559 -12.577019563072 -24.1577725276271 -0.323814833505699 -0.88386055063389 0.337541820571851 -0.491167883345861 0.461965315658545 0.738472854950052 -0.529203193686431 0.57783482474794 0.065596704856655 0.0263111720696464 -0.13690709948556 0.153070176780857
6.53126351896996 -12.4578412355011 -24.0168696925502 0.286339178004641 -0.60355998977288 0.744127149004101 -0.690847147779439 0.408077169437414 0.596827648646584 -0.327528285915925 -0.109681982372675 0.265907413101552 -0.389228456188917 -0.0154261308295577 0.0425443706145848
6.43298039358768 -11.9303309295787 -23.5279024507339 -0.73160104915025 -0.222121130868366 0.644532472497649 -0.616976848333734 0.617899838194636 -0.487380096617817 -0.119930841380126 -0.0406359506484583 0.303646861274696 -0.0969960475373148 -0.295469283679799 0.0640789998155033
6.76962449448526 -10.7000882864005 -24.2071136470621 0.232255116538883 0.77040557867748 0.593744730657975 0.757406202015339 0.239735811082278 -0.607340584872659 -0.153247560199022 -0.587734429752337 -0.231572920639454 -0.211560786883822 0.791276360785329 -0.28550983592643
6.90623199239647 -10.4236027829314 -24.5191544999251 0.764266046695246 0.0264576776366162 0.644358131137423 0.589699409817768 0.375793675748772 -0.71486622477756 -0.437453685126341 0.131287521836901 0.0585350488688578 -0.730291559977826 0.303234523810416 -0.247022544858293
7.21946758034128 -10.1715231374974 -25.6044255624701 0.578812928136947 0.666814987813604 0.469396811076385 0.632299013013786 -0.730491103623214 0.258032373296526 0.390680477198952 0.226521746486482 0.192230176373603 0.314585307046139 0.120610037444814 -0.547188862228703
7.71145412201055 -10.3385208754054 -25.5076457194717 -0.155481777267204 0.286116408116354 0.945496069766733 0.619843012937683 -0.717004740859686 0.318902557056394 0.12940951190688 -0.0950564496489236 0.103650646595126 0.0628711167222667 -0.148336000114 0.14203133864308
8.15220249214348 -10.7055720050154 -25.2109569450893 -0.571543546043278 0.276099921235401 0.772726865373567 0.45261955003884 -0.679404856871077 0.577533188122093 -0.144139476278287 0.200971185832678 -0.204854361931911 0.480911629242831 -0.0431581892611897 0.211723712641452
