0.999999238518982 
0.9999983005024808 
0.9999975449380304 
0.9999986740668294 
0.9615285410170613 
0.9615299763549315 
0.9614986661760933 
0.9615372773236474 
0.9615374351927564 
0.9614578021896629 
0.9614902981922864 
0.9230750229750609 
0.9230760521456044 
0.9230760219326335 
0.923071556979269 
0.9230748387114355 
0.9229960195723775 
0.9230640681690538 
0.9230762565944528 
0.9615336765326492 
0.9230701945079176 
0.923072186989927 
0.9230743653361504 
0.9230755669702521 
0.9230397767601554 
0.8846045261951839 
0.8844967808328471 
0.8473910424675661 
0.730766397712535 
0.7307662800813157 
0.5382606240377863 
0.49999604736050274 
0.46153809290410513 
0.46153698488838724 
0.4615378573034582 
0.46153719822058414 
0.46153786187698914 
0.4615378504588548 
0.46150840367076584 
0.45908576620800523 
0.42306830292280534 
0.4230680582703968 
0.3846147562644538 
0.3846125355797223 
0.38461502416795557 
0.34615353246431735 
0.34615292622443883 
0.3076901762648569 
0.3076657309066871 
0.26923059324195064 
0.26922676876121854 
0.2692122117548292 
0.26922967826892097 
0.26923039347446637 
0.26922934491304695 
0.26923029387798575 
0.2692294387074886 
0.26801745205841143 
0.34615213367520564 
0.34614096894071444 
0.30769135872355585 
0.346144198765319 
0.3076920648793969 
0.3076921149987909 
0.3076918276857646 
0.346150165229839 
0.3461530319842229 
0.34506930293386506 
0.34615337287083664 
0.30769114279522103 
0.30769178902401906 
0.3074621541201279 
0.3076917018385182 
0.30766672957200475 
0.26923057241336323 
0.26922886352315384 
0.26918486119129137 
0.2692300214051669 
0.23076706476565548 
0.23076861422664435 
0.2309325334906231 
0.23076875367706723 
0.2692306917717734 
0.269230529935664 
0.26923030026879313 
0.26914230392027105 
0.26923041872626047 
0.2692299698743602 
0.23076779386710827 
0.23076913546039843 
0.22992173660005696 
0.19230658582873777 
0.19230736075660287 
0.15384602343125733 
0.15384387557883575 
0.11538425208627899 
0.11538373192121679 
0.11538458249757498 
0.11538310599461539 
0.1153839932554541 
0.11538114195811944 
