t = 10000
b = 19 19 19
E = -1.44389337496864 -1.44389337496864 0
-3.95752635242764 -1.70726511105369 -3.52833126225643 0.189536722874424 0.835064793745307 -0.516471316656748 0.757301737291401 0.210470519495193 0.618220218950213 0 0 0 0 0 0
-3.40858931660358 -1.60216407521814 -3.62533128059026 -0.402860871039581 0.901377934849008 0.158811010803935 0.769646468812269 0.239725129953951 0.591756854724454 0 0 0 0 0 0
-2.94562723643073 -1.296120671424 -3.41296833045634 -0.764213449970592 0.531726332077789 0.365027273856547 0.590597811859146 0.349501002125444 0.727353610110309 0 0 0 0 0 0
-2.69670032288303 -0.84252360867255 -3.37557660515897 -0.672417389360804 0.0274293739684477 0.739663764104264 0.704446834315925 0.330429861698523 0.628148679947807 0 0 0 0 0 0
-2.53147913578834 -0.469671590534631 -3.08370695944031 -0.492648925692495 -0.517946796034385 0.699305478665626 0.753640649620237 0.147858853158599 0.640440107100274 0 0 0 0 0 0
-2.34281203037089 -0.243730354778815 -2.6924383267261 -0.159881545183079 -0.938939821326405 0.304680001702487 0.700923763895216 0.109351816727645 0.704803559430096 0 0 0 0 0 0
-2.37451285306595 -0.128270105603111 -2.16413684470812 0.326644868098056 -0.944311716635976 -0.0397304916811267 0.648323117274211 0.193276114986393 0.736424795198819 0 0 0 0 0 0
-2.41998578990846 -0.260524887104719 -1.60995978987275 0.662543975687831 -0.601605207441061 -0.446213687216745 0.591530114185119 0.0548073776016936 0.804417973054157 0 0 0 0 0 0
-2.2484617252937 -0.555598400524584 -1.20726077600037 0.771323143652037 0.158270884016043 -0.61645026996468 0.586256579978237 0.200306642831221 0.784971637239143 0 0 0 0 0 0
-1.81330118330262 -0.710870315958548 -0.877333588902779 0.443545038331384 0.453526210948915 -0.773034135697732 0.793362362177486 0.202574120096128 0.574055648998806 0 0 0 0 0 0
-1.351156229633 -0.857760117852436 -0.771356356244162 0.121620289038565 0.877715439045263 -0.463491222522866 0.781890641242858 0.202932210310062 0.589462079489001 0 0 0 0 0 0
-0.762238568771237 -0.827905049352456 -0.850728136157301 -0.451892355901952 0.882585566780641 0.129753674275032 0.691676523843747 0.254796794251267 0.675767844753433 0 0 0 0 0 0
-0.355951141307982 -0.494235456653083 -0.811444833872596 -0.684519886142761 0.60151263251068 0.411843512034833 0.69023487824666 0.353025441295532 0.631623978843352 0 0 0 0 0 0
-0.13130926395983 -0.0818916756029324 -0.662772987957318 -0.621899869626114 -0.134687700456878 0.771427103169614 0.752005436065162 0.172106445884527 0.636291753375329 0 0 0 0 0 0
0.917561705785686 0.150150202328518 -0.201910009666765 0.380160262977941 0.0323821950960807 0.924353594623461 0.923933373368717 0.0328676929937087 -0.381138867517839 0 0 0 0 0 0
1.36997738634952 0.445077081878221 -0.305177999414852 0.293210835565337 -0.48779798352788 0.822241164849588 0.94117626219208 -0.00382854865651551 -0.337894341031818 0 0 0 0 0 0
1.85920957957711 0.675924790678749 -0.245201552317194 0.102547600351181 -0.880216788492531 0.463359897831155 0.955316324058443 -0.0426737627057142 -0.292488753568406 0 0 0 0 0 0
2.32542003900268 0.711211665539462 -0.016717015489192 -0.051763189986392 -0.991648043748872 -0.118130137947423 0.949417643858975 -0.0121797542779003 -0.313779844978929 0 0 0 0 0 0
2.77746261648086 0.539341235461752 0.0778398271211991 -0.312572736479602 -0.767838655677382 -0.559215596400181 0.939113882016062 -0.161357003833953 -0.303362874983819 0 0 0 0 0 0
3.18567574746039 0.249507856184451 0.0852681450399402 -0.420579489822578 -0.164059554155999 -0.892298915964098 0.907154254762221 -0.0907519763279544 -0.410895652032696 0 0 0 0 0 0
3.45989297848438 -0.184327344552756 -0.0802754578511689 -0.25334441462593 0.385822822755369 -0.887106170094049 0.917626830270318 -0.194445437214405 -0.346629445250329 0 0 0 0 0 0
3.77627280086967 -0.422520655867991 -0.438613766534836 -0.109036815350156 0.889634411595988 -0.443465428869672 0.984190941981147 0.0339798850240715 -0.173820473868909 0 0 0 0 0 0
4.12092425244176 -0.468878731839222 -0.870126461685334 -0.130450452388906 0.991410235951891 -0.00940337818754569 0.940669839467199 0.12076629931737 -0.317105272844758 0 0 0 0 0 0
4.3577673812798 -0.382621095694248 -1.29012180509076 0.164895060963355 0.784834663025081 0.59736435329218 0.966771798454718 -0.00865488577313176 -0.255494388715078 0 0 0 0 0 0
4.659361010873 -0.0458012834266341 -1.60064895380978 0.328735223274909 0.181652740199079 0.926787696809021 0.929233612586604 0.11307436642425 -0.351765661907175 0 0 0 0 0 0
5.09683225257149 0.256162318264014 -1.78737608432603 0.205785966927498 -0.239120225621896 0.948932902535398 0.977297566062728 0.000261736312523259 -0.211871184595693 0 0 0 0 0 0
5.51678756148737 0.578313949897048 -1.66256013949613 0.1850687236204 -0.862619961467183 0.470782720175549 0.968309056826961 0.078311237623321 -0.237160115805291 0 0 0 0 0 0
5.96531365772983 0.619276508724937 -1.46965428448391 0.0419261940503601 -0.994963172339088 -0.0910520726914126 0.980856917108743 0.0583337242647851 -0.185787202932067 0 0 0 0 0 0
5.99441481032886 -0.553050112452375 -1.39546761875991 0.000326591651732061 0.999739397892152 0.0228260736904432 -0.946153167097555 -0.00708031236520234 0.323641860036788 0 0 0 0 0 0
5.66875448765473 -0.41700037879942 -0.993428446243719 -0.138577616677076 0.808781948920781 -0.571548775920317 -0.931721806213808 0.0891512351673211 0.35206041114249 0 0 0 0 0 0
5.39396819720491 -0.128737563012084 -0.649633486339864 -0.273293791592683 0.336826101656174 -0.901032008710013 -0.94843927764276 0.0619753763765699 0.310840778128392 0 0 0 0 0 0
5.01378279473934 0.254224516860828 -0.539099316766565 -0.365026127465038 -0.187350966346753 -0.911951501822769 -0.92588702997471 -0.0294380788184293 0.376651838227412 0 0 0 0 0 0
4.56499990952233 0.493118480083023 -0.560154301933875 -0.154803276829978 -0.82080988801346 -0.54982458404663 -0.964300358323327 0.00450577407912527 0.264772575878718 0 0 0 0 0 0
4.09562460910329 0.68134319802309 -0.750973133764822 -0.0364858011540189 -0.973544774273117 -0.225564533558926 -0.973452513032359 -0.0164133661372717 0.228299816651353 0 0 0 0 0 0
3.68559797271059 0.6432578156629 -1.00468450226566 0.0296577308472651 -0.837192512640398 0.546103576054808 -0.956935677963286 0.134062337182586 0.257490578449175 0 0 0 0 0 0
3.20027701715439 0.350497146870193 -1.07776656833645 0.217717023482733 -0.356474938266479 0.908584017069258 -0.955677349090026 0.111173090088703 0.272619420578175 0 0 0 0 0 0
2.7755848151167 0.00865992904748182 -0.980168022597368 0.208648217046498 0.214372410172629 0.954206681636687 -0.972187709103079 -0.0606663753295913 0.226209303905188 0 0 0 0 0 0
2.41941555017221 -0.322808671482745 -0.688208405489116 0.309322872630846 0.691290234725327 0.653021570731621 -0.905250463581121 0.00371853010276818 0.424862060815087 0 0 0 0 0 0
2.24772407695283 -0.451744527143758 -0.188665885417159 0.0151216318467081 0.998561610870669 0.051439727309415 -0.802900915285338 -0.018534527115419 0.595824295861267 0 0 0 0 0 0
2.03101266614605 -0.347553596257092 0.325907213274756 -0.229424289862242 0.83673040037216 -0.497239109799552 -0.924963022404022 -0.0283936743360424 0.37899499527423 0 0 0 0 0 0
1.75853839907653 -0.099703122972899 0.662975638469018 -0.377791042600235 0.328581757223526 -0.865625760332335 -0.899026567963029 0.0933922390404014 0.427819026906983 0 0 0 0 0 0
1.40511438823265 0.23107890380697 0.889832056453821 -0.35410248658712 -0.201680264081654 -0.913201237445932 -0.933396056537288 0.0154835416385245 0.358513683949397 0 0 0 0 0 0
0.501051339046219 0.553891792341172 1.32027738120719 -0.972289182275166 -0.186839649809562 -0.140515804412694 -0.178374300797093 0.204369019184542 0.962505019629873 0 0 0 0 0 0
0.336638221177904 0.823063149504482 1.73107430852472 -0.646661757397456 -0.756883887236698 -0.0946327256349962 -0.304503858019414 0.142406747350057 0.94180556313948 0 0 0 0 0 0
-0.144580867747287 0.940994138290013 2.02726257076296 -0.238502783432312 -0.970061291869009 0.0457986060101776 -0.248274566283567 0.106498303520832 0.962817662428301 0 0 0 0 0 0
-0.527687327839887 0.962561426330694 2.30076596126245 0.338554413457392 -0.891679829364492 0.3004796016921 -0.262261923314014 0.217261185623319 0.940221389248922 0 0 0 0 0 0
-0.867486440131032 0.731370239996002 2.60455810725875 0.846908423353678 -0.392457881334042 0.358779784591315 -0.327952542173791 0.145599463970738 0.93340662423897 0 0 0 0 0 0
-1.08701482825515 0.465450900614837 2.96436405764319 0.937118026483596 0.253754499210119 0.239621490209256 -0.294701178648691 0.207497423254075 0.932789383862181 0 0 0 0 0 0
-1.06676094508415 0.160128254492548 3.4329793878483 0.73114761530688 0.674541385953568 0.102064113511514 -0.369601121881583 0.265902194277906 0.89033197953464 0 0 0 0 0 0
-0.793990433590933 0.0748227651604141 3.94849639984444 0.179922649229579 0.947143973524987 -0.265605221540353 -0.192097088080164 0.298643957422818 0.934831800617613 0 0 0 0 0 0
-0.344927833169238 0.159563481490694 4.34408703903792 -0.460391735558496 0.880040524889909 -0.116482292134615 -0.208780046657919 0.0201927457368051 0.977754133275394 0 0 0 0 0 0
-0.315827688206635 0.414471723518519 4.83824109590071 -0.788809524089119 0.492581950936358 -0.367617404808341 -0.315252228362993 0.189196103432858 0.929957454380567 0 0 0 0 0 0
-0.318157104267271 0.880198277028252 5.15358610028777 -0.943387897456571 -0.229376694919138 -0.239594671811481 -0.300679439734496 0.286418820242075 0.909701123409274 0 0 0 0 0 0
-0.608738957286777 1.17842529316221 5.45047161099968 -0.730699789449808 -0.676683047897064 -0.0904315784820441 -0.288105106678299 0.185555826101667 0.939449031563503 0 0 0 0 0 0
-0.989029009124609 1.41560671129117 5.69640242058045 -0.221823433348937 -0.969875567023043 0.100676456577622 -0.291925018227283 0.16456835551267 0.942176756291967 0 0 0 0 0 0
-1.39147617586788 1.43556340462119 5.92645651334465 0.435189523555181 -0.807474177275281 0.398240544924077 -0.293415553234034 0.2909774312071 0.910625854919831 0 0 0 0 0 0
-1.07468353049596 0.440864362936161 6.35237931567977 -0.397782639127204 0.818594991145647 -0.41433224890208 0.314623894923403 -0.302508648996686 -0.899722358300287 0 0 0 0 0 0
-1.21899411474418 0.246739710163752 5.83272409375612 0.0961114419326442 0.989573524463207 -0.107269895176145 0.263886413852455 -0.129244591925996 -0.955855530947003 0 0 0 0 0 0
-1.46268530895021 0.325182860873113 5.31659437410582 0.583976944105416 0.803653460661502 0.114507833444211 0.318769928725557 -0.0972974637892555 -0.942824976377096 0 0 0 0 0 0
-1.48685085189011 0.654440092696472 4.88757382982294 0.957522510066088 0.212151003188217 0.195301291759584 0.212539885816151 -0.061518334881376 -0.975213972116214 0 0 0 0 0 0
-1.29834262365719 0.884292686338995 4.42552638510846 0.84005858044589 -0.400360490210539 0.366077941561099 0.330792800461274 -0.156810971707431 -0.930583925454954 0 0 0 0 0 0
-0.972912057606859 1.09257856394293 4.04606472495885 0.337702031288829 -0.889976436327372 0.306429895482529 0.407644638122392 -0.155152983804259 -0.899862989919409 0 0 0 0 0 0
-0.506268684804631 1.18379961169357 3.72009414475931 -0.328010772223725 -0.927074204124055 0.181500284718627 0.274536953927623 -0.277386800513185 -0.92069866070784 0 0 0 0 0 0
-0.152989379925906 0.93961254490516 3.47225061510301 -0.763033021902643 -0.644529376610499 0.0486054541406434 0.186627606268386 -0.291687674588969 -0.938130287897901 0 0 0 0 0 0
0.0634909888063149 0.505731574720027 3.28025121836213 -0.968663988445558 0.0491318580335879 -0.243466913593854 0.220091511026039 -0.284491239346528 -0.933072591768373 0 0 0 0 0 0
0.0738176624879472 0.110072656626208 2.99990829178259 -0.721579825168327 0.582814850222209 -0.373696944422237 0.20223510649803 -0.338787696776592 -0.918870969294685 0 0 0 0 0 0
-0.199385057051572 -0.150007590608588 2.60450691655768 -0.326599450532005 0.894576082282929 -0.305067913618481 0.29458874640277 -0.210343120916907 -0.932187342745967 0 0 0 0 0 0
-0.333315290435856 -0.204517991139163 2.10030615872036 0.163397915228886 0.982241182766303 -0.0922137743328214 0.285391818566761 -0.136534404581095 -0.948635792209446 0 0 0 0 0 0
-0.489728988571859 -0.073437863155732 1.56492355934005 0.658226059920476 0.742545107029721 0.123956516842777 0.218328166781161 -0.0307093557131806 -0.975392099138427 0 0 0 0 0 0
-0.521318959263667 0.0954080332813447 1.10120056263285 0.908167172108476 0.318024513711847 0.272199919512942 0.336779838790861 -0.168886083100431 -0.926313570622274 0 0 0 0 0 0
-1.00371490726388 -0.15729667925368 0.159829226077285 0.782612596632718 0.0477714090597154 -0.620673356982751 -0.600050903607994 -0.20750459908567 -0.772580581193657 0 0 0 0 0 0
-1.17389849836183 0.123873238642823 -0.234135354890396 0.71434436786644 -0.531845921408547 -0.454809894327942 -0.61732461527889 -0.172833771632996 -0.767488636237611 0 0 0 0 0 0
-1.18988695707737 0.254864605231621 -0.76185157980295 0.351387248937926 -0.930669155450384 -0.101891728698099 -0.670147355868197 -0.174028012845653 -0.721537782910816 0 0 0 0 0 0
-1.23398032912665 0.198429383900855 -1.26549432171043 -0.0856282389877493 -0.909559380052515 0.406656536706754 -0.604349974283094 -0.277076718658484 -0.746987014988525 0 0 0 0 0 0
-1.19849153603608 -0.0422868995568848 -1.75069784184576 -0.514769141972271 -0.528423001955785 0.675116183687793 -0.573276170913747 -0.373361780322491 -0.729352735551805 0 0 0 0 0 0
-1.2996546573299 -0.524852543011665 -1.97336303427779 -0.780934612287609 0.168590923277214 0.6014301554792 -0.605815199427196 -0.438886541831996 -0.663601196157558 0 0 0 0 0 0
-1.55611536207548 -0.960265294749046 -2.13903856850924 -0.673379069947802 0.66422933654363 0.324592077277074 -0.717873565173999 -0.482541272211565 -0.50180819546598 0 0 0 0 0 0
-2.02416502998858 -1.26489149086283 -2.14747051795847 -0.25744610826742 0.966184809050515 -0.0144366234961962 -0.683557895252673 -0.192657617394319 -0.70401111233962 0 0 0 0 0 0
-2.54447555085332 -1.30119814953638 -2.21803821131481 0.213798684403642 0.886504519327655 -0.410365519700315 -0.720558035438818 -0.140535448432041 -0.679003612139541 0 0 0 0 0 0
-3.08859597182444 -1.11542414813343 -2.31324030667216 0.474538054766902 0.596191401003693 -0.647587405642907 -0.770038622456437 -0.0752486044940259 -0.633544132201615 0 0 0 0 0 0
-3.55784257512971 -0.813620517409401 -2.56901024129101 0.735663176341274 -0.0274442098977794 -0.676791331444612 -0.666719234726439 -0.205648143875767 -0.71637581126546 0 0 0 0 0 0
-3.79135126794211 -0.602933196652096 -2.95602674381183 0.647581930777492 -0.631125942841281 -0.426986752959842 -0.682854407488662 -0.231985724783026 -0.692742724011023 0 0 0 0 0 0
-3.88681812240149 -0.528659413823789 -3.48816786079084 0.388712631860373 -0.921159717670887 -0.0191641428890802 -0.699159084170627 -0.281358157805187 -0.657277842360575 0 0 0 0 0 0
-3.93516993655317 -0.621910795324311 -3.99924525218559 0.0524275267049443 -0.905300747487647 0.421523322061675 -0.685823225466814 -0.339458269979139 -0.643750406876034 0 0 0 0 0 0
