t = 100000000
b = 105 105 105
E = -0.195925129765396 -0.511873652462828 0.315948522697432
-119.70391559096 -426.556155819089 34.7310731147625 -0.120558354422626 0.469366992241705 0.874734422423416 -0.805232248134015 0.4691015781817 -0.362690964751286 0.029809488557675 0.0494878150150111 -0.351014465645881 0.457784995468489 -0.0612737074790799 0.220968511831503
-120.237571310772 -426.52453555542 34.8340399885756 0.398018633718604 0.88137084435024 0.254492832789291 -0.78008488662938 0.471151320221612 -0.411684348869067 -0.137129934656 0.180593923394811 0.272837969935145 0.205023414965946 0.101638657604964 -0.218498262875646
-120.697321398744 -426.325076169232 34.7506825491244 0.648364056735806 0.738031682834998 -0.186904481125776 -0.761326034443745 0.629354583439367 -0.155870066345356 -0.00717136330315221 0.3798960991395 0.327974307162225 -0.186852511044552 0.287722614419508 0.42209379180686
-121.316436075698 -427.378737877344 34.5961395981428 0.0550819381185143 -0.937485405834202 0.343638027494176 -0.861001482301113 -0.218872046251361 -0.459098545898234 0.317427097581008 -0.404298979615703 -0.303705944131624 0.454385494887873 -0.142453328721821 0.166562880482343
-121.798335384442 -427.502427628455 34.3599210976292 0.721750979679298 -0.673685728294326 0.158817703116181 -0.538798706515517 -0.69088220235094 -0.482055739860043 -0.835348857122927 0.0305192290511506 0.209936396789431 -0.24695680322458 -0.360429014721613 -0.351688648564754
-121.816400537543 -427.586482551949 33.8835190546273 0.255400975932282 -0.731849756221281 0.631796071379692 -0.543131469945167 -0.64921711038637 -0.532470985065308 0.277434827422727 -0.156673302468657 0.179718188860585 0.298236297680428 -0.487749015057909 0.450578814510953
-121.90785142103 -428.02853560077 33.4975844374258 -0.242234866497337 -0.276554330462697 0.929967726190711 -0.713693541122995 -0.598520243854552 -0.363888783912926 0.182356885569232 -0.274130287342937 -0.235791895911483 -0.144864471822803 0.301580393597048 0.288976332039001
-121.975207884777 -428.445087912173 33.4464069306167 -0.816720549150833 0.285786706153197 0.501291834344674 -0.576307468786313 -0.447550176471187 -0.683789836837267 0.11612205742335 0.03960153129027 0.132957097005034 -0.240888851695255 -0.0124285437660387 -0.120882178769498
-122.418944464299 -428.788211951562 33.2972133925714 -0.533378790004775 0.823309461484262 0.194083994716124 -0.786440966594185 -0.398181621152991 -0.472188524466965 0.00472503362285805 -0.24446230302247 -0.00819478512437429 -0.453957276899692 0.301288397584398 -0.514608604292122
-122.882217368779 -429.140734759319 33.3972602226743 -0.362470903190223 0.895584787419776 -0.257958781369789 -0.820414212169172 -0.437931094013752 -0.367609680733367 -0.126436720203358 0.551656241209803 -0.82105024606818 -0.0261944848703782 0.33023404981089 0.437851628614621
-122.047658252735 -429.431077863744 33.9927897239316 0.472431355620465 -0.879200160985138 -0.0617712809520652 0.839635736765629 0.42764491477955 0.334860652226326 0.841104283875918 -0.0672618319352201 0.207577991671476 -0.242023829067432 0.163243423474126 -0.209586500849906
-121.600822155454 -429.452784590697 34.3106699129914 0.623355701621469 -0.102935662592458 -0.775133484389374 0.739216411505949 0.400755717101699 0.541252207544805 -0.0782348130366513 -0.275389368883002 -0.35107425992853 -0.592815185570345 0.35410528117962 0.304598309982925
-121.100451528751 -429.458776043835 34.5843894205374 0.17493360216234 0.321785017488456 -0.930512029666888 0.901809233199848 0.326926502037883 0.282593646744803 -0.229733354388089 -0.373790863611336 0.111366542723921 0.11153833053391 -0.329167253874582 0.189749195404401
-120.559410612726 -429.551145443794 34.6244798156707 -0.147155493769855 0.840765965833761 -0.521016171868553 0.962159510401317 0.243808193187226 0.121682543858759 -0.379411233758238 -0.0409092860950613 0.75139732721347 -0.0027197782811351 -0.237601484367295 0.685234354586825
-119.806118832761 -429.684193939806 35.6614694660778 0.384397646878562 0.923126271795487 -0.00873701296819159 -0.905953249554485 0.375393713556183 -0.195776069638723 0.234994461955474 -0.507287953784703 -0.390417050795701 0.21688137553634 -0.675239671645555 0.0078551652737127
-119.84501896758 -430.136714088316 34.045925865749 0.251432645919347 0.821169873368745 -0.512310124473089 0.96749528969494 -0.228059610792398 0.109277986543231 0.334869155486984 0.392794252014711 -0.208358941473877 0.0763179718494606 0.152615742446151 -0.271918546960535
-119.200302381635 -430.278815025811 34.2069144126988 0.463557042481462 0.401409558130366 0.789927360588437 0.862135928017822 -0.410124123548983 -0.297522847697462 0.257764829792258 0.589082379933923 0.200903675895191 -0.202629932794544 0.00338750215520316 0.0977738360846011
-118.683375041365 -430.336364735537 33.9311729168939 0.253889715455328 0.262806857940083 0.930845082602665 0.88888993684445 -0.442815910584 -0.117425506211533 0.508746647622614 -0.127727110659849 0.187816373140768 -0.239364606690209 0.0434161396485599 -0.0283299605017857
-117.799097264501 -430.872203557537 33.5890935506301 0.925157493598171 -0.299501474028531 -0.233200512638428 0.302674684782321 0.952817919915471 -0.0229357074992666 0.166918560127444 0.0141184821971293 0.490265103367122 0.246342878526249 -0.497504844179244 0.0651783906453633
-117.893741930315 -430.579425735715 32.1486629728767 -0.44947217768889 0.298870403786544 -0.841814256962272 0.796246360177104 0.561216834880182 -0.225892448197259 -0.429873593920806 0.236988217895256 -0.274603713645727 0.244419997387957 -0.181783900785795 -0.31068917527662
-117.297750041814 -430.21438492726 32.2343806675582 -0.63578022633407 -0.010161199962361 -0.771803248125617 0.350879163450873 0.886822411585714 -0.300715518331648 -0.0226628152739763 0.151516358815177 -0.385919862214086 -0.358762730203775 0.0365207142393636 -0.270505020186718
-117.094854806687 -429.868839167181 31.8494163349809 -0.961801238780891 0.111664138621662 -0.249938987002952 0.22614865253717 0.83859387682175 -0.495597716613489 0.23356250498881 0.255113267672868 0.0521302835556213 0.566254096196119 -0.07181921091593 -0.264453045931161
-116.408143626455 -429.655191019651 33.205873311578 -0.462381744789914 0.6563893088568 0.596117603585103 -0.208867828773122 -0.734013732046586 0.646218284537062 0.203794586156532 -0.158665827006131 0.580696282351847 -0.195303135600013 0.117537732330421 0.499038726182089
-116.290469597718 -430.579044117399 33.4169689309522 0.0423267825021187 -0.93856462831233 0.342498002860587 -0.0532754912398803 0.340197266542438 0.938843726009975 0.144619180848944 -0.523312611192523 0.535486722398013 0.127303654000537 -0.0153791154069375 0.0824240526023131
-116.630584984434 -430.470530317788 33.798485178627 0.462903395236438 -0.841368741973144 0.278960726105501 -0.189743658293034 0.213360480665173 0.958370830852306 -0.440164645410847 -0.107178649454021 -0.517103295663651 -0.249555170756555 -0.210472324523287 -0.0071369842441417
-116.768980349229 -430.355493644437 34.2910476197647 0.942267341394383 -0.326973990331892 -0.0722514151224964 0.13060717091239 0.160182362306722 0.978408594459013 0.394301528191746 0.353830085392319 -0.253311596328409 -0.119459603357728 0.232460902067741 -0.507738306497937
-140.929181420241 -388.302616280361 49.5775322675179 0.136208618822815 0.418462151966141 -0.897962493387045 0.857865996338644 -0.503165883111355 -0.104355289264774 0.32287511622258 -0.453266866221569 -0.188305717659754 0.683465178073036 -0.480985572553297 -0.539784641823706
-140.597321840427 -388.585373111303 49.2776070776513 0.189319114755317 0.89020891258509 -0.414350533654548 0.910686882516302 -0.316975893077386 -0.264906936905382 -0.471835143146261 -0.182233410994205 -0.176059176991396 0.100447023507537 -0.43193095273769 0.327371766165221
-141.168398361701 -389.02164163502 49.1684736267832 -0.513348949185109 0.0776263311881928 -0.854661926773626 0.0924282969384037 0.995108722568411 0.0348660320819745 -0.153001984872655 0.0971834547398797 -0.059638011070468 -0.412705862825652 0.11478106897626 -0.251408882569305
-140.677119485899 -389.498302041162 50.5743104561303 0.260857340468178 0.000392303372588068 0.965377280664521 -0.785848400744893 -0.580733196813029 0.21258232561697 -0.0952379531880846 -0.581060648466451 -0.314610025755591 0.424376236716955 0.369325113463897 0.354861994638207
-140.775596742277 -390.011562931265 50.6370131672552 -0.284925474968738 0.622280571369477 0.729098322731301 -0.878919785414644 -0.473136894883315 0.0603447554241077 0.27846035947397 0.291265243465643 0.783360999290108 -0.336243989409816 -0.315965813686641 0.0386692500644737
-141.109371257271 -390.302515438498 50.9072669901522 -0.424030715870544 0.890190494402835 -0.166609830661844 -0.902911228842163 -0.429824735194798 0.00141769066997261 -0.46681483332393 -0.389781226896746 0.0546937709495659 -0.252298697867396 -0.670011606147173 0.00841503044420592
-141.580146611409 -390.159781894649 51.0916949604354 -0.0868053606976355 0.32847709612665 -0.940514554206664 -0.962929283177195 -0.269701493205482 -0.00531978961354734 -0.540515376196579 -0.406105515733939 0.113628994808941 -0.213767629360366 -0.250566176045947 -0.165556742251274
-142.064686132243 -390.002923262774 51.0523287468557 -0.00174093156171783 -0.506348658331194 -0.862327087225366 -0.913998464701367 -0.349053444601543 0.206805462540216 0.394362422226141 -0.146893341228556 -0.0237996217578852 0.561835945612798 0.635218649375617 0.188514841153599
-142.06966326365 -389.453990996484 51.4082605789845 0.681662608523971 -0.228257695735233 0.695150712059423 0.542873990965797 -0.479188590740012 -0.689685525755814 -0.30744809010673 -0.0761496710312769 -0.2367276561593 -0.00793584550227764 -0.131090489799362 0.047472583565419
-142.645153476468 -388.695890443313 51.8519322951008 -0.354799206832562 0.928586101874684 0.1088364563771 -0.899823985847299 -0.370756113544604 0.229905847604888 -0.246131362260041 -0.0100775401574609 -0.495581821132815 -0.264821580221999 0.108391872786405 -0.107748244156192
-142.270653771329 -388.444105423808 52.3449593986937 -0.243178331638513 0.899258410592236 -0.36359126777209 -0.969810513298098 -0.218368041139887 0.108549375430995 -0.11534557894308 0.0201193804663382 -0.59033501025325 -0.394060056691965 0.368675896078891 -0.0457904048633653
-142.697055869604 -388.305028510307 52.628747789779 -0.307257633525538 0.281976306812514 -0.908890592446723 -0.929715944135619 -0.2927162141648 0.223484856725432 -0.276571460492635 -0.644387232737093 0.519374062485069 -0.362797090707443 -0.0554154738920618 -0.398180064525198
-143.157833155211 -388.127885100332 52.6789297802959 -0.122721250325934 -0.663512643571829 -0.738031480723312 -0.896001347519837 -0.245701298658278 0.369881679838075 -0.306561637249238 -0.456678522938854 0.0797666087311381 0.0421214321667706 -0.341562968325435 -0.208422361118353
-143.917218487567 -388.408970201024 53.6199286011901 -0.481146090013141 -0.0569319129618943 -0.874789801809965 0.0294528377061231 -0.998375421131059 0.0487754941695267 0.278808469084962 -0.548332363652698 -0.00734125551856386 0.375812100346183 -0.0714542142847508 -0.02560527206253
-144.206432887879 -388.803475628062 53.7295423479657 0.262502125189256 -0.0453816830487781 -0.963863650687101 -0.154066319894505 -0.988049979540039 0.00456146946936243 0.22699519488056 -0.0678347369447613 -0.413237318257289 -0.18604086968552 -0.999704451039667 -0.0405024982664394
-144.521203277776 -389.12253203089 53.5553645743933 0.881899378759527 -0.258187197591143 -0.394452603925799 -0.316838428823221 -0.944164087735876 -0.0903746947368925 -0.0462076697558322 -0.186255054642988 -0.0720667155201703 0.0648374388934068 -0.263109822998208 -0.188961585345398
-144.584962763018 -389.439120814304 53.2621254247191 0.849278272347304 -0.338482876854173 0.405161397711312 -0.320685715635163 -0.940371939239946 -0.113407617372995 -0.450511583456112 -0.512459738741973 -0.267811996808174 -0.568762319388254 0.504330513135685 0.215014512816571
-145.166378304396 -389.229302525322 52.5790001151774 0.918865107340884 -0.394262640108734 0.0156168219058389 -0.394560531835451 -0.917819600539961 0.0439222902550938 -0.0496253610826702 -0.136880438889952 0.175577616963522 -0.0582079926878732 0.397050859107868 -0.318985354947828
-146.014195473274 -388.459776594707 53.4464469142697 0.664557469254133 0.528178651070808 0.528574197830282 -0.429671651492257 0.848836820992652 -0.307990784326857 -0.142370885773379 -0.00187124502876377 0.156450161612781 0.0615817943523928 -0.128651601975722 0.0126774528792994
-146.333580983888 -388.045557953102 53.6047139402619 0.911709046735715 0.28665471080219 -0.294305438068295 -0.404609468903427 0.750739292350238 -0.522189326390336 -0.400073871284976 -0.612906421215523 -0.131293557519879 0.343712487575126 0.148236712959259 0.608278032472854
-146.434746004253 -387.490844681304 53.2793993920022 0.824482131115274 -0.423564810667946 -0.375262663525033 -0.129317851841539 0.504566150180689 -0.85363334827538 0.0251915341346963 -0.204398713542562 -0.17218058723275 -0.36761396771751 -0.382658712690758 -0.0752871806341984
-146.306486742614 -387.282907542589 52.6552238048339 0.14520192359947 -0.972233078483372 -0.183519052108438 -0.636361399465822 0.0502587998751303 -0.769752052486043 -0.0747888405525649 -0.534506477291087 0.114634580462197 0.239310731214448 0.524421308746744 -0.151944404093007
-146.444986582347 -387.444395781003 52.1250408433279 -0.349508780232258 -0.827387323118503 0.439629196121412 -0.750569040768163 -0.033596460731092 -0.659937415871549 0.448363401040157 -0.0930644300042591 0.360883984757201 0.481621724740536 0.189868751890648 -0.714154932066391
-146.65649131889 -386.165754159833 51.6228751399047 0.863652034123177 0.204978771236997 -0.460531070936447 0.0800275467606454 -0.957759045933766 -0.276212240299837 0.204262109289414 -0.121495623425882 -0.0756382796789307 -0.544007613995538 -0.0902618056111703 0.299429552202107
-147.522668610668 -385.868767632958 51.8527954517719 -0.948860361503673 0.244412444844806 -0.199816343609933 0.308987670516977 0.589211790706508 -0.746562847429005 -0.249336819739691 0.244810536914328 0.386353031527895 -0.0926468803480347 0.172445117287002 0.190744887659438
-147.686398528995 -385.517766826973 52.8872851815749 -0.651744263708676 0.418564906986033 0.632481488553814 0.758379626842192 0.370071504175058 0.536570054500696 -0.187964660209073 -0.196843895284402 0.167490479411809 -0.151741101976782 -0.183843854837234 0.139784256922904
