        0.1434 26   0.002227   0.002227   0.310029    0.011449   0.000000  -1.051915   0.000000  -0.455232  -0.172689   0.000000   0.061308
        0.1705 26   0.005464   0.005464   0.261618    0.041065   0.000000  -1.146419   0.000000  -0.333489  -0.111820   0.000000   0.061447
        0.1712 25   0.011057   0.011057   0.291937    0.037068   0.000000  -1.149202   0.000000  -0.332464  -0.109175   0.000000   0.061908
        0.1851 26   0.017988   0.017988   0.283134    0.038077   0.000000  -1.139319   0.000000  -0.322938  -0.104066   0.000000   0.060152
        0.1551 26   0.029087   0.029087   0.324632    0.040795   0.000000  -1.124731   0.000000  -0.308835  -0.106776   0.000000   0.057993
        0.2044 25   0.037447   0.037447   0.300293    0.047044   0.000000  -1.104289   0.000000  -0.315484  -0.106614   0.000000   0.056654
        0.2273 26   0.048822   0.048822   0.315501    0.029715   0.000000  -1.089046   0.000000  -0.319292  -0.109081   0.000000   0.057424
        0.2159 26   0.064630   0.064630   0.343551    0.034073   0.000000  -1.139928   0.000000  -0.311245  -0.103653   0.000000   0.058301
        0.2809 26   0.075358   0.075358   0.312821    0.075940   0.000000  -1.117368   0.000000  -0.331678  -0.116721   0.000000   0.053595
        0.3083 24   0.090713   0.090713   0.322662    0.041526   0.000000  -1.111662   0.000000  -0.295420  -0.103049   0.000000   0.055581
        0.2296 26   0.119645   0.119645   0.292775    0.050165   0.000000  -1.115521   0.000000  -0.319387  -0.111203   0.000000   0.056809
        0.2743 26   0.136633   0.136633   0.306071    0.045176   0.000000  -1.097005   0.000000  -0.331744  -0.121057   0.000000   0.056926
        0.2425 26   0.165143   0.165143   0.306174    0.043853   0.000000  -1.082765   0.000000  -0.316853  -0.113713   0.000000   0.056630
        0.3867 25   0.170741   0.170741   0.354323    0.046841   0.000000  -1.083197   0.000000  -0.320672  -0.114865   0.000000   0.056668
        0.3110 23   0.209217   0.209217   0.334591    0.048722   0.000000  -1.118251   0.000000  -0.290072  -0.096433   0.000000   0.059001
        1.0992 21   0.125931   0.125931   0.312082    0.053963   0.000000  -0.985431   0.000000  -0.270192  -0.102765   0.000000   0.056350
        1.2158 21   0.134250   0.134250   0.367536    0.054808   0.000000  -0.954617   0.000000  -0.272841  -0.093044   0.000000   0.055387
        1.7052 20   0.098980   0.098980   0.331671    0.042153   0.000000  -0.914886   0.000000  -0.237733  -0.071759   0.000000   0.049375
        1.8387 19   0.104509   0.104509   0.291218    0.061994   0.000000  -0.864841   0.000000  -0.221260  -0.075913   0.000000   0.050453
        2.1790 18   0.088097   0.088097   0.333281    0.054948   0.000000  -0.868600   0.000000  -0.222610  -0.078124   0.000000   0.049308
        3.1136 15   0.028698   0.028698   0.326295    0.064395   0.000000  -0.829426   0.000000  -0.163747  -0.058304   0.000000   0.044086
        3.6275 15   0.012872   0.012872   0.377755    0.050211   0.000000  -0.817399   0.000000  -0.178747  -0.070049   0.000000   0.044336
        3.4982 16   0.027809   0.027809   0.291485    0.059498   0.000000  -0.807177   0.000000  -0.182335  -0.059106   0.000000   0.043141
        3.3405 15   0.050565   0.050565   0.320525    0.054247   0.000000  -0.869006   0.000000  -0.195053  -0.077801   0.000000   0.045074
        3.5573 15   0.048127   0.048127   0.303715    0.054718   0.000000  -0.847345   0.000000  -0.183909  -0.076582   0.000000   0.042462
        3.5086 15   0.067071   0.067071   0.317508    0.069731   0.000000  -0.872706   0.000000  -0.184774  -0.071003   0.000000   0.043927
        4.8026 13   0.004978   0.004978   0.311123    0.043531   0.000000  -0.763156   0.000000  -0.146183  -0.058938   0.000000   0.038883
        4.8868 13   0.007671   0.007671   0.323089    0.049752   0.000000  -0.769249   0.000000  -0.143005  -0.052511   0.000000   0.045346
        5.2711 12   0.002877   0.002877   0.364400    0.046490   0.000000  -0.720956   0.000000  -0.152967  -0.053487   0.000000   0.040754
        4.9873 12   0.017736   0.017736   0.373308    0.053929   0.000000  -0.742986   0.000000  -0.124989  -0.051072   0.000000   0.038452
        5.2542 12   0.014202   0.014202   0.349813    0.049016   0.000000  -0.687160   0.000000  -0.153104  -0.050587   0.000000   0.038952
        5.7721 12   0.003912   0.003912   0.338458    0.057883   0.000000  -0.704609   0.000000  -0.143642  -0.049296   0.000000   0.037638
        5.4384 12   0.022667   0.022667   0.319929    0.045886   0.000000  -0.694374   0.000000  -0.126238  -0.045481   0.000000   0.043860
        5.6078 12   0.023450   0.023450   0.337549    0.043812   0.000000  -0.709513   0.000000  -0.140960  -0.041129   0.000000   0.041844
        5.7158 12   0.027592   0.027592   0.336880    0.048538   0.000000  -0.725215   0.000000  -0.148571  -0.049190   0.000000   0.037235
        5.9407 10   0.025363   0.025363   0.327484    0.057433   0.000000  -0.729172   0.000000  -0.110953  -0.048222   0.000000   0.035744
        6.3193 11   0.015945   0.015945   0.360773    0.048486   0.000000  -0.690113   0.000000  -0.115760  -0.048007   0.000000   0.038662
        6.2469 10   0.028872   0.028872   0.353703    0.057221   0.000000  -0.720903   0.000000  -0.121798  -0.046656   0.000000   0.036703
        6.5354 10   0.023181   0.023181   0.355028    0.049122   0.000000  -0.723857   0.000000  -0.105572  -0.041949   0.000000   0.043034
        7.1154 9   0.007238   0.007238   0.330889    0.046616   0.000000  -0.689486   0.000000  -0.098068  -0.038671   0.000000   0.033836
        7.0856 10   0.014756   0.014756   0.272329    0.058756   0.000000  -0.697385   0.000000  -0.109778  -0.042017   0.000000   0.034799
        7.4829 9   0.007279   0.007279   0.346937    0.045308   0.000000  -0.718558   0.000000  -0.111355  -0.036365   0.000000   0.038923
        7.3117 7   0.021238   0.021238   0.298975    0.058979   0.000000  -0.704137   0.000000  -0.084989  -0.031870   0.000000   0.037880
        7.4991 8   0.021093   0.021093   0.289226    0.046047   0.000000  -0.685443   0.000000  -0.096149  -0.034685   0.000000   0.033481
        7.8191 8   0.014938   0.014938   0.294511    0.055004   0.000000  -0.676034   0.000000  -0.098764  -0.031176   0.000000   0.032722
        8.0151 8   0.014465   0.014465   0.306466    0.047799   0.000000  -0.669710   0.000000  -0.098293  -0.031722   0.000000   0.031410
        8.3306 8   0.009609   0.009609   0.362836    0.045819   0.000000  -0.720826   0.000000  -0.079153  -0.022513   0.000000   0.032606
        8.6063 8   0.006809   0.006809   0.397484    0.064820   0.000000  -0.728925   0.000000  -0.099127  -0.037800   0.000000   0.033838
        8.5348 8   0.015878   0.015878   0.416512    0.052592   0.000000  -0.716895   0.000000  -0.105563  -0.034636   0.000000   0.030158
        8.9535 8   0.007435   0.007435   0.298038    0.044813   0.000000  -0.668247   0.000000  -0.095006  -0.029837   0.000000   0.030534
        8.6490 8   0.028655   0.028655   0.334537    0.055106   0.000000  -0.704383   0.000000  -0.087072  -0.028276   0.000000   0.035544
        8.8934 8   0.025311   0.025311   0.330171    0.048120   0.000000  -0.707453   0.000000  -0.093913  -0.027556   0.000000   0.032544
        9.5265 8   0.006872   0.006872   0.299044    0.052683   0.000000  -0.701772   0.000000  -0.103724  -0.035356   0.000000   0.028619
        9.3866 7   0.019044   0.019044   0.328334    0.066296   0.000618  -0.681917   0.000000  -0.078544  -0.029009   0.000000   0.030457
        9.5150 7   0.021762   0.021762   0.324090    0.050980   0.000000  -0.669990   0.000000  -0.082169  -0.027066   0.000000   0.030052
        9.9407 7   0.011353   0.011353   0.352731    0.040452   0.000000  -0.683105   0.000000  -0.088841  -0.026096   0.000000   0.027167
        9.8395 7   0.024048   0.024048   0.340116    0.048838   0.000986  -0.662408   0.000000  -0.078831  -0.028586   0.000000   0.028657
       10.5256 6   0.004885   0.004885   0.323545    0.056618   0.000000  -0.671533   0.000000  -0.074105  -0.028875   0.000000   0.027009
       10.6361 6   0.006798   0.006798   0.263766    0.066610   0.000000  -0.596132   0.000000  -0.074690  -0.029972   0.000000   0.027717
       10.7350 6   0.009405   0.009405   0.322280    0.055260   0.000000  -0.606805   0.000000  -0.074142  -0.029403   0.000000   0.027187
       10.5159 6   0.027399   0.027399   0.302866    0.045571   0.000000  -0.601676   0.000000  -0.065480  -0.020894   0.000000   0.026326
       10.8733 6   0.018540   0.018540   0.343599    0.070985   0.000000  -0.650947   0.000059  -0.067820  -0.021831   0.000000   0.027488
       11.4838 5   0.004073   0.004073   0.337252    0.056152   0.000000  -0.636550   0.000000  -0.051508  -0.023741   0.000000   0.026031
       11.4600 5   0.009837   0.009837   0.357661    0.058002   0.000000  -0.700858   0.000000  -0.057879  -0.021314   0.000000   0.025870
       11.9809 5   0.001768   0.001768   0.349725    0.054376   0.000000  -0.722891   0.000000  -0.049554  -0.018383   0.000000   0.025890
       12.0013 5   0.004888   0.004888   0.310266    0.063287   0.000000  -0.712194   0.000000  -0.057521  -0.017727   0.000000   0.027311
       12.1563 5   0.005612   0.005612   0.341747    0.038502   0.000139  -0.747925   0.000000  -0.044547  -0.018544   0.000000   0.027012
       12.3448 4   0.005512   0.005512   0.352441    0.045214   0.000000  -0.740384   0.000000  -0.043602  -0.018103   0.000000   0.025436
       12.9435 3   0.000015   0.000015   0.372344    0.049458   0.000000  -0.721289   0.000000  -0.030947  -0.007653   0.000000   0.025000
       12.8416 2   0.002760   0.002760   0.309969    0.039877   0.000000  -0.688468   0.001304  -0.032069  -0.008619   0.000000   0.028241
       12.6384 2   0.014015   0.014015   0.340994    0.058552   0.000000  -0.677122   0.000000  -0.019536  -0.007562   0.000000   0.023999
       13.0552 2   0.006229   0.006229   0.310719    0.039573   0.000000  -0.656613   0.000000  -0.026548  -0.008634   0.000000   0.022670
       13.6365 2   0.000133   0.000133   0.339021    0.036660   0.000000  -0.672623   0.000000  -0.017607  -0.008154   0.000000   0.022630
       13.7493 3   0.000562   0.000562   0.314967    0.054322   0.000000  -0.669477   0.000000  -0.036388  -0.009759   0.000000   0.022281
       13.7843 2   0.002409   0.002409   0.316522    0.052951   0.000000  -0.699401   0.000000  -0.017817  -0.010129   0.000000   0.023034
       14.1863 2   0.000148   0.000148   0.317375    0.056472   0.000000  -0.706046   0.000000  -0.017281  -0.009122   0.000000   0.022024
       14.3519 2   0.000236   0.000236   0.293860    0.035333   0.000000  -0.674530   0.000000  -0.022506  -0.007763   0.000000   0.024045
       14.6427 2   0.000007   0.000007   0.318699    0.062455   0.000000  -0.668796   0.000000  -0.025522  -0.009868   0.000000   0.023824
       15.1011 0   0.002423   0.002423   0.270112    0.059913   0.000000  -0.683552   0.000000   0.000000   0.000000   0.000000   0.022444
       15.1851 0   0.001034   0.001034   0.336214    0.063256   0.000000  -0.708777   0.000000   0.000000   0.000000   0.000000   0.030572
       14.6905 0   0.006918   0.006918   0.368563    0.038502   0.000000  -0.795378   0.000000   0.000000   0.000000   0.000000   0.026433
       15.4626 0   0.000276   0.000276   0.344861    0.041545   0.000000  -0.738630   0.000000  -0.000000  -0.001260   0.000000   0.030395
       15.9392 0   0.004387   0.004387   0.298672    0.043004   0.001169  -0.710379   0.000000   0.000000   0.000000   0.000000   0.028308
       15.9800 0   0.001750   0.001750   0.321397    0.052950   0.000000  -0.751989   0.000000   0.000000   0.000000   0.000000   0.029498
       16.0516 0   0.000513   0.000513   0.315998    0.051177   0.000000  -0.744982   0.000000  -0.000000  -0.000069   0.000000   0.031030
       16.4053 0   0.002642   0.002642   0.349240    0.042032   0.000000  -0.733857   0.000000   0.000000   0.000000   0.000000   0.027628
       16.1261 0   0.000749   0.000749   0.328657    0.066427   0.000000  -0.758746   0.000000   0.000000   0.000000   0.000000   0.029260
       16.3010 0   0.000841   0.000841   0.347719    0.055377   0.000000  -0.739891   0.000618   0.000000   0.000000   0.000000   0.032715
       16.7784 0   0.000431   0.000431   0.320044    0.041098   0.000000  -0.739437   0.000000   0.000000  -0.000005   0.000000   0.027430
       16.6012 0   0.001654   0.001654   0.342921    0.041817   0.000000  -0.666157   0.000000   0.000000   0.000000   0.000000   0.028711
       17.0494 0   0.000017   0.000017   0.351739    0.063507   0.000000  -0.666044   0.000000   0.000000   0.000000   0.000000   0.024492
       17.2231 0   0.000005   0.000005   0.348369    0.057689   0.000000  -0.680025   0.000000   0.000000   0.000000   0.000000   0.028944
       17.1746 0   0.001389   0.001389   0.339109    0.060673   0.000000  -0.681688   0.000000   0.000000   0.000000   0.000000   0.033868
       17.3508 0   0.001496   0.001496   0.385389    0.044969   0.000000  -0.661208   0.000000  -0.000000  -0.001289   0.000000   0.030192
       17.8870 0   0.000443   0.000443   0.377778    0.046212   0.000000  -0.639592   0.000000   0.000000   0.000000   0.000000   0.025100
       18.0452 0   0.000275   0.000275   0.330805    0.057466   0.000000  -0.625639   0.005089   0.000000   0.000000   0.000000   0.028547
       17.6957 0   0.005493   0.005493   0.353688    0.040742   0.000000  -0.644680   0.000004   0.000000   0.000000   0.000000   0.028458
       18.2688 0   0.000066   0.000066   0.288779    0.040577   0.000000  -0.575402   0.000000   0.000000   0.000000   0.000000   0.031565
       18.5708 0   0.000140   0.000140   0.343302    0.044151   0.000000  -0.585851   0.000000   0.000000   0.000000   0.000000   0.032285
       18.7942 0   0.000341   0.000341   0.323119    0.044199   0.000000  -0.576547   0.000000   0.000000   0.000000   0.000000   0.029524
       18.8202 0   0.000072   0.000072   0.333825    0.028009   0.000000  -0.600770   0.000000   0.000000   0.000000   0.000000   0.032084
