t = 1000000
b = 105 105 105
E = -0.636547778137959 -0.939899558379048 0.303351780241089
-10.4012221142565 -3.66992261539922 11.7714596332358 -0.501933025400636 -0.0965897011657365 0.859496170812205 0.801790577408391 -0.424615555950646 0.420515754311089 -0.0738025858246018 0.161915104821065 -0.154742982965929 -0.428567763110649 0.131592076716768 -0.114364375765557
-9.67276157811283 -3.8709279052784 11.8343956919469 -0.447383771263046 0.155583711390854 0.880705098180039 0.77671094956366 -0.420587203661343 0.468856593154242 -0.124014114659069 -0.538011486795769 -0.0607785102345079 -0.490181684690455 0.103682648529254 -0.496752177068286
-9.36372508429828 -3.76510363422679 12.2065145857308 -0.701446906029679 -0.496628843453837 0.51120644545146 0.69641297383301 -0.325027499951121 0.639817234960568 -0.476386763131606 -0.176874147168167 -0.503826053623432 -0.0340721490135674 0.109786570587691 -0.142895616189805
-9.20971053784291 -3.83421212944555 12.7150292895683 -0.301788986010085 -0.92994122934915 -0.210077885270471 0.629312751028703 -0.3598367485561 0.688827246689201 0.212437214791387 0.279832687949697 -0.0336104980220984 -0.0129690366184016 0.23733298421674 -0.0194017743121732
-9.22610110497413 -4.12180929924704 13.2557910720599 0.323216305607762 -0.694545361961908 -0.64275808821545 0.526574582410043 -0.432350925426758 0.73197806418097 0.0384541461820065 0.0867740182844985 -0.241770294877423 0.148767879072235 -0.0597739666698456 -0.188638064020881
-9.1379132441447 -4.50228582412113 13.5581854686977 0.892846750260038 0.0220841413003134 -0.449818820474487 0.422618276238945 -0.386221105758323 0.819894535934758 0.0633284339334988 0.173541048281024 -0.0885662515201708 0.253430458938081 -0.377480239922955 -0.152434588595159
-8.81945858069215 -4.77951852440497 13.7887851955918 0.712537201785626 0.664006568761097 -0.22668483123829 0.621005959657597 -0.446463114276955 0.644222233130672 -0.0988938711572609 0.221093622640997 0.153743967106736 1.02224948839691 -0.151351078581725 0.248913920396233
-9.12949440725537 -4.42956622976278 15.2203896220358 -0.529520071629438 0.260054231499942 0.807452964834898 -0.0698137113621635 -0.961981835509487 0.264039758096347 0.0476366735555308 0.0909073189127672 0.0214718983676425 -0.28700202466525 0.0414191088055002 -0.118684421557637
-9.05989002917532 -4.85154676096222 15.5383047816593 -0.891556032872482 0.4199823551548 0.169536608457346 -0.359471278335479 -0.883885041505284 0.299211686695134 0.0321904466695852 -0.435678152921354 0.117882635860925 -0.0634801664793071 0.235828862491322 0.335893875275975
-9.26694275724757 -5.21806399224524 16.0184315371931 -0.892604917383514 0.210034512336523 -0.398926014556848 -0.415349543253973 -0.727225225913725 0.546468871678135 0.810804602848999 0.457664292568751 0.119015942110912 -0.163584770924136 0.660278337656947 0.599280881603125
-9.6415127355498 -5.43641428631171 16.392923491513 -0.390776451615897 -0.205396685470643 -0.89727697310265 -0.606607375429216 -0.675708024215431 0.418862934724075 -0.24384109975005 0.380351499349537 -0.279806881927708 -0.54316381920317 0.247884266250225 0.712721537321942
-10.065542725562 -5.46766459212598 16.6008746721576 0.0138946891755298 -0.743792687065173 -0.668265947270287 -0.50367054022945 -0.582555269475709 0.637922679414244 0.0880237345457958 0.0968703955746214 -0.0142392006033278 0.348608479067782 -0.274552522006121 0.773782754139418
-10.4165748619109 -5.43618879993225 17.747669288226 -0.0884630378784841 -0.339451357893853 0.936454519212362 -0.838659677686014 0.532625049768408 0.113844197844771 -0.157369603677907 -0.169804141730618 0.373609108538306 0.564003665479854 -0.0452738204983394 -0.341526035097172
-10.9165460513365 -5.41231231192961 17.8120510679881 0.220909697375297 0.13618336513363 0.965739611213382 -0.861282540921438 0.491828401937463 0.127660517590924 0.155322978290454 -0.217842021741452 -0.32903687938975 0.476788757882806 -0.194231547782226 0.450209726502753
-11.4910697868878 -5.37911915038026 17.9825488805667 0.481176026067 0.254781141665195 0.838782571224624 -0.867745951056322 0.274263764711894 0.414483234632292 0.444546112678782 -0.0170571186752623 -0.270015291687838 0.177226938835683 -0.27644199022239 0.395722649210643
-11.8297914669165 -5.5083113647644 18.3783742738258 0.508611500798341 0.763479796742589 0.398011232532145 -0.781812498905745 0.215884275530757 0.584947173797253 -0.0685374045637859 0.31583705527511 0.45136540856192 -0.338044469660872 -0.0948103151812288 0.168516538182725
-12.026522268297 -5.40420236931387 18.9181604220275 0.275301573369969 0.915538480421264 -0.293254726420875 -0.714379462392639 0.398954939148331 0.574888632902834 -0.371024066317297 0.161450483568318 0.0723111866354119 -0.631836144310046 -0.00937825697572992 -0.358963943244452
-12.2255036866805 -5.08704845684911 19.2872842224211 -0.0982396579163936 0.545043263015167 -0.832632458563902 -0.811888716107687 0.439942872887965 0.38377986040432 -0.413037877111461 0.166446225198422 0.0213219212956879 -0.0908766232898725 -0.114006388191008 -0.308208934311151
-12.5484912270253 -4.65980439385739 19.5089613116292 -0.241734689277914 0.118613039340124 -0.963065567289278 -0.768723854771725 0.582250859213 0.264665018562366 0.135490916005095 0.388415698068766 0.959434982106242 0.66880323507315 -0.0191610082711603 -0.652802856383932
-12.5591810863138 -4.15712787915696 19.5258451541005 -0.639934989083527 -0.286286327363353 -0.713108230573446 -0.684490634383487 0.634115765273255 0.359680090737989 0.0886602393275693 0.322420542733374 0.27873233794288 0.328577251666898 -0.446779206693192 0.140260990906368
-12.8177464966491 -3.69948567265741 19.5309988348151 -0.628825088664743 -0.703085565599072 -0.33203869550415 -0.769115150835624 0.625157769600756 0.132814336059148 0.151183259164576 -0.040284572145009 -0.294717646209189 -0.556742779846705 -0.0518295454347238 0.0514564413616675
-13.2043054041172 -3.43749320354604 19.2918969008947 -0.487034566967878 -0.734644513367158 0.472329090314898 -0.739135969872159 0.6347963633734 0.22519235131113 0.202311336447616 -0.132720675967569 -0.0447576666318152 -0.124607745154663 -0.113716724898062 0.673120558552636
-12.7633621851528 -2.87546566619939 18.6612787909421 -0.805836579423029 0.566106086641479 0.173641314010732 0.440059628555893 0.768756660482783 -0.464069736439118 -0.527429198617227 -0.333688741875385 -0.175610095799557 0.954028223362587 -0.308107323012174 0.107123169568793
-12.6600821390989 -2.50170860716633 18.2262661620622 -0.470298627803688 0.590792794450461 0.655578427582352 0.398068413352528 0.805008463354074 -0.439889659141104 0.622835169306956 0.425634591035377 -0.125558788720141 0.450986880439916 -0.419919074756708 0.0581924653345202
-12.7154382235314 -2.10458614269861 17.934567568815 0.115401618962064 0.297729019157617 0.947649670232807 0.378117111729968 0.86903300140322 -0.319075370859368 0.27527699929153 -0.0319509072963609 -0.259951163545831 0.677948890876236 0.0680720529382217 0.727208752094249
-12.2598206110843 -1.65046240483739 16.5757395989872 -0.434874563249072 0.882445285344622 -0.179372329560663 0.849369734053623 0.468127018440876 0.243778894655257 -0.306603318612975 -0.365784911842377 -0.409892053318963 0.075764254946635 0.198931018893818 0.158794953938701
-15.5980386706027 -5.38542103608108 21.355379075689 0.526972607677723 -0.749146141449371 0.401347641713428 0.326982080688761 -0.257173871635998 -0.909364788550913 -0.126789528371526 0.374505112192999 0.116806777347507 0.508769026180394 -0.0237617338997186 -0.0416961872211289
-15.224616617403 -5.37334729322602 21.0696836108785 -0.225129367811697 -0.966176643321204 0.125775441359951 0.342207158253395 -0.199274371598822 -0.918250502675559 -0.218353553362637 0.0875104428566781 0.168997153388537 -0.326036897959722 0.096692054097713 0.279011018173381
-14.8312247152077 -5.75825713814912 20.9836915030097 -0.333442260253051 -0.901768817848028 -0.275007742135122 0.8638570990536 -0.175417254754632 -0.472207262914218 -0.329368633012285 -0.677279122180273 0.523106924000195 -0.0987121335449132 -0.135048255610831 -0.25161046073421
-14.4577972740534 -4.84439225530203 19.9110520768307 0.155706805161504 0.647342638197966 -0.746125257310915 0.571637555818539 -0.675061151903393 -0.466393552666118 0.125212919098778 0.062103434978014 0.240266429075163 0.317614554403898 -0.166058025059848 0.54056650581332
-13.7413139752771 -4.45048786160104 19.3649913255529 0.218160077680685 0.820798089561905 -0.527917300983735 0.917685666783158 -0.356593920387265 -0.175196440955921 0.00673208706654716 -0.0696051086914046 -0.215670575812469 -0.0577065049853639 -0.243448864978365 0.0885170233605492
-13.4830685556485 -4.61206622179517 19.0497885616366 0.486039384716061 0.839211040923538 0.243906837330988 0.85272926040676 -0.394290386181041 -0.342619176070563 0.375885794753987 0.378385989373045 -0.0336309638895751 -0.194458367073333 0.204910239094252 -0.269959089686674
-13.2696476530983 -4.52772207522055 18.5983392265245 0.521043090804036 0.342121748691658 0.781963430473267 0.815194423312511 -0.470953811800166 -0.337135817365965 -0.316689131359773 -0.0813381534211181 0.115154020774832 0.334388182876571 0.0560606028026869 0.163958351749578
-12.8431513116168 -4.4542271635754 18.3695488698958 0.284534635427129 -0.245415300166437 0.926720762520571 0.885729501363467 -0.302541222395188 -0.352068259242359 0.0638862664722203 0.0756409870985397 0.157775296504145 0.419480478014962 -0.122421600197499 -0.31308166270508
-12.2507945695304 -4.31288236009118 18.360503321704 -0.0573598135444023 -0.72589814573488 0.685406254573668 0.920543524019437 -0.304174781382025 -0.245106757877057 0.117104587120037 0.212742815945769 0.0900229013307836 -0.0464708825829151 0.250168900408078 0.525601583856094
-11.6969701078265 -4.32991812381741 18.5164159726169 -0.316975933393007 -0.884948501791045 0.341163314011382 0.909764540642816 -0.385366178335124 -0.154341793381848 0.411816574846398 0.11630952691244 0.163232493219398 0.100510822646905 0.193812180107359 -0.453208849231586
-11.2075637437647 -4.56317239109445 18.7424978256008 -0.530614384307958 -0.809924530949397 -0.249941251761162 0.84624152130828 -0.522970067169581 -0.101870488654645 0.35062345606614 -0.421390116250947 -0.225852258538022 -0.234498646760118 0.0574236291444122 0.110924724625442
-10.9076558089935 -4.94513802522856 18.9563973073972 -0.521501694665868 -0.362290556503032 -0.772516365606164 0.74209957130731 -0.639411265556408 -0.201100620946764 0.281827307266494 -0.0768040835710266 -0.260234316742095 -0.320287257429061 0.11911270308617 0.13449500757329
-10.7507422858498 -5.41064882498458 18.9569298984682 -0.246399322972314 0.0824974471830874 -0.965650840028153 0.714407665490861 -0.6578325857248 -0.238491041019175 -0.317063654908843 -0.128659766454371 -0.192139195574275 0.237869418199756 0.144920207359333 -0.282015298697655
-10.7467862096997 -5.90321084874197 18.8055274579912 0.403632105854866 0.508908457870975 -0.760324473254965 0.619862518020531 -0.763345021426398 -0.181864886706163 0.0474851623101578 -0.488489983131161 -0.231926080364671 0.429928087353798 0.0438328085074419 -0.375770762470108
-10.2085073411392 -6.29906773111555 20.3307036559996 0.411156034101604 0.590732085288809 0.694252345355724 -0.633391247751508 -0.362582205491972 0.68362977665708 0.0871613156471581 0.231785452695595 0.435616819682861 0.58433079813601 0.414719618644765 0.00348168252596811
-11.3458635426775 -6.40350069612698 20.9366557304547 -0.999649282736508 -0.00253095530331542 -0.0263610657920742 -0.00416181237884114 -0.968039202490037 0.25076439492136 0.59879353698619 -0.299541967241573 0.689147797007869 -0.374595991049409 0.141958596493469 -0.17939343835985
-11.5376058565745 -6.72478956802808 21.2934082871497 -0.581131310410788 -0.145137060247513 -0.800763157121412 0.0277715781020178 -0.986932100936724 0.158725447204826 -0.116552000410825 -0.607855484364448 0.133362913265254 -0.278879039551344 0.0550077100370965 0.218404672734264
-11.275331059611 -6.86293106347022 22.6567092661069 -0.801250504812318 -0.506795243215599 0.318050640609351 0.521941175399408 -0.851918074819486 -0.0425793755069431 -0.707677107136263 0.682122321907871 0.269851525664631 0.204784297170053 0.0344046587558251 -0.60553616008972
-11.0839107754115 -7.18467948640191 22.9063291571519 -0.754035291536604 -0.578806211633249 -0.31050627770191 0.521993799318232 -0.814996797289426 0.251600266060007 0.309594143167409 0.223932992175117 0.101186716699297 -0.0325589149590234 0.0402741808023325 -0.0359316567957231
-11.0557324041015 -7.46907455819822 23.2274483385729 -0.13290309228339 -0.470577770302168 -0.872291998220232 0.467943836821778 -0.805624042148607 0.363315934542768 -0.464746918101681 -0.320506973023268 0.0376798861264961 -0.502583713176377 0.026264013871956 -0.0478682829590526
-11.7071475010087 -7.54937458958615 23.9054585977462 -0.866275170067946 -0.301322883840096 0.398461854382742 0.475407820725237 -0.742281228424222 0.472235091794913 0.47457747374909 0.335973976000462 0.116367450880436 0.350625299181125 0.0875527279207256 0.0199635941081625
-11.5791292693317 -7.75608955267308 24.3858521501792 -0.676510511290047 -0.645402372700612 -0.35466788045502 0.550623898939035 -0.76310272730874 0.338360088502055 -0.413534976031915 0.296511428487468 -0.216391688135236 0.0809706591279844 0.287822901993983 0.464288585423247
-11.4631436428471 -8.28431272042363 24.5597342491662 -0.405362133103131 -0.21507612910607 -0.888495244632737 0.356091704622832 -0.93230993167119 0.0632209554345811 0.141112572167672 -0.331723779040847 0.103888894010258 -0.160379126912001 -0.0634188560300499 -0.0551291062501964
-11.5304347065632 -8.7840677771957 24.5505281022813 0.333492108864083 0.124436197511691 -0.934504492270798 0.35260699144161 -0.935770698801027 0.00122835329735228 -0.185091194584634 -0.278795009346129 0.204237870178018 3.0457177897535e-05 0.406536623251894 -0.0542418057899739
-11.5440460958226 -9.24840170484812 24.4236711031322 0.914643393540271 0.246856098669351 -0.320139858816306 0.244738308480945 -0.968423976176452 -0.0475201297168989 -0.423781487723052 0.182822925112279 0.304061249021068 -0.29367424559916 -0.107000329655866 -0.439052545457435
-11.3892017703913 -9.69757606879115 24.1886172887843 0.94606561637254 0.266307807669066 0.184499325451831 0.306238705276087 -0.920936305333279 -0.241027336436929 0.208311907780451 0.302429635406096 0.295979527263474 -0.152761493808324 0.252578966680235 0.594348549611676
