t = 1000000
b = 105 105 105
E = -0.236004326484636 -0.588144667256125 0.352140340771489
14.3099179209933 14.1110069335515 18.7608614992709 0.720236073620627 -0.141830575581512 0.67907590598233 -0.0614475434213004 0.961987419297496 0.266090970385843 0.0817610232493608 0.507505966038191 0.103624150596344 -0.253919579502798 0.108603860662746 -0.76905914900565
14.1919285560419 14.405638963238 19.2215633466212 0.991995810776335 0.102244423691698 -0.0740971607154994 -0.0886438900038602 0.981792999943074 0.168002279828923 -0.029641759707972 0.302113711626494 0.113218575481925 0.456996629194009 -0.12315949087821 -0.365038529350613
14.3325025310604 14.7667403123602 19.5944322122331 0.619012976875147 0.288055643195569 -0.73064826071325 -0.176090292604383 0.957529834102747 0.228317379219739 0.0869779545258195 -0.0952519942632728 -0.500631248281518 -0.12987577347749 -0.342065550368022 -0.400241806535337
14.5312919451525 15.1780266779649 19.827681349306 0.239204118706567 0.187110385025546 -0.952770220677246 0.105123658179001 0.970498208459669 0.21698443231626 -0.503995302307123 -0.0637427134209317 -0.376228724248987 0.361455032520752 0.412989730822375 -0.448715624040294
14.924035851006 15.5946514418327 19.8447822551356 -0.463238265471243 -0.00585475011438334 -0.886214438668263 0.0844748101904611 0.995133362448939 -0.0507306355601521 0.459492264371866 0.21993371719346 0.365709103053106 -0.116220626564785 0.366388370177818 -0.117301982026448
15.4907629062016 15.8131155391912 20.0492066068768 0.263578431360634 -0.531988597283708 -0.804682883427706 0.717424307509408 0.66574767585551 -0.205139940254271 0.844906576642926 -0.298077567512055 -0.126252865148521 -0.00515729312177373 -0.458645848163709 0.106446147590939
15.9460181021904 15.9539065549924 19.9419563446784 -0.472112939935351 0.0487676753483284 -0.880188096821728 0.48376599867534 0.849022747817706 -0.212440185025933 -0.286612610726566 0.0870763738915565 -0.616251005307016 -0.291567787565754 0.241884290742622 0.179904522613603
16.2915796893306 16.0859920008902 19.6107061689577 -0.814984838972989 0.572186753289592 -0.0916625965379951 0.57196069240179 0.819682368234719 0.0313333935695711 0.347322295216148 0.200848789749218 0.195592225800176 0.0192408313125479 0.671144267473921 -0.229600433707351
16.4991418148672 16.5708113942605 19.5120622144636 -0.928077163609889 0.365058130275772 -0.0735210167592609 0.370640161276568 0.886433597269906 -0.277238793245109 0.16587944556668 0.26442056037701 0.174176754407076 0.475611999543199 -0.200389900826025 0.0216467485064318
16.5747620444201 16.735178907242 19.0149383818345 -0.428365817491411 0.593085587411281 0.681727373962407 0.553722903695078 0.768494040603777 -0.320636640887788 0.0133902926308761 0.126797967109947 0.182065673708874 -0.937668985074815 0.355214731521326 -0.407143818336471
17.971433803077 16.9500842910424 19.3144766702487 0.146746784956445 0.357540545857844 0.92229612336416 0.267477845431506 -0.9119982676509 0.310989970907528 0.0928264439856566 0.677543370231363 -0.272752598542146 0.0165467748544542 -1.29370350021878 -0.228998640545976
18.6198735854278 16.9610629942504 18.730480368449 0.775669020996148 -0.474662245320999 -0.41597274277732 0.233571248759809 0.82817559475412 -0.509479789595621 -0.0604390453565736 -0.163641675370192 -0.223405094126276 -0.230490810256269 0.394817312169434 -0.164151215594658
18.9371950758744 17.3028071482041 18.6818712354429 -0.120873971993207 -0.379051504720357 -0.917447240806682 0.29236361502524 0.869635267641199 -0.397816563109145 -0.363398705975421 -0.482403825072481 0.0658969906056004 -0.548333899306391 0.216854553903643 -0.114730776745078
19.2772384675754 17.6035345505172 18.3775650739816 -0.823005098731496 -0.0629579145766113 -0.56453424028496 0.241294140658638 0.860966957302906 -0.447786819944898 0.0350605908516349 -0.184647906280152 -0.398436530593435 0.323386854848773 0.308574916158932 0.185812859707499
19.6947722883088 17.8992438297238 18.0492523021265 -0.946775975979292 0.319139238723209 -0.0420166349874772 0.321522440510185 0.943857827593887 -0.0758664717656917 -0.653800174974426 0.572104976568088 -0.0767415678499411 0.113843953062753 -0.327479093457373 0.230108423251901
19.7671053169484 18.219133886331 17.8072208215302 -0.591526385871826 0.286614090578862 0.753623843770333 0.490825320569149 0.869548529364909 0.0545514414815157 -0.417424031632564 0.100292700089258 -0.394736242311612 -0.113417670540887 -0.412448679843952 0.223130635108919
21.2334820132166 18.1532464347958 18.2690910986138 0.984017221512455 -0.165446151085803 -0.0658610572174416 -0.0840364385307952 -0.105370680159843 -0.990875823078693 0.107385439500563 -0.33657428071704 0.514212994105088 0.0171948610233662 0.458992166350208 -0.774255235298209
21.2513170925768 18.345554370389 17.8348535809897 0.528942091168891 -0.847796666292634 0.0382240344930135 -0.350957130975691 -0.259527407851979 -0.899708073094239 -0.313344136966465 -0.462488467805555 0.392959474098066 0.308275871582957 -0.595139412130102 0.403016499245762
21.4043209992033 18.4189485371403 17.4379789054024 -0.307238750853821 -0.925869830536445 0.219930459182699 -0.363587319044275 -0.0993675744575165 -0.926245295036293 -0.295140666533167 0.0252253867087888 -0.152286585241346 0.122274656793366 -0.0204023694478787 0.27409150692157
20.1931604321211 18.5367467114919 16.9944302885055 -0.904656714696687 0.193121267984403 -0.37986893056209 0.417446726876029 0.580760955495613 -0.698895516362919 0.243037813078253 -0.519942342575492 0.336715068239134 -0.205873712537781 -0.39586779403765 -0.17419550204498
20.3314916146287 18.6989357983338 16.4915754362169 -0.755988760623622 0.579120905630067 0.305122877662534 0.371126588654336 0.763178401067318 -0.528983726912461 -0.37920164767183 -0.244876389754494 0.134741597980179 -0.221319177598213 -0.226791950290864 -0.00265464340641075
20.3428904735466 18.7975220863294 16.0252511852315 -0.213935182817095 0.779765163438733 0.588385951090313 0.368810459549877 0.622227407139819 -0.690515675948569 0.12398664450913 0.142981288467547 -0.308301666922977 0.172834925116668 -0.0519383744646476 0.305228707467859
20.4842164021808 19.3849548060427 16.4105751651476 -0.922989779628458 -0.0669365836028063 0.378958256905722 0.21780005874705 -0.902720989917226 0.371022841308461 -0.335304800792671 -0.0667981516578977 0.0936923598077568 -0.0951509927150078 -0.177161513528235 -0.0221886202947613
21.0407010551069 19.4879231907055 16.1031217854132 0.0405162237259873 0.166559167594391 0.985198700417895 0.108201796208727 0.979478497035605 -0.170041892315236 0.537689843617127 -0.613479156666229 0.186114888442874 0.234324818514471 0.401974353067694 -0.386197112175383
21.5036890090257 19.6898580654069 14.6777481401207 0.192482335121321 0.0186163630660487 -0.9811238360639 -0.800702364321596 -0.575024097066756 -0.167997058195762 0.0370687995772454 0.115607050692386 -0.202534003118711 0.195801645664039 -0.205937778371053 -0.189209295660532
21.247522223697 18.5051576956205 14.9933369606838 -0.357856871803477 -0.917323438225125 -0.17451695902086 -0.752659500139719 0.172748354810376 0.635343751649491 0.217097715376768 -0.0310685114494115 0.366565869753982 0.180252555922951 -0.031885321993367 0.258855715629048
7.35256916931708 4.84729804817689 38.8761741965126 0.489956902618817 0.770295532178727 0.40815074014595 -0.309464519796282 0.591394388246834 -0.744637085120947 0.307778525470051 -0.534077209855321 -0.854429145938006 0.0497248758727799 0.329125897999808 -0.241994856879998
6.75946887876738 4.72106971156626 38.9854902007227 0.148480765325562 0.264482721523361 -0.952891574285227 -0.659885357265031 -0.691175496125086 -0.294665486311822 -0.223335533718485 0.306956465351844 -0.406971996589534 0.231374346066025 0.509938074953692 -0.123862811012799
6.32629164555401 4.62917150451035 38.8528897500752 0.717851893906488 -0.350249270265155 -0.601676081536794 -0.60870601399428 -0.735197632698426 -0.298264026328665 0.401076797212395 -0.0822125735621445 -0.213647805497728 -0.718152792664525 0.544320170012608 0.245367004973155
5.9911273179852 3.61180062230867 39.3823292904892 -0.118511582437234 -0.176842694764965 -0.977078126935888 0.908591240017779 0.377601415487507 -0.17854727548972 -0.416474616056813 -0.334478112725128 0.0201517918936135 0.31825836194765 0.22140353495395 -0.465752156735325
6.46980151357912 3.44997122506191 39.4502803103648 0.339202738169908 -0.484232088830212 -0.806511491899069 0.422722346713425 -0.68744316597522 0.590531718998341 0.241480437163264 0.174524783981581 -0.0205124240927344 -0.36193940959147 0.316127233431251 -0.11587846003407
6.69467066936261 3.04159964158636 40.5641070722085 -0.707843602828819 -0.480927411168624 0.517364725431767 -0.508269260891965 -0.16185197984174 -0.845852407369997 -0.880245699598981 -0.351859961179311 -0.400061111608419 -0.296754714731809 0.159279761355048 -0.0963012072775588
6.49924602582754 2.7398312429186 40.3642946667928 -0.819203992573828 0.534435909528978 0.208045853496174 -0.128764244755398 0.182101274379298 -0.974812235839267 0.566471014579492 -0.601647488443863 -0.176019664851652 -0.622407085554882 0.0718241002169609 0.0727418763454385
6.15908817390637 2.84397977751771 39.9206681287397 -0.210767846893967 0.908204471799633 0.361582012991476 -0.249760305764133 0.307582417040176 -0.918157310264584 -0.48465914701764 0.185216126557491 0.110889501102423 0.343366392436235 -0.536879601654694 -0.0832179248585321
7.02090767815456 2.03740836333444 38.7850852102912 0.709409008302565 0.302204654682421 -0.636719094756409 0.567546805016591 -0.780593399262182 0.26184837051962 -0.120155360269108 -0.880437889530231 0.574798948509341 -0.169270110133412 -0.111051718209019 0.265416616479455
7.31624360624583 1.49250946163568 38.6691987608343 0.701743281081101 0.709107445551208 -0.0687240723570019 0.666850481651965 -0.619834665834058 0.413660999069216 -0.190320608211398 0.161884869629293 0.37532167660646 -0.138713927574864 -0.0284994843413039 0.199709703433818
7.78195600706663 1.17645000744157 38.7443106930657 0.288587620821722 0.845561737042299 0.449157582545766 0.561571653155668 -0.529435261090777 0.635873873252907 -0.0513987769314782 -0.630403053028232 -0.468121053408461 0.153807886123239 0.238660417494072 0.213113163101836
8.25265050511878 1.15226435219103 38.8323489813606 -0.373359420844076 0.166805929911183 0.912566997328666 0.574177449485183 -0.731090042525328 0.368547970043135 0.348096571950385 -0.425641244492591 -0.38795229780435 -0.170625407228721 -0.104757177555504 0.0833784798343996
8.62630931522709 1.09325155966139 39.1891860023832 -0.735031589692283 -0.366355542340064 0.570536746188298 0.63807328915093 -0.65834915755644 0.399297964453566 -0.669982846503147 -0.401337762519938 0.546015938992064 0.128752760936722 -0.0267113559097831 -0.315888085082085
8.75616596389465 1.00981146863178 39.6243674406317 -0.274330008516442 -0.942383279930974 -0.191459656674506 0.678551846359166 -0.330776410675198 0.655861538698121 0.545380857356093 -0.210293759759207 0.158168560077034 0.504976496388229 -0.170450392628359 0.0287265684234984
9.39898219364009 0.649998741440468 39.7598905068896 -0.451469483642051 -0.0151312806008684 0.892158253723712 0.140415510497875 -0.988603143767469 0.054289119947484 -0.0989438621139345 -0.163104541469872 -0.0291812618909746 0.870582820353565 0.599961361040876 0.0260042974456333
9.74587477805332 0.227894928452094 39.9106083749866 -0.932450263991988 -0.0974140629190381 0.347918101752283 0.166373399671625 -0.970563345066257 0.174145585920202 -0.311121127850559 0.0676112252002883 0.0676644421957943 -0.126782305405145 -0.0799601989826125 -0.457482433003131
9.90859452185614 -0.0938458318566143 40.3157878040388 -0.821040754143533 -0.235653421563732 -0.519961099449421 0.214563650569108 -0.971426090249042 0.101458321678925 0.453362337795184 -0.018508703848284 0.300808472921168 -0.645182814298432 -0.301173732029862 -0.295409517032903
10.9700614662762 0.176518334433616 41.0667213398374 0.232329020309502 -0.353383107183534 0.906169744517735 0.0256929574784735 -0.929107704156617 -0.368915635359992 -0.477947279247225 0.575084064739303 0.147190105351428 -0.548993383425901 0.160717475045025 -0.21051889764921
11.2777599427604 -0.197558817448661 40.957985636373 -0.596236550722835 -0.348254982155526 0.723339783909427 0.182454432642775 -0.936215634778742 -0.300350903452828 -0.0951303069464288 0.463905976059482 -0.491041339450118 -0.356827808224151 -0.221403329796973 0.0845722963961058
11.4475958553216 -0.57186335099137 41.1758292778825 -0.95703246291119 -0.257496860875683 -0.133357532870696 0.282142842762152 -0.933054853491174 -0.223168225011006 0.19976631285526 0.330122938597344 -0.0694346101269762 -0.0139987396451283 -0.174947011294762 -0.15270928996645
11.429722468093 -0.949399686808208 41.3053064525971 -0.467903780107302 0.0452791863548658 -0.882618744330976 0.336414033185924 -0.914377989852046 -0.225252058702635 0.0128563759669372 0.051622266487074 -0.221569323157465 0.0805661888196592 -0.143215219969828 0.245285148515806
11.316454586301 -1.39612235676086 41.2435649148769 0.237017019687845 0.302874718938702 -0.923087123193753 0.389658370796777 -0.900022970462613 -0.195256259074459 -0.0350338007011133 -0.654077457788547 0.176637787438399 0.0450790949592959 0.0990631340172848 0.462010583474309
11.292538701354 -1.89465257064249 41.0094975354468 0.565722014321218 0.444547648173447 -0.694504133188437 0.322049091404932 -0.894458856518706 -0.310205958551014 0.128227504713242 0.184570612912762 -0.433344394186947 -0.533647177898906 0.26784203958967 0.402593702114298
11.7320334622663 -2.78788721543289 41.9155384669988 0.843882128016124 0.536245399530054 0.0174305908612703 -0.456411722764083 0.700412365070711 0.548735690637596 0.0382528816553827 0.245488010970028 -0.113986042775521 0.496363792069712 -0.0493701066515748 0.262868037350003
11.6096591794993 -2.17803510519071 42.5670673938041 0.997092278109662 0.0676192381821996 -0.0351372674240632 -0.0704475359578775 0.642136592126098 -0.763346410046101 0.0395393277742529 -0.379139962150078 -0.0322513803263097 0.103337976933011 0.0979677893784669 -0.150989028512314
10.7774283979096 -1.70011611823051 42.9520046410807 -0.702181765386222 0.0775437516032677 0.707762484839715 0.168778680380713 -0.947590442642944 0.271267598619253 0.389791440679947 -0.117495901856267 0.468329740754553 -0.0285081459857472 -0.572111116534667 -0.252434181368036
