t = 7000000
b = 105 105 105
E = -0.366436189686581 -0.707130423376301 0.340694233689719
5.65831983010442 -58.0923128322036 -7.6419249049545 -0.715598969950332 0.370073288183155 -0.592422041773557 -0.570561139757523 0.179589663820108 0.80137852382475 0.0905480211089271 -0.217903803732402 0.129601879936277 0.279914541757478 -0.0670047037399515 0.276745637506492
5.2717578850337 -59.1056220990228 -6.48393849227483 -0.0690055283986133 0.049558268052118 0.996384571898829 -0.722639062842143 0.686081596179178 -0.0841714217453223 0.274979628266839 0.300129665091966 0.162130880702022 0.659635237118199 0.3416256593526 -0.334761318164974
4.80802004490213 -59.1243325318938 -6.41317119091322 0.493396340875051 0.767466487494833 0.409335121121443 -0.723424307103591 0.623366336283191 -0.296768736022276 -0.50489226799604 0.069696190237936 -0.0317419995939929 0.262478137736103 -0.0442270586881631 -0.169485176828274
4.37095780900858 -58.7933820816117 -6.43826935091669 0.784799919093023 0.612173874462329 -0.0966034907104376 -0.615312472371623 0.751039295932619 -0.239437961295191 -0.847846452572288 0.0182255540601976 -0.279541817207133 -1.17784123801779 0.236506601335531 -0.284543727764617
4.18627815295227 -58.4223702420244 -6.28672341860626 0.437275401928966 0.33194928131306 -0.83582288644399 -0.708871547142379 0.699154652554191 -0.0931874533637119 0.161035397318742 -0.489232576987822 0.0402726053872173 0.122878089731162 0.217631426961162 0.628115424164083
4.02829552256788 -57.9615697512146 -6.42464108912329 -0.01098239234071 -0.466260091564009 -0.884579512578288 -0.882708237257208 0.420140065024163 -0.210495828081267 -0.290474466253066 -0.284749957043891 0.0471729199437662 0.494773842685697 -0.379510216474876 -0.151362147821453
3.68396978099163 -57.4273864037107 -5.82547306770244 0.810303802371151 0.330762909690586 -0.483739232888385 -0.340438414334019 0.937595230449828 0.0708298657579585 0.567370841786718 -0.117522591843528 -0.267951625108166 0.444561807717758 -0.369817122442397 0.156656968318686
3.70188876793053 -56.9043904858163 -5.65003612511231 0.382347766525472 -0.0178361617224259 -0.92384633828802 -0.428008234624095 0.882668414342279 -0.194178838746085 -0.0657069072202583 0.720989675683066 0.610961747149954 -0.207207441501861 0.0348029274180519 -0.339763869012649
3.75178258334414 -56.4188891220664 -5.76211890010136 -0.1507855948377 -0.30188881793232 -0.94134310747873 -0.43903751478212 0.87361972657875 -0.209844308825968 0.508115136232821 0.332623201876845 0.336554948965721 -0.0667003196039928 -0.446424167582812 -0.345692100774423
3.83139389081871 -55.9122878504668 -5.84938748533961 -0.608258767271811 -0.504404080753112 -0.612860339193729 -0.240382081770858 0.852920336919412 -0.463404093241272 -0.426840672380281 -0.06264238620232 -0.408925515860592 -0.10710921119768 0.267303322911592 -0.280854976451272
3.74778633503405 -55.5876680479185 -6.36955314523859 -0.819144383480553 -0.569486529893744 -0.0684658402576276 -0.40138028551089 0.654385810617163 -0.640837793256657 -0.044945958579572 -0.136387796164896 -0.201730514708401 0.100051159659472 -0.0404712959530024 -0.118270274682972
2.95404212853013 -55.0237699897283 -5.88393985610164 -0.796498939372327 -0.0572961159516904 0.601919093130971 -0.499811564750658 0.622609336529732 -0.602117940114486 0.300846849898965 -0.215324700878331 0.60822898315757 0.105838107605488 -0.311248336484165 -0.101383192721227
2.50862917398685 -54.8330674002458 -6.1770331384093 -0.172121573920934 0.628038727179205 0.758908111008417 -0.166552278958771 0.740760589450311 -0.650794965784761 0.0642161416984746 0.406401104355172 0.510289256697439 -0.22226238473898 0.237230102859394 0.0709758244830796
2.3126013883291 -54.468594807791 -6.39476075712897 0.700249550999386 0.449694981002786 0.554459187304149 -0.0728704314305126 0.817632192830023 -0.571110757621625 0.520306835642268 0.151207446784001 0.251904324779303 0.149203931712498 -0.264347326328626 -0.988050324535934
2.13939104073052 -53.9675542522515 -6.50863365026782 0.891174625511019 0.261751777804714 0.370531771460427 -0.130646252091739 0.930235681589187 -0.342918552301611 -0.241337898365888 -0.478691129379729 0.0146541046149959 -0.46633115404984 -0.611774833912524 -0.499201740117501
2.18364262954127 -53.4504520109684 -6.28194762902955 0.896473611466245 -0.193344588356176 -0.398689019284688 -0.0709495002677462 0.825532778554937 -0.559876593494769 -0.118056130178512 0.0833946561882944 0.032491719541133 -0.386285842794387 -0.452068609121905 0.0139527851028057
2.27542871424152 -53.0606162916675 -6.36666496599836 0.138664928517061 -0.553088328227326 -0.821501879960009 -0.250661129024029 0.782904161899576 -0.569412040333314 0.244525882533933 0.352381792023086 -0.246914094284715 -0.622175421406014 0.2120142506097 0.280283339577451
2.41732496258884 -52.7261055417103 -6.65426259409366 -0.687781707528015 -0.435386115661317 -0.580857343139827 -0.0980892108593523 0.848571806128705 -0.519908065485613 0.175584640410947 0.445039962460494 -0.581811309395479 -0.047141657793375 0.261956120065 -0.0694862967635111
2.52566380544163 -52.6814938625982 -7.13063326075085 -0.992283176371785 0.116959868344732 -0.0411641480700508 0.120366747107871 0.828939543230998 -0.546233539668308 0.225468310278208 0.0176688539951051 0.0311708422631635 0.276971329737998 -0.599381709107017 -0.0236150484963533
2.43121731390178 -52.4179507684585 -7.5934274737545 -0.770322699231867 0.248924805035735 0.587059946245875 -0.0288106427386853 0.906128387951227 -0.42202048695981 0.0118837434056625 -0.117503156777924 -0.0453358615599121 -0.194490609084921 -0.000803962939131593 -0.0219847091249328
2.5020811095794 -51.8979809532792 -7.83995971802167 -0.723168574242937 0.0273922204059146 0.690128161639619 -0.253890274735674 0.918709514962739 -0.302510422153693 0.0170803512888853 -0.456497381731399 0.286718312769929 -0.450968351341819 0.0743353579856475 -0.202889983967589
3.67920680912556 -51.1154220205236 -7.99574053920708 0.757267841950752 -0.585164469270854 -0.290048201942957 -0.618632389755957 -0.500303973822316 -0.605796913266083 -0.128964190250634 0.48267312942383 -0.081069061066994 0.341753779750802 0.120093554237149 -0.511808197479561
3.48042097614983 -51.2626429611377 -8.43300009906558 0.627306069432649 -0.703329755399439 0.334386528471522 -0.387305925074341 -0.654265251524689 -0.649562238011142 0.473027957358539 0.20805182164157 0.406528185753431 -0.497514120180967 -0.162910722724689 -0.39902944467775
3.53991242268941 -51.7399331570497 -8.73612319940541 0.287804652641776 -0.42852024220931 0.856468845863518 -0.145242978443323 -0.90349367695741 -0.403241432532202 0.805263140887292 0.281894221649293 -0.213146364448851 -0.187395254608456 -0.157176186923145 -0.126541235097197
3.32297122558767 -51.7281744392882 -9.44673101017726 0.632883287976098 0.671867390496956 -0.384776497967532 -0.0877904481741911 -0.431491128702141 -0.897835309542299 0.405458208791142 -0.0550118850011725 0.141435184975767 -0.135205521129068 0.0506696350893449 0.607923873436755
3.20676228897613 -51.7789870803041 -9.97121227413148 0.998535163867928 0.054034496989091 -0.00279278608702345 0.012907787801638 -0.288021117236471 -0.95753706196678 0.475027179670409 -0.294871432225572 0.125481294234749 -0.0258392657524009 0.652975123264307 -0.268126533913605
-5.23610499741747 -30.6529937300773 9.26074456081709 0.663522674740052 0.667697758955055 0.337516462993862 -0.599598733388697 0.744395800941006 -0.293864340231428 0.0346725999494345 0.282219143226449 -0.0377065268772365 -0.216566279091454 -0.155570315534984 -0.132959381361536
-5.11699261010232 -31.578383278793 9.0902992296431 -0.258509027157377 -0.955137704849009 0.144516599925226 0.493269399082512 -0.00188797900036876 0.869874551566986 -0.167920203008252 0.206499061537284 -0.450081176418016 0.283233378679021 -0.178168062204484 -0.300182507645158
-3.83209738896993 -31.0717746737707 8.64052710858992 0.845204976737793 0.378350088165015 -0.377464909737114 -0.335056211699445 -0.17512437604814 -0.925780096953493 0.0378217744470945 0.165486333775456 -0.223117819807147 0.295274943966543 -0.146883158859789 -0.200901988389737
-3.11049619684678 -31.7823246077241 8.4669553366473 -0.22929393292141 -0.366526773694472 -0.901710827533378 0.636223326084288 0.644663677424443 -0.423826169975066 -0.0997509481346937 0.0540497450148739 -0.0963273363110117 -0.0217998840711901 0.395507342638521 -0.259688156471668
-2.68808070892212 -31.7295749862493 8.22732645104739 -0.645675038642834 0.154834935755025 -0.74774988274366 0.658992300740398 0.607704722746307 -0.443197605495245 -0.0358451249935839 0.218469166420647 0.233549005297162 -0.20885914732721 -0.285398588157731 -0.00359299813074704
-2.39425855121126 -31.7226273500809 7.76770390877437 -0.623886872254292 0.781353400895029 -0.0158755641867372 0.644261086091178 0.50271202940717 -0.576375110876547 0.116849162723135 0.0621689251371203 0.207411924244184 -0.191066240870283 -0.52611791505622 -0.220449522229845
-2.40388817874498 -31.5827944212302 7.31266845625494 -0.13689040588748 0.92866764409848 0.344728042927463 0.618052824384142 0.35203016733866 -0.7029121335944 0.0725027647920974 -0.102555928722114 0.0475161566996484 0.29426709678985 0.327592755167033 -0.180431603043922
-2.18882776282395 -31.4324002224474 6.79239935318813 -0.276376991235181 0.845103024946089 0.457620624472223 0.488843405087854 0.53358639647187 -0.690157723134463 0.0209297666683924 -0.283107435670834 -0.0774362739380959 -0.291993858870077 0.130076349589299 0.0521451159608772
-2.09064172782604 -31.1640134810239 6.37788338344957 -0.408750240987955 0.606784130402879 0.681715673564408 0.123437108698993 0.776858641778216 -0.61745763489511 0.299140357860149 0.254138667746995 0.380890421196732 0.452244098517149 -0.234532992542036 -0.0432304559701432
-2.38636643425879 -30.8813720144499 6.09684139607237 0.587168153690567 0.549391460084181 0.594476730308592 0.194014961067821 0.617482285582966 -0.762281983175245 0.0651846290864886 -0.26011137303361 -0.218267619914004 0.398584334167719 0.189775202777901 -0.0608907597632251
-2.46478748144316 -30.5018409459788 5.87883603579203 0.979100857091496 -0.0148832088346454 0.202829982344694 0.181492243908415 0.513975950600874 -0.838384928063858 0.376926403578891 0.43943105934715 0.195271108055562 -0.195133146987516 -0.217376689236099 0.293262128885187
-3.74861833520258 -30.7466938206957 5.38063512259549 -0.692180113046311 -0.496503038162443 -0.523804757708982 -0.720707781058343 0.436991255238537 0.538162556451773 0.0229849764331042 0.523928699468646 0.277617762859768 -0.215099794577265 -0.0151594137005188 -0.268989174478535
-4.12441537128825 -30.4065980960219 5.60821945594078 -0.396251693780077 -0.855280846588495 -0.333885112928351 -0.89719850449214 0.283473216876036 0.338641076733275 -0.654840039871302 -0.331181151518025 0.221409520389192 0.482465093129871 -0.705222679886123 0.181452857381026
-5.13373364005864 -29.8002462071468 5.76614631317115 -0.894997061767938 -0.43489538319444 0.0992283482828792 0.0240434835942308 0.175093747828874 0.984258142139501 -0.181097331020713 0.457110051346396 0.149767439273043 -0.1395376377735 0.147756462637117 -0.251765248497967
-5.34161319744737 -29.5332971043693 6.12364823694011 -0.206153053064856 -0.92232677837453 0.326824467574378 0.0032587941388656 0.333349859849006 0.942797566394486 -0.622481714749544 0.815379102274093 0.473164247730949 0.266908762334562 -0.6857723492554 0.166940136991149
-5.57266097088566 -29.4377646491083 6.55879858212394 0.722072702109175 -0.671940037364301 0.164643855202064 0.163468285492866 0.396963597031306 0.903160020300587 -0.841674068474997 -0.511921121997741 -0.948363488373475 -0.151886435187447 0.225626688570274 0.433379635015879
-5.51800230925036 -29.4733292034358 7.07465126031278 0.949306912794678 -0.0446333566167055 -0.311165950575415 0.296264944382617 0.457947810794674 0.838159224323587 -0.120664343663197 -0.367158697948774 0.0394176455223548 0.610466228101329 0.141635511639675 -0.357751617782197
-6.87215904368252 -28.6962187881909 6.99808595636555 -0.995928665574269 0.0804410564544121 0.0406857410355425 0.0179737828708695 -0.265074863645033 0.964060298836516 0.169636547999223 0.581408152847712 0.306073972219677 0.0254071421512904 0.0850846526381649 0.0564552841856002
-6.93332659099039 -28.5546088867352 7.46494348549397 -0.662851767909404 -0.673917455478233 -0.326286372655231 0.0263309226758408 -0.456485319376017 0.889341236930608 0.683762707093244 -0.255066967963741 -0.442926551106916 -0.102911015392423 -0.270473425526314 -0.155274991758403
-7.27604580033113 -28.6661768827964 7.86312646241097 0.189631818261255 -0.873035433488751 -0.449275979077529 0.0294024658591242 -0.452324097434721 0.89136883829395 -0.272608684637279 0.232756662415367 -0.12930791994474 0.0937253290155378 -0.174313099695228 -0.0136205126576262
-7.23466046992151 -27.5236413448585 7.58807057379238 -0.244281383380708 -0.551958351283375 -0.797288269186365 -0.956234666159004 0.000549870912217955 0.292600343263272 -0.220051666807441 -0.302401200084823 -0.377308571868881 -0.236587375524481 0.283020523732337 -0.227545776156023
-7.63893409825109 -27.2965345875755 7.37251905373189 -0.327288859095317 -0.930912706653727 0.162121976618614 -0.804170737290823 0.364498085703678 0.469521640399533 0.0384750888808907 0.00595906535960383 -0.235250666022884 -0.253097268403774 0.109186827563462 -0.848428954318138
-8.10915772193996 -27.1956886776817 7.4426503705712 -0.0363906336372834 -0.743811607869913 0.667397942595986 -0.891155615875031 0.326375180752695 0.315152200822336 -0.262356897706555 -0.377095969550406 -0.0567301392067634 -0.548692836986171 0.0903643976201415 -0.27083389801485
-8.51044712048381 -27.3482074097132 7.48776649218886 0.265898806035697 0.0692418579024042 0.961510993209627 -0.957106516878229 0.138038302501628 0.254740146799961 -0.746590430011701 0.363432360780105 0.155926900104699 -0.51956091046152 0.584132981146524 0.510917967138273
-9.30976090557663 -27.4858162793345 6.16750455590912 -0.762994539838144 0.124691786206495 -0.634264369667792 0.615889839009327 -0.157685457085912 -0.771890538113156 -0.289308418029198 0.121466848714725 0.769481640921654 -0.127400754601195 0.389337358165982 -0.267899601593381
-8.6735843071832 -26.7333263911532 5.8292715845043 0.71706998666736 0.522008424227445 -0.461863442216613 -0.170830240466259 0.774057278697493 0.609632970104195 -0.188157349999311 -0.0846061694968327 -0.374095439631847 -0.222083859711837 -0.350520230059146 0.166470189491276
