1.0023428573471556e-308 
2.91282216286411e-305 
8.743453838138245e-240 
1.0949349350915207e-235 
2.369143324026039e-292 
0.0 
0.0 
0.0 
0.0 
0.0 
0.0 
0.0 
1.208823114710654e-309 
0.0 
0.0 
0.0 
6.615822773465559e-293 
0.0 
0.0 
0.0 
0.0 
0.0 
0.0 
7.841649259651864e-301 
0.0 
7.964189204817578e-304 
0.0 
0.0 
0.0 
0.0 
0.0 
0.0 
3.715737864781129e-305 
0.0 
9.559005749126682e-225 
1.1877974752053451e-225 
1.09521784487216e-300 
0.0 
0.0 
0.0 
3.3094889484004744e-306 
3.3195601444779246e-306 
0.0 
0.0 
0.0 
0.0 
0.0 
2.841738627503726e-266 
1.159916752764993e-280 
0.0 
3.1626920749227878e-301 
7.317157174102377e-231 
4.7003390468155905e-306 
0.0 
0.0 
0.0 
0.0 
0.0 
0.0 
0.0 
0.0 
0.0 
0.0 
0.0 
0.0 
0.0 
0.0 
0.0 
0.0 
2.9006528878631417e-286 
4.539693853590267e-265 
0.0 
0.0 
8.099771633191124e-284 
0.0 
0.0 
0.0 
0.0 
0.0 
0.0 
0.0 
0.0 
0.0 
0.0 
0.0 
0.0 
0.0 
0.0 
0.0 
4.728528991386022e-303 
0.0 
0.0 
0.0 
2.5091559726727832e-297 
0.0 
0.0 
0.0 
0.0 
0.0 
0.0 
0.0 
1.1457069148151153e-305 
8.67950384315985e-270 
0.0 
0.0 
2.3521440905533347e-280 
2.058088248332058e-242 
4.147363511937571e-280 
0.0 
4.646782486000886e-307 
1.3894857524958755e-235 
0.0 
0.0 
0.0 
0.0 
0.0 
0.0 
0.0 
0.0 
0.0 
0.0 
0.0 
0.0 
0.0 
0.0 
0.0 
0.0 
0.0 
0.0 
0.0 
1.14930754562563e-307 
0.0 
0.0 
0.0 
0.0 
0.0 
2.51609563856722e-286 
1.8138499981954645e-269 
0.0 
0.0 
0.0 
0.0 
0.0 
0.0 
0.0 
0.0 
0.0 
0.0 
0.0 
0.0 
3.911682273781687e-302 
0.0 
0.0 
0.0 
0.0 
0.0 
0.0 
0.0 
1.759575329946062e-292 
8.652858001955344e-301 
0.0 
1.5433988003171503e-298 
0.0 
0.0 
0.0 
0.0 
0.0 
0.0 
0.0 
6.5482218611958684e-282 
0.0 
0.0 
0.0 
0.0 
0.0 
0.0 
0.0 
0.0 
0.0 
0.0 
1.2208445748154338e-307 
0.0 
0.0 
0.0 
0.0 
0.0 
0.0 
0.0 
0.0 
0.0 
0.0 
0.0 
0.0 
0.0 
0.0 
0.0 
6.024475489729712e-256 
0.0 
0.0 
0.0 
0.0 
0.0 
0.0 
7.955451590773984e-285 
7.297747959100175e-255 
0.0 
0.0 
0.0 
0.0 
0.0 
0.0 
1.591884329255534e-294 
3.1084392407122352e-254 
2.3453238412117175e-301 
0.0 
0.0 
0.0 
0.0 
0.0 
0.0 
6.3351165648525665e-283 
0.0 
0.0 
0.0 
0.0 
9.34217352597911e-274 
0.0 
1.1182302989969998e-259 
0.0 
0.0 
0.0 
1.2946538356573542e-298 
0.0 
0.0 
0.0 
1.1526669798361557e-294 
3.661349777844523e-244 
5.02012049045835e-286 
5.802174142924351e-283 
0.0 
0.0 
0.0 
6.192550909469066e-295 
1.2865243086051538e-237 
0.0 
2.137059833453483e-309 
2.8048436899180844e-264 
0.0 
0.0 
0.0 
0.0 
0.0 
0.0 
0.0 
0.0 
0.0 
0.0 
0.0 
2.0578323341225842e-255 
0.0 
1.578580563626995e-308 
0.0 
0.0 
0.0 
0.0 
0.0 
0.0 
0.0 
0.0 
0.0 
4.6117677373901797e-265 
9.202104670289506e-275 
0.0 
0.0 
1.8841050035102344e-278 
0.0 
0.0 
0.0 
0.0 
0.0 
5.493484906599797e-282 
0.0 
0.0 
0.0 
0.0 
0.0 
0.0 
0.0 
0.0 
0.0 
0.0 
0.0 
0.0 
2.7281142911054044e-290 
0.0 
0.0 
0.0 
8.533954604910633e-255 
2.9948638875577946e-279 
0.0 
0.0 
0.0 
0.0 
0.0 
0.0 
0.0 
0.0 
0.0 
0.0 
0.0 
0.0 
0.0 
0.0 
0.0 
0.0 
0.0 
0.0 
0.0 
0.0 
0.0 
6.142558082404456e-294 
1.8642103117012784e-273 
0.0 
0.0 
0.0 
0.0 
0.0 
0.0 
0.0 
0.0 
0.0 
0.0 
0.0 
0.0 
0.0 
0.0 
0.0 
0.0 
0.0 
0.0 
1.188061407499274e-309 
0.0 
0.0 
1.3881145683427112e-293 
0.0 
0.0 
0.0 
0.0 
0.0 
0.0 
0.0 
0.0 
0.0 
1.0307215663203532e-307 
0.0 
0.0 
3.6050433487740916e-263 
7.22353835149465e-280 
0.0 
0.0 
0.0 
0.0 
1.8317312522061305e-263 
0.0 
0.0 
0.0 
0.0 
0.0 
0.0 
0.0 
0.0 
0.0 
0.0 
0.0 
0.0 
0.0 
0.0 
0.0 
2.0407062061512152e-292 
0.0 
0.0 
0.0 
0.0 
0.0 
0.0 
0.0 
0.0 
0.0 
0.0 
0.0 
0.0 
0.0 
0.0 
1.3374690636847834e-263 
0.0 
0.0 
0.0 
1.16826094518367e-286 
0.0 
0.0 
0.0 
0.0 
0.0 
0.0 
9.602386500192084e-241 
3.0283802813431757e-240 
5.976195968605669e-258 
8.2655716448333e-251 
0.0 
0.0 
0.0 
0.0 
0.0 
0.0 
3.5243763262596967e-292 
0.0 
0.0 
0.0 
0.0 
0.0 
0.0 
4.337157744946872e-264 
0.0 
1.4582100054406822e-295 
4.720324213968236e-279 
0.0 
0.0 
0.0 
0.0 
0.0 
0.0 
0.0 
0.0 
1.4013871782994147e-238 
1.0866009785235698e-298 
2.8969095019072555e-272 
0.0 
0.0 
0.0 
0.0 
0.0 
0.0 
0.0 
0.0 
0.0 
0.0 
0.0 
0.0 
0.0 
0.0 
0.0 
0.0 
0.0 
0.0 
0.0 
0.0 
0.0 
0.0 
2.3643387103288207e-284 
0.0 
0.0 
0.0 
3.0530217530147176e-268 
2.488846542725525e-279 
2.1783933069746285e-282 
0.0 
3.3438746662604913e-304 
4.816774569627999e-295 
0.0 
0.0 
3.1304047231917676e-273 
0.0 
0.0 
0.0 
7.627069579116579e-305 
0.0 
0.0 
0.0 
0.0 
0.0 
0.0 
0.0 
4.0065764073768977e-271 
1.779053385399676e-226 
1.833448508251551e-276 
0.0 
0.0 
0.0 
0.0 
0.0 
9.644075374842204e-307 
0.0 
0.0 
0.0 
0.0 
7.269185945595942e-307 
5.310069003214593e-265 
0.0 
0.0 
0.0 
1.6474628041716511e-301 
0.0 
0.0 
0.0 
7.846889118974555e-300 
0.0 
0.0 
0.0 
0.0 
0.0 
0.0 
0.0 
0.0 
0.0 
0.0 
0.0 
0.0 
0.0 
0.0 
0.0 
1.6613313724788356e-275 
0.0 
0.0 
0.0 
0.0 
0.0 
0.0 
0.0 
0.0 
0.0 
0.0 
0.0 
0.0 
0.0 
0.0 
0.0 
0.0 
7.282566153507016e-297 
0.0 
2.8175076868316665e-273 
8.57277823616139e-300 
0.0 
0.0 
0.0 
5.67531859681766e-259 
2.2234797092710713e-258 
8.759211694734632e-299 
0.0 
0.0 
0.0 
0.0 
0.0 
0.0 
1.8201586780389395e-183 
0.0 
0.0 
0.0 
1.0966681073221625e-266 
4.027399749155012e-289 
3.308772832000669e-286 
0.0 
0.0 
0.0 
0.0 
2.2762630808913363e-289 
0.0 
0.0 
0.0 
0.0 
0.0 
0.0 
4.703493690713179e-304 
0.0 
0.0 
0.0 
0.0 
0.0 
0.0 
3.034717702134276e-247 
1.7689773344449011e-305 
0.0 
3.4975856040002854e-268 
0.0 
1.5902176819494734e-260 
3.246240090758528e-281 
1.0963813912277274e-209 
5.393456288496928e-246 
0.0 
0.0 
0.0 
0.0 
0.0 
0.0 
0.0 
9.038886524419724e-272 
0.0 
0.0 
0.0 
3.8437033603321775e-299 
0.0 
0.0 
0.0 
0.0 
0.0 
0.0 
0.0 
0.0 
0.0 
0.0 
0.0 
0.0 
0.0 
0.0 
8.136243912244645e-261 
0.0 
0.0 
0.0 
0.0 
1.1157206131369993e-266 
0.0 
0.0 
0.0 
8.3786804598568e-306 
2.703854364965149e-304 
3.1455395253440335e-291 
0.0 
0.0 
0.0 
0.0 
0.0 
0.0 
1.213970316816997e-309 
0.0 
0.0 
0.0 
0.0 
5.0020904959581024e-245 
3.11672546931993e-230 
0.0 
0.0 
0.0 
0.0 
0.0 
0.0 
0.0 
0.0 
0.0 
0.0 
0.0 
0.0 
0.0 
4.295441046268605e-266 
0.0 
5.247324920384679e-244 
2.529699331795863e-252 
0.0 
0.0 
0.0 
0.0 
0.0 
0.0 
0.0 
0.0 
0.0 
0.0 
0.0 
3.436497756325408e-300 
0.0 
0.0 
3.293544629135043e-284 
0.0 
0.0 
0.0 
0.0 
0.0 
0.0 
0.0 
0.0 
0.0 
0.0 
2.5728704058237303e-303 
0.0 
0.0 
1.0267859370293998e-294 
0.0 
0.0 
0.0 
0.0 
0.0 
0.0 
0.0 
0.0 
0.0 
2.2081679386094883e-258 
0.0 
0.0 
0.0 
0.0 
0.0 
0.0 
0.0 
