t = 7000000
b = 105 105 105
E = -0.294143089030731 -0.608515778589362 0.314372689558631
-65.9640057058005 4.79443123651827 78.6206210699009 0.123557419578567 -0.991960398356285 -0.0273520046831064 -0.431314022179126 -0.0288596664821819 -0.901740169850578 0.284324986155514 0.18626252593252 -0.344712339078327 -0.375777872252454 -0.0831780904709346 -0.0850824158547049
-65.8854061008488 4.70992319437177 78.2147538850082 -0.856677827582015 -0.465477701609977 0.222336701948328 -0.358863746719865 0.228150099031578 -0.905076982141569 0.0764422147800864 0.323013207324701 0.184635924511349 -0.557150963586836 0.297304028983943 0.0692417920072458
-66.0918968130241 4.49982898085142 77.8936031932374 -0.71714871201659 0.638612180323354 0.279055922702898 -0.178745046480247 0.218474779844655 -0.959332569514072 0.117936011894071 -0.130519837356984 0.780910259198118 0.0441218157484707 0.212950851958764 0.165194708143542
-66.4333561586256 4.46391006573416 77.507784611133 0.051606314617548 0.992866268064571 0.107486566747024 0.00486883425087464 0.107378567566834 -0.99420628527507 -0.0296785321436735 0.389224580342561 -0.131423807483569 -0.283710012663218 -0.056196585409276 -0.162436313999391
-66.6745935773633 4.68665450347584 77.0418263452891 0.392991286163162 0.84871016010803 0.353905231848071 -0.0967101832941611 0.420884585459945 -0.901944181293614 -0.0383897538785235 0.299823170761564 0.0778939124999201 -0.269316524132827 0.57595561383036 0.172701705621645
-66.832510202065 5.02084637699159 76.6628015166723 0.85332831053854 0.341764366195352 0.393735840930177 0.245596362189782 0.402663379575463 -0.88178491120443 -0.143227681198892 -0.820582129231225 0.284356240563306 -0.432111035847779 -0.315026339178726 -0.172272619977315
-66.7118923543114 5.47262847997206 76.434626970725 0.705451565243467 -0.70826334300005 0.026478785056952 0.235914861340728 0.199421243463222 -0.951091660069816 -0.21686189393927 -0.0523075688963745 -0.163290818475718 0.152123210686143 0.170645157094545 -0.339844408757045
-66.3293168557721 5.31322064635022 76.0542450484447 -0.166643854819115 -0.983413138803244 -0.0716130161413281 0.25236008817385 0.0276715314216775 -0.967237650345631 -0.0694626618822731 -0.221918895922325 -0.118449163232519 -0.0397503056566461 -0.0229206938165144 -0.188273300375382
-65.9498137537646 5.31277018989403 75.7752202264623 -0.787017336700824 -0.405110010833007 -0.465284419313068 0.414306317637625 0.211757561737867 -0.885160443203715 0.307418731111535 -0.465710493300909 0.288633427932106 -0.109927935959623 0.491715080518039 -0.117513279673014
-65.3721926340698 5.75626594263206 75.2031085639479 0.265125060037256 0.838179895295266 0.476616371584798 0.733185656256769 -0.496279672888391 0.464914271384409 -0.204255262292524 0.416603916135377 -0.109891253941033 -0.986624476446539 -0.0706574208991906 0.537795130744382
-65.1963233741719 5.18220895637909 74.3368925942675 -0.665164870575459 -0.317018716109025 -0.676058302655084 0.304907839281613 0.711157024031253 -0.633472096240592 -0.440602271309958 0.153497027682497 -0.626682774743029 0.729231547645469 0.131613071623947 0.677320432651266
-64.9513037357197 5.2792388892595 73.9202671100612 -0.991523559737467 0.11521807110212 -0.0600485351748658 0.12180741904722 0.663504149349105 -0.738190487924379 0.0256451211423775 0.346820541816545 -0.290345536564208 0.551711856467121 -0.0882721432908064 0.28654472415451
-64.91043416728 5.42467086074165 73.4634578839893 -0.747029194051913 0.421564518798607 0.514033792394948 0.0668174796791429 0.816922909569405 -0.572863320722708 -0.384124986995348 -0.00700528452005602 -0.0813262247346252 -0.440177646223518 -0.600937370625987 0.0973287959355641
-65.1564200611597 5.7322707816551 73.1577927746234 0.0289644613478056 0.594014595293482 0.803932659217814 0.205492617381003 0.783552797814622 -0.586359784807109 -0.000666044701924408 0.503588675523029 0.128008241972063 0.318276314470992 -0.0774848414464338 0.525556003185324
-65.2201130887341 5.49330033178455 71.7840460513205 -0.61345336643372 0.222253016587107 -0.757811694175699 0.683605194811843 0.629911048642541 -0.368640757953171 -0.0838839990118686 -0.434938528735808 -0.0826280202210422 -0.741779663390327 -0.616324679976502 0.467166726272324
-65.3075616561532 6.43091150016112 72.3643837585721 -0.632257974703366 -0.68602747067644 0.360022447774991 0.425541040262809 0.0808200227855826 0.901322887188277 -0.238226418679822 -0.0360857991740212 -0.450674231562808 -0.484696597075138 -0.110793983547013 -0.101561115547079
-64.2332230136672 6.03532715208376 71.9545070796947 0.195507931088696 -0.092944767045706 0.97628782598162 0.680873656865551 -0.703609365806983 -0.203334511913105 -0.350003529864903 -0.154227203453608 0.276630334660911 -0.0688409621229753 -0.0275104126298852 -0.134791582213639
-63.7160736800924 6.01448875362644 71.9807607439542 -0.438634052836018 -0.701163126198609 0.562112478203528 0.676281164428703 -0.669463823024062 -0.307346671204686 0.279661414797705 0.164452609168511 -0.325366577143988 0.129089348408957 0.0234717144400057 0.210276838969318
-63.3474199063074 5.72242082142035 71.9547092578424 -0.847788799094617 -0.529456035267916 -0.0305034235448944 0.521844254374826 -0.822585678862846 -0.225901250783397 0.229163846255092 -0.0335030060733304 -0.396878943950061 -0.0509388029425157 -0.399098824951565 0.167536263429045
-63.2621388239749 5.88503290177376 72.5834888235385 -0.400589059565949 -0.432770551398459 0.807612565032354 0.581556042715351 0.561031408829597 0.589097892958307 -0.170075740470254 -0.0441493865309769 -0.47055288712066 -0.617175186626536 -0.146811824954855 -0.264469509867936
-63.1651671931553 6.38614852607939 72.8030855538461 -0.479417341777571 -0.419839033091565 0.770645313160271 0.239670913284486 0.782121592940642 0.575190113946094 -0.103448943271165 0.0162078925050202 0.340044257660726 -0.31365162321727 0.225568775762833 -0.5122520356335
-62.0462309121404 5.89761564570767 71.9116692861461 0.608578734262227 -0.593072589429905 -0.52715920543114 -0.573487851282979 -0.787895827118975 0.224347609836743 -0.0599243465004879 -0.248979993903098 -0.053486817568232 -0.347868680767689 -0.27431160016804 0.56823588561901
-61.4891793830973 6.50401332229731 73.2398312432926 -0.483522636092752 -0.131462434660942 0.865403656485983 0.496029331846869 -0.855746580639951 0.14714853607994 -0.146271045290688 0.627124004530304 0.448917572918085 0.0443096436312213 0.230218857184626 0.122451215661338
-61.166927050312 6.31929846783767 73.5815031144142 -0.746938329962273 -0.600384965173118 0.285693935581037 0.660988996518813 -0.717006108299879 0.22134992013099 0.0794322356701711 -0.325643723501458 0.578242018605824 0.260316213782399 -0.0332359642654973 -0.0567136345473828
-60.9879674525404 6.07296601712854 74.0651127516614 -0.405982988465484 -0.680913893872 -0.609535956452747 0.718851226246096 -0.649775344535906 0.24707269407582 -0.555138743178475 -0.00692286131815228 0.0628341211341756 -0.660877942353496 0.278862449563716 0.29040394351984
-60.8594411808868 5.55892430891851 74.2997578619135 0.127693174621368 -0.161564559935523 -0.978565964116689 0.673356911769975 -0.710288057232909 0.205137381098832 -0.263188710518642 -0.135898103107255 -0.190565995299591 -0.383461238122148 -0.384578609942597 -0.415761015863475
-92.3095778446488 -2.05775921606289 80.1810144395848 0.260655325861021 0.95451152855872 -0.144798283653821 0.30118960239614 0.0620995042614202 0.951540054321878 -0.162086950624901 -0.347288754832487 -0.312298732443392 -1.04771748762313 0.0967601768019656 -0.147876578182245
-91.9175689934972 -2.02203295005156 80.5755600881376 -0.251006789432217 0.967723846298764 -0.0224977546424944 0.447972294760214 0.136734791048046 0.883529524149847 -0.210084644790087 0.133585882108772 0.305543339353527 -0.106141207666673 -0.0697538165927348 -0.366923317370031
-92.5674341529202 -3.41399517911879 80.4410106808181 0.0378174561622542 -0.613430036798246 -0.788843095909119 0.165629837557054 -0.774640911926883 0.610326318030158 -0.165283924453194 -0.21617172516649 0.138538781034181 0.473251979510127 -0.426297828565856 0.0265494147869711
-91.9094578703338 -3.57876745097047 80.127205724348 0.835560528977139 0.405274488211145 -0.370932866730647 0.0665977838426322 -0.744898824792026 -0.66384521992018 0.373866544909799 0.566682709770314 0.0751671564328909 -0.266011668393111 0.348590964597277 -0.209471818721985
-91.9381671666733 -3.74091869309349 79.661908379421 0.982661420937215 0.149553456045203 0.109591494133801 0.180153975511079 -0.630432916303395 -0.755048927652239 -0.583668583519073 -0.0925669034141111 -0.134598710523312 -0.191036404339247 -0.100824417568943 0.28533255479913
-91.7177906603859 -3.77014776871427 79.1881894940314 0.600156115331539 -0.578668005378722 0.552228192671264 0.00974908690967767 -0.685043207178796 -0.728437203609902 0.0503551131928595 -1.0125398739414 0.483226245746293 -0.1453477266002 -0.269896757579274 0.0541265469673293
-91.4697321531207 -4.24887989917778 78.6467336991753 0.673026261476447 -0.483830384425525 0.559413809687866 -0.0931916864563667 -0.805800166187499 -0.584808859156522 0.302087901894782 0.514389660660582 0.0791821182235132 -0.552722294378059 -0.559435953019808 0.544573750229438
-91.139695201849 -4.50339332309681 78.3827714415931 -0.14660023173736 -0.634833223575913 0.758613966585603 -0.001410857574698 -0.76676472038278 -0.641926688226251 0.286979879433851 0.150326809405173 -0.0499555291672047 -0.539011122180356 0.0261843209178781 0.403408287817001
-90.8738802313138 -4.85995813259799 78.3271727109609 -0.851646849835621 -0.493369684917683 0.176872827674439 0.25368579669161 -0.683340388925926 -0.684608960954802 -0.287882870349163 0.637904494992103 -0.0561976601774999 0.0102629506668935 0.0794457292032618 0.0232896046036566
-90.5539182629896 -5.26091550496797 78.1675532207494 -0.95781122633871 -0.187457857552922 -0.217846749668722 0.259093631639828 -0.891234531363409 -0.372251931021205 -0.518781625134856 -0.0623744732680909 -0.0588203860490567 0.146573548207225 0.300547042463079 -0.170056756352484
-90.5925393509557 -5.72610823625037 77.0533729418838 -0.665169695284476 0.273234844028134 -0.694904307429568 0.743871146459422 0.161662907440622 -0.648475768107627 -0.0639805771240726 0.28569961239102 -0.462982561090594 0.148541547136974 0.447464086414058 0.172837789450011
-90.3512504549305 -5.91619381932882 76.6387718177789 -0.482943428829317 0.827079446423951 -0.287585176693074 0.804855148781953 0.289905807624555 -0.517844389932609 0.0457068978133075 0.12810657496509 -0.404956513249497 -0.344719347230497 0.0547434668255087 -0.259565072187586
-90.1933833444901 -5.71772297723972 76.2060815732628 -0.2012192622694 0.847613100207587 0.490981507643858 0.775805108487784 0.443912527391457 -0.44840617933872 -0.244833729684968 0.292556005731316 0.154506162821296 0.267360208882344 -0.169059516354687 0.0150638827693966
-90.6082067010733 -6.10286780607829 75.790593232154 -0.891811497772948 0.0903606281374775 -0.443291336845799 -0.43472930203926 -0.442395667671636 0.784408380356779 -0.291704590868905 0.0623625986682268 -0.0723296268278789 0.488762310460562 -0.49917286302047 -0.255162241958535
-89.5694980240756 -5.90494392375019 75.4391825174248 0.943725013111842 -0.239180507042232 -0.228420193235739 0.018516784574084 0.727779706729836 -0.685560958020133 0.089970824469676 -0.0491833359909216 0.12073956189351 0.112346039291059 0.126592160057648 -0.365760378841272
-89.3496024904715 -5.64502559784263 74.9237987624934 0.949890672608053 -0.243865365838079 0.195543840190799 0.310797387163526 0.670080451588318 -0.67408988460851 0.0424493446845559 -0.0572422915744022 0.106921446618736 -0.368849117297138 0.247077751841142 0.0611524190500066
-90.014702465381 -5.42230998320149 73.958131859694 -0.710956027919383 -0.261979714886453 -0.652616392188665 0.15168789983708 0.849043371597802 -0.50607917778668 0.0319511665262634 -0.347544274125854 0.307682517422302 0.278156076223146 0.219280249654678 0.191295489769848
-89.9036507252012 -5.09617301669857 73.5641871124147 -0.999191641219921 0.0402001427939141 0.000112408271591128 0.033718166152936 0.839595365670617 -0.542164833990163 -0.193303029809387 -0.500793041051542 -0.0605781704237134 -0.173724377098445 0.141091964724446 -0.158726999259735
-90.0529543859832 -4.90072651449116 73.083276806798 -0.668408716752168 0.409359643106542 0.621010845287948 -0.0971382352331517 0.77972897422735 -0.618536086260004 0.0400745467139546 -0.208548179052242 0.0602930634054873 -0.00482988610389085 -0.201646840469867 0.37537702898382
-90.1857440755246 -4.52156033242299 72.7005742794505 -0.474484832441529 0.18981038364242 0.859555793444879 -0.476807369554183 0.765401108102079 -0.432222021714357 -0.356853146556849 0.150855940230985 -0.0744731839538633 -0.297625242052282 -0.213713288236327 -0.223213025922649
-90.6177097365454 -4.2896754640176 72.519705425746 0.355399014389889 0.284843133667476 0.890256103474302 -0.427068320348172 0.896694273743429 -0.116413183062108 -0.306256142863461 -0.181913940814705 -0.0211704538729376 0.107722863686163 -0.40329308032486 -0.0471880911117747
-90.9481189423812 -3.94143924898364 72.749327225338 0.828997738354275 0.297140816839143 0.473782740052426 -0.385250571260356 0.917524089536963 0.0986485806444652 0.51706465907922 0.0592414880504509 -0.0773063518727701 0.0987723230535675 -0.234233097515002 -0.256610980602674
-91.0851562567155 -3.46241706330086 73.0664450984169 0.878018338024394 0.475976879088718 -0.0502972033576432 -0.437629332425615 0.840918720763596 0.318333586775655 0.555815438826168 0.251400368473764 -0.161562782287365 -0.302114575488891 -0.541811161010585 -0.666380443876815
-91.4948719847742 -3.33674574570978 72.1004673136319 0.113075177060312 -0.314008433174298 -0.942662563289837 0.719703837009045 0.679982911594192 -0.140177127001652 0.386100170881611 0.199137015226436 -0.108678380118028 -0.201545316488832 0.693157285522823 0.320043596216053
-92.3713066691277 -3.12902638426516 72.922768188408 -0.466205285604489 -0.0022037842790955 -0.884673824077952 0.435766157966992 -0.870841520648193 -0.227470660713587 -0.189449869490589 0.826198771278216 0.298114096765775 -0.135144613933553 0.348329383241795 -0.0110915381757229
-92.6700378959358 -3.74457448057085 73.4041976578034 -0.99039038556887 0.124232815384451 -0.0607708133378739 -0.093620371528061 -0.925664995000053 -0.366578154104535 0.245640501342595 -0.148946371295984 -0.232860183119594 0.0143956142300755 -0.32637560312579 -0.830068039868982
