       50.1910 0   0.002578   0.002578   0.358903    0.060639   0.000000  -0.660955   0.000000   0.000000   0.000000   0.000000   0.027916
       50.1079 0   0.004212   0.004212   0.307294    0.048220   0.000000  -0.619042   0.001786   0.000000   0.000000   0.000000   0.027742
       50.7138 0   0.001444   0.001444   0.364450    0.050218   0.000000  -0.641220   0.000033   0.000000   0.000000   0.000000   0.028502
       50.6230 0   0.000511   0.000511   0.354837    0.045349   0.000000  -0.609557   0.000022   0.000000   0.000000   0.000000   0.027908
       50.3783 0   0.000360   0.000360   0.315498    0.059013   0.000000  -0.603414   0.000000   0.000000  -0.000022   0.000000   0.029309
       50.3431 0   0.000623   0.000623   0.340627    0.049571   0.000000  -0.628203   0.000000   0.000000   0.000000   0.000000   0.025712
       50.3482 0   0.000580   0.000580   0.289608    0.039939   0.000000  -0.598318   0.000000   0.000000   0.000000   0.000000   0.028674
       50.7690 0   0.002245   0.002245   0.367120    0.033770   0.000000  -0.651135   0.000000   0.000000   0.000000   0.000000   0.027511
       50.2762 0   0.001319   0.001319   0.351765    0.056790   0.000000  -0.657426   0.000000   0.000000   0.000000   0.000000   0.035038
       50.4359 0   0.000084   0.000084   0.341632    0.052581   0.000000  -0.675656   0.000000   0.000000   0.000000   0.000000   0.028150
       50.2421 0   0.001773   0.001773   0.367729    0.028249   0.000000  -0.647416   0.000000   0.000000   0.000000   0.000000   0.030778
       50.4332 0   0.000093   0.000093   0.309580    0.061146   0.000271  -0.647254   0.000096   0.000000   0.000000   0.000000   0.028536
       50.8707 0   0.004180   0.004180   0.348739    0.048959   0.000000  -0.648879   0.000000   0.000000   0.000000   0.000000   0.024656
       50.3731 0   0.000394   0.000394   0.343108    0.073671   0.000000  -0.673577   0.000000   0.000000   0.000000   0.000000   0.032909
       50.1984 0   0.002453   0.002453   0.329051    0.047194   0.000000  -0.640716   0.000000   0.000000   0.000000  -0.011464   0.032297
       50.5868 0   0.000271   0.000271   0.366815    0.053050   0.000000  -0.695852   0.000000   0.000000   0.000000   0.000000   0.026775
       50.5304 0   0.000047   0.000047   0.346575    0.036361   0.000000  -0.690558   0.000000   0.000000   0.000000   0.000000   0.036329
       50.5275 0   0.000041   0.000041   0.291417    0.049799   0.000000  -0.679855   0.000000   0.000000  -0.000035   0.000000   0.031776
       50.7423 0   0.001837   0.001837   0.324422    0.040982   0.000000  -0.691575   0.000000   0.000000   0.000000   0.000000   0.025653
       50.3950 0   0.000260   0.000260   0.307018    0.027048   0.000000  -0.647534   0.000000   0.000000   0.000000   0.000000   0.026573
       50.6792 0   0.001032   0.001032   0.329539    0.032939   0.000000  -0.651233   0.000000  -0.009544  -0.003050   0.000000   0.030461
       50.1582 0   0.003175   0.003175   0.331134    0.032275   0.000000  -0.686673   0.000000   0.000000   0.000000   0.000000   0.026313
       50.4514 0   0.000043   0.000043   0.310634    0.050880   0.000000  -0.709967   0.000000   0.000000   0.000000   0.000000   0.024462
       50.9618 0   0.006422   0.006422   0.321537    0.038154   0.000000  -0.717639   0.000000   0.000000   0.000000   0.000000   0.029582
       50.7227 0   0.001562   0.001562   0.312157    0.049716   0.000121  -0.712710   0.000000   0.000000   0.000000   0.000000   0.027347
       50.6111 0   0.000423   0.000423   0.362976    0.039131   0.000000  -0.750293   0.000000   0.000000   0.000000   0.000000   0.028738
       50.3458 0   0.000600   0.000600   0.311635    0.042380   0.000000  -0.749781   0.000000   0.000000   0.000000   0.000000   0.027819
       50.5772 0   0.000219   0.000219   0.320319    0.049779   0.000000  -0.713858   0.000000   0.000000   0.000000   0.000000   0.026579
       50.7169 0   0.001485   0.001485   0.357603    0.070479   0.001853  -0.765077   0.000000   0.000000   0.000000   0.000000   0.031178
       50.7244 0   0.001585   0.001585   0.368538    0.057912   0.000000  -0.790968   0.000000   0.000000   0.000000   0.000000   0.028420
       50.2184 0   0.002128   0.002128   0.357044    0.033163   0.000691  -0.753200   0.000000   0.000000   0.000000   0.000000   0.028650
       50.4195 0   0.000143   0.000143   0.345769    0.045240   0.000000  -0.740109   0.000000   0.000000   0.000000   0.000000   0.027080
       50.2707 0   0.001388   0.001388   0.345791    0.048365   0.000000  -0.726876   0.000000   0.000000  -0.000226   0.000000   0.031276
       50.6454 0   0.000696   0.000696   0.344603    0.038538   0.000019  -0.698205   0.000000   0.000000  -0.000000   0.000000   0.028916
       50.4617 0   0.000023   0.000023   0.327597    0.046171   0.000000  -0.675805   0.000000   0.000000   0.000000   0.000000   0.028054
       50.5189 0   0.000024   0.000024   0.284118    0.048128   0.000000  -0.651593   0.000000   0.000000   0.000000   0.000000   0.029053
       50.5086 0   0.000010   0.000010   0.312807    0.041558   0.000000  -0.701368   0.000000   0.000000   0.000000   0.000000   0.030778
       50.6802 0   0.001043   0.001043   0.351083    0.047788   0.000000  -0.767296   0.000000   0.000000   0.000000   0.000000   0.029408
       50.3604 0   0.000485   0.000485   0.317517    0.044390   0.000000  -0.741752   0.000000   0.000000   0.000000   0.000000   0.028697
       50.5270 0   0.000039   0.000039   0.332679    0.036700   0.000000  -0.712334   0.000000   0.000000   0.000000   0.000000   0.031787
       50.5027 0   0.000005   0.000005   0.319033    0.048161   0.000000  -0.747530   0.000000   0.000000   0.000000   0.000000   0.026995
       50.5264 0   0.000038   0.000038   0.344692    0.041537   0.000000  -0.798614   0.000000   0.000000   0.000000   0.000000   0.027897
       50.6645 0   0.000878   0.000878   0.351304    0.031436   0.000000  -0.754540   0.000000   0.000000   0.000000   0.000000   0.027307
       50.2669 0   0.001435   0.001435   0.409596    0.064812   0.006217  -0.790894   0.000000   0.000000  -0.000015   0.000000   0.026688
       50.5109 0   0.000013   0.000013   0.393669    0.047810   0.000000  -0.739768   0.000517   0.000000   0.000000   0.000000   0.029215
       50.6202 0   0.000489   0.000489   0.354158    0.050661   0.000000  -0.725991   0.000000   0.000000   0.000000   0.000000   0.030530
       50.3223 0   0.000811   0.000811   0.335637    0.041195   0.000000  -0.684242   0.000000   0.000000   0.000000   0.000000   0.029722
       50.2746 0   0.001339   0.001339   0.336897    0.054404   0.000000  -0.686609   0.000000  -0.000000  -0.000304   0.000000   0.026981
       50.4096 0   0.000187   0.000187   0.316237    0.036106   0.000000  -0.701158   0.000000   0.000000   0.000000   0.000000   0.028162
       50.7791 0   0.002411   0.002411   0.351869    0.026353   0.000000  -0.745233   0.000000   0.000000   0.000000   0.000000   0.032619
       50.4626 0   0.000022   0.000022   0.309840    0.048863   0.000000  -0.710697   0.000000   0.000000  -0.001251   0.000000   0.029432
       50.4101 0   0.000184   0.000184   0.361554    0.035833   0.000000  -0.745884   0.000000   0.000000   0.000000   0.000000   0.028874
       50.4909 0   0.000000   0.000000   0.330333    0.041264   0.006921  -0.701384   0.000000   0.000000   0.000000   0.000000   0.028403
       50.4820 0   0.000002   0.000002   0.403474    0.037635   0.000000  -0.715328   0.000000  -0.000006   0.000000   0.000000   0.028661
       50.3462 0   0.000597   0.000597   0.319228    0.054730   0.000000  -0.693623   0.000000   0.000000   0.000000   0.000000   0.026283
       50.3616 0   0.000476   0.000476   0.325119    0.059078   0.000000  -0.679083   0.000101   0.000000  -0.000000   0.000000   0.031020
       50.7128 0   0.001431   0.001431   0.341376    0.066090   0.000000  -0.704484   0.000000   0.000000   0.000000   0.000000   0.023999
       50.6633 0   0.000866   0.000866   0.335822    0.045001   0.000000  -0.665047   0.000000   0.000000   0.000000   0.000000   0.024343
       50.6463 0   0.000705   0.000705   0.329333    0.081531   0.000005  -0.689237   0.000000   0.000000   0.000000   0.000000   0.028709
       50.5816 0   0.000242   0.000242   0.349633    0.054224   0.000000  -0.666027   0.000503   0.000000   0.000000   0.000000   0.027259
       50.1194 0   0.003962   0.003962   0.325667    0.055178   0.001740  -0.690755   0.000000   0.000000  -0.000000   0.000000   0.032618
       50.4774 0   0.000005   0.000005   0.355211    0.033833   0.000000  -0.669919   0.000000   0.000000   0.000000   0.000000   0.033308
       50.4604 0   0.000025   0.000025   0.341930    0.053978   0.000658  -0.636740   0.000000   0.000000   0.000000   0.000000   0.031544
       50.7633 0   0.002155   0.002155   0.336237    0.067288   0.000000  -0.619634   0.000000   0.000000  -0.000000   0.000000   0.032170
       50.6265 0   0.000538   0.000538   0.319951    0.037202   0.000000  -0.625318   0.000000   0.000000  -0.000657   0.000000   0.028437
       50.3427 0   0.000626   0.000626   0.307288    0.065256   0.000000  -0.650889   0.000000   0.000000   0.000000   0.000000   0.029378
       50.4483 0   0.000050   0.000050   0.330437    0.046827   0.000000  -0.623615   0.000000   0.000000   0.000000   0.000000   0.031819
       50.8481 0   0.003699   0.003699   0.328701    0.058250   0.000133  -0.602615   0.000000   0.000000   0.000000  -0.000090   0.028501
       50.3710 0   0.000409   0.000409   0.324908    0.047163   0.000000  -0.589529   0.000000   0.000000   0.000000   0.000000   0.037380
       50.4158 0   0.000159   0.000159   0.298432    0.055289   0.000000  -0.595751   0.000000   0.000000   0.000000   0.000000   0.025733
       50.5981 0   0.000337   0.000337   0.319018    0.073045   0.000000  -0.613521   0.000000   0.000000   0.000000   0.000000   0.022853
       50.3355 0   0.000689   0.000689   0.369089    0.055138   0.000000  -0.663461   0.000000   0.000000   0.000000   0.000000   0.028905
       50.4376 0   0.000079   0.000079   0.355446    0.058723   0.000000  -0.598096   0.000000   0.000000   0.000000   0.000000   0.028391
       50.5114 0   0.000013   0.000013   0.396815    0.045724   0.000000  -0.615161   0.000000   0.000000   0.000000   0.000000   0.029646
       50.1818 0   0.002740   0.002740   0.324217    0.066685   0.001105  -0.586515   0.000000   0.000000   0.000000  -0.005422   0.026888
       50.6864 0   0.001112   0.001112   0.323961    0.067315   0.000000  -0.645725   0.000311   0.000000   0.000000   0.000000   0.029244
       50.6449 0   0.000692   0.000692   0.324371    0.046003   0.000000  -0.635724   0.000000   0.000000   0.000000   0.000000   0.034000
       50.4706 0   0.000011   0.000011   0.302878    0.048350   0.000000  -0.586263   0.000000   0.000000  -0.000000  -0.007777   0.031719
       50.4403 0   0.000071   0.000071   0.383090    0.044191   0.000000  -0.653464   0.000000   0.000000  -0.000025  -0.000001   0.029383
       50.3976 0   0.000246   0.000246   0.326993    0.074754   0.000000  -0.607056   0.000000   0.000000   0.000000   0.000000   0.032378
       50.3798 0   0.000350   0.000350   0.353542    0.052951   0.000327  -0.614490   0.000000   0.000000  -0.000000   0.000000   0.030162
       50.4034 0   0.000217   0.000217   0.306158    0.059178   0.000000  -0.594623   0.000007   0.000000   0.000000   0.000000   0.031694
       50.4617 0   0.000023   0.000023   0.330949    0.051706   0.000000  -0.597316   0.000000   0.000000   0.000000   0.000000   0.036455
       50.5151 0   0.000018   0.000018   0.308561    0.071025   0.000000  -0.572218   0.000000   0.000000   0.000000   0.000000   0.027891
       50.6798 0   0.001039   0.001039   0.320857    0.063005   0.000000  -0.572302   0.000000   0.000000   0.000000   0.000000   0.030553
       50.5176 0   0.000022   0.000022   0.329963    0.061712   0.000000  -0.528195   0.000000   0.000000   0.000000   0.000000   0.027407
       50.4961 0   0.000001   0.000001   0.344495    0.035105   0.000000  -0.540090   0.000000   0.000000   0.000000   0.000000   0.029823
       50.6045 0   0.000378   0.000378   0.317904    0.041397   0.000000  -0.536499   0.000000   0.000000   0.000000   0.000000   0.027858
       50.7871 0   0.002546   0.002546   0.369292    0.051661   0.000000  -0.533232   0.000000   0.000000   0.000000   0.000000   0.028788
       50.5107 0   0.000012   0.000012   0.327815    0.055520   0.005883  -0.506859   0.000000   0.000000  -0.000452   0.000000   0.031211
       50.1555 0   0.003228   0.003228   0.361065    0.048615   0.000000  -0.485840   0.001993   0.000000   0.000000   0.000000   0.025566
       50.7652 0   0.002185   0.002185   0.365498    0.055878   0.000000  -0.491216   0.000000   0.000000   0.000000   0.000000   0.031873
       50.3380 0   0.000666   0.000666   0.363406    0.063873   0.000000  -0.512703   0.000000   0.000000  -0.000000   0.000000   0.030593
       50.3318 0   0.000722   0.000722   0.389944    0.064205   0.000000  -0.503165   0.000000   0.000000   0.000000   0.000000   0.029932
       51.0663 0   0.009582   0.009582   0.324199    0.055923   0.000000  -0.495063   0.000000   0.000000  -0.000043   0.000000   0.033608
       50.6428 0   0.000674   0.000674   0.313830    0.049348   0.000000  -0.487848   0.000000   0.000000   0.000000   0.000000   0.027355
       50.2218 0   0.002075   0.002075   0.361221    0.053748   0.000000  -0.581271   0.000000   0.000000   0.000000   0.000000   0.033919
       50.2674 0   0.001429   0.001429   0.341128    0.037505   0.000000  -0.571830   0.000000   0.000000   0.000000   0.000000   0.029629
       50.2429 0   0.001761   0.001761   0.340310    0.064429   0.000006  -0.525809   0.000000   0.000000   0.000000   0.000000   0.027919
       50.4830 0   0.000001   0.000001   0.364428    0.070050   0.000000  -0.547690   0.000000   0.000000   0.000000   0.000000   0.027373
       50.7445 0   0.001868   0.001868   0.327599    0.046959   0.000000  -0.505467   0.000000   0.000000   0.000000   0.000000   0.033192
       49.9676 0   0.007871   0.007871   0.317637    0.050526   0.000000  -0.511973   0.000000   0.000000   0.000000   0.000000   0.033503
       50.5070 0   0.000008   0.000008   0.343774    0.052649   0.000000  -0.559342   0.000000   0.000000  -0.001387   0.000000   0.027387
       50.8009 0   0.002789   0.002789   0.325584    0.051994   0.000000  -0.581555   0.000000   0.000000   0.000000   0.000000   0.034474
       50.8095 0   0.002944   0.002944   0.361510    0.038280   0.000000  -0.632794   0.000000   0.000000   0.000000   0.000000   0.032171
       50.4346 0   0.000088   0.000088   0.379051    0.054251   0.000000  -0.626287   0.000000   0.000000  -0.000502   0.000000   0.027821
       50.5175 0   0.000022   0.000022   0.313535    0.042355   0.000000  -0.568356   0.000033   0.000000   0.000000   0.000000   0.030017
       51.1695 0   0.013318   0.013318   0.327192    0.069690   0.000000  -0.627434   0.000000   0.000000   0.000000   0.000000   0.030105
       50.1493 0   0.003348   0.003348   0.314331    0.049200   0.000000  -0.572030   0.000070   0.000000   0.000000   0.000000   0.025398
       50.1027 0   0.004328   0.004328   0.343351    0.040140   0.000000  -0.622930   0.000000   0.000000   0.000000   0.000000   0.029162
       50.4082 0   0.000193   0.000193   0.341278    0.038901   0.000000  -0.684409   0.000047  -0.001579  -0.000007   0.000000   0.028792
       50.4013 0   0.000227   0.000227   0.396609    0.038919   0.004907  -0.777206   0.000000   0.000000   0.000000   0.000000   0.029874
       50.5425 0   0.000080   0.000080   0.282719    0.061021   0.000000  -0.691097   0.000000  -0.000008   0.000000   0.000000   0.028803
       50.7261 0   0.001608   0.001608   0.262812    0.055005   0.009937  -0.760478   0.000000   0.000000   0.000000   0.000000   0.028921
       50.2640 0   0.001474   0.001474   0.269301    0.055773   0.000000  -0.768176   0.000000   0.000000   0.000000   0.000000   0.025271
       50.6111 0   0.000423   0.000423   0.356151    0.049212   0.000000  -0.769300   0.000693   0.000000   0.000000   0.000000   0.033667
       50.8197 0   0.003137   0.003137   0.315488    0.039899   0.000000  -0.717821   0.000000   0.000000   0.000000   0.000000   0.033800
       50.5874 0   0.000274   0.000274   0.318952    0.047241   0.000000  -0.786502   0.000000   0.000000   0.000000   0.000000   0.025871
       50.5983 0   0.000338   0.000338   0.326717    0.053628   0.000000  -0.790690   0.000000   0.000000   0.000000   0.000000   0.027589
       50.7763 0   0.002365   0.002365   0.330850    0.036256   0.000000  -0.726438   0.000000   0.000000   0.000000   0.000000   0.029303
       50.3283 0   0.000754   0.000754   0.301150    0.044298   0.000000  -0.726686   0.000000   0.000000   0.000000   0.000000   0.027283
       50.4575 0   0.000031   0.000031   0.297941    0.034091   0.000000  -0.723326   0.000000   0.000000  -0.000004   0.000000   0.029702
       50.6355 0   0.000610   0.000610   0.348331    0.035026   0.000000  -0.766233   0.000000   0.000000   0.000000   0.000000   0.028881
       50.5969 0   0.000330   0.000330   0.314716    0.069337   0.000000  -0.762238   0.000000   0.000000   0.000000   0.000000   0.026425
       50.5842 0   0.000256   0.000256   0.323390    0.049850   0.000000  -0.783632   0.000000   0.000000   0.000000   0.000000   0.032606
       50.4464 0   0.000055   0.000055   0.340864    0.039605   0.000000  -0.800872   0.000000   0.000000   0.000000   0.000000   0.023557
       50.4324 0   0.000096   0.000096   0.326593    0.055739   0.000000  -0.806396   0.000000   0.000000   0.000000   0.000000   0.030934
       50.6199 0   0.000486   0.000486   0.296957    0.046707   0.000000  -0.795439   0.000000   0.000000   0.000000   0.000000   0.027250
       50.5199 0   0.000026   0.000026   0.347359    0.048718   0.000000  -0.784448   0.000000   0.000000   0.000000   0.000000   0.029240
       50.4561 0   0.000033   0.000033   0.361052    0.057882   0.000000  -0.793332   0.000000   0.000000  -0.000086   0.000000   0.028040
       50.4896 0   0.000000   0.000000   0.317606    0.071772   0.000000  -0.762896   0.000000   0.000000   0.000000   0.000000   0.028667
       50.5565 0   0.000127   0.000127   0.324643    0.056845   0.000000  -0.753152   0.000000   0.000000   0.000000   0.000000   0.025132
       50.6251 0   0.000526   0.000526   0.318689    0.039803   0.000000  -0.751432   0.000000   0.000000   0.000000   0.000000   0.029747
       50.4444 0   0.000060   0.000060   0.316832    0.054269   0.000000  -0.722133   0.002169   0.000000  -0.000659  -0.000050   0.028546
       50.5073 0   0.000009   0.000009   0.322875    0.060569   0.000000  -0.720834   0.000000   0.000000   0.000000   0.000000   0.027152
       50.1611 0   0.003121   0.003121   0.343139    0.059908   0.000000  -0.764666   0.000000   0.000000   0.000000   0.000000   0.029688
       50.3954 0   0.000258   0.000258   0.403614    0.049023   0.000000  -0.799914   0.000000   0.000000   0.000000   0.000000   0.030524
       50.4213 0   0.000136   0.000136   0.319557    0.051117   0.000000  -0.759034   0.000000   0.000000   0.000000   0.000000   0.029028
       50.2131 0   0.002212   0.002212   0.348176    0.039092   0.000000  -0.749975   0.000000   0.000000   0.000000   0.000000   0.024905
       50.5044 0   0.000006   0.000006   0.277329    0.064628   0.000000  -0.693740   0.000000   0.000000   0.000000   0.000000   0.028548
       50.5354 0   0.000060   0.000060   0.344872    0.036776   0.000000  -0.742883   0.000000  -0.005338  -0.002370   0.000000   0.030618
       50.4868 0   0.000000   0.000000   0.328217    0.051678   0.000000  -0.671550   0.000000  -0.017540  -0.005651   0.000000   0.028133
       50.5352 0   0.000059   0.000059   0.365685    0.066066   0.000057  -0.711999   0.000000   0.000000   0.000000   0.000000   0.030067
       50.7127 0   0.001431   0.001431   0.307008    0.062147   0.000000  -0.698294   0.000051   0.000000  -0.000104   0.000000   0.028976
       50.7244 0   0.001585   0.001585   0.301918    0.045542   0.000005  -0.729776   0.000000   0.000000   0.000000   0.000000   0.032387
       50.4733 0   0.000008   0.000008   0.375761    0.050411   0.000885  -0.755603   0.000000   0.000000   0.000000   0.000000   0.025163
       50.7013 0   0.001288   0.001288   0.352013    0.052777   0.000000  -0.676479   0.000000   0.000000  -0.000122   0.000000   0.029218
       50.3669 0   0.000437   0.000437   0.297821    0.040229   0.000000  -0.686935   0.000000   0.000000   0.000000   0.000000   0.029587
       50.5570 0   0.000129   0.000129   0.305033    0.055873   0.000000  -0.695908   0.000000  -0.000000   0.000000   0.000000   0.035703
       50.4372 0   0.000081   0.000081   0.286563    0.068925   0.000000  -0.672858   0.000000   0.000000   0.000000  -0.006437   0.028001
       50.5056 0   0.000007   0.000007   0.337386    0.062905   0.000036  -0.670283   0.000000   0.000000   0.000000   0.000000   0.031369
       50.7347 0   0.001727   0.001727   0.310522    0.051784   0.000000  -0.655585   0.000000   0.000000  -0.000022   0.000000   0.026370
       50.9131 0   0.005164   0.005164   0.290024    0.037896   0.000000  -0.673949   0.000000   0.000000   0.000000   0.000000   0.024712
       50.3109 0   0.000926   0.000926   0.282424    0.035153   0.000000  -0.664102   0.000000   0.000000   0.000000   0.000000   0.033582
       50.4388 0   0.000076   0.000076   0.297674    0.063155   0.000000  -0.698989   0.000000   0.000000   0.000000   0.000000   0.032338
       50.6813 0   0.001055   0.001055   0.293357    0.039846   0.000000  -0.675598   0.000000   0.000000   0.000000   0.000000   0.025182
       50.2506 0   0.001653   0.001653   0.316738    0.063089   0.000000  -0.648206   0.000000   0.000000   0.000000   0.000000   0.026428
       50.3586 0   0.000498   0.000498   0.347130    0.060736   0.000000  -0.726152   0.000000   0.000000   0.000000   0.000000   0.025064
       50.7379 0   0.001773   0.001773   0.304211    0.041853   0.000000  -0.711035   0.000000   0.000000   0.000000   0.000000   0.026615
       50.4146 0   0.000164   0.000164   0.308166    0.034011   0.000000  -0.711439   0.000045   0.000000   0.000000   0.000000   0.032089
       50.4450 0   0.000058   0.000058   0.323515    0.050796   0.000000  -0.757012   0.000000   0.000000   0.000000   0.000000   0.029193
       50.3569 0   0.000511   0.000511   0.351866    0.043548   0.000000  -0.757939   0.000000   0.000000   0.000000   0.000000   0.031056
       50.6325 0   0.000585   0.000585   0.360723    0.055128   0.000000  -0.778472   0.001590   0.000000   0.000000   0.000000   0.030357
       50.5306 0   0.000048   0.000048   0.338617    0.055464   0.000600  -0.763164   0.000000   0.000000   0.000000   0.000000   0.029685
       50.3470 0   0.000590   0.000590   0.309012    0.045690   0.000000  -0.783563   0.000000   0.000000  -0.000004   0.000000   0.025073
       50.8285 0   0.003304   0.003304   0.300945    0.045879   0.000000  -0.829735   0.000000   0.000000   0.000000   0.000000   0.028757
       50.6781 0   0.001020   0.001020   0.287888    0.031520   0.000000  -0.835702   0.000937   0.000000   0.000000   0.000000   0.027856
       50.1137 0   0.004085   0.004085   0.329417    0.047517   0.000000  -0.829833   0.000000   0.000000   0.000000   0.000000   0.026679
       50.5171 0   0.000021   0.000021   0.333655    0.041956   0.000000  -0.861897   0.000000   0.000000   0.000000   0.000000   0.025993
       50.9513 0   0.006139   0.006139   0.344749    0.032327   0.000002  -0.821675   0.000000   0.000000   0.000000   0.000000   0.025890
       50.3477 0   0.000584   0.000584   0.327955    0.039555   0.002639  -0.783781   0.000000   0.000000   0.000000   0.000000   0.027528
       50.5594 0   0.000139   0.000139   0.341445    0.038437   0.000000  -0.795085   0.000000   0.000000   0.000000   0.000000   0.025460
       50.5246 0   0.000035   0.000035   0.305496    0.050023   0.000000  -0.739903   0.000000   0.000000   0.000000   0.000000   0.025246
       50.4272 0   0.000114   0.000114   0.316330    0.074441   0.000000  -0.744138   0.000128   0.000000   0.000000   0.000000   0.027000
       50.5146 0   0.000017   0.000017   0.332828    0.041375   0.000000  -0.686679   0.000000   0.000000   0.000000   0.000000   0.029300
       50.5578 0   0.000133   0.000133   0.360796    0.052331   0.000000  -0.637742   0.000000   0.000000   0.000000   0.000000   0.030320
       50.4449 0   0.000059   0.000059   0.274286    0.077845   0.000692  -0.583564   0.000000   0.000000   0.000000   0.000000   0.032100
       50.2037 0   0.002364   0.002364   0.294532    0.065153   0.000000  -0.619337   0.000000   0.000000   0.000000   0.000000   0.028956
       50.2664 0   0.001442   0.001442   0.311241    0.049044   0.000000  -0.620160   0.000000   0.000000   0.000000   0.000000   0.032468
       50.6606 0   0.000839   0.000839   0.332892    0.050323   0.000000  -0.612677   0.000000   0.000000   0.000000   0.000000   0.029515
       50.7170 0   0.001486   0.001486   0.321150    0.052509   0.000000  -0.606503   0.000000   0.000000   0.000000   0.000000   0.028135
       50.4106 0   0.000182   0.000182   0.385507    0.042465   0.000000  -0.650076   0.000000   0.000000   0.000000   0.000000   0.028524
       50.2299 0   0.001951   0.001951   0.354065    0.038076   0.000000  -0.647818   0.000000   0.000000   0.000000   0.000000   0.027855
       50.5064 0   0.000008   0.000008   0.352996    0.058496   0.000000  -0.630968   0.000000   0.000000  -0.000000   0.000000   0.029908
       50.6131 0   0.000437   0.000437   0.328607    0.069000   0.000000  -0.638656   0.000000   0.000000   0.000000   0.000000   0.030096
       50.1498 0   0.003338   0.003338   0.314185    0.067053   0.000000  -0.629707   0.000043   0.000000   0.000000   0.000000   0.032667
       50.5402 0   0.000073   0.000073   0.348990    0.055614   0.000000  -0.645242   0.000000   0.000000  -0.000177   0.000000   0.026960
       50.4493 0   0.000048   0.000048   0.326460    0.039069   0.000000  -0.648588   0.000544   0.000000   0.000000   0.000000   0.033179
       50.5549 0   0.000122   0.000122   0.294235    0.052931   0.000000  -0.653777   0.000000   0.000000   0.000000   0.000000   0.031752
       50.1885 0   0.002623   0.002623   0.335139    0.054326   0.000000  -0.702193   0.000000   0.000000   0.000000   0.000000   0.028145
       50.5363 0   0.000062   0.000062   0.335718    0.047011   0.000000  -0.731068   0.000000   0.000000   0.000000   0.000000   0.027168
       50.6546 0   0.000782   0.000782   0.357655    0.039676   0.000750  -0.786373   0.000000   0.000000   0.000000   0.000000   0.028093
       50.0255 0   0.006223   0.006223   0.339465    0.054418   0.000000  -0.770328   0.000000   0.000000   0.000000   0.000000   0.027904
       50.4128 0   0.000172   0.000172   0.330185    0.061242   0.000000  -0.802665   0.000000   0.000000   0.000000   0.000000   0.032369
       50.3967 0   0.000251   0.000251   0.344652    0.046171   0.000000  -0.745368   0.000000   0.000000   0.000000   0.000000   0.030739
       50.5057 0   0.000007   0.000007   0.306957    0.046613   0.000000  -0.765816   0.000000   0.000000   0.000000   0.000000   0.029214
       50.8893 0   0.004599   0.004599   0.306134    0.057832   0.000000  -0.721196   0.000000   0.000000   0.000000   0.000000   0.033232
       50.5058 0   0.000007   0.000007   0.314768    0.064367   0.000000  -0.728697   0.000000   0.000000  -0.000000   0.000000   0.025595
       50.3313 0   0.000726   0.000726   0.315329    0.037209   0.000000  -0.708726   0.000000   0.000000   0.000000   0.000000   0.030782
       50.6420 0   0.000667   0.000667   0.334570    0.043690   0.000000  -0.693941   0.000000   0.000000   0.000000   0.000000   0.029530
       50.5344 0   0.000057   0.000057   0.371401    0.049551   0.000000  -0.723601   0.000000   0.000000  -0.000000   0.000000   0.028135
       50.5616 0   0.000148   0.000148   0.331665    0.051117   0.000000  -0.682211   0.000000   0.000000   0.000000   0.000000   0.025526
       50.4785 0   0.000004   0.000004   0.299446    0.045340   0.000000  -0.695671   0.000000   0.000000   0.000000   0.000000   0.029135
       50.7532 0   0.001999   0.001999   0.351839    0.050694   0.000000  -0.728027   0.000000   0.000000   0.000000   0.000000   0.027096
       50.4052 0   0.000207   0.000207   0.317273    0.045392   0.000000  -0.703635   0.000000   0.000000   0.000000  -0.008604   0.033830
       50.3751 0   0.000381   0.000381   0.324942    0.039701   0.000000  -0.707149   0.000933   0.000000   0.000000   0.000000   0.029768
       50.6199 0   0.000487   0.000487   0.374770    0.032587   0.000000  -0.698313   0.000000   0.000000   0.000000   0.000000   0.030085
       50.3116 0   0.000918   0.000918   0.322766    0.048176   0.000281  -0.651013   0.000000   0.000000   0.000000   0.000000   0.034934
       50.4094 0   0.000187   0.000187   0.307089    0.049074   0.000931  -0.661554   0.000000   0.000000   0.000000   0.000000   0.031395
       50.6137 0   0.000441   0.000441   0.317501    0.078903   0.000000  -0.696317   0.000000   0.000000   0.000000   0.000000   0.022510
       50.3149 0   0.000885   0.000885   0.321011    0.047184   0.000000  -0.649748   0.000000   0.000000   0.000000   0.000000   0.031311
       50.7382 0   0.001777   0.001777   0.351202    0.053689   0.000000  -0.743716   0.000000   0.000000   0.000000   0.000000   0.029107
       50.5772 0   0.000219   0.000219   0.392017    0.057155   0.000000  -0.767949   0.000000   0.000000   0.000000   0.000000   0.031673
       50.3371 0   0.000675   0.000675   0.308591    0.055737   0.000000  -0.735850   0.000000   0.000000   0.000000   0.000000   0.028946
       50.2903 0   0.001150   0.001150   0.354669    0.059943   0.000000  -0.815061   0.000000   0.000000   0.000000   0.000000   0.026468
       50.3529 0   0.000542   0.000542   0.304750    0.043504   0.000849  -0.762206   0.000000   0.000000  -0.000030   0.000000   0.026002
       50.5106 0   0.000012   0.000012   0.305411    0.051036   0.000000  -0.770483   0.000084   0.000000  -0.000002   0.000000   0.033868
       50.7285 0   0.001641   0.001641   0.351313    0.047517   0.000000  -0.781509   0.000000   0.000000   0.000000   0.000000   0.031124
       50.4349 0   0.000087   0.000087   0.331028    0.034934   0.000000  -0.762927   0.000000   0.000000  -0.000077   0.000000   0.028302
       50.4803 0   0.000003   0.000003   0.352064    0.060476   0.000769  -0.766736   0.000000   0.000000   0.000000   0.000000   0.035748
       50.7436 0   0.001855   0.001855   0.314363    0.043366   0.000000  -0.664834   0.000000   0.000000   0.000000   0.000000   0.024786
       50.7810 0   0.002442   0.002442   0.306968    0.040119   0.000000  -0.708908   0.000000   0.000000   0.000000   0.000000   0.033378
       50.2951 0   0.001096   0.001096   0.334884    0.041065   0.000000  -0.773953   0.000000   0.000000   0.000000   0.000000   0.026661
       50.3066 0   0.000970   0.000970   0.363321    0.047454   0.000000  -0.783211   0.000000   0.000000   0.000000   0.000000   0.024713
       50.5252 0   0.000036   0.000036   0.345764    0.054651   0.000000  -0.776888   0.000000   0.000000   0.000000   0.000000   0.033923
       50.3466 0   0.000593   0.000593   0.343645    0.064697   0.000000  -0.790108   0.000000   0.000000   0.000000   0.000000   0.028541
       50.8639 0   0.004033   0.004033   0.325108    0.053586   0.000000  -0.772181   0.000000   0.000000   0.000000   0.000000   0.028658
       50.4222 0   0.000133   0.000133   0.324119    0.038639   0.000000  -0.768311   0.000000   0.000000   0.000000   0.000000   0.025420
       50.4301 0   0.000104   0.000104   0.345973    0.043718   0.000000  -0.802995   0.000000   0.000000   0.000000   0.000000   0.032131
       50.4199 0   0.000142   0.000142   0.310096    0.040853   0.000000  -0.748258   0.000000   0.000000   0.000000   0.000000   0.023510
       50.4993 0   0.000003   0.000003   0.359741    0.052527   0.000000  -0.814751   0.000000   0.000000   0.000000   0.000000   0.028163
       50.5929 0   0.000305   0.000305   0.335411    0.063797   0.000000  -0.815283   0.000000   0.000000   0.000000   0.000000   0.028108
       50.5050 0   0.000007   0.000007   0.364128    0.066627   0.000000  -0.786577   0.000000   0.000000   0.000000   0.000000   0.030541
       50.5906 0   0.000292   0.000292   0.331630    0.078202   0.000000  -0.770865   0.000000   0.000000   0.000000   0.000000   0.027042
       50.3079 0   0.000957   0.000957   0.290532    0.034867   0.000000  -0.783032   0.000000  -0.000000   0.000000   0.000000   0.027943
       50.3053 0   0.000984   0.000984   0.293500    0.042574   0.000000  -0.752669   0.000000   0.000000   0.000000   0.000000   0.027910
       50.2973 0   0.001072   0.001072   0.341115    0.056764   0.000000  -0.781286   0.000000   0.000000  -0.000486   0.000000   0.028707
       50.5693 0   0.000181   0.000181   0.313807    0.041146   0.000000  -0.732183   0.000000   0.000000  -0.000126   0.000000   0.028959
       50.7554 0   0.002031   0.002031   0.376413    0.060592   0.000000  -0.774786   0.000000   0.000000   0.000000   0.000000   0.029448
       49.9796 0   0.007513   0.007513   0.312870    0.044961   0.000000  -0.716791   0.000000   0.000000   0.000000   0.000000   0.025215
       50.7191 0   0.001514   0.001514   0.297040    0.069192   0.000000  -0.682067   0.000000   0.000000   0.000000   0.000000   0.030639
       50.5096 0   0.000011   0.000011   0.382944    0.057067   0.000003  -0.710079   0.000000   0.000000   0.000000   0.000000   0.030839
       50.2459 0   0.001719   0.001719   0.394016    0.049034   0.001740  -0.702678   0.000000   0.000000  -0.000344   0.000000   0.027105
       50.4988 0   0.000002   0.000002   0.335597    0.057316   0.000000  -0.633728   0.000000   0.000000   0.000000   0.000000   0.033145
       50.7931 0   0.002650   0.002650   0.322103    0.043994   0.002418  -0.620324   0.000000   0.000000   0.000000   0.000000   0.031945
       50.5808 0   0.000238   0.000238   0.284851    0.055875   0.000000  -0.604938   0.000000   0.000000   0.000000   0.000000   0.031123
       50.5967 0   0.000329   0.000329   0.319062    0.060721   0.000000  -0.614082   0.000000   0.000000  -0.000000   0.000000   0.027917
       50.3685 0   0.000426   0.000426   0.293679    0.033968   0.000000  -0.608405   0.000000   0.000000   0.000000   0.000000   0.028857
       50.5809 0   0.000238   0.000238   0.301816    0.047760   0.000000  -0.637487   0.000000   0.000000   0.000000   0.000000   0.025834
       50.5625 0   0.000151   0.000151   0.336119    0.042920   0.000437  -0.638976   0.000000   0.000000  -0.000016   0.000000   0.031318
       50.5672 0   0.000172   0.000172   0.326771    0.060896   0.000000  -0.657647   0.000000   0.000000   0.000000   0.000000   0.029423
       50.7099 0   0.001395   0.001395   0.315228    0.042706   0.000405  -0.657925   0.000000   0.000000   0.000000   0.000000   0.025713
       50.2974 0   0.001070   0.001070   0.321100    0.052840   0.000000  -0.707006   0.000000  -0.001054  -0.000539   0.000000   0.025923
       50.4140 0   0.000166   0.000166   0.336616    0.039194   0.000000  -0.688648   0.000000  -0.000157  -0.001440   0.000000   0.031366
       50.3679 0   0.000430   0.000430   0.278200    0.049808   0.000000  -0.635339   0.000000   0.000000  -0.000000   0.000000   0.029934
       50.5512 0   0.000108   0.000108   0.296488    0.052658   0.000000  -0.613501   0.000000   0.000000   0.000000   0.000000   0.029119
       50.4358 0   0.000085   0.000085   0.330544    0.045315   0.000000  -0.614327   0.000000   0.000000   0.000000   0.000000   0.030662
       50.6951 0   0.001214   0.001214   0.356424    0.038025   0.000000  -0.659412   0.000000   0.000000   0.000000  -0.000062   0.029326
       50.7152 0   0.001462   0.001462   0.387721    0.047082   0.000000  -0.753327   0.000000   0.000000   0.000000   0.000000   0.032142
       50.4019 0   0.000224   0.000224   0.345605    0.050164   0.000000  -0.739784   0.000000   0.000000   0.000000   0.000000   0.024299
       50.6840 0   0.001085   0.001085   0.362386    0.050983   0.000000  -0.763248   0.002192   0.000000   0.000000   0.000000   0.028475
       50.2963 0   0.001082   0.001082   0.380186    0.049926   0.000000  -0.767819   0.000000   0.000000   0.000000   0.000000   0.026403
       50.5076 0   0.000009   0.000009   0.346212    0.042866   0.000000  -0.725352   0.000000   0.000000   0.000000   0.000000   0.025515
       50.4791 0   0.000003   0.000003   0.331445    0.056928   0.000000  -0.656275   0.000000   0.000000   0.000000   0.000000   0.030092
       50.6716 0   0.000952   0.000952   0.308365    0.049996   0.000000  -0.670907   0.001744   0.000000   0.000000   0.000000   0.030521
       50.3442 0   0.000613   0.000613   0.310693    0.044351   0.000000  -0.587081   0.000000   0.000000   0.000000   0.000000   0.027671
       50.3461 0   0.000598   0.000598   0.322386    0.061700   0.000283  -0.604339   0.000000   0.000000   0.000000   0.000000   0.029329
       50.6709 0   0.000944   0.000944   0.346066    0.041920   0.003251  -0.607785   0.000000   0.000000  -0.000012   0.000000   0.032258
       50.3331 0   0.000710   0.000710   0.404060    0.066200   0.000000  -0.700551   0.000000   0.000000   0.000000   0.000000   0.025094
       50.9127 0   0.005153   0.005153   0.339168    0.056037   0.000000  -0.649114   0.000000   0.000000   0.000000   0.000000   0.029900
       50.5887 0   0.000281   0.000281   0.293527    0.068036   0.000000  -0.611513   0.000000   0.000000   0.000000   0.000000   0.029723
       50.5227 0   0.000031   0.000031   0.313260    0.054763   0.000000  -0.606323   0.000000   0.000000   0.000000   0.000000   0.035539
       50.1536 0   0.003265   0.003265   0.347943    0.045456   0.000000  -0.563343   0.000000   0.000000  -0.000004   0.000000   0.031137
       50.3629 0   0.000466   0.000466   0.372011    0.039269   0.000275  -0.563485   0.005043   0.000000   0.000000   0.000000   0.028315
       50.5028 0   0.000005   0.000005   0.328821    0.067041   0.000000  -0.555360   0.000000   0.000000   0.000000   0.000000   0.029869
       50.4211 0   0.000137   0.000137   0.315941    0.052896   0.000000  -0.585722   0.000000   0.000000   0.000000   0.000000   0.028452
       50.8043 0   0.002849   0.002849   0.303709    0.038496   0.000000  -0.618940   0.000000   0.000000   0.000000   0.000000   0.031588
       50.4603 0   0.000025   0.000025   0.313789    0.053658   0.000000  -0.609102   0.000000   0.000000  -0.000000   0.000000   0.029328
       50.3567 0   0.000513   0.000513   0.318930    0.042132   0.001118  -0.563801   0.000000   0.000000   0.000000   0.000000   0.029873
       50.8606 0   0.003962   0.003962   0.331000    0.056717   0.000502  -0.578535   0.000000   0.000000   0.000000   0.000000   0.025226
       50.3948 0   0.000262   0.000262   0.300869    0.053820   0.000000  -0.617594   0.000000   0.000000  -0.002955   0.000000   0.032439
       50.4102 0   0.000184   0.000184   0.328141    0.038550   0.000000  -0.621402   0.000000   0.000000   0.000000   0.000000   0.030629
       50.4590 0   0.000028   0.000028   0.302523    0.044045   0.000000  -0.604668   0.000000   0.000000   0.000000   0.000000   0.032124
       50.3801 0   0.000348   0.000348   0.328817    0.069682   0.000000  -0.589298   0.000000   0.000000   0.000000   0.000000   0.027498
       50.6022 0   0.000363   0.000363   0.319745    0.046292   0.000000  -0.626255   0.000000   0.000000   0.000000   0.000000   0.029455
       50.3621 0   0.000472   0.000472   0.343269    0.046873   0.000000  -0.640777   0.000000   0.000000   0.000000   0.000000   0.026302
       50.3542 0   0.000532   0.000532   0.327642    0.041950   0.000241  -0.612889   0.000000   0.000000   0.000000   0.000000   0.027649
       50.7392 0   0.001791   0.001791   0.339035    0.050514   0.000000  -0.640678   0.000000   0.000000   0.000000   0.000000   0.030025
       50.5187 0   0.000024   0.000024   0.305885    0.053377   0.000000  -0.621665   0.000000   0.000000   0.000000   0.000000   0.024117
       50.5280 0   0.000042   0.000042   0.334849    0.037356   0.000000  -0.624854   0.000000   0.000000  -0.000139   0.000000   0.027945
       50.7873 0   0.002549   0.002549   0.354625    0.044113   0.000000  -0.617494   0.000000   0.000000  -0.000297   0.000000   0.029559
       50.5164 0   0.000020   0.000020   0.336173    0.060394   0.000000  -0.591973   0.000000   0.000000   0.000000   0.000000   0.027290
       50.7287 0   0.001644   0.001644   0.322412    0.028817   0.000000  -0.606218   0.000000   0.000000   0.000000   0.000000   0.028987
       50.7876 0   0.002554   0.002554   0.342329    0.061169   0.000000  -0.582394   0.001702   0.000000   0.000000   0.000000   0.029774
       50.1967 0   0.002481   0.002481   0.299445    0.068743   0.000000  -0.540924   0.000000  -0.012557  -0.002669   0.000000   0.032388
       50.6720 0   0.000956   0.000956   0.356924    0.044731   0.000000  -0.592787   0.000000  -0.015326  -0.003825   0.000000   0.024712
       50.9320 0   0.005636   0.005636   0.319564    0.060456   0.000382  -0.663578   0.000000   0.000000   0.000000   0.000000   0.025823
       50.7023 0   0.001300   0.001300   0.349770    0.051083   0.000000  -0.684255   0.000000   0.000000   0.000000   0.000000   0.028922
       50.2288 0   0.001968   0.001968   0.346681    0.042898   0.000000  -0.676550   0.006537   0.000000   0.000000  -0.015195   0.031531
       50.8316 0   0.003367   0.003367   0.315832    0.045601   0.000000  -0.675289   0.000000   0.000000   0.000000   0.000000   0.026754
       50.1845 0   0.002691   0.002691   0.326316    0.049328   0.000000  -0.663683   0.000000   0.000000   0.000000   0.000000   0.027557
       50.6019 0   0.000362   0.000362   0.325583    0.057488   0.000000  -0.691832   0.000000   0.000000   0.000000  -0.006796   0.029609
       50.8347 0   0.003427   0.003427   0.313725    0.072681   0.000272  -0.707888   0.000000   0.000000  -0.001119   0.000000   0.029712
       50.8206 0   0.003154   0.003154   0.338385    0.076480   0.001563  -0.721345   0.000000   0.000000   0.000000   0.000000   0.026500
       50.4340 0   0.000090   0.000090   0.354594    0.044574   0.000000  -0.713923   0.000000   0.000000   0.000000   0.000000   0.029831
       50.6516 0   0.000753   0.000753   0.309680    0.058106   0.000000  -0.677144   0.000000   0.000000   0.000000   0.000000   0.023342
       50.4768 0   0.000005   0.000005   0.337698    0.037664   0.000000  -0.762734   0.000297   0.000000  -0.000540   0.000000   0.029034
       50.5105 0   0.000012   0.000012   0.317254    0.065428   0.000000  -0.788038   0.000000   0.000000   0.000000   0.000000   0.026188
       50.6074 0   0.000398   0.000398   0.309273    0.057376   0.000000  -0.780676   0.000000   0.000000   0.000000   0.000000   0.029677
       50.5231 0   0.000032   0.000032   0.312815    0.055095   0.000000  -0.737218   0.000000   0.000000   0.000000   0.000000   0.025411
       50.7418 0   0.001829   0.001829   0.335034    0.045928   0.000000  -0.683399   0.000000   0.000000   0.000000  -0.000035   0.029337
       50.7123 0   0.001426   0.001426   0.385621    0.036271   0.000000  -0.676223   0.000000   0.000000   0.000000   0.000000   0.029402
       49.9621 0   0.008038   0.008038   0.348732    0.049584   0.000000  -0.683566   0.000000   0.000000  -0.000742   0.000000   0.025375
       50.6549 0   0.000784   0.000784   0.372015    0.055671   0.000000  -0.654295   0.000000  -0.017631  -0.006621   0.000000   0.032519
       50.6966 0   0.001232   0.001232   0.345937    0.047228   0.000664  -0.653567   0.000000  -0.017284  -0.006177   0.000000   0.030652
       50.2390 0   0.001817   0.001817   0.320833    0.053673   0.000000  -0.693952   0.000000   0.000000   0.000000   0.000000   0.028135
       50.5108 0   0.000012   0.000012   0.343761    0.041398   0.000000  -0.678850   0.000000   0.000000   0.000000   0.000000   0.032629
       50.5488 0   0.000100   0.000100   0.341693    0.061634   0.000000  -0.648925   0.000000   0.000000   0.000000   0.000000   0.032290
       50.5439 0   0.000084   0.000084   0.365593    0.052637   0.000088  -0.701760   0.000000   0.000000  -0.000324   0.000000   0.030534
       50.4992 0   0.000002   0.000002   0.318549    0.055316   0.000000  -0.718213   0.000000   0.000000   0.000000   0.000000   0.029032
       50.5669 0   0.000171   0.000171   0.331698    0.056500   0.000000  -0.701695   0.000000   0.000000  -0.000000   0.000000   0.032084
       50.3871 0   0.000305   0.000305   0.379154    0.072646   0.000000  -0.734246   0.000000   0.000000   0.000000   0.000000   0.027965
       50.3610 0   0.000480   0.000480   0.358624    0.072147   0.000000  -0.717794   0.000000   0.000000  -0.000000   0.000000   0.028124
       50.4476 0   0.000052   0.000052   0.390084    0.045189   0.000000  -0.754370   0.000000   0.000000   0.000000   0.000000   0.027798
       50.5879 0   0.000276   0.000276   0.374629    0.053828   0.000000  -0.774970   0.000000   0.000000   0.000000   0.000000   0.027419
       50.8166 0   0.003076   0.003076   0.319617    0.036154   0.000000  -0.673635   0.000000   0.000000   0.000000   0.000000   0.026218
       50.3609 0   0.000481   0.000481   0.290963    0.045897   0.000000  -0.706178   0.000000   0.000000   0.000000   0.000000   0.031561
       50.3153 0   0.000881   0.000881   0.316879    0.054372   0.000000  -0.670243   0.000000   0.000000   0.000000   0.000000   0.032034
       50.4456 0   0.000057   0.000057   0.311271    0.037383   0.000000  -0.623913   0.000000   0.000000   0.000000   0.000000   0.029666
       50.6005 0   0.000352   0.000352   0.346646    0.045241   0.000000  -0.642570   0.000000   0.000000   0.000000   0.000000   0.036877
       50.4380 0   0.000078   0.000078   0.321779    0.056341   0.000000  -0.607144   0.000000   0.000000  -0.000000   0.000000   0.029695
       50.3728 0   0.000397   0.000397   0.288060    0.040883   0.000000  -0.606621   0.000000   0.000000   0.000000   0.000000   0.033181
       50.6482 0   0.000722   0.000722   0.361286    0.056845   0.000000  -0.700072   0.000000   0.000000   0.000000   0.000000   0.024252
       50.4644 0   0.000019   0.000019   0.347262    0.048732   0.000000  -0.645769   0.000000   0.000000  -0.000000   0.000000   0.027942
       50.4450 0   0.000059   0.000059   0.372814    0.056972   0.000000  -0.739233   0.000000   0.000000   0.000000   0.000000   0.031887
       50.5505 0   0.000106   0.000106   0.322584    0.057280   0.000000  -0.699363   0.000000   0.000000   0.000000   0.000000   0.028233
       50.3637 0   0.000460   0.000460   0.319185    0.044702   0.000000  -0.695636   0.000000  -0.018312  -0.007329   0.000000   0.029454
       50.4595 0   0.000027   0.000027   0.327613    0.039570   0.000456  -0.691886   0.000001   0.000000   0.000000   0.000000   0.037115
       50.7907 0   0.002609   0.002609   0.340211    0.051944   0.000000  -0.698920   0.000000   0.000000   0.000000   0.000000   0.026809
       50.6220 0   0.000503   0.000503   0.327506    0.048390   0.000000  -0.732622   0.000000   0.000000   0.000000   0.000000   0.031513
       50.5140 0   0.000017   0.000017   0.352273    0.039041   0.000000  -0.753042   0.000000   0.000000   0.000000   0.000000   0.024807
       50.2824 0   0.001243   0.001243   0.309005    0.056504   0.000000  -0.766556   0.000000   0.000000  -0.001083   0.000000   0.034262
       50.6138 0   0.000442   0.000442   0.328702    0.037010   0.000000  -0.790875   0.000000   0.000000   0.000000   0.000000   0.027448
       50.4207 0   0.000139   0.000139   0.342426    0.053082   0.000000  -0.780617   0.000000   0.000000  -0.000000   0.000000   0.026099
       50.7913 0   0.002620   0.002620   0.356593    0.044384   0.000000  -0.788132   0.000000   0.000000   0.000000   0.000000   0.030818
       50.5112 0   0.000013   0.000013   0.356088    0.059369   0.000000  -0.786296   0.000000   0.000000   0.000000   0.000000   0.031539
       50.2645 0   0.001467   0.001467   0.352438    0.050326   0.000000  -0.776785   0.000000   0.000000   0.000000   0.000000   0.028063
       50.0982 0   0.004428   0.004428   0.316628    0.051463   0.000000  -0.722612   0.000000   0.000000   0.000000   0.000000   0.030394
       50.7224 0   0.001557   0.001557   0.345513    0.043818   0.000000  -0.702593   0.008120   0.000000   0.000000   0.000000   0.028787
       50.4601 0   0.000026   0.000026   0.332049    0.044508   0.001098  -0.704194   0.000000   0.000000  -0.000000   0.000000   0.023225
       50.4388 0   0.000076   0.000076   0.304036    0.040733   0.000000  -0.640975   0.000000   0.000000   0.000000   0.000000   0.025327
       50.6546 0   0.000782   0.000782   0.317706    0.051630   0.000000  -0.670288   0.000000   0.000000   0.000000   0.000000   0.028883
       50.3798 0   0.000351   0.000351   0.294715    0.054452   0.000000  -0.678490   0.000000   0.000000   0.000000   0.000000   0.027484
       50.5628 0   0.000153   0.000153   0.326670    0.041398   0.000000  -0.654897   0.000000   0.000000   0.000000   0.000000   0.029062
       50.8898 0   0.004612   0.004612   0.347133    0.026697   0.000000  -0.626859   0.000000   0.000000   0.000000   0.000000   0.029931
       50.3965 0   0.000252   0.000252   0.291226    0.046384   0.000000  -0.630449   0.000000   0.000000   0.000000   0.000000   0.030273
       50.5386 0   0.000068   0.000068   0.339965    0.066498   0.000000  -0.696837   0.000439   0.000000   0.000000   0.000000   0.026872
       50.6108 0   0.000421   0.000421   0.338503    0.053506   0.000000  -0.609531   0.000000   0.000000   0.000000   0.000000   0.030473
       50.1169 0   0.004015   0.004015   0.326310    0.067725   0.000000  -0.622919   0.000000   0.000000   0.000000   0.000000   0.029879
       50.5745 0   0.000206   0.000206   0.332246    0.049437   0.000000  -0.617076   0.000000   0.000000  -0.000345   0.000000   0.030065
       50.3841 0   0.000324   0.000324   0.308686    0.050588   0.000000  -0.597925   0.000000   0.000000   0.000000   0.000000   0.026635
       50.4010 0   0.000228   0.000228   0.301780    0.069626   0.000000  -0.635264   0.003520   0.000000   0.000000   0.000000   0.025026
       50.4956 0   0.000001   0.000001   0.338409    0.047902   0.000000  -0.596403   0.000000   0.000000   0.000000   0.000000   0.027169
       50.4637 0   0.000020   0.000020   0.287347    0.059944   0.000000  -0.621939   0.000000   0.000000   0.000000   0.000000   0.025295
       50.5452 0   0.000088   0.000088   0.316723    0.065555   0.000000  -0.600433   0.000000   0.000000  -0.000091   0.000000   0.031560
       50.6458 0   0.000701   0.000701   0.324008    0.042565   0.000000  -0.580051   0.000000   0.000000   0.000000   0.000000   0.028690
       50.6222 0   0.000504   0.000504   0.356113    0.043628   0.000573  -0.661194   0.000000   0.000000   0.000000   0.000000   0.029801
       50.5301 0   0.000046   0.000046   0.346381    0.060123   0.000000  -0.654881   0.000000   0.000000   0.000000   0.000000   0.028533
       50.2160 0   0.002166   0.002166   0.308550    0.062518   0.000000  -0.623264   0.000000   0.000000   0.000000   0.000000   0.027848
       50.3650 0   0.000450   0.000450   0.310451    0.049009   0.000000  -0.628236   0.000000   0.000000  -0.000000   0.000000   0.026713
       50.5524 0   0.000112   0.000112   0.317465    0.071890   0.000000  -0.673838   0.000000   0.000000   0.000000   0.000000   0.027438
       50.2682 0   0.001419   0.001419   0.285093    0.053875   0.000000  -0.640848   0.000000   0.000000   0.000000   0.000000   0.027922
       50.5713 0   0.000191   0.000191   0.291238    0.040586   0.000000  -0.671880   0.000000   0.000000   0.000000   0.000000   0.030041
       50.3764 0   0.000372   0.000372   0.281495    0.053628   0.000000  -0.663609   0.000000   0.000000   0.000000   0.000000   0.035423
       50.5949 0   0.000317   0.000317   0.315091    0.042506   0.001883  -0.706672   0.000000  -0.011770  -0.003552   0.000000   0.032691
       50.3900 0   0.000288   0.000288   0.327757    0.032937   0.000000  -0.701246   0.000000  -0.018149  -0.007353   0.000000   0.033120
       50.6803 0   0.001045   0.001045   0.304308    0.050975   0.000000  -0.708386   0.000000  -0.014724  -0.006059   0.000000   0.032643
       50.8089 0   0.002934   0.002934   0.286338    0.050898   0.000310  -0.673858   0.001144  -0.016578  -0.007803   0.000000   0.032657
       50.5307 0   0.000048   0.000048   0.335054    0.056043   0.000000  -0.687357   0.000000  -0.019064  -0.007639   0.000000   0.037845
       50.3506 0   0.000560   0.000560   0.340335    0.045433   0.000000  -0.675701   0.000000  -0.001684  -0.000981   0.000000   0.033537
       50.6545 0   0.000781   0.000781   0.303841    0.086638   0.000000  -0.722751   0.000000   0.000000   0.000000   0.000000   0.030777
       50.3465 0   0.000594   0.000594   0.348507    0.046142   0.000000  -0.743885   0.000000   0.000000   0.000000   0.000000   0.024591
       50.3789 0   0.000356   0.000356   0.333420    0.043350   0.000000  -0.726044   0.000000   0.000000   0.000000   0.000000   0.026792
       50.8981 0   0.004804   0.004804   0.319075    0.061734   0.000000  -0.701106   0.000000   0.000000  -0.000001   0.000000   0.028407
       50.4068 0   0.000200   0.000200   0.397071    0.045892   0.000000  -0.729836   0.000000   0.000000   0.000000   0.000000   0.027931
       50.3813 0   0.000341   0.000341   0.310097    0.054511   0.000000  -0.668476   0.000000   0.000000   0.000000   0.000000   0.027820
       50.2533 0   0.001617   0.001617   0.349789    0.036916   0.000000  -0.655070   0.000000   0.000000  -0.001202   0.000000   0.028705
       50.0137 0   0.006544   0.006544   0.357029    0.034980   0.000000  -0.597711   0.000000   0.000000   0.000000   0.000000   0.033714
       50.6450 0   0.000693   0.000693   0.279565    0.059592   0.000000  -0.548101   0.000021   0.000000   0.000000   0.000000   0.032877
       50.6632 0   0.000865   0.000865   0.369301    0.041716   0.000563  -0.655129   0.000000   0.000000  -0.000000   0.000000   0.026131
       50.5190 0   0.000024   0.000024   0.363750    0.053242   0.000000  -0.625057   0.000000   0.000000  -0.000334   0.000000   0.031700
       50.5150 0   0.000018   0.000018   0.350806    0.046293   0.000000  -0.581112   0.000000   0.000000  -0.000000   0.000000   0.033414
       50.6401 0   0.000649   0.000649   0.391948    0.068533   0.000000  -0.598990   0.000000   0.000000   0.000000   0.000000   0.027451
       50.5612 0   0.000146   0.000146   0.420134    0.046363   0.000000  -0.578722   0.000000   0.000000   0.000000   0.000000   0.033329
       50.6330 0   0.000590   0.000590   0.332592    0.037336   0.000430  -0.521642   0.000000   0.000000   0.000000   0.000000   0.033428
       50.0494 0   0.005601   0.005601   0.279821    0.059908   0.000000  -0.528121   0.000000   0.000000   0.000000   0.000000   0.029282
       50.0934 0   0.004537   0.004537   0.310605    0.064125   0.002484  -0.552978   0.000000   0.000000  -0.001146   0.000000   0.033753
       50.8803 0   0.004395   0.004395   0.284728    0.054867   0.000000  -0.522202   0.001467   0.000000  -0.000255  -0.002990   0.029799
       50.2911 0   0.001141   0.001141   0.335428    0.038333   0.000175  -0.530255   0.000000   0.000000  -0.000830   0.000000   0.030328
       49.8344 0   0.012400   0.012400   0.336852    0.051555   0.000000  -0.615215   0.000000   0.000000  -0.001076   0.000000   0.027237
       50.6804 0   0.001046   0.001046   0.344181    0.043697   0.000000  -0.632399   0.000000   0.000000   0.000000   0.000000   0.028180
       50.7016 0   0.001291   0.001291   0.311860    0.042537   0.000000  -0.579927   0.000000   0.000000   0.000000   0.000000   0.028477
       50.1644 0   0.003058   0.003058   0.317054    0.062567   0.000000  -0.574558   0.000000   0.000000   0.000000   0.000000   0.027310
       50.3580 0   0.000503   0.000503   0.322279    0.045060   0.000000  -0.567690   0.000000   0.000000   0.000000   0.000000   0.034281
       50.7756 0   0.002353   0.002353   0.349796    0.057384   0.000000  -0.550516   0.000000   0.000000   0.000000   0.000000   0.025587
       50.4173 0   0.000153   0.000153   0.370023    0.055105   0.000000  -0.587438   0.000003   0.000000  -0.000002   0.000000   0.030452
       50.2784 0   0.001292   0.001292   0.333637    0.045145   0.000000  -0.538885   0.000000   0.000000   0.000000   0.000000   0.024259
       50.7669 0   0.002211   0.002211   0.329349    0.076785   0.000000  -0.537391   0.000000  -0.000026  -0.004752   0.000000   0.038153
       50.4835 0   0.000001   0.000001   0.359641    0.042570   0.000462  -0.554013   0.000000   0.000000  -0.000000   0.000000   0.026070
       50.5413 0   0.000076   0.000076   0.344729    0.039719   0.000000  -0.518629   0.000000   0.000000   0.000000   0.000000   0.031688
       50.2589 0   0.001541   0.001541   0.346921    0.054056   0.000000  -0.511994   0.000000   0.000000   0.000000   0.000000   0.035657
       50.3321 0   0.000719   0.000719   0.398216    0.042962   0.000000  -0.532121   0.000000   0.000000   0.000000   0.000000   0.031195
       50.5702 0   0.000185   0.000185   0.368832    0.034263   0.000000  -0.549921   0.000278   0.000000   0.000000   0.000000   0.028910
       50.5462 0   0.000091   0.000091   0.409814    0.045832   0.000658  -0.616837   0.000000   0.000000   0.000000   0.000000   0.030092
       50.7013 0   0.001287   0.001287   0.320327    0.044276   0.000851  -0.566347   0.000000   0.000000   0.000000   0.000000   0.031878
       50.4311 0   0.000100   0.000100   0.315106    0.048325   0.000000  -0.595987   0.000000   0.000000   0.000000   0.000000   0.035867
       50.5356 0   0.000060   0.000060   0.288447    0.056378   0.000001  -0.575970   0.000000   0.000000   0.000000   0.000000   0.027547
       50.5234 0   0.000032   0.000032   0.303742    0.031819   0.000000  -0.578415   0.000486   0.000000   0.000000   0.000000   0.036657
       50.3494 0   0.000570   0.000570   0.292537    0.079538   0.000000  -0.614284   0.000000   0.000000   0.000000   0.000000   0.028739
       50.5719 0   0.000194   0.000194   0.316847    0.034444   0.000003  -0.596516   0.000000   0.000000   0.000000   0.000000   0.029765
       50.4683 0   0.000014   0.000014   0.337020    0.047937   0.000000  -0.601978   0.000000   0.000000  -0.000000   0.000000   0.029764
       50.3649 0   0.000451   0.000451   0.338019    0.041865   0.000002  -0.587691   0.000000   0.000000   0.000000   0.000000   0.032460
       50.7456 0   0.001885   0.001885   0.360465    0.075725   0.000000  -0.645012   0.000000   0.000000   0.000000   0.000000   0.026200
       50.5622 0   0.000150   0.000150   0.344755    0.042994   0.000000  -0.657496   0.000000   0.000000   0.000000   0.000000   0.030114
       50.5060 0   0.000007   0.000007   0.333462    0.064799   0.000000  -0.581880   0.000000   0.000000   0.000000   0.000000   0.025170
       50.3011 0   0.001029   0.001029   0.373551    0.035201   0.000007  -0.620549   0.000000   0.000000   0.000000   0.000000   0.029065
       50.6129 0   0.000436   0.000436   0.334103    0.048722   0.000000  -0.593117   0.000000   0.000000   0.000000   0.000000   0.025705
       50.3880 0   0.000300   0.000300   0.328953    0.053872   0.000000  -0.612155   0.000000   0.000000   0.000000   0.000000   0.028101
       50.4108 0   0.000181   0.000181   0.354781    0.064360   0.000000  -0.680931   0.000000   0.000000  -0.000000   0.000000   0.031000
       50.3309 0   0.000730   0.000730   0.313941    0.050523   0.000000  -0.671574   0.000000   0.000000   0.000000   0.000000   0.027162
       50.7270 0   0.001620   0.001620   0.359324    0.043556   0.000000  -0.695844   0.000189   0.000000  -0.000004   0.000000   0.027588
       50.4904 0   0.000000   0.000000   0.380550    0.066471   0.000666  -0.718671   0.000000   0.000000   0.000000   0.000000   0.029938
       50.5239 0   0.000033   0.000033   0.359969    0.056078   0.000000  -0.663789   0.000000   0.000000   0.000000   0.000000   0.025383
       50.4038 0   0.000214   0.000214   0.291558    0.061552   0.000000  -0.656199   0.000000   0.000000   0.000000   0.000000   0.030283
       50.4754 0   0.000006   0.000006   0.347125    0.071755   0.000000  -0.719918   0.000000   0.000000  -0.000025   0.000000   0.026883
       50.2134 0   0.002206   0.002206   0.327310    0.056228   0.000000  -0.725709   0.000000   0.000000   0.000000   0.000000   0.025798
       50.4076 0   0.000196   0.000196   0.342978    0.046005   0.000000  -0.673960   0.000000   0.000000  -0.000001   0.000000   0.029438
       50.7118 0   0.001419   0.001419   0.351958    0.051305   0.000000  -0.647813   0.000000   0.000000   0.000000   0.000000   0.027604
       50.8192 0   0.003125   0.003125   0.333586    0.047412   0.004133  -0.649153   0.000000   0.000000  -0.001297   0.000000   0.028884
       50.1775 0   0.002817   0.002817   0.358938    0.046912   0.000000  -0.703381   0.000485   0.000000   0.000000   0.000000   0.032555
       50.5340 0   0.000056   0.000056   0.339052    0.030080   0.000000  -0.577155   0.000000   0.000000   0.000000   0.000000   0.030401
       50.7532 0   0.001998   0.001998   0.324601    0.061104   0.000000  -0.584354   0.000000   0.000000   0.000000   0.000000   0.030573
       50.2296 0   0.001956   0.001956   0.347152    0.041995   0.000000  -0.599948   0.000000   0.000000   0.000000   0.000000   0.031371
       50.5065 0   0.000008   0.000008   0.363202    0.029501   0.000000  -0.599899   0.000000   0.000000   0.000000   0.000000   0.032384
       50.8379 0   0.003491   0.003491   0.369800    0.068438   0.000000  -0.607412   0.000000   0.000000   0.000000   0.000000   0.027737
       50.5554 0   0.000124   0.000124   0.360743    0.057103   0.000000  -0.611104   0.000179   0.000000   0.000000   0.000000   0.034941
       50.5516 0   0.000109   0.000109   0.346442    0.053673   0.000000  -0.546206   0.000000   0.000000   0.000000   0.000000   0.030828
       50.3659 0   0.000444   0.000444   0.379906    0.055030   0.000000  -0.606743   0.000758   0.000000   0.000000   0.000000   0.031509
       50.4540 0   0.000037   0.000037   0.357941    0.061248   0.000121  -0.576600   0.000000   0.000000   0.000000   0.000000   0.028956
       50.4699 0   0.000012   0.000012   0.372412    0.057697   0.000000  -0.612637   0.000000  -0.000000  -0.000008   0.000000   0.029194
       50.8174 0   0.003091   0.003091   0.389698    0.066119   0.000000  -0.621369   0.000000   0.000000  -0.000000   0.000000   0.031979
       50.8445 0   0.003626   0.003626   0.335398    0.045770   0.000000  -0.571429   0.000000   0.000000  -0.000000   0.000000   0.035081
       50.4342 0   0.000090   0.000090   0.333464    0.069967   0.000000  -0.662938   0.000000   0.000000   0.000000   0.000000   0.030477
       50.5756 0   0.000211   0.000211   0.320687    0.034207   0.000000  -0.637918   0.000000   0.000000   0.000000   0.000000   0.034954
       50.2472 0   0.001701   0.001701   0.346677    0.042390   0.000000  -0.628907   0.000000   0.000000   0.000000   0.000000   0.029376
       50.4907 0   0.000000   0.000000   0.374041    0.063596   0.000000  -0.645374   0.000000   0.000000   0.000000   0.000000   0.031507
       50.3870 0   0.000306   0.000306   0.342504    0.047667   0.000000  -0.662648   0.000000   0.000000   0.000000   0.000000   0.030390
       50.3215 0   0.000819   0.000819   0.359340    0.063578   0.000000  -0.651799   0.000000   0.000000   0.000000   0.000000   0.031545
       50.4817 0   0.000002   0.000002   0.340014    0.045944   0.000000  -0.610975   0.000000   0.000000   0.000000   0.000000   0.030022
       50.6392 0   0.000642   0.000642   0.311249    0.047027   0.000000  -0.576602   0.000000   0.000000   0.000000   0.000000   0.031511
       50.6997 0   0.001268   0.001268   0.293093    0.037354   0.000000  -0.579955   0.000000   0.000000  -0.000166   0.000000   0.032128
       50.4109 0   0.000181   0.000181   0.311386    0.056728   0.000000  -0.617930   0.000000   0.000000  -0.000000   0.000000   0.028039
       50.3130 0   0.000904   0.000904   0.289133    0.064641   0.000000  -0.600415   0.000000   0.000000  -0.000006   0.000000   0.032739
       50.4452 0   0.000058   0.000058   0.340661    0.052611   0.000000  -0.632685   0.000000   0.000000   0.000000   0.000000   0.031189
       50.4657 0   0.000017   0.000017   0.304733    0.046178   0.000000  -0.620924   0.000000   0.000000   0.000000   0.000000   0.026639
       50.3108 0   0.000927   0.000927   0.318160    0.033551   0.000000  -0.655844   0.000000   0.000000   0.000000   0.000000   0.029597
       50.8009 0   0.002788   0.002788   0.320474    0.051208   0.000000  -0.680238   0.000000   0.000000  -0.000003   0.000000   0.033237
       50.3537 0   0.000536   0.000536   0.325979    0.057354   0.000000  -0.673189   0.000505   0.000000   0.000000   0.000000   0.035591
       50.5660 0   0.000167   0.000167   0.352348    0.045020   0.000005  -0.694051   0.000000   0.000000   0.000000   0.000000   0.024726
       50.7352 0   0.001735   0.001735   0.338220    0.064123   0.000000  -0.705569   0.000000   0.000000   0.000000   0.000000   0.030576
       50.0885 0   0.004651   0.004651   0.341421    0.045369   0.000000  -0.670384   0.007409   0.000000   0.000000   0.000000   0.030544
       50.3896 0   0.000291   0.000291   0.406455    0.054501   0.000000  -0.725239   0.000000   0.000000   0.000000   0.000000   0.033619
       50.7802 0   0.002429   0.002429   0.351224    0.064862   0.000000  -0.625982   0.000000   0.000000   0.000000   0.000000   0.030476
       50.9258 0   0.005480   0.005480   0.325423    0.039326   0.000000  -0.595969   0.000000   0.000000   0.000000   0.000000   0.025752
       50.6407 0   0.000655   0.000655   0.348787    0.047618   0.000000  -0.646597   0.000000   0.000000   0.000000   0.000000   0.034568
       50.5091 0   0.000010   0.000010   0.319142    0.052878   0.000000  -0.680311   0.000000   0.000000   0.000000   0.000000   0.029187
       50.5071 0   0.000008   0.000008   0.320480    0.053082   0.000000  -0.719166   0.000000   0.000000   0.000000   0.000000   0.026070
       50.5599 0   0.000141   0.000141   0.268678    0.057545   0.000000  -0.740102   0.000000   0.000000   0.000000   0.000000   0.027665
       50.4507 0   0.000045   0.000045   0.303347    0.049317   0.000000  -0.694109   0.000000   0.000000   0.000000   0.000000   0.026398
       50.2202 0   0.002100   0.002100   0.356737    0.056314   0.000000  -0.738840   0.000000   0.000000   0.000000   0.000000   0.028750
       50.4476 0   0.000052   0.000052   0.319604    0.073881   0.000000  -0.753810   0.000000   0.000000   0.000000   0.000000   0.027165
       50.4486 0   0.000050   0.000050   0.346621    0.050567   0.000000  -0.713201   0.000000   0.000000   0.000000   0.000000   0.028058
       50.5468 0   0.000093   0.000093   0.321821    0.052179   0.000000  -0.665454   0.001513   0.000000  -0.000002   0.000000   0.027119
       50.5175 0   0.000022   0.000022   0.345113    0.041853   0.000000  -0.727974   0.000000   0.000000   0.000000   0.000000   0.028820
       50.4315 0   0.000099   0.000099   0.337514    0.053243   0.000000  -0.764147   0.000000   0.000000   0.000000   0.000000   0.031406
       50.6037 0   0.000373   0.000373   0.401834    0.040277   0.000000  -0.846278   0.000000   0.000000   0.000000   0.000000   0.028670
       50.3347 0   0.000695   0.000695   0.292007    0.063848   0.000000  -0.733010   0.000000   0.000000   0.000000   0.000000   0.031351
       50.5843 0   0.000257   0.000257   0.321482    0.036490   0.000000  -0.733570   0.000000   0.000000   0.000000   0.000000   0.026937
       50.5453 0   0.000088   0.000088   0.346976    0.034844   0.000000  -0.750022   0.000000   0.000000   0.000000   0.000000   0.029013
       50.3144 0   0.000889   0.000889   0.358293    0.038207   0.000000  -0.788145   0.000000   0.000000   0.000000   0.000000   0.027411
       50.7719 0   0.002292   0.002292   0.309122    0.048398   0.000415  -0.755587   0.000000   0.000000  -0.000158   0.000000   0.032493
       50.2238 0   0.002045   0.002045   0.319977    0.049036   0.000000  -0.789591   0.000000   0.000000   0.000000   0.000000   0.027227
       50.4676 0   0.000015   0.000015   0.342279    0.047138   0.000000  -0.884593   0.000000   0.000000   0.000000   0.000000   0.030118
       50.4837 0   0.000001   0.000001   0.287671    0.051487   0.000000  -0.797829   0.000000   0.000000   0.000000   0.000000   0.028095
       50.6600 0   0.000834   0.000834   0.294791    0.045895   0.000000  -0.783053   0.000000   0.000000   0.000000   0.000000   0.025383
       50.6250 0   0.000526   0.000526   0.330999    0.060395   0.000000  -0.831474   0.000000   0.000000   0.000000   0.000000   0.032573
       50.0577 0   0.005392   0.005392   0.326964    0.065198   0.000000  -0.801316   0.000867   0.000000   0.000000   0.000000   0.029667
       50.7149 0   0.001459   0.001459   0.354259    0.047599   0.000000  -0.803601   0.000000   0.000000   0.000000   0.000000   0.024461
       50.8600 0   0.003948   0.003948   0.313737    0.047947   0.000000  -0.822758   0.000000   0.000000   0.000000   0.000000   0.026912
       49.8606 0   0.011426   0.011426   0.327908    0.050793   0.000000  -0.830992   0.001866  -0.012543  -0.000000   0.000000   0.029939
       50.6710 0   0.000945   0.000945   0.319334    0.049769   0.000000  -0.755532   0.000000   0.000000   0.000000   0.000000   0.028132
       50.7257 0   0.001602   0.001602   0.304916    0.053741   0.000000  -0.785259   0.000000   0.000000   0.000000   0.000000   0.032030
       50.3575 0   0.000506   0.000506   0.312694    0.045992   0.000000  -0.765813   0.000000   0.000000   0.000000   0.000000   0.031178
       50.3470 0   0.000590   0.000590   0.308897    0.036340   0.000000  -0.754284   0.000000   0.000000   0.000000   0.000000   0.034427
       50.4446 0   0.000059   0.000059   0.307138    0.055054   0.000000  -0.812544   0.000000   0.000000   0.000000   0.000000   0.030169
       50.4435 0   0.000062   0.000062   0.253220    0.066983   0.000000  -0.755251   0.000000   0.000000   0.000000   0.000000   0.029765
       50.3912 0   0.000281   0.000281   0.345915    0.047477   0.000000  -0.809980   0.000000   0.000000   0.000000   0.000000   0.026761
       50.6208 0   0.000494   0.000494   0.277825    0.052839   0.000000  -0.761140   0.000000   0.000000  -0.000014   0.000000   0.026186
       50.2303 0   0.001946   0.001946   0.299796    0.061857   0.000000  -0.803868   0.000000   0.000000   0.000000   0.000000   0.031464
       50.7547 0   0.002021   0.002021   0.332077    0.044150   0.000000  -0.813810   0.000000   0.000000   0.000000   0.000000   0.027538
       50.5563 0   0.000127   0.000127   0.313578    0.051327   0.000000  -0.764816   0.000000   0.000000  -0.003490   0.000000   0.037160
       50.6441 0   0.000685   0.000685   0.260188    0.036016   0.000000  -0.631535   0.000000   0.000000   0.000000   0.000000   0.031400
       50.7336 0   0.001712   0.001712   0.363870    0.052191   0.000000  -0.748385   0.000000   0.000000   0.000000   0.000000   0.027684
       50.1971 0   0.002475   0.002475   0.312499    0.036116   0.000002  -0.697489   0.000000   0.000000   0.000000   0.000000   0.025827
       50.4761 0   0.000006   0.000006   0.308806    0.052445   0.001142  -0.713170   0.002027  -0.010895  -0.001872   0.000000   0.029468
       50.5947 0   0.000316   0.000316   0.275557    0.041451   0.000000  -0.681014   0.000000   0.000000   0.000000   0.000000   0.024608
       50.5382 0   0.000067   0.000067   0.318211    0.038968   0.000000  -0.693921   0.000000   0.000000   0.000000   0.000000   0.033035
       50.5948 0   0.000317   0.000317   0.302161    0.045790   0.000000  -0.660239   0.000010   0.000000   0.000000   0.000000   0.032338
       50.3923 0   0.000276   0.000276   0.309514    0.077940   0.000000  -0.669844   0.000000   0.000000   0.000000   0.000000   0.030208
       50.6856 0   0.001104   0.001104   0.340327    0.042820   0.000000  -0.735382   0.000000   0.000000  -0.000008   0.000000   0.030587
       50.6343 0   0.000601   0.000601   0.334023    0.049364   0.000115  -0.733026   0.000000   0.000000  -0.000018   0.000000   0.032227
       50.4112 0   0.000179   0.000179   0.345449    0.052311   0.000000  -0.716186   0.000000   0.000000   0.000000  -0.000000   0.029295
       50.5532 0   0.000115   0.000115   0.299556    0.050004   0.000000  -0.681429   0.000000   0.000000   0.000000   0.000000   0.025978
       50.4080 0   0.000194   0.000194   0.317719    0.057877   0.002310  -0.660076   0.000000   0.000000  -0.000000   0.000000   0.031203
       50.3916 0   0.000279   0.000279   0.363850    0.039777   0.000000  -0.662339   0.000000   0.000000   0.000000   0.000000   0.024374
       50.8587 0   0.003921   0.003921   0.334695    0.056752   0.000000  -0.656014   0.000000   0.000000   0.000000   0.000000   0.028014
       50.4026 0   0.000220   0.000220   0.324406    0.041491   0.000000  -0.682178   0.000000   0.000000   0.000000   0.000000   0.030740
       50.0708 0   0.005068   0.005068   0.315957    0.024784   0.000503  -0.666333   0.000453   0.000000  -0.000000   0.000000   0.028054
       50.3843 0   0.000322   0.000322   0.318038    0.040519   0.000000  -0.679826   0.000000   0.000000   0.000000   0.000000   0.031616
       50.6003 0   0.000351   0.000351   0.315484    0.056351   0.000000  -0.672076   0.000000   0.000000   0.000000   0.000000   0.027096
       50.6276 0   0.000546   0.000546   0.292253    0.046548   0.000000  -0.681549   0.000000   0.000000   0.000000  -0.000098   0.027418
       50.3673 0   0.000434   0.000434   0.342255    0.060610   0.000000  -0.663526   0.000000   0.000000   0.000000   0.000000   0.030579
       50.3908 0   0.000284   0.000284   0.291833    0.070433   0.000000  -0.652393   0.000000   0.000000   0.000000   0.000000   0.029360
       50.3748 0   0.000383   0.000383   0.294521    0.065251   0.000000  -0.653730   0.000000   0.000000   0.000000   0.000000   0.027110
       50.5753 0   0.000210   0.000210   0.321278    0.050841   0.000000  -0.659513   0.000000   0.000000   0.000000   0.000000   0.029054
       50.5214 0   0.000028   0.000028   0.339352    0.051430   0.000000  -0.601305   0.000000   0.000000   0.000000   0.000000   0.027719
       50.5709 0   0.000189   0.000189   0.329516    0.052922   0.000000  -0.608004   0.000000   0.000000   0.000000   0.000000   0.028753
       50.6090 0   0.000408   0.000408   0.338970    0.046356   0.000000  -0.606140   0.000000   0.000000   0.000000   0.000000   0.026932
       50.3187 0   0.000846   0.000846   0.358576    0.050897   0.000000  -0.588401   0.000000   0.000000   0.000000   0.000000   0.030506
       50.4825 0   0.000002   0.000002   0.281434    0.047043   0.000000  -0.556542   0.000000   0.000000  -0.001050   0.000000   0.032816
       50.0555 0   0.005446   0.005446   0.283589    0.060816   0.001294  -0.605594   0.000000   0.000000   0.000000   0.000000   0.027244
       50.5758 0   0.000212   0.000212   0.378920    0.053985   0.000000  -0.633212   0.000000   0.000000   0.000000   0.000000   0.029884
       50.5979 0   0.000336   0.000336   0.339683    0.048196   0.000000  -0.564117   0.000000   0.000000   0.000000   0.000000   0.024531
       50.3253 0   0.000782   0.000782   0.340227    0.055058   0.000000  -0.560930   0.000000   0.000000   0.000000   0.000000   0.024716
       50.6159 0   0.000457   0.000457   0.337082    0.050981   0.000000  -0.591135   0.000000   0.000000   0.000000   0.000000   0.033668
       50.4193 0   0.000144   0.000144   0.278121    0.046743   0.000000  -0.573901   0.000000   0.000000  -0.000002   0.000000   0.036014
       50.5398 0   0.000072   0.000072   0.382714    0.050967   0.000000  -0.592018   0.000000   0.000000   0.000000   0.000000   0.027889
       50.4732 0   0.000008   0.000008   0.334877    0.042854   0.000000  -0.510013   0.000484   0.000000   0.000000   0.000000   0.035334
       50.4967 0   0.000001   0.000001   0.340682    0.059485   0.000000  -0.588601   0.000000   0.000000   0.000000   0.000000   0.028197
       50.3357 0   0.000687   0.000687   0.330034    0.044600   0.000000  -0.563243   0.000000   0.000000   0.000000   0.000000   0.026624
       50.5790 0   0.000228   0.000228   0.354808    0.058683   0.000000  -0.565805   0.000000   0.000000   0.000000   0.000000   0.032788
       50.5664 0   0.000168   0.000168   0.362705    0.051576   0.000000  -0.604804   0.000000   0.000000   0.000000   0.000000   0.029913
       50.2749 0   0.001334   0.001334   0.311019    0.050932   0.000000  -0.571947   0.000000   0.000000   0.000000   0.000000   0.034845
       50.8462 0   0.003660   0.003660   0.324041    0.045229   0.000050  -0.583452   0.000000   0.000000   0.000000   0.000000   0.035114
       50.6196 0   0.000484   0.000484   0.323753    0.043458   0.000000  -0.664993   0.000000   0.000000   0.000000   0.000000   0.030364
       50.3980 0   0.000244   0.000244   0.347286    0.048169   0.002173  -0.698170   0.000000   0.000000   0.000000   0.000000   0.024551
       49.9315 0   0.008997   0.008997   0.345961    0.058540   0.000000  -0.736699   0.000000   0.000000   0.000000   0.000000   0.029219
       50.7136 0   0.001442   0.001442   0.322649    0.042102   0.000000  -0.721568   0.000000   0.000000   0.000000   0.000000   0.026881
       50.5548 0   0.000121   0.000121   0.359390    0.048093   0.000000  -0.726579   0.000000   0.000000   0.000000   0.000000   0.031502
       50.8422 0   0.003578   0.003578   0.354964    0.065019   0.000000  -0.747413   0.000000   0.000000   0.000000   0.000000   0.032948
       50.6862 0   0.001110   0.001110   0.378026    0.041086   0.000000  -0.698803   0.000000   0.000000   0.000000   0.000000   0.034318
       50.3677 0   0.000431   0.000431   0.401915    0.041838   0.000000  -0.743791   0.000000   0.000000   0.000000   0.000000   0.032746
       50.4793 0   0.000003   0.000003   0.383843    0.040911   0.000000  -0.717832   0.000000   0.000000   0.000000   0.000000   0.027912
       50.2469 0   0.001704   0.001704   0.308699    0.047293   0.000000  -0.688912   0.000000   0.000000   0.000000   0.000000   0.028073
       50.3680 0   0.000429   0.000429   0.337582    0.046054   0.000000  -0.747843   0.000000   0.000000   0.000000   0.000000   0.027977
       50.7223 0   0.001557   0.001557   0.378216    0.045104   0.001184  -0.791431   0.000000   0.000000   0.000000   0.000000   0.024989
       50.2979 0   0.001064   0.001064   0.376820    0.048483   0.000000  -0.793493   0.000000   0.000000   0.000000   0.000000   0.026791
       50.1245 0   0.003854   0.003854   0.344077    0.046701   0.000000  -0.753169   0.000000   0.000000   0.000000   0.000000   0.029709
       50.6816 0   0.001059   0.001059   0.298091    0.045919   0.000000  -0.657002   0.000000   0.000000   0.000000   0.000000   0.028147
       50.4022 0   0.000222   0.000222   0.362397    0.055275   0.000000  -0.686353   0.000000   0.000000   0.000000   0.000000   0.028331
       50.3583 0   0.000500   0.000500   0.335555    0.050023   0.000000  -0.671551   0.000000   0.000000   0.000000   0.000000   0.030088
       50.3111 0   0.000923   0.000923   0.313147    0.057840   0.000000  -0.612598   0.000000   0.000000   0.000000   0.000000   0.032084
       50.6358 0   0.000613   0.000613   0.310768    0.029975   0.000000  -0.646829   0.000000   0.000000   0.000000   0.000000   0.025452
       50.1513 0   0.003309   0.003309   0.333294    0.059346   0.000000  -0.715054   0.000000   0.000000   0.000000   0.000000   0.031803
       50.5435 0   0.000083   0.000083   0.350851    0.038147   0.000000  -0.690534   0.000000   0.000000  -0.000028   0.000000   0.023110
       50.5685 0   0.000178   0.000178   0.341264    0.065751   0.000000  -0.727208   0.000000   0.000000   0.000000   0.000000   0.029285
       50.3029 0   0.001010   0.001010   0.379090    0.055237   0.000000  -0.776865   0.000000   0.000000  -0.000005   0.000000   0.024131
       50.8300 0   0.003335   0.003335   0.383606    0.052043   0.000000  -0.759842   0.000000   0.000000   0.000000   0.000000   0.026027
       50.3316 0   0.000724   0.000724   0.355736    0.067964   0.000000  -0.740751   0.000508   0.000000   0.000000   0.000000   0.029754
       50.4774 0   0.000005   0.000005   0.345747    0.045394   0.000000  -0.739705   0.000000   0.000000  -0.000037   0.000000   0.034994
       50.6361 0   0.000615   0.000615   0.301695    0.048083   0.000000  -0.701427   0.000000   0.000000  -0.000000   0.000000   0.028145
       50.4891 0   0.000000   0.000000   0.316605    0.041465   0.000000  -0.701261   0.000000   0.000000   0.000000   0.000000   0.028939
       50.4976 0   0.000002   0.000002   0.361465    0.050984   0.000000  -0.786714   0.000000   0.000000   0.000000   0.000000   0.027040
       50.5007 0   0.000003   0.000003   0.342988    0.047896   0.000009  -0.763273   0.000000   0.000000   0.000000   0.000000   0.029121
       50.2306 0   0.001941   0.001941   0.315989    0.061694   0.000000  -0.747918   0.000000   0.000000   0.000000   0.000000   0.030130
       50.6083 0   0.000404   0.000404   0.325968    0.035443   0.000000  -0.712569   0.000000   0.000000   0.000000   0.000000   0.028281
       50.7096 0   0.001391   0.001391   0.348568    0.056497   0.000000  -0.753709   0.000000   0.000000   0.000000   0.000000   0.030231
       50.6295 0   0.000561   0.000561   0.351001    0.053901   0.000000  -0.732688   0.000000  -0.000424  -0.000000   0.000000   0.028792
       50.4890 0   0.000000   0.000000   0.331422    0.033557   0.000000  -0.689545   0.000000   0.000000   0.000000   0.000000   0.031107
       50.5887 0   0.000281   0.000281   0.289949    0.049599   0.000000  -0.670198   0.000000   0.000000   0.000000  -0.006363   0.033762
       50.7703 0   0.002267   0.002267   0.351960    0.049237   0.000000  -0.685084   0.000000   0.000000   0.000000   0.000000   0.026550
       50.5189 0   0.000024   0.000024   0.302786    0.051782   0.000000  -0.676522   0.000000   0.000000   0.000000   0.000000   0.029684
       50.2777 0   0.001301   0.001301   0.290488    0.052851   0.000000  -0.671023   0.000000   0.000000   0.000000   0.000000   0.027564
       50.4518 0   0.000042   0.000042   0.362970    0.062395   0.000000  -0.739453   0.000000   0.000000   0.000000   0.000000   0.026679
       50.4349 0   0.000087   0.000087   0.356735    0.056842   0.000000  -0.759591   0.000000   0.000000   0.000000   0.000000   0.025871
       49.9612 0   0.008065   0.008065   0.356054    0.037210   0.000000  -0.781546   0.000000   0.000000   0.000000   0.000000   0.029345
       50.6016 0   0.000359   0.000359   0.328485    0.051871   0.000000  -0.769820   0.000000   0.000000   0.000000   0.000000   0.030713
       50.3739 0   0.000389   0.000389   0.286076    0.049924   0.000000  -0.770084   0.000000   0.000000   0.000000   0.000000   0.027397
       50.5966 0   0.000328   0.000328   0.293854    0.050751   0.002935  -0.777379   0.000000   0.000000   0.000000  -0.002185   0.028132
       50.4201 0   0.000141   0.000141   0.369126    0.050046   0.000000  -0.801008   0.000000   0.000000  -0.000000   0.000000   0.024748
       50.6335 0   0.000594   0.000594   0.331406    0.044532   0.000000  -0.820230   0.000000   0.000000   0.000000   0.000000   0.029588
       50.6818 0   0.001061   0.001061   0.340019    0.028326   0.000000  -0.778773   0.000000   0.000000   0.000000   0.000000   0.026996
       50.2015 0   0.002400   0.002400   0.277111    0.040850   0.000000  -0.759012   0.004572   0.000000   0.000000   0.000000   0.027109
       50.4359 0   0.000084   0.000084   0.311302    0.036374   0.000000  -0.847710   0.000000   0.000000   0.000000   0.000000   0.027324
       50.6699 0   0.000933   0.000933   0.323128    0.057458   0.000000  -0.814591   0.000000   0.000000   0.000000   0.000000   0.029254
       50.4801 0   0.000003   0.000003   0.313228    0.051274   0.000000  -0.790328   0.000000   0.000000   0.000000   0.000000   0.027320
       50.5474 0   0.000095   0.000095   0.308037    0.048543   0.000000  -0.738133   0.000000   0.000000  -0.001005   0.000000   0.030347
       50.6938 0   0.001198   0.001198   0.306543    0.034019   0.000000  -0.702713   0.000000   0.000000  -0.001148   0.000000   0.031808
       50.6670 0   0.000904   0.000904   0.355595    0.038558   0.000000  -0.759435   0.000019   0.000000   0.000000   0.000000   0.026461
       50.5879 0   0.000276   0.000276   0.347956    0.038625   0.000000  -0.764243   0.000000   0.000000  -0.000005   0.000000   0.028973
       50.6899 0   0.001152   0.001152   0.292114    0.043118   0.000000  -0.742876   0.000000   0.000000   0.000000   0.000000   0.030902
       50.4114 0   0.000178   0.000178   0.282137    0.054472   0.000000  -0.714157   0.000000   0.000000   0.000000   0.000000   0.026860
       50.3903 0   0.000287   0.000287   0.296286    0.057103   0.000000  -0.730982   0.000000   0.000000   0.000000   0.000000   0.024966
       50.4327 0   0.000095   0.000095   0.331289    0.056501   0.000000  -0.748313   0.000000   0.000000   0.000000   0.000000   0.032207
       50.6131 0   0.000437   0.000437   0.295868    0.053076   0.000000  -0.718972   0.000000   0.000000   0.000000   0.000000   0.032189
       50.4063 0   0.000202   0.000202   0.341086    0.048355   0.000000  -0.721153   0.000000   0.000000   0.000000   0.000000   0.029831
       50.7304 0   0.001667   0.001667   0.318203    0.053607   0.000000  -0.749622   0.000000   0.000000   0.000000   0.000000   0.030238
       50.8097 0   0.002948   0.002948   0.345052    0.050362   0.001477  -0.776532   0.000000   0.000000   0.000000   0.000000   0.026906
       50.2208 0   0.002090   0.002090   0.296501    0.054281   0.000000  -0.771393   0.000000   0.000000   0.000000   0.000000   0.031392
       50.6020 0   0.000362   0.000362   0.315530    0.028301   0.000000  -0.770324   0.000000   0.000000  -0.000006   0.000000   0.030300
       50.5446 0   0.000086   0.000086   0.341856    0.043204   0.000000  -0.805982   0.000191   0.000000   0.000000   0.000000   0.030198
       50.8161 0   0.003067   0.003067   0.293262    0.044847   0.000000  -0.763061   0.000000   0.000000   0.000000  -0.000003   0.028591
       50.4842 0   0.000001   0.000001   0.321580    0.047197   0.000000  -0.819361   0.000000   0.000000   0.000000   0.000000   0.027906
       50.5910 0   0.000294   0.000294   0.341638    0.047298   0.000000  -0.819207   0.000000   0.000000   0.000000   0.000000   0.023533
       50.5656 0   0.000165   0.000165   0.339730    0.039239   0.000000  -0.841592   0.000000   0.000000   0.000000   0.000000   0.026695
       50.2409 0   0.001790   0.001790   0.311308    0.055376   0.000000  -0.814042   0.000000   0.000000   0.000000   0.000000   0.027705
       50.7998 0   0.002769   0.002769   0.337833    0.044763   0.000000  -0.859175   0.000000   0.000000   0.000000   0.000000   0.031772
       50.4553 0   0.000035   0.000035   0.323164    0.040330   0.000000  -0.860322   0.000000   0.000000   0.000000   0.000000   0.027263
       50.1759 0   0.002846   0.002846   0.331109    0.041622   0.000000  -0.858857   0.000000   0.000000   0.000000   0.000000   0.028374
       50.6114 0   0.000425   0.000425   0.234127    0.048251   0.000529  -0.787645   0.000000   0.000000  -0.000000   0.000000   0.031429
       50.5743 0   0.000205   0.000205   0.320456    0.071237   0.000000  -0.824624   0.000000   0.000000   0.000000   0.000000   0.026547
       50.4761 0   0.000006   0.000006   0.312364    0.045995   0.000000  -0.800244   0.000000   0.000000   0.000000   0.000000   0.026378
       50.0939 0   0.004526   0.004526   0.324590    0.036377   0.000000  -0.789035   0.000000   0.000000   0.000000   0.000000   0.024305
       50.4258 0   0.000119   0.000119   0.332894    0.045507   0.000000  -0.863978   0.000000   0.000000   0.000000   0.000000   0.024595
       50.7817 0   0.002455   0.002455   0.307320    0.042655   0.000000  -0.788153   0.000000   0.000000   0.000000   0.000000   0.029590
       50.3934 0   0.000269   0.000269   0.364820    0.062138   0.000000  -0.822616   0.000000   0.000000   0.000000   0.000000   0.031961
       50.4898 0   0.000000   0.000000   0.300093    0.047651   0.000000  -0.776172   0.000000   0.000000  -0.000466   0.000000   0.025708
       50.3219 0   0.000815   0.000815   0.304182    0.033195   0.000000  -0.761786   0.000000   0.000000   0.000000   0.000000   0.028604
       50.4907 0   0.000000   0.000000   0.326306    0.031469   0.000000  -0.758168   0.000000   0.000000   0.000000   0.000000   0.027587
       50.2495 0   0.001669   0.001669   0.313825    0.054640   0.000000  -0.772382   0.000000   0.000000   0.000000   0.000000   0.028644
       50.6783 0   0.001023   0.001023   0.327520    0.035656   0.000000  -0.769685   0.000000   0.000000   0.000000   0.000000   0.027495
       50.5317 0   0.000050   0.000050   0.290275    0.075629   0.000000  -0.838053   0.000000   0.000000   0.000000   0.000000   0.028497
       50.5856 0   0.000264   0.000264   0.323825    0.056152   0.000000  -0.881716   0.000000   0.000000   0.000000   0.000000   0.028223
       50.3224 0   0.000810   0.000810   0.304103    0.062955   0.000000  -0.833795   0.000000   0.000000   0.000000   0.000000   0.025907
       50.2190 0   0.002118   0.002118   0.371955    0.051854   0.000000  -0.907773   0.000000   0.000000   0.000000   0.000000   0.026038
       50.7145 0   0.001454   0.001454   0.300833    0.057321   0.000000  -0.822803   0.000000   0.000000   0.000000   0.000000   0.029610
       50.7548 0   0.002023   0.002023   0.350542    0.038310   0.000000  -0.851033   0.000000   0.000000   0.000000   0.000000   0.023781
       50.1622 0   0.003100   0.003100   0.278240    0.036659   0.000000  -0.796262   0.003190   0.000000   0.000000  -0.005129   0.035563
       50.6318 0   0.000580   0.000580   0.335904    0.065268   0.000000  -0.811243   0.000000   0.000000   0.000000   0.000000   0.023971
       51.1090 0   0.011052   0.011052   0.284196    0.048379   0.000000  -0.760757   0.000000   0.000000   0.000000   0.000000   0.028805
       50.2926 0   0.001124   0.001124   0.260369    0.046211   0.000000  -0.737727   0.000121   0.000000  -0.000000   0.000000   0.031552
       50.2135 0   0.002206   0.002206   0.323319    0.052401   0.000000  -0.753252   0.000000   0.000000   0.000000   0.000000   0.029481
       50.7483 0   0.001925   0.001925   0.374566    0.035800   0.000000  -0.786820   0.000000   0.000000   0.000000   0.000000   0.029023
       50.4859 0   0.000000   0.000000   0.310146    0.043649   0.000000  -0.676994   0.000000   0.000000  -0.000016   0.000000   0.034823
       50.6290 0   0.000557   0.000557   0.318570    0.035245   0.000000  -0.642879   0.000000   0.000000   0.000000   0.000000   0.025603
       50.6118 0   0.000428   0.000428   0.361031    0.043383   0.000000  -0.642119   0.000000   0.000000   0.000000   0.000000   0.028859
       50.1900 0   0.002596   0.002596   0.328795    0.050761   0.000000  -0.631944   0.000000   0.000000   0.000000   0.000000   0.025415
       50.2264 0   0.002005   0.002005   0.379169    0.041042   0.000000  -0.662348   0.000000   0.000000  -0.000000   0.000000   0.032961
       50.5239 0   0.000033   0.000033   0.386967    0.040462   0.001323  -0.693964   0.000000   0.000000   0.000000   0.000000   0.032068
       50.7161 0   0.001475   0.001475   0.346161    0.041382   0.000000  -0.639293   0.003899   0.000000   0.000000   0.000000   0.025725
       50.4150 0   0.000162   0.000162   0.355879    0.046828   0.000000  -0.628421   0.000000   0.000000   0.000000   0.000000   0.030289
       50.4708 0   0.000011   0.000011   0.366600    0.047685   0.000069  -0.612091   0.000798   0.000000   0.000000   0.000000   0.030286
       50.5004 0   0.000003   0.000003   0.340386    0.077462   0.000000  -0.613162   0.000000   0.000000   0.000000   0.000000   0.031568
       50.6049 0   0.000381   0.000381   0.358357    0.026532   0.000007  -0.565948   0.000000   0.000000   0.000000   0.000000   0.026030
       50.7309 0   0.001674   0.001674   0.347620    0.046246   0.000000  -0.641927   0.000000   0.000000   0.000000   0.000000   0.028279
       50.2133 0   0.002209   0.002209   0.367695    0.042228   0.000000  -0.605353   0.000000   0.000000   0.000000   0.000000   0.025682
       50.5998 0   0.000348   0.000348   0.388341    0.059443   0.000000  -0.603972   0.000000   0.000000   0.000000   0.000000   0.028768
       50.7607 0   0.002113   0.002113   0.356025    0.047973   0.000233  -0.587680   0.000000   0.000000  -0.000001   0.000000   0.028850
       50.6707 0   0.000942   0.000942   0.359143    0.075860   0.000000  -0.619700   0.000000   0.000000   0.000000   0.000000   0.028947
       50.5952 0   0.000319   0.000319   0.314857    0.053162   0.000000  -0.584210   0.000005   0.000000  -0.000004   0.000000   0.031451
       50.1838 0   0.002704   0.002704   0.296814    0.055351   0.000000  -0.576067   0.000000   0.000000  -0.000002  -0.000072   0.025541
       50.5858 0   0.000265   0.000265   0.364503    0.032180   0.000000  -0.608440   0.000000   0.000000   0.000000   0.000000   0.027830
       50.3342 0   0.000701   0.000701   0.381182    0.059591   0.000000  -0.652040   0.000000   0.000000  -0.000921   0.000000   0.027798
       50.6668 0   0.000901   0.000901   0.364680    0.044489   0.000000  -0.636107   0.001093  -0.018408  -0.004851   0.000000   0.032007
       50.5089 0   0.000010   0.000010   0.363420    0.038842   0.000000  -0.673043   0.000000   0.000000   0.000000   0.000000   0.033385
       50.2747 0   0.001338   0.001338   0.279369    0.063768   0.000000  -0.636568   0.000635   0.000000   0.000000   0.000000   0.032097
       50.1601 0   0.003140   0.003140   0.323557    0.042343   0.000000  -0.617816   0.000000   0.000000   0.000000   0.000000   0.023808
       50.5671 0   0.000172   0.000172   0.319620    0.048430   0.000000  -0.661510   0.000000   0.000000   0.000000   0.000000   0.027304
       50.7523 0   0.001985   0.001985   0.287525    0.063695   0.000000  -0.607536   0.000000   0.000000   0.000000   0.000000   0.033507
       50.8169 0   0.003083   0.003083   0.281308    0.062453   0.000000  -0.606052   0.000000   0.000000  -0.000086   0.000000   0.030487
       50.3000 0   0.001042   0.001042   0.308316    0.058894   0.000000  -0.586517   0.000000   0.000000   0.000000   0.000000   0.030714
       50.4703 0   0.000011   0.000011   0.325789    0.036107   0.000000  -0.586085   0.000000   0.000000   0.000000   0.000000   0.027817
       50.3326 0   0.000715   0.000715   0.330198    0.050962   0.000000  -0.598932   0.000000   0.000000   0.000000   0.000000   0.030246
       50.8111 0   0.002974   0.002974   0.342386    0.037183   0.000000  -0.618357   0.000000   0.000000   0.000000   0.000000   0.024389
       50.2257 0   0.002015   0.002015   0.336278    0.045727   0.000000  -0.587019   0.000000   0.000000   0.000000   0.000000   0.025316
       50.2736 0   0.001351   0.001351   0.297569    0.059440   0.000000  -0.614572   0.000350   0.000000   0.000000   0.000000   0.030145
       50.9030 0   0.004920   0.004920   0.346489    0.043412   0.000000  -0.667971   0.000000   0.000000   0.000000   0.000000   0.026345
       50.3975 0   0.000247   0.000247   0.353765    0.085141   0.000000  -0.687708   0.000000   0.000000   0.000000   0.000000   0.028625
       50.2681 0   0.001420   0.001420   0.322474    0.054570   0.000000  -0.681970   0.000000   0.000000   0.000000   0.000000   0.029427
       50.6429 0   0.000675   0.000675   0.318235    0.063807   0.000000  -0.695864   0.000000   0.000000   0.000000   0.000000   0.031275
       50.3165 0   0.000868   0.000868   0.323645    0.053502   0.000000  -0.643145   0.000000   0.000000   0.000000   0.000000   0.029915
       50.0723 0   0.005033   0.005033   0.281734    0.048539   0.000000  -0.635130   0.000000   0.000000   0.000000   0.000000   0.032960
       50.5502 0   0.000105   0.000105   0.351318    0.068767   0.000000  -0.656557   0.000000   0.000000   0.000000   0.000000   0.027655
       50.4473 0   0.000053   0.000053   0.268934    0.043490   0.000000  -0.622991   0.000000   0.000000   0.000000   0.000000   0.028858
       50.3290 0   0.000748   0.000748   0.284119    0.050999   0.000000  -0.621530   0.000000   0.000000   0.000000   0.000000   0.028881
       50.6177 0   0.000470   0.000470   0.350349    0.034501   0.000000  -0.621093   0.000000   0.000000  -0.000367   0.000000   0.032579
       50.4725 0   0.000009   0.000009   0.345926    0.044909   0.000000  -0.643687   0.000000   0.000000   0.000000   0.000000   0.028583
       50.5625 0   0.000152   0.000152   0.304876    0.042541   0.000000  -0.643904   0.000000   0.000000   0.000000   0.000000   0.032475
       50.5536 0   0.000117   0.000117   0.262942    0.044437   0.000000  -0.602848   0.000000   0.000000   0.000000   0.000000   0.025473
       50.2582 0   0.001551   0.001551   0.302045    0.064661   0.000000  -0.705287   0.000000   0.000000   0.000000   0.000000   0.030374
       50.8687 0   0.004137   0.004137   0.358122    0.047071   0.000000  -0.738559   0.000000   0.000000   0.000000   0.000000   0.034470
