t = 1000000
b = 105 105 105
E = -0.348333009511346 -0.636041231906873 0.287708222395527
1.82236274144367 -16.4316722845942 -10.7625478149682 -0.719856075538284 -0.45969833547098 -0.520081407931292 0.104894737949022 -0.812703080538624 0.573158614027274 -0.150069229082539 -0.151582937797376 0.183161472075191 -0.302565548948269 0.536961501840128 0.0400912484460221
1.64594859484623 -16.6935301171628 -10.4070464226207 0.193690283802322 -0.603870475703134 -0.773191129368986 0.362666279056296 -0.688216981636462 0.628355437807978 -0.0454994213458338 -0.440200304729728 0.164963596145417 0.134326971929337 -0.086439926604612 -0.246874340053153
1.54935942736092 -17.1567151708449 -10.204147142703 0.820202460118986 0.0205505921704338 -0.571704117158794 0.508475188087211 -0.484132511428856 0.712087560962372 0.364891765656353 -0.628287559328571 0.0390117063262795 -0.201497257253125 0.459057575977215 0.166779858353823
2.08149897131187 -17.4360345017741 -10.3421769691506 0.268912526688032 -0.131612079407481 -0.954130134491307 -0.537703855341455 0.801364625892875 -0.262086436731596 0.205792172266924 -0.243088052694862 -0.264439506645088 0.0201557233636567 -0.124655364106634 -0.448046489223121
2.32443811547127 -18.4677480126537 -10.3152815147932 0.150352935179066 -0.339636611657615 -0.928461613048647 0.985773491440846 0.122872484162926 0.114686425562745 -0.381972133189132 -0.337597649126153 0.48156109976553 -0.403584826290914 0.230201106128264 -0.067366643636887
2.90704392947358 -18.5882678169124 -10.2587534529903 -0.069542830156899 0.0590877888180047 -0.99582750915328 0.990012599206587 -0.118626908206723 -0.0761755214059866 -0.0171585935613139 -0.00679441797835366 0.481004459534168 -0.419125615039178 0.144383662853972 -0.106499760236788
3.30451779192363 -18.8536931213342 -10.51371424737 -0.157143127435545 0.724019165279037 -0.671641486068518 0.966201454114418 -0.0280156000982674 -0.256261343589286 -0.122678091746515 -0.259611839279237 0.199194980944836 0.0036176342142309 -0.331951134303065 0.627420041280254
4.43671486319367 -19.1149363185559 -10.3420007378081 0.387936102664738 0.746481193796941 0.540621316224892 -0.0919774582475981 -0.552274733367644 0.828572728285268 0.250345636484323 0.405802157458384 0.42460447903409 0.33482773045186 -0.299897031236858 0.11976071969789
4.70978942870181 -19.3940279536201 -10.049327443162 -0.3841241318467 0.776744225611295 0.499116278348447 0.140060188398851 -0.485310621291683 0.8630508354014 0.404504466106206 -0.16125749538914 -0.0199795247321892 0.310357876191388 0.201819074276904 -0.263956285596643
5.42949791834129 -19.4941942159419 -9.41096905596616 0.0961161780256437 0.887215997552149 0.451231042825479 -0.270507350306247 -0.412985315938841 0.869637224507493 -0.28492409744802 -0.232522068983817 0.0450730266459822 0.278123889245196 0.342721671847316 0.10268827666108
4.96480308793281 -19.9140280314652 -9.188949953555 -0.601604930151939 -0.409621089639927 -0.685771150558995 -0.673249040454389 -0.202013110013492 0.711285057420599 -0.312894762575351 0.43803058620704 0.732077233906773 0.106922930653344 -0.27383678402587 0.315704456121984
5.13606063250137 -20.5723885851052 -9.61932200411049 0.308950160539504 0.146150901094927 -0.939781736581318 -0.154990336913738 -0.967176620114935 -0.201363802522538 -0.0192257750361125 0.17779910544616 0.443901112583438 -0.276905990264314 -0.236908837820751 0.268995686018098
5.6023888952974 -21.165057851082 -8.66088703074171 -0.377238304082809 -0.792088723929376 0.479881980654264 -0.880459377589184 0.146049876506887 -0.45106620133578 0.204380631525552 -0.0825542325372857 0.291329405894202 -0.327087542069216 -0.468348550259829 -0.191278149212599
5.32427400149559 -20.5908344160265 -7.86183617547354 -0.845402272902209 0.241177393289057 -0.476579963844553 0.242662765771332 -0.621433468219445 -0.744939747016537 -0.17431533596004 0.166849380059911 -0.710664182757288 -0.175046025277311 -0.0728805241217469 -0.32627625938786
6.5995283526741 -20.2548668522152 -7.00207197173296 0.219002428683457 0.79466167376133 0.566172023757227 -0.22028248117476 -0.525009520230877 0.822095269512257 -0.327282386984891 -0.204742835515861 0.000603203316610562 0.536117183359413 -0.129900290279425 -0.0142053817704618
6.81391621715796 -20.414346366628 -6.52065387786468 -0.705826057231955 0.625441795975739 0.332614095881674 -0.124671035068041 -0.571885513528038 0.810804595714563 -0.706700535889504 -0.141528312041923 0.17380263151413 -0.140143389628025 0.0482894406672502 -0.324517189015756
6.9011000068256 -20.3420718825448 -6.22076164363682 -0.752539519330265 -0.619489918486542 0.223420036567709 0.433203605855995 -0.21014936796319 0.876454151121445 0.0451019839512845 0.0862155033330025 0.0245047344693422 -0.162740449459587 -0.187992282133649 -0.208880773070796
7.00477270855489 -20.2400423340314 -5.66357957116926 -0.304873419628981 -0.907373787729557 -0.289352738616939 0.553608967258487 -0.416056675212473 0.721397223713988 0.0707301025488359 -0.398024125762638 0.400556290888654 -0.316012471166999 0.0504607011843913 -0.100908461220625
7.10586244055379 -20.4557173066572 -5.18611437222841 0.341639735098797 -0.609548168863419 -0.715355381077735 0.651683343075523 -0.394804344509595 0.647640602428736 -0.212336340890078 0.0663762602502048 -0.0880751863789451 0.142030635676962 -0.223789270258603 0.22272986880606
7.3532941553311 -20.8069265247122 -4.85519491705037 0.40115944801137 -0.0775876689211014 -0.912716413187942 0.809297022464963 -0.436719528149966 0.392828694422672 0.693128038610456 -0.220940290334931 -0.192315675868367 -0.14919379526511 0.213906461001414 0.0243588660508776
6.68667074387875 -20.9467773873247 -4.81602630777117 -0.856073453554784 0.318170910101245 0.407315005964857 0.341365888394626 0.939783202013837 -0.0166392143170386 -0.205859104869896 0.287274220723187 0.306084211514413 -0.358303601083612 0.108045805488845 -0.0465809188796214
8.03028054119581 -21.629854764759 -4.45805309338122 0.954684787462778 0.0219282296349476 -0.296809887524445 0.295771829141582 -0.180836229820641 0.937985758458316 0.220069007264239 0.228739518547299 0.103031316086002 -0.469625350662761 0.209237558644028 -0.18610799871984
8.24518840231951 -21.9286355836106 -4.19299981020283 0.549610836592478 0.812122805827812 0.195919566543341 0.0393510287279208 -0.259422199181426 0.964961978064498 -0.0105456098595198 0.197087210702111 0.144804809493256 0.158711311752347 0.100122376335349 -0.211266333729289
8.48184768334087 -22.072077226626 -3.85116811561356 -0.471265235085355 0.823441476779338 0.315995589398618 0.0982870548302397 -0.3070131164376 0.946616396006361 -0.0748545225154659 -0.10753578077481 0.451269383129739 -0.555194584845814 -0.174330009953857 0.220826353025802
8.7109620856731 -21.8749393690382 -3.44763376433162 -0.926934234287324 0.23792950759461 0.290142162951191 0.212650361217886 -0.303978468142667 0.928642511830899 -0.0902206578875126 -0.32729302840551 -0.163435726780482 0.30327180267431 -0.418688061722257 -0.139507753607196
9.31377208080641 -21.2927364320398 -4.09390269344802 0.730435318432467 0.584155766016798 0.353873263493908 0.586991313547747 -0.272062530026927 -0.762511099968313 -0.097769359663522 -0.259250836525465 0.266613708853716 0.0831673244799077 -0.105550066557052 -0.0897529567829272
-3.49349445476681 2.29920821622816 3.64340593528127 0.0640771102954278 -0.160130944037372 0.985013809394522 -0.95445568832097 -0.298040862355739 0.0136375730306771 0.21568354628777 0.234634453218912 -0.0959753479719952 0.56856074035414 0.450578341113667 -0.146981798521573
-3.6306362127644 1.98183672751719 3.65978006371671 -0.511484307935442 0.672972122300327 0.534314818569037 -0.849207216774387 -0.49086565707385 -0.194674111488697 0.305504777633811 0.176901548252407 -0.104418924887865 0.036673662059857 -0.214237241798228 0.298111351101324
-3.30441905665655 1.41576413109765 2.86418682144967 0.767580870393676 0.310468436031055 0.560739652275665 -0.634533109465716 0.244577976486932 0.733177568130322 0.106520462609937 -0.109029972979683 -0.0634728324387466 0.211391478860487 0.39959408135947 0.171435706043346
-4.754991630865 1.34496957326076 2.36990396831141 -0.730639431605846 0.0219218645170953 0.682411498173011 -0.595564984449373 0.468281129675682 -0.652698347544726 -0.12404383226207 -0.0820465749249796 0.449673523892604 -0.405688665184942 0.0479867628494516 -0.702291500871632
-5.18070658020992 1.40355548855741 2.1615018266278 -0.111757438426102 0.643651738833007 0.757114729782482 -0.573043645978372 0.580710206944193 -0.57827038256728 -0.209163891046738 0.0116059579349233 0.254895265396995 -0.133511693658596 -0.0110146794431521 -0.180594301952465
-5.4800773678418 1.18935853085376 0.94325634315556 0.358444798137787 0.809320937997041 -0.465313814546281 0.553794580644104 -0.585600678327987 -0.591931928511267 0.0516204423905676 0.23479399002756 0.58792268271697 -0.560167597357623 -0.0867589999128166 -0.356073623198435
-5.52602306919487 1.10441449385007 0.446630065094752 0.822601075840399 0.554516063891434 0.125854697617881 0.508884065218645 -0.619173030758037 -0.598048297504733 0.113367351230416 -0.146270603085845 0.144032445503294 -0.29223953380339 -0.14216763069227 0.0613160193809909
-5.31091512305729 0.988088699134142 -0.065610467990753 0.705909817690379 0.148979646484352 0.692456781482967 0.465596327945475 -0.834334298836313 -0.295137827445532 0.519095240848098 -0.445871014851863 -0.310062663935498 0.147360553494285 0.0320035786242594 0.77075481150757
-4.91603795078738 0.792299590216747 -0.328963857873334 -0.0173574407925159 -0.343352100386938 0.939046353706241 0.299369787340273 -0.897885429867591 -0.322768470051325 -0.0846866614691157 -0.516379767115094 -0.0312748713773295 0.300225784237414 0.131269806804102 0.357052204730157
-4.55542042223222 0.573198026851559 -0.310962115216569 -0.654638552600175 -0.55941914487022 0.508427562000773 0.465828272769485 -0.828231147607679 -0.311507923528479 -0.253949445114302 0.106555320024415 -0.261790312283333 -0.564700166057746 0.0317448560013799 0.400221417406777
-3.9078257695543 0.128373502068255 -1.43074915736786 0.869660313371113 -0.213167863155812 0.445253188045546 -0.204861079557928 -0.976470417181987 -0.0673606892099084 0.302224842866441 0.275318453130814 0.207527630085879 -0.224425682251767 0.297595578263238 0.406694754253478
-3.74927205798902 -0.313115892877664 -1.69616647753343 0.282846665639761 -0.173468594247721 0.94334850959024 0.063013413401557 -0.978024694772758 -0.198738537144115 -0.282710034073399 -0.386443032170672 -0.0259159443567225 -0.083194167822863 0.469766210540925 -0.848580666478906
-3.34153130155241 -0.749844193030111 -1.68661079450325 -0.500625800707837 -0.208072336608035 0.840285493391492 0.178746810816337 -0.974611534673056 -0.134840402347424 0.410410767275701 0.193805713443419 0.0819887414071748 -0.0605546310649795 0.445878623659006 -0.876681538986866
-3.07569760645612 -1.15163264729456 -1.48439768944937 -0.905542821924121 -0.307666637766178 0.292118875917657 0.312786895819941 -0.949341275526513 -0.0302572369021035 0.0212053466760246 0.581132983992792 0.184484593308884 0.014722409173908 -0.338783438794823 0.0145683925238923
-3.0102073335017 -1.55062307129385 -1.26249359757139 -0.67672077535211 -0.284868732426252 -0.678895277265016 0.308481537485406 -0.946976064067377 0.0898636473443952 -0.104804387148774 -0.128650447105805 -0.159961890976103 -0.137497473110566 0.519496010942764 -0.345126126583979
-2.88971550708564 -2.07612580853858 -1.14458932381592 -0.865646204759449 -0.25612575301111 -0.430181643994964 0.123884033393712 -0.942095027139527 0.311624302821493 0.26359189296056 -0.31706491283468 -0.636202673305426 -0.0908561921471215 0.544834414242406 -0.329051850871146
-2.17854407416446 -2.85366724463868 -2.13769430873377 -0.632496376986264 -0.387803260352002 -0.670490092663219 0.0682759772377784 0.834352600096472 -0.546986407184328 0.313870949915451 0.000823664869738342 0.326862145342399 -0.0745152119400289 -0.0480489796843002 0.109587373914124
-2.01854961169228 -2.60338972124117 -2.63914807892465 -0.998413922046225 -0.0470331133757588 -0.0309439252604635 -0.0179905881500572 0.787344585988194 -0.616250632172493 -0.292384103178647 0.577584636357788 -0.209802512575986 -0.231844332986675 0.491412866191889 0.0802199620875287
-2.05708549737041 -2.48211168101948 -3.07906722664499 -0.683462527807912 0.46925635577561 0.559175684062365 -0.0331664045855854 0.745256594490884 -0.665952399180873 0.150084149899798 0.221268293711291 -0.25560340019996 -0.117011217134123 0.197976805829116 0.650334023573326
-2.27977153851114 -2.26165018075717 -3.41176677280373 0.0473141546166144 0.618834656010688 0.784095044808428 -0.0638033663734772 0.785243515845797 -0.615891022228331 0.90464080186561 -0.548640669043307 -0.0125135494105176 -0.0204069665095065 -0.13071191666724 -0.207145376908843
-2.64116262031369 -2.91283941056399 -4.55871660016989 -0.189213941457219 0.685829060308202 -0.702735074117626 0.978871790258316 0.0752503864212816 -0.190124689559135 -0.103602474289581 0.419688718555313 -0.623150700024369 0.118235594371696 -0.3755490563236 -0.0633310853003425
-2.29314186525768 -2.93347117668602 -4.90974088055943 -0.165405715988936 0.968441246371486 0.186447047293727 0.969863532516657 0.194022168788523 -0.147377495951897 0.456054656942912 -0.327154911409672 -0.041485072642554 -0.463968683879761 -0.0255471401905196 0.366938885314075
-2.10897322590963 -2.56781799340286 -5.17872603915117 0.448576368478648 0.45317703485798 0.770330978683787 0.766617926079892 0.247968188212844 -0.592291088104102 -0.310010191747937 -0.032640531936007 0.626516394851556 -0.101577132365406 0.794074039201325 -0.373917260998504
-1.83922211659412 -2.21103171031562 -5.35385337987008 0.593265507007591 -0.38439689645917 0.707301254196276 0.804977538675181 0.29077704082461 -0.517165229648805 0.0183788819957213 0.0882525781721954 0.203199479049891 0.388428302106604 0.566514252976665 0.503032609379452
-1.46150446354304 -1.9210396161259 -5.24116834071643 0.520802898446523 -0.848972259948467 0.0895010771313782 0.832279472520222 0.481624391682539 -0.274497404282598 0.349772552524971 0.269181083655971 -0.211871142519837 0.582431253218225 0.0812659531042079 0.116572333993382
-1.04864989769914 -1.84293823528928 -5.06394530805824 0.238766582164614 -0.47490655396118 -0.847026731718801 0.702777185075478 0.686454599208195 -0.186773422529308 0.233197979180998 -0.0633478930910462 -0.0261046946809849 0.348650163533508 0.223696165056423 0.334869720794416
