        0.1434 26   0.002227   0.002227   0.355907    0.011449   0.000000  -1.051915   0.000000  -0.455232  -0.172689   0.000000   0.061308
        0.1662 26   0.002204   0.002204   0.286797    0.053798   0.000000  -1.122770   0.000000  -0.313549  -0.109809   0.000000   0.059442
        0.1159 25   0.003492   0.003492   0.309992    0.040026   0.000000  -1.115622   0.000000  -0.306791  -0.104152   0.000000   0.059381
        0.1559 25   0.003128   0.003128   0.345562    0.034211   0.000000  -1.102813   0.000000  -0.313968  -0.113378   0.000000   0.062040
        0.2229 24   0.002319   0.002319   0.311858    0.038447   0.000000  -1.087256   0.000000  -0.288765  -0.106246   0.000000   0.055430
        0.1020 24   0.005227   0.005227   0.312301    0.051371   0.000000  -1.092187   0.000000  -0.289633  -0.103350   0.000000   0.061294
        0.2684 25   0.002272   0.002272   0.295386    0.051099   0.000000  -1.113053   0.000000  -0.290001  -0.106597   0.000000   0.058750
        0.1739 26   0.004533   0.004533   0.324800    0.039961   0.000000  -1.141607   0.000000  -0.329460  -0.107878   0.000000   0.058062
        0.2107 24   0.004185   0.004185   0.303824    0.046875   0.000000  -1.150671   0.000000  -0.290720  -0.097442   0.000000   0.062086
        0.1797 26   0.005412   0.005412   0.320672    0.045638   0.000000  -1.077771   0.000000  -0.328960  -0.119848   0.000000   0.057893
        0.2013 25   0.005405   0.005405   0.326765    0.052512   0.000000  -1.112548   0.000000  -0.315076  -0.117802   0.000000   0.060005
        0.1913 25   0.006214   0.006214   0.277235    0.049645   0.000000  -1.081762   0.000000  -0.317277  -0.112078   0.000000   0.057826
        0.1993 25   0.006577   0.006577   0.326077    0.052031   0.000000  -1.079087   0.000000  -0.310126  -0.109027   0.000000   0.056192
        0.2148 25   0.006735   0.006735   0.299390    0.036097   0.000000  -1.099339   0.000000  -0.304163  -0.104306   0.000000   0.058004
        0.2050 25   0.007631   0.007631   0.320932    0.049007   0.000000  -1.089035   0.000000  -0.311982  -0.107345   0.000000   0.058404
        0.2024 25   0.008356   0.008356   0.317191    0.059828   0.001090  -1.074916   0.000000  -0.297466  -0.093861   0.000000   0.057968
        0.1711 26   0.010067   0.010067   0.340538    0.041101   0.000000  -1.080988   0.000000  -0.294529  -0.111618   0.000000   0.056334
        0.2279 25   0.008894   0.008894   0.349038    0.053576   0.000000  -1.081414   0.000000  -0.320764  -0.111830   0.000000   0.057077
        0.2151 26   0.010019   0.010019   0.364911    0.037892   0.000000  -1.107605   0.000000  -0.327054  -0.104537   0.000000   0.057571
        0.1704 26   0.012389   0.012389   0.331958    0.042275   0.000000  -1.081999   0.000000  -0.317234  -0.122982   0.000000   0.056766
        0.2316 25   0.010925   0.010925   0.298538    0.045471   0.000000  -1.116025   0.000000  -0.312788  -0.106712   0.000000   0.058327
        0.1829 25   0.013553   0.013553   0.284857    0.051627   0.000000  -1.078960   0.000000  -0.310220  -0.120311   0.000000   0.055581
        0.2155 26   0.013108   0.013108   0.339831    0.049140   0.000000  -1.143013   0.000000  -0.312226  -0.112195   0.000000   0.057877
        0.1943 26   0.014812   0.014812   0.330180    0.052619   0.000000  -1.091442   0.000000  -0.308788  -0.120022   0.000000   0.058131
        0.2362 25   0.013975   0.013975   0.322062    0.045309   0.000000  -1.081096   0.000000  -0.325503  -0.124585   0.000000   0.056156
        0.1836 25   0.017096   0.017096   0.316084    0.049678   0.000000  -1.108316   0.000000  -0.329176  -0.117447   0.000000   0.058474
        0.2062 24   0.017040   0.017040   0.291487    0.050622   0.000000  -1.085493   0.000000  -0.315858  -0.100429   0.000000   0.057883
        0.1242 24   0.021928   0.021928   0.315098    0.043991   0.000000  -1.065005   0.001151  -0.298686  -0.118035   0.000000   0.058137
        0.1580 24   0.021302   0.021302   0.332881    0.044486   0.000000  -1.086362   0.000000  -0.285029  -0.101192   0.000000   0.059292
        0.2098 23   0.019817   0.019817   0.353374    0.052432   0.000000  -1.102580   0.000000  -0.277660  -0.101800   0.000000   0.058660
        0.1613 23   0.023292   0.023292   0.340765    0.064240   0.000000  -1.089527   0.000000  -0.261942  -0.104704   0.000000   0.059231
        0.1729 25   0.023796   0.023796   0.361695    0.057616   0.000000  -1.079462   0.000000  -0.320055  -0.113427   0.000000   0.059172
        0.2524 25   0.020844   0.020844   0.301719    0.056860   0.000000  -1.065260   0.000000  -0.305675  -0.094527   0.000000   0.057865
        0.2219 25   0.023464   0.023464   0.319413    0.043573   0.000000  -1.084560   0.000000  -0.310750  -0.105156   0.000000   0.054809
        0.1171 25   0.030483   0.030483   0.320117    0.056858   0.000000  -1.062097   0.000000  -0.312951  -0.113493   0.000000   0.059378
        0.2261 26   0.025503   0.025503   0.341470    0.044991   0.000000  -1.089479   0.000000  -0.300143  -0.105771   0.000000   0.056752
        0.2696 25   0.024310   0.024310   0.362803    0.041909   0.000000  -1.104114   0.000000  -0.280833  -0.105358   0.000000   0.056491
        0.2522 25   0.026404   0.026404   0.298819    0.049072   0.000000  -1.076642   0.000000  -0.290809  -0.114870   0.000000   0.056913
        0.1861 26   0.031444   0.031444   0.337084    0.056698   0.000000  -1.106770   0.000000  -0.327357  -0.120157   0.000000   0.058967
        0.1756 24   0.033390   0.033390   0.301115    0.053494   0.000000  -1.104440   0.000000  -0.284110  -0.109812   0.000000   0.057222
        0.2315 25   0.031277   0.031277   0.291280    0.053029   0.000000  -1.103377   0.000000  -0.314336  -0.107369   0.000000   0.059577
        0.2518 25   0.031339   0.031339   0.293903    0.044054   0.000000  -1.113944   0.000000  -0.309313  -0.099355   0.000000   0.057512
        0.2543 26   0.032477   0.032477   0.260073    0.032647   0.000000  -1.103750   0.000000  -0.322010  -0.103819   0.000000   0.057214
        0.2328 26   0.035146   0.035146   0.320015    0.066941   0.000000  -1.132081   0.000000  -0.315099  -0.110567   0.000000   0.056619
        0.2481 25   0.035533   0.035533   0.355138    0.037106   0.000000  -1.094020   0.000000  -0.331531  -0.106148   0.000000   0.057831
        0.1943 26   0.040499   0.040499   0.358831    0.049873   0.000000  -1.105412   0.001017  -0.327020  -0.104428   0.000000   0.058700
        0.2166 25   0.040429   0.040429   0.294042    0.042980   0.000000  -1.083630   0.000000  -0.298389  -0.106977   0.000000   0.057429
        0.2654 25   0.038572   0.038572   0.291649    0.040482   0.000000  -1.094922   0.000000  -0.297871  -0.109685   0.000000   0.054906
        0.2586 25   0.040470   0.040470   0.315955    0.045882   0.000000  -1.100625   0.000000  -0.318157  -0.122170   0.000000   0.057255
        0.2063 26   0.045657   0.045657   0.322522    0.050838   0.000000  -1.081450   0.000000  -0.330270  -0.120790   0.000000   0.060689
        0.1973 26   0.047880   0.047880   0.339202    0.041696   0.000000  -1.066061   0.000000  -0.316843  -0.112756   0.000000   0.060329
        0.1722 26   0.051392   0.051392   0.332938    0.069448   0.000000  -1.103602   0.000000  -0.295556  -0.113390   0.000000   0.059231
        0.2289 26   0.048699   0.048699   0.315663    0.051216   0.000000  -1.096647   0.000000  -0.321908  -0.115889   0.000000   0.056860
        0.1964 26   0.052814   0.052814   0.303321    0.040867   0.000000  -1.109417   0.000000  -0.305301  -0.124357   0.000000   0.058434
        0.2511 25   0.050238   0.050238   0.284312    0.056510   0.000000  -1.098067   0.000000  -0.312758  -0.116842   0.000000   0.057999
        0.2767 25   0.049912   0.049912   0.319978    0.057953   0.000000  -1.110794   0.000000  -0.321545  -0.116102   0.000000   0.057178
        0.2426 25   0.054204   0.054204   0.312595    0.052924   0.000000  -1.086214   0.000000  -0.320811  -0.110264   0.000000   0.058248
        0.3439 25   0.048057   0.048057   0.328693    0.046016   0.000000  -1.129098   0.000000  -0.294952  -0.104032   0.000000   0.057695
        0.2716 25   0.055278   0.055278   0.359253    0.054126   0.000922  -1.084814   0.000000  -0.299358  -0.102642   0.000000   0.055457
        0.2560 25   0.058270   0.058270   0.331393    0.058436   0.000000  -1.079231   0.000000  -0.327695  -0.111643   0.000000   0.058594
        0.2898 25   0.057247   0.057247   0.337800    0.041440   0.000000  -1.081291   0.000000  -0.302187  -0.104001   0.000000   0.058897
        0.2264 24   0.064335   0.064335   0.317121    0.043080   0.000000  -1.081491   0.000000  -0.287674  -0.105369   0.000000   0.059252
        0.2995 24   0.059947   0.059947   0.350296    0.058743   0.000000  -1.087819   0.000000  -0.302983  -0.102806   0.000000   0.058782
        0.2159 25   0.068985   0.068985   0.323304    0.073248   0.000000  -1.093746   0.000000  -0.312352  -0.103047   0.000000   0.059197
        0.2487 25   0.067963   0.067963   0.354353    0.070229   0.004231  -1.104534   0.000000  -0.298695  -0.109233   0.000000   0.058112
        0.2738 25   0.067629   0.067629   0.325415    0.059381   0.000000  -1.091541   0.000000  -0.275270  -0.089295   0.000000   0.055952
        0.2710 26   0.069776   0.069776   0.352834    0.051763   0.000000  -1.141678   0.000000  -0.296545  -0.107076   0.000000   0.055597
        0.2377 26   0.074754   0.074754   0.370993    0.043206   0.000000  -1.102656   0.000000  -0.310593  -0.112070   0.000000   0.057961
        0.2656 26   0.074139   0.074139   0.371077    0.057970   0.000000  -1.118064   0.000000  -0.288004  -0.094938   0.000000   0.057377
        0.1989 25   0.082507   0.082507   0.361763    0.055947   0.000000  -1.125634   0.000000  -0.307753  -0.108493   0.000000   0.058731
        0.3295 25   0.072184   0.072184   0.353741    0.059704   0.000000  -1.120280   0.003601  -0.284713  -0.100304   0.000000   0.057756
        0.2165 24   0.084957   0.084957   0.358354    0.027108   0.000000  -1.091945   0.000000  -0.296874  -0.107692   0.000000   0.058793
        0.2529 26   0.083469   0.083469   0.345541    0.053490   0.000000  -1.082222   0.000000  -0.310404  -0.098174   0.000000   0.059267
        0.2555 25   0.085317   0.085317   0.372985    0.062899   0.000000  -1.090673   0.000000  -0.324253  -0.117023   0.000000   0.059068
        0.1949 25   0.093636   0.093636   0.293609    0.055196   0.000000  -1.098994   0.000000  -0.312908  -0.110790   0.000000   0.058341
        0.2221 26   0.093021   0.093021   0.257815    0.052618   0.000000  -1.089609   0.000000  -0.329438  -0.106261   0.000000   0.060008
        0.2170 25   0.095776   0.095776   0.356454    0.037342   0.000000  -1.124633   0.000000  -0.322751  -0.115468   0.000000   0.060615
        0.2555 26   0.093972   0.093972   0.294275    0.039338   0.000000  -1.090924   0.000000  -0.320249  -0.106370   0.000000   0.058317
        0.2202 26   0.099961   0.099961   0.327198    0.052644   0.002066  -1.097104   0.000000  -0.323944  -0.117581   0.000000   0.058407
        0.2381 25   0.100316   0.100316   0.356824    0.048807   0.000000  -1.128158   0.000000  -0.303618  -0.103600   0.000000   0.058434
        0.2879 25   0.097273   0.097273   0.321296    0.065537   0.000000  -1.054934   0.000000  -0.318010  -0.097453   0.000000   0.058716
        0.2344 25   0.105359   0.105359   0.345441    0.060761   0.000000  -1.070469   0.000000  -0.285827  -0.105923   0.000000   0.059666
        0.2609 26   0.104783   0.104783   0.364390    0.058653   0.000000  -1.115481   0.000000  -0.305117  -0.104692   0.000000   0.056554
        0.2800 26   0.105025   0.105025   0.332571    0.063944   0.000000  -1.119497   0.000000  -0.315527  -0.097948   0.000000   0.057559
        0.2068 25   0.115685   0.115685   0.336010    0.042188   0.000000  -1.108748   0.000000  -0.318095  -0.122261   0.000000   0.055319
        0.3184 25   0.105486   0.105486   0.285319    0.040916   0.000000  -1.100288   0.000000  -0.307500  -0.096911   0.000000   0.059145
        0.2688 25   0.113455   0.113455   0.311484    0.042422   0.000000  -1.093607   0.000000  -0.306905  -0.117698   0.000000   0.057007
        0.3303 25   0.108903   0.108903   0.320898    0.033792   0.000000  -1.072244   0.000000  -0.326109  -0.108952   0.000000   0.056633
        0.2654 25   0.118767   0.118767   0.335744    0.061216   0.000000  -1.095753   0.000000  -0.300039  -0.108056   0.000000   0.059462
        0.2898 25   0.118413   0.118413   0.327489    0.053479   0.000000  -1.043929   0.000000  -0.303536  -0.119458   0.000000   0.055811
        0.2522 24   0.125387   0.125387   0.316026    0.062372   0.000000  -1.044209   0.000000  -0.307910  -0.100635   0.000000   0.061402
        0.4285 24   0.107442   0.107442   0.353584    0.073364   0.000000  -1.059006   0.000000  -0.303737  -0.099858   0.000000   0.055972
        0.3669 23   0.116868   0.116868   0.268877    0.059778   0.000000  -1.056947   0.000000  -0.260791  -0.087754   0.000000   0.059092
        0.4039 23   0.115049   0.115049   0.284798    0.038687   0.000000  -1.024925   0.000000  -0.254176  -0.092635   0.000000   0.053356
        0.3360 24   0.125550   0.125550   0.353910    0.051773   0.000000  -1.051308   0.000000  -0.281210  -0.102635   0.000000   0.058313
        0.4173 22   0.118434   0.118434   0.281299    0.054710   0.000000  -1.042922   0.000000  -0.284887  -0.099528   0.000000   0.058758
        0.2472 25   0.141864   0.141864   0.310716    0.042258   0.000000  -1.067177   0.000000  -0.298840  -0.098997   0.000000   0.060579
        0.3305 24   0.134039   0.134039   0.318184    0.063076   0.000000  -1.103653   0.000000  -0.302789  -0.109957   0.000000   0.057261
        0.2866 24   0.142274   0.142274   0.303221    0.046807   0.000000  -1.105766   0.000000  -0.318997  -0.117801   0.000000   0.056532
        0.3285 25   0.139641   0.139641   0.266402    0.051130   0.000000  -1.099713   0.000000  -0.298702  -0.111042   0.000000   0.056628
        0.2597 24   0.151314   0.151314   0.296732    0.041984   0.000000  -1.116346   0.000000  -0.287371  -0.107732   0.000000   0.059044
