       25.7360 0   0.002166   0.002166   0.324920    0.063517   0.000000  -0.767581   0.000000   0.000000   0.000000   0.000000   0.025535
       26.2990 0   0.002410   0.002410   0.305918    0.043410   0.000000  -0.704164   0.000064   0.000000   0.000000   0.000000   0.028229
       25.8410 0   0.000824   0.000824   0.307959    0.066309   0.000000  -0.710492   0.000000   0.000000   0.000000   0.000000   0.027199
       26.0272 0   0.000009   0.000009   0.317513    0.049135   0.000000  -0.675600   0.000000   0.000000  -0.000000   0.000000   0.024647
       25.8060 0   0.001200   0.001200   0.322131    0.047302   0.000000  -0.697726   0.000000   0.000000   0.000000   0.000000   0.025897
       26.1323 0   0.000431   0.000431   0.319973    0.052368   0.000000  -0.704342   0.000000   0.000000   0.000000   0.000000   0.033811
       25.8208 0   0.001033   0.001033   0.313390    0.038661   0.000000  -0.679981   0.000000   0.000000   0.000000   0.000000   0.027619
       26.0099 0   0.000000   0.000000   0.320541    0.035207   0.000000  -0.684878   0.000000   0.000000   0.000000   0.000000   0.034981
       26.0912 0   0.000190   0.000190   0.313627    0.070955   0.000000  -0.711204   0.000000   0.000000  -0.000231   0.000000   0.030944
       26.1118 0   0.000299   0.000299   0.320702    0.033906   0.000000  -0.699484   0.000000   0.000000   0.000000   0.000000   0.023236
       25.8559 0   0.000685   0.000685   0.314270    0.050131   0.000035  -0.718110   0.000000   0.000000  -0.000004   0.000000   0.026402
       25.8065 0   0.001194   0.001194   0.345140    0.048497   0.000171  -0.770892   0.000000   0.000000   0.000000   0.000000   0.028118
       26.1961 0   0.000999   0.000999   0.361429    0.053274   0.000000  -0.820228   0.000000   0.000000  -0.004811   0.000000   0.034332
       25.9127 0   0.000273   0.000273   0.335445    0.047452   0.000000  -0.823805   0.000000   0.000000  -0.000000   0.000000   0.027392
       25.9396 0   0.000143   0.000143   0.328266    0.060650   0.000000  -0.871438   0.000000   0.000000   0.000000   0.000000   0.028066
       26.1205 0   0.000352   0.000352   0.291976    0.061333   0.000000  -0.825238   0.000976   0.000000   0.000000   0.000000   0.028905
       25.9247 0   0.000210   0.000210   0.300539    0.022952   0.000000  -0.757364   0.000000   0.000000   0.000000   0.000000   0.030873
       25.9159 0   0.000255   0.000255   0.329408    0.040782   0.000000  -0.744000   0.000700   0.000000  -0.000001   0.000000   0.026848
       26.1188 0   0.000341   0.000341   0.325065    0.052211   0.000000  -0.757991   0.000000   0.000000   0.000000   0.000000   0.024423
       26.0357 0   0.000019   0.000019   0.317208    0.048239   0.000000  -0.732167   0.000000   0.000000   0.000000   0.000000   0.027511
       26.0052 0   0.000001   0.000001   0.403436    0.049181   0.000000  -0.773145   0.000000   0.000000   0.000000   0.000000   0.030670
       26.0782 0   0.000134   0.000134   0.314535    0.051864   0.000000  -0.745508   0.000000   0.000000   0.000000   0.000000   0.024880
       26.0004 0   0.000003   0.000003   0.384635    0.049538   0.000000  -0.754776   0.000000   0.000000   0.000000   0.000000   0.030165
       26.1540 0   0.000598   0.000598   0.334122    0.060017   0.000000  -0.741812   0.000000   0.000000   0.000000   0.000000   0.029050
       25.7551 0   0.001874   0.001874   0.335987    0.053374   0.000000  -0.759484   0.000000   0.000000   0.000000   0.000000   0.026380
       25.8232 0   0.001006   0.001006   0.336568    0.068186   0.000000  -0.760231   0.000000   0.000000   0.000000   0.000000   0.027174
       26.2314 0   0.001413   0.001413   0.346523    0.049703   0.000000  -0.724920   0.000000   0.000000   0.000000   0.000000   0.028133
       26.1929 0   0.000965   0.000965   0.301826    0.074854   0.000000  -0.750578   0.000000  -0.014167  -0.008698   0.000000   0.035465
       25.9438 0   0.000126   0.000126   0.317217    0.046186   0.000000  -0.750932   0.000000  -0.014960  -0.005302   0.000000   0.031873
       25.7954 0   0.001329   0.001329   0.333165    0.056017   0.000000  -0.737997   0.000000  -0.018706  -0.009333   0.000000   0.030538
       26.5906 0   0.009724   0.009724   0.336949    0.046463   0.000000  -0.708709   0.000000   0.000000   0.000000   0.000000   0.027461
       26.1241 0   0.000375   0.000375   0.345490    0.066394   0.000208  -0.744698   0.000000   0.000000   0.000000   0.000000   0.029581
       25.9428 0   0.000130   0.000130   0.330616    0.044218   0.000000  -0.682428   0.000000   0.000000   0.000000   0.000000   0.034312
       25.8175 0   0.001069   0.001069   0.307176    0.040336   0.000000  -0.686598   0.000000   0.000000   0.000000   0.000000   0.026199
       26.1866 0   0.000900   0.000900   0.329207    0.041946   0.001322  -0.704955   0.000000   0.000000   0.000000   0.000000   0.033102
       25.9227 0   0.000220   0.000220   0.321285    0.061685   0.000000  -0.663313   0.000000   0.000000   0.000000   0.000000   0.033799
       26.0896 0   0.000183   0.000183   0.326920    0.044897   0.000000  -0.625374   0.000000   0.000000   0.000000   0.000000   0.027921
       26.2164 0   0.001229   0.001229   0.337769    0.038156   0.000000  -0.654872   0.000000  -0.000000  -0.000412   0.000000   0.025100
       25.9090 0   0.000294   0.000294   0.295278    0.044326   0.000457  -0.699808   0.000000   0.000000   0.000000   0.000000   0.030041
       26.1047 0   0.000259   0.000259   0.345519    0.037444   0.000000  -0.724673   0.000000   0.000000   0.000000   0.000000   0.033269
       25.8570 0   0.000675   0.000675   0.350870    0.034699   0.001912  -0.697753   0.000000   0.000000   0.000000  -0.005030   0.029224
       25.7890 0   0.001409   0.001409   0.315958    0.069807   0.000000  -0.757724   0.000000   0.000000  -0.000290   0.000000   0.033813
       26.0080 0   0.000000   0.000000   0.299012    0.029809   0.000000  -0.690587   0.000000   0.000000   0.000000   0.000000   0.025761
       25.9293 0   0.000188   0.000188   0.312384    0.059539   0.000000  -0.666572   0.000000   0.000000   0.000000   0.000000   0.029193
       25.9829 0   0.000021   0.000021   0.303707    0.048365   0.000000  -0.681679   0.000000   0.000000  -0.000000   0.000000   0.027856
       25.7901 0   0.001395   0.001395   0.322203    0.057984   0.000000  -0.699006   0.000000   0.000000   0.000000   0.000000   0.031187
       26.2839 0   0.002165   0.002165   0.338690    0.066499   0.000000  -0.705754   0.000158   0.000000   0.000000   0.000000   0.027020
       26.2324 0   0.001426   0.001426   0.293953    0.052431   0.000000  -0.684456   0.000000   0.000000  -0.000025   0.000000   0.033728
       26.0457 0   0.000037   0.000037   0.358101    0.073032   0.000000  -0.754015   0.001925   0.000000   0.000000   0.000000   0.027299
       25.7777 0   0.001556   0.001556   0.338034    0.059053   0.000000  -0.739777   0.000000   0.000000   0.000000   0.000000   0.024619
       26.0372 0   0.000021   0.000021   0.334348    0.054263   0.000000  -0.745035   0.000000   0.000000   0.000000   0.000000   0.031209
       26.2506 0   0.001670   0.001670   0.357409    0.051618   0.000000  -0.747312   0.000000   0.000000   0.000000   0.000000   0.025559
       26.0236 0   0.000005   0.000005   0.323738    0.033406   0.000000  -0.699526   0.000000   0.000000   0.000000   0.000000   0.027275
       25.7686 0   0.001681   0.001681   0.337652    0.042655   0.000000  -0.665330   0.000000   0.000000   0.000000   0.000000   0.028792
       26.3239 0   0.002843   0.002843   0.322579    0.052092   0.000000  -0.693372   0.000000   0.000000   0.000000   0.000000   0.026923
       25.9501 0   0.000103   0.000103   0.348422    0.055723   0.000000  -0.668673   0.000000   0.000000   0.000000   0.000000   0.026025
       26.1341 0   0.000444   0.000444   0.326057    0.038401   0.000000  -0.612882   0.000000   0.000000   0.000000   0.000000   0.031759
       26.2028 0   0.001072   0.001072   0.336847    0.042407   0.000000  -0.580658   0.000000  -0.015172  -0.005701   0.000000   0.026676
       25.8734 0   0.000538   0.000538   0.324234    0.037391   0.000000  -0.656613   0.000000  -0.015570  -0.007533   0.000000   0.031493
       26.3592 0   0.003518   0.003518   0.309143    0.048693   0.000000  -0.697480   0.000000   0.000000   0.000000   0.000000   0.037423
       26.1128 0   0.000305   0.000305   0.316779    0.043467   0.000000  -0.681281   0.000000   0.000000   0.000000   0.000000   0.029160
       25.8358 0   0.000876   0.000876   0.324741    0.053645   0.000000  -0.673980   0.000000   0.000000   0.000000   0.000000   0.031705
       25.9540 0   0.000090   0.000090   0.357080    0.072916   0.000000  -0.668751   0.001017   0.000000   0.000000   0.000000   0.025859
       26.1658 0   0.000701   0.000701   0.295065    0.048596   0.000000  -0.594149   0.000000   0.000000   0.000000   0.000000   0.031551
       26.1113 0   0.000296   0.000296   0.316888    0.057074   0.000000  -0.604678   0.000000   0.000000   0.000000   0.000000   0.032555
       25.8686 0   0.000577   0.000577   0.314724    0.044347   0.000000  -0.593641   0.000000   0.000000   0.000000   0.000000   0.027194
       25.9375 0   0.000152   0.000152   0.338323    0.050200   0.000000  -0.608174   0.000000   0.000000  -0.000001   0.000000   0.030034
       25.9529 0   0.000094   0.000094   0.291034    0.065958   0.000221  -0.621203   0.000000   0.000000   0.000000   0.000000   0.030486
       25.8295 0   0.000940   0.000940   0.340802    0.063198   0.000000  -0.661943   0.000000   0.000000   0.000000   0.000000   0.028221
       25.9724 0   0.000041   0.000041   0.311747    0.034821   0.000000  -0.618310   0.000000   0.000000   0.000000   0.000000   0.029473
       25.8072 0   0.001186   0.001186   0.302384    0.060467   0.000000  -0.602425   0.000000   0.000000   0.000000   0.000000   0.028724
       26.1897 0   0.000932   0.000932   0.293837    0.048341   0.000000  -0.603408   0.000000   0.000000   0.000000  -0.015404   0.034388
       25.8581 0   0.000666   0.000666   0.335906    0.036411   0.000000  -0.596683   0.000000   0.000000   0.000000   0.000000   0.028300
       25.9559 0   0.000084   0.000084   0.350306    0.049483   0.000000  -0.619038   0.000000   0.000000   0.000000   0.000000   0.027846
       26.1258 0   0.000387   0.000387   0.356753    0.065053   0.000000  -0.594902   0.000000   0.000000  -0.000004   0.000000   0.031975
       26.0603 0   0.000073   0.000073   0.349867    0.041570   0.000000  -0.517343   0.000000   0.000000  -0.000066   0.000000   0.030836
       25.9430 0   0.000129   0.000129   0.299726    0.048555   0.000000  -0.472630   0.000000   0.000000   0.000000  -0.000356   0.027930
       26.3383 0   0.003109   0.003109   0.360508    0.052788   0.000000  -0.506381   0.000000   0.000000   0.000000   0.000000   0.024075
       25.9654 0   0.000057   0.000057   0.381853    0.035823   0.000000  -0.540734   0.000000   0.000000   0.000000   0.000000   0.037143
       26.2528 0   0.001700   0.001700   0.390514    0.042298   0.000000  -0.580523   0.000000   0.000000  -0.000065   0.000000   0.027677
       26.0193 0   0.000003   0.000003   0.358941    0.053970   0.001507  -0.585540   0.000000   0.000000   0.000000   0.000000   0.027220
       25.8318 0   0.000916   0.000916   0.327971    0.047335   0.000000  -0.536344   0.000000   0.000000   0.000000   0.000000   0.030204
       25.7712 0   0.001646   0.001646   0.374414    0.055977   0.000000  -0.577017   0.003514   0.000000   0.000000   0.000000   0.031929
       26.0627 0   0.000080   0.000080   0.409297    0.052563   0.000000  -0.559946   0.000000   0.000000   0.000000   0.000000   0.026845
       26.3624 0   0.003583   0.003583   0.418243    0.068814   0.000000  -0.621645   0.000000   0.000000   0.000000   0.000000   0.025681
       26.0524 0   0.000052   0.000052   0.360507    0.060918   0.000000  -0.585735   0.000000   0.000000   0.000000   0.000000   0.035409
       25.7461 0   0.002009   0.002009   0.369551    0.051020   0.001366  -0.575479   0.000000   0.000000   0.000000   0.000000   0.028396
       25.8084 0   0.001173   0.001173   0.334867    0.033246   0.000000  -0.554780   0.000000   0.000000   0.000000   0.000000   0.031204
       26.0126 0   0.000000   0.000000   0.323952    0.047826   0.000000  -0.607530   0.000000   0.000000  -0.000013   0.000000   0.029405
       25.7890 0   0.001409   0.001409   0.362494    0.050463   0.000000  -0.623869   0.000420   0.000000   0.000000   0.000000   0.028288
       25.9542 0   0.000090   0.000090   0.313524    0.072600   0.000000  -0.642664   0.000000   0.000000   0.000000   0.000000   0.028926
       26.1456 0   0.000530   0.000530   0.329026    0.027441   0.000000  -0.631135   0.000000   0.000000   0.000000   0.000000   0.025031
       25.8792 0   0.000493   0.000493   0.351417    0.056030   0.000000  -0.692906   0.000000   0.000000   0.000000   0.000000   0.030952
       26.2408 0   0.001536   0.001536   0.330595    0.048066   0.000000  -0.671095   0.000000   0.000000   0.000000   0.000000   0.026394
       26.2587 0   0.001784   0.001784   0.369716    0.036641   0.000000  -0.733761   0.000000   0.000000   0.000000   0.000000   0.030396
       25.8199 0   0.001042   0.001042   0.326830    0.051130   0.000000  -0.691890   0.000000   0.000000   0.000000   0.000000   0.026875
       26.0083 0   0.000000   0.000000   0.332540    0.055316   0.000000  -0.709488   0.000000   0.000000   0.000000   0.000000   0.028065
       26.1571 0   0.000624   0.000624   0.310285    0.049462   0.000193  -0.667502   0.000000   0.000000   0.000000   0.000000   0.031133
       25.9946 0   0.000007   0.000007   0.342826    0.040553   0.007504  -0.689464   0.000000   0.000000   0.000000   0.000000   0.027329
       25.6831 0   0.003082   0.003082   0.282527    0.068584   0.000000  -0.693527   0.000000   0.000000   0.000000   0.000000   0.023628
       25.6641 0   0.003451   0.003451   0.309703    0.060598   0.001108  -0.729539   0.000000   0.000000  -0.000267   0.000000   0.025384
       25.9678 0   0.000051   0.000051   0.401983    0.038635   0.000000  -0.751348   0.000000   0.000000   0.000000   0.000000   0.031906
       26.1049 0   0.000260   0.000260   0.327237    0.053674   0.000000  -0.743170   0.000000   0.000000   0.000000   0.000000   0.027931
       25.7607 0   0.001792   0.001792   0.348254    0.043933   0.000000  -0.784054   0.000000   0.000000   0.000000   0.000000   0.028344
       26.1435 0   0.000514   0.000514   0.288806    0.036533   0.000000  -0.725907   0.000000   0.000000   0.000000   0.000000   0.030897
       25.8904 0   0.000412   0.000412   0.308183    0.055568   0.000000  -0.770491   0.000000   0.000000   0.000000   0.000000   0.026535
       25.9756 0   0.000034   0.000034   0.342620    0.045449   0.000000  -0.774398   0.000000   0.000000   0.000000   0.000000   0.025119
       26.2600 0   0.001803   0.001803   0.307790    0.034611   0.000000  -0.744494   0.000000   0.000000   0.000000   0.000000   0.028843
       25.8069 0   0.001190   0.001190   0.298772    0.065664   0.000000  -0.743336   0.000000   0.000000   0.000000   0.000000   0.027250
       25.9301 0   0.000184   0.000184   0.326034    0.053264   0.000000  -0.734805   0.000000   0.000000  -0.000001   0.000000   0.025195
       26.3180 0   0.002736   0.002736   0.309266    0.039386   0.000047  -0.721997   0.000000   0.000000  -0.000627   0.000000   0.033644
       25.8659 0   0.000599   0.000599   0.292573    0.049072   0.000000  -0.703209   0.000000   0.000000   0.000000   0.000000   0.029872
       25.8728 0   0.000543   0.000543   0.314908    0.052588   0.000000  -0.705507   0.000000   0.000000  -0.000277   0.000000   0.030607
       25.9244 0   0.000211   0.000211   0.316030    0.061084   0.000000  -0.719600   0.000000   0.000000   0.000000   0.000000   0.027862
       26.1616 0   0.000663   0.000663   0.354385    0.041391   0.000000  -0.720464   0.000000   0.000000  -0.000011   0.000000   0.031283
       26.1784 0   0.000818   0.000818   0.355876    0.035716   0.000175  -0.726301   0.000000   0.000000   0.000000   0.000000   0.028519
       26.2276 0   0.001366   0.001366   0.294216    0.049296   0.000000  -0.680860   0.000000   0.000000   0.000000   0.000000   0.027756
       26.1340 0   0.000443   0.000443   0.318965    0.062243   0.000000  -0.715349   0.000000   0.000000   0.000000   0.000000   0.027723
       25.8798 0   0.000489   0.000489   0.293331    0.060985   0.000000  -0.681634   0.000000   0.000000   0.000000   0.000000   0.028459
       26.4649 0   0.005969   0.005969   0.283281    0.047559   0.000000  -0.676678   0.000000   0.000000   0.000000   0.000000   0.027502
       26.1978 0   0.001017   0.001017   0.309498    0.043514   0.000000  -0.651817   0.000000   0.000000   0.000000   0.000000   0.026884
       26.1316 0   0.000426   0.000426   0.312640    0.038277   0.000000  -0.656330   0.000000   0.000000   0.000000   0.000000   0.031865
       25.8932 0   0.000394   0.000394   0.334968    0.043443   0.000000  -0.676468   0.000000   0.000000   0.000000   0.000000   0.026763
       26.0375 0   0.000022   0.000022   0.256315    0.034232   0.000000  -0.565813   0.000000   0.000000   0.000000   0.000000   0.025032
       26.4666 0   0.006015   0.006015   0.326580    0.043328   0.000453  -0.620165   0.000000   0.000000   0.000000   0.000000   0.030200
       25.8457 0   0.000779   0.000779   0.345897    0.066585   0.000000  -0.647935   0.000000   0.000000  -0.000000   0.000000   0.027222
       26.0683 0   0.000098   0.000098   0.300969    0.044198   0.000000  -0.615139   0.000000   0.000000  -0.000000   0.000000   0.033742
       25.9680 0   0.000051   0.000051   0.313288    0.042157   0.000000  -0.663911   0.000000   0.000000   0.000000   0.000000   0.030484
       25.8163 0   0.001083   0.001083   0.309062    0.037819   0.000000  -0.661091   0.000000   0.000000   0.000000   0.000000   0.026235
       25.7565 0   0.001854   0.001854   0.307704    0.034663   0.000000  -0.646085   0.000000   0.000000   0.000000   0.000000   0.027111
       25.9100 0   0.000289   0.000289   0.305930    0.043769   0.000000  -0.650231   0.000000   0.000000   0.000000   0.000000   0.033053
       25.7395 0   0.002111   0.002111   0.323971    0.063607   0.000000  -0.698910   0.000000   0.000000  -0.000114   0.000000   0.025399
       26.0639 0   0.000084   0.000084   0.337404    0.035744   0.000000  -0.691279   0.000000   0.000000  -0.000000   0.000000   0.035139
       26.0608 0   0.000075   0.000075   0.303636    0.040973   0.000000  -0.650200   0.000000   0.000000   0.000000   0.000000   0.027174
       25.4132 0   0.010275   0.010275   0.319536    0.043950   0.000000  -0.648968   0.000000   0.000000   0.000000   0.000000   0.026279
       26.1649 0   0.000692   0.000692   0.329377    0.040361   0.000000  -0.662321   0.000000   0.000000   0.000000   0.000000   0.029795
       26.1038 0   0.000254   0.000254   0.335059    0.068992   0.000000  -0.635418   0.000000   0.000000   0.000000   0.000000   0.032461
       25.8263 0   0.000973   0.000973   0.346434    0.061832   0.000000  -0.702528   0.000000   0.000000   0.000000   0.000000   0.031854
       25.8495 0   0.000743   0.000743   0.316736    0.040340   0.000000  -0.714352   0.000000   0.000000   0.000000   0.000000   0.025546
       25.7224 0   0.002387   0.002387   0.314884    0.040677   0.000000  -0.717234   0.000000   0.000000  -0.002111   0.000000   0.034302
       26.0282 0   0.000010   0.000010   0.332012    0.054847   0.000000  -0.687100   0.000137  -0.000017  -0.000023   0.000000   0.032348
       26.3140 0   0.002666   0.002666   0.365602    0.051991   0.000000  -0.731444   0.000000   0.000000   0.000000   0.000000   0.027358
       25.6208 0   0.004369   0.004369   0.344949    0.041214   0.000000  -0.700809   0.000000   0.000000   0.000000   0.000000   0.030020
       25.7546 0   0.001881   0.001881   0.405574    0.032747   0.000000  -0.748802   0.000000   0.000000   0.000000   0.000000   0.026302
       26.5382 0   0.008049   0.008049   0.354465    0.044106   0.000000  -0.712734   0.000000   0.000000   0.000000   0.000000   0.027955
       26.1992 0   0.001032   0.001032   0.314903    0.052798   0.000000  -0.698184   0.000000   0.000000   0.000000   0.000000   0.028535
       25.8625 0   0.000627   0.000627   0.330422    0.045783   0.000000  -0.720192   0.000000   0.000000   0.000000   0.000000   0.026408
       26.3241 0   0.002845   0.002845   0.315897    0.048845   0.000000  -0.701554   0.000000   0.000000  -0.000093   0.000000   0.033438
       26.1716 0   0.000753   0.000753   0.314112    0.057387   0.000000  -0.688650   0.000000   0.000000   0.000000   0.000000   0.023938
       25.7110 0   0.002580   0.002580   0.327690    0.051260   0.000000  -0.682605   0.000000   0.000000   0.000000   0.000000   0.029865
       25.9383 0   0.000148   0.000148   0.324593    0.036234   0.000000  -0.632729   0.000000   0.000000   0.000000   0.000000   0.028252
       26.4185 0   0.004814   0.004814   0.344385    0.048194   0.000000  -0.685409   0.000000   0.000000   0.000000   0.000000   0.026466
       25.7809 0   0.001514   0.001514   0.361054    0.072693   0.000000  -0.672376   0.000000   0.000000   0.000000   0.000000   0.027132
       25.9995 0   0.000003   0.000003   0.328555    0.062372   0.000000  -0.675707   0.000000   0.000000   0.000000   0.000000   0.026336
       25.8440 0   0.000794   0.000794   0.321198    0.049116   0.000000  -0.700032   0.000000   0.000000   0.000000   0.000000   0.028592
       25.8071 0   0.001188   0.001188   0.354094    0.047280   0.000000  -0.705053   0.000000   0.000000   0.000000   0.000000   0.031068
       26.1186 0   0.000340   0.000340   0.336476    0.047273   0.000000  -0.681901   0.000000   0.000000   0.000000   0.000000   0.023835
       25.9087 0   0.000296   0.000296   0.318543    0.053946   0.000359  -0.685804   0.000000   0.000000   0.000000   0.000000   0.033655
       26.1505 0   0.000570   0.000570   0.311409    0.055077   0.001237  -0.675693   0.000000   0.000000   0.000000   0.000000   0.029397
       26.1976 0   0.001015   0.001015   0.402562    0.051592   0.000000  -0.737274   0.000000   0.000000   0.000000   0.000000   0.024984
       26.3220 0   0.002807   0.002807   0.344403    0.059802   0.000000  -0.679778   0.000000   0.000000   0.000000   0.000000   0.026383
       25.8788 0   0.000497   0.000497   0.334830    0.059547   0.000000  -0.679195   0.000000   0.000000   0.000000   0.000000   0.026869
       26.0269 0   0.000008   0.000008   0.333273    0.048440   0.000000  -0.690659   0.000000  -0.000000   0.000000   0.000000   0.028680
       25.7508 0   0.001937   0.001937   0.287967    0.042780   0.000000  -0.623609   0.000000   0.000000   0.000000   0.000000   0.029619
       25.7429 0   0.002058   0.002058   0.346360    0.042634   0.000000  -0.662117   0.000000   0.000000  -0.000442   0.000000   0.027284
       26.3740 0   0.003823   0.003823   0.289361    0.062096   0.000000  -0.661435   0.000000   0.000000   0.000000   0.000000   0.027812
       25.9318 0   0.000176   0.000176   0.316383    0.044553   0.000000  -0.664382   0.000000   0.000000   0.000000   0.000000   0.031135
       25.7814 0   0.001507   0.001507   0.335788    0.058524   0.000000  -0.714362   0.000000   0.000000   0.000000   0.000000   0.029554
       25.6942 0   0.002877   0.002877   0.284074    0.053771   0.000000  -0.700344   0.000000   0.000000   0.000000   0.000000   0.031628
       25.8990 0   0.000356   0.000356   0.335921    0.040530   0.000000  -0.693760   0.000000   0.000000   0.000000   0.000000   0.023308
       26.0357 0   0.000019   0.000019   0.306778    0.037888   0.000000  -0.726075   0.000000   0.000000   0.000000   0.000000   0.032373
       25.6917 0   0.002923   0.002923   0.372404    0.039935   0.000000  -0.733016   0.000000   0.000000  -0.000006   0.000000   0.028465
       25.7887 0   0.001413   0.001413   0.372555    0.048565   0.000000  -0.749779   0.000000   0.000000  -0.000669   0.000000   0.025756
       26.1033 0   0.000251   0.000251   0.342213    0.049908   0.000000  -0.708127   0.004703   0.000000  -0.000001   0.000000   0.026416
       26.0194 0   0.000003   0.000003   0.320722    0.041816   0.000000  -0.696281   0.000000   0.000000   0.000000   0.000000   0.031119
       26.1934 0   0.000971   0.000971   0.296271    0.063532   0.000000  -0.691743   0.000114   0.000000   0.000000   0.000000   0.033868
       25.9968 0   0.000005   0.000005   0.359102    0.051574   0.000000  -0.700207   0.000294   0.000000  -0.000075   0.000000   0.032171
       25.9902 0   0.000011   0.000011   0.383508    0.056062   0.000557  -0.729236   0.000000   0.000000   0.000000   0.000000   0.027156
       26.0398 0   0.000026   0.000026   0.325063    0.054386   0.000021  -0.692879   0.000000   0.000000   0.000000   0.000000   0.027125
       26.0667 0   0.000093   0.000093   0.285158    0.046684   0.000000  -0.627492   0.000000   0.000000   0.000000   0.000000   0.027502
       26.0982 0   0.000224   0.000224   0.324275    0.038971   0.000000  -0.613034   0.000000   0.000000   0.000000   0.000000   0.029129
       25.8119 0   0.001132   0.001132   0.354900    0.063029   0.000000  -0.632618   0.000000   0.000000   0.000000   0.000000   0.026316
       26.4145 0   0.004720   0.004720   0.380906    0.058756   0.000000  -0.621919   0.000000   0.000000   0.000000   0.000000   0.031306
       25.6615 0   0.003503   0.003503   0.348434    0.028968   0.000000  -0.576178   0.000000   0.000000   0.000000   0.000000   0.027792
       26.0567 0   0.000063   0.000063   0.393101    0.059037   0.000000  -0.651452   0.000611   0.000000   0.000000   0.000000   0.039868
       26.0844 0   0.000159   0.000159   0.366747    0.057668   0.000000  -0.626328   0.000000   0.000000   0.000000   0.000000   0.027537
       25.5995 0   0.004860   0.004860   0.311247    0.035003   0.000000  -0.621506   0.000000   0.000000   0.000000   0.000000   0.027593
       26.2589 0   0.001787   0.001787   0.292216    0.058037   0.000000  -0.659937   0.000000   0.000000   0.000000   0.000000   0.026042
       25.9082 0   0.000299   0.000299   0.345254    0.045130   0.000000  -0.706512   0.000000   0.000000  -0.000004   0.000000   0.029008
       25.8230 0   0.001009   0.001009   0.285898    0.047317   0.000000  -0.713754   0.000000   0.000000   0.000000   0.000000   0.026704
       26.1469 0   0.000541   0.000541   0.338515    0.049360   0.000000  -0.694734   0.000000   0.000000   0.000000  -0.013308   0.025675
       25.9309 0   0.000181   0.000181   0.330997    0.042859   0.000000  -0.728438   0.000000   0.000000   0.000000   0.000000   0.026802
       26.0077 0   0.000000   0.000000   0.297893    0.076144   0.000000  -0.721364   0.000000   0.000000   0.000000   0.000000   0.033860
       26.0707 0   0.000106   0.000106   0.306377    0.046692   0.000000  -0.678801   0.000000   0.000000   0.000000   0.000000   0.030912
       26.1444 0   0.000521   0.000521   0.369621    0.039316   0.000000  -0.699756   0.000000   0.000000   0.000000   0.000000   0.028195
       26.2136 0   0.001195   0.001195   0.322480    0.052511   0.000000  -0.717116   0.000000   0.000000   0.000000   0.000000   0.036165
       26.0135 0   0.000000   0.000000   0.360341    0.043749   0.000000  -0.674798   0.000000   0.000000   0.000000   0.000000   0.029442
       25.6533 0   0.003670   0.003670   0.321876    0.054311   0.000000  -0.655979   0.000000   0.000000   0.000000   0.000000   0.024809
       26.4783 0   0.006327   0.006327   0.282136    0.050220   0.000000  -0.652973   0.000000   0.000000   0.000000   0.000000   0.025293
       26.1901 0   0.000936   0.000936   0.334024    0.051556   0.002639  -0.698294   0.000000   0.000000   0.000000   0.000000   0.029579
       25.6256 0   0.004263   0.004263   0.312258    0.033250   0.000000  -0.696499   0.000000   0.000000   0.000000   0.000000   0.029251
       26.2033 0   0.001077   0.001077   0.322797    0.038387   0.000000  -0.683022   0.000000   0.000000   0.000000   0.000000   0.027059
       26.2744 0   0.002017   0.002017   0.313203    0.066041   0.000000  -0.723904   0.000000   0.000000   0.000000   0.000000   0.036026
       25.7289 0   0.002280   0.002280   0.348444    0.052422   0.000000  -0.749648   0.000000   0.000000   0.000000   0.000000   0.025779
       25.8652 0   0.000605   0.000605   0.340654    0.032711   0.000191  -0.691572   0.000000   0.000000  -0.000079   0.000000   0.030873
       26.3114 0   0.002621   0.002621   0.367437    0.052914   0.000000  -0.673606   0.000000   0.000000   0.000000   0.000000   0.028752
       25.8143 0   0.001104   0.001104   0.330474    0.038914   0.000000  -0.617288   0.000000   0.000000  -0.000172   0.000000   0.036135
       26.0470 0   0.000039   0.000039   0.389239    0.036466   0.000000  -0.699824   0.000000   0.000000   0.000000  -0.000181   0.029463
       26.1844 0   0.000877   0.000877   0.351714    0.044966   0.000000  -0.678511   0.000000   0.000000   0.000000   0.000000   0.023761
       26.1009 0   0.000239   0.000239   0.328194    0.058097   0.000000  -0.662119   0.000000   0.000000   0.000000   0.000000   0.030945
       25.7509 0   0.001936   0.001936   0.341029    0.051902   0.000000  -0.709809   0.000000   0.000000   0.000000   0.000000   0.031649
       25.9139 0   0.000266   0.000266   0.372152    0.060641   0.000000  -0.733256   0.000000   0.000000   0.000000   0.000000   0.028517
       25.9880 0   0.000014   0.000014   0.332512    0.054682   0.000000  -0.686797   0.000000   0.000000   0.000000   0.000000   0.024503
       26.0959 0   0.000213   0.000213   0.322757    0.045144   0.000000  -0.734904   0.000000   0.000000   0.000000   0.000000   0.028663
       25.8708 0   0.000559   0.000559   0.331574    0.040950   0.000000  -0.795002   0.000000   0.000000   0.000000   0.000000   0.028571
       26.2444 0   0.001584   0.001584   0.321576    0.059611   0.000000  -0.788497   0.000000   0.000000   0.000000   0.000000   0.023778
       25.9256 0   0.000206   0.000206   0.313859    0.051480   0.000000  -0.747083   0.000035   0.000000   0.000000   0.000000   0.030100
       25.8807 0   0.000482   0.000482   0.339005    0.044509   0.000000  -0.797749   0.000000   0.000000   0.000000   0.000000   0.030041
       26.1869 0   0.000903   0.000903   0.306087    0.043474   0.000000  -0.756673   0.000000   0.000000   0.000000   0.000000   0.026892
       26.0567 0   0.000063   0.000063   0.309648    0.047944   0.000000  -0.760757   0.002100   0.000000   0.000000   0.000000   0.027038
       26.3193 0   0.002760   0.002760   0.333013    0.063511   0.000000  -0.775892   0.000000   0.000000   0.000000   0.000000   0.030194
       25.7630 0   0.001760   0.001760   0.302049    0.042503   0.000000  -0.744172   0.000000   0.000000   0.000000   0.000000   0.031126
       25.8317 0   0.000917   0.000917   0.316798    0.053402   0.000000  -0.765184   0.000000   0.000000  -0.002806   0.000000   0.030580
       26.2037 0   0.001083   0.001083   0.329616    0.049234   0.000000  -0.736855   0.000372   0.000000  -0.000016   0.000000   0.026989
       26.0254 0   0.000007   0.000007   0.286475    0.055489   0.000293  -0.728736   0.000000   0.000000   0.000000   0.000000   0.028614
       26.1536 0   0.000595   0.000595   0.332430    0.048460   0.000000  -0.768687   0.000000   0.000000   0.000000   0.000000   0.030411
       26.1259 0   0.000388   0.000388   0.332677    0.052036   0.000000  -0.737349   0.000000   0.000000   0.000000   0.000000   0.029104
       26.4009 0   0.004407   0.004407   0.327777    0.052630   0.000759  -0.794232   0.000000   0.000000   0.000000   0.000000   0.029108
       25.8626 0   0.000627   0.000627   0.366061    0.030086   0.000000  -0.811938   0.000000   0.000000   0.000000   0.000000   0.029191
       26.2894 0   0.002251   0.002251   0.311138    0.051667   0.000000  -0.846172   0.000000   0.000000   0.000000   0.000000   0.024180
       26.2302 0   0.001399   0.001399   0.306107    0.062139   0.000022  -0.793944   0.000000   0.000000  -0.000000   0.000000   0.029783
       25.9416 0   0.000135   0.000135   0.303128    0.023662   0.000000  -0.785445   0.000000   0.000000   0.000000   0.000000   0.025990
       25.9149 0   0.000261   0.000261   0.328070    0.036675   0.000000  -0.839205   0.000000   0.000000   0.000000   0.000000   0.027608
       26.1769 0   0.000804   0.000804   0.328624    0.042448   0.003086  -0.806204   0.000000   0.000000   0.000000   0.000000   0.024947
       26.0684 0   0.000098   0.000098   0.338741    0.057068   0.000000  -0.830125   0.000000   0.000000   0.000000   0.000000   0.027733
       25.9447 0   0.000123   0.000123   0.381711    0.049244   0.000000  -0.823381   0.000000   0.000000   0.000000   0.000000   0.022672
       25.7149 0   0.002512   0.002512   0.340893    0.059939   0.000000  -0.758953   0.000000   0.000000   0.000000   0.000000   0.025762
       26.0407 0   0.000027   0.000027   0.355413    0.037243   0.000000  -0.753134   0.000000   0.000000  -0.000067   0.000000   0.033891
       26.1831 0   0.000864   0.000864   0.354049    0.056322   0.000000  -0.732868   0.000000   0.000000   0.000000   0.000000   0.029309
       25.9372 0   0.000153   0.000153   0.340026    0.044470   0.000000  -0.697994   0.000000   0.000000   0.000000   0.000000   0.032060
       25.8043 0   0.001221   0.001221   0.332613    0.041074   0.000000  -0.704517   0.000000   0.000000  -0.000001   0.000000   0.028267
       26.1131 0   0.000307   0.000307   0.363517    0.035724   0.000000  -0.720707   0.000000   0.000000   0.000000   0.000000   0.033746
       26.1753 0   0.000788   0.000788   0.292166    0.031380   0.000000  -0.664538   0.000000   0.000000   0.000000   0.000000   0.032273
       26.0075 0   0.000000   0.000000   0.385846    0.037535   0.000000  -0.756692   0.000000   0.000000   0.000000   0.000000   0.026976
       26.0156 0   0.000001   0.000001   0.385143    0.041888   0.000000  -0.706202   0.000000   0.000000   0.000000   0.000000   0.027183
       25.9444 0   0.000124   0.000124   0.343426    0.064710   0.000000  -0.712668   0.000000   0.000000   0.000000   0.000000   0.029047
       26.0043 0   0.000001   0.000001   0.325124    0.048498   0.000000  -0.710637   0.000000   0.000000   0.000000   0.000000   0.029984
       25.6650 0   0.003434   0.003434   0.358284    0.047460   0.000000  -0.728388   0.000000   0.000000   0.000000   0.000000   0.023822
       26.0490 0   0.000044   0.000044   0.355691    0.046044   0.000000  -0.690622   0.000000   0.000000   0.000000   0.000000   0.031976
       25.8971 0   0.000367   0.000367   0.320583    0.048827   0.000000  -0.673111   0.000000   0.000000   0.000000   0.000000   0.027167
       26.0739 0   0.000118   0.000118   0.306859    0.051973   0.000000  -0.659867   0.000000   0.000000   0.000000   0.000000   0.030587
       26.1382 0   0.000474   0.000474   0.303124    0.046462   0.000000  -0.648728   0.000000   0.000000   0.000000   0.000000   0.029491
       26.0138 0   0.000000   0.000000   0.329157    0.043774   0.000000  -0.661148   0.000000   0.000000   0.000000   0.000000   0.027955
       25.9361 0   0.000157   0.000157   0.395668    0.041505   0.000000  -0.722213   0.000000   0.000000   0.000000   0.000000   0.025580
       25.9678 0   0.000051   0.000051   0.365517    0.053408   0.000000  -0.744554   0.000000   0.000000   0.000000   0.000000   0.026445
       26.1572 0   0.000625   0.000625   0.317870    0.044132   0.000000  -0.765608   0.000000   0.000000   0.000000   0.000000   0.026870
       26.0930 0   0.000199   0.000199   0.378078    0.051675   0.000000  -0.803337   0.000000   0.000000   0.000000   0.000000   0.026518
       25.9308 0   0.000181   0.000181   0.324023    0.055265   0.000000  -0.729377   0.000000   0.000000   0.000000   0.000000   0.031850
       25.8576 0   0.000670   0.000670   0.286990    0.038225   0.000000  -0.718317   0.000000   0.000000   0.000000   0.000000   0.029451
       25.9964 0   0.000005   0.000005   0.312658    0.050465   0.000000  -0.692955   0.000000  -0.000015  -0.000000   0.000000   0.027677
       26.0538 0   0.000055   0.000055   0.355531    0.047323   0.000000  -0.772583   0.000000   0.000000   0.000000   0.000000   0.030366
       26.2083 0   0.001134   0.001134   0.348149    0.052211   0.000000  -0.762953   0.000000   0.000000   0.000000   0.000000   0.026679
       26.0258 0   0.000007   0.000007   0.438338    0.060540   0.000000  -0.814798   0.000298   0.000000   0.000000   0.000000   0.030009
       25.7216 0   0.002399   0.002399   0.333263    0.063578   0.000000  -0.774702   0.000000  -0.000000  -0.000045   0.000000   0.034088
       26.2906 0   0.002271   0.002271   0.362237    0.044204   0.000000  -0.710635   0.000000   0.000000  -0.000000   0.000000   0.029967
       25.8714 0   0.000554   0.000554   0.318194    0.052820   0.000022  -0.702875   0.000000   0.000000   0.000000   0.000000   0.029104
       25.6649 0   0.003435   0.003435   0.329763    0.035464   0.000000  -0.681087   0.000000   0.000000   0.000000   0.000000   0.027099
       26.2726 0   0.001990   0.001990   0.342188    0.032447   0.000000  -0.716501   0.000361   0.000000   0.000000   0.000000   0.027535
       26.1241 0   0.000375   0.000375   0.302006    0.063040   0.000000  -0.681791   0.000000   0.000000   0.000000   0.000000   0.028469
       25.8898 0   0.000417   0.000417   0.308152    0.049351   0.000000  -0.626881   0.000000   0.000000  -0.000041   0.000000   0.028699
       26.0733 0   0.000116   0.000116   0.347018    0.041295   0.000000  -0.624630   0.000000   0.000000   0.000000   0.000000   0.030167
       26.0857 0   0.000165   0.000165   0.319712    0.055180   0.000000  -0.636660   0.000000   0.000000   0.000000   0.000000   0.028438
       26.0585 0   0.000068   0.000068   0.324739    0.064191   0.000000  -0.679369   0.000016   0.000000   0.000000   0.000000   0.032404
       25.9177 0   0.000246   0.000246   0.284851    0.071062   0.000000  -0.628839   0.000000   0.000000   0.000000   0.000000   0.032289
       25.9377 0   0.000151   0.000151   0.349704    0.053260   0.000000  -0.670238   0.000000   0.000000   0.000000   0.000000   0.031773
       25.8585 0   0.000662   0.000662   0.382410    0.057926   0.006020  -0.731404   0.000000   0.000000   0.000000   0.000000   0.030978
       26.3688 0   0.003713   0.003713   0.394390    0.058159   0.000000  -0.721088   0.000000   0.000000   0.000000   0.000000   0.032441
       26.0746 0   0.000120   0.000120   0.352636    0.051864   0.000000  -0.674493   0.000000   0.000000   0.000000   0.000000   0.026464
       25.6055 0   0.004721   0.004721   0.367228    0.046101   0.000000  -0.659246   0.000000   0.000000  -0.000000   0.000000   0.027022
       26.1587 0   0.000638   0.000638   0.330460    0.063792   0.000000  -0.664739   0.000000   0.000000   0.000000   0.000000   0.027622
       25.7774 0   0.001561   0.001561   0.346171    0.055133   0.000000  -0.709900   0.000000   0.000000   0.000000   0.000000   0.030969
       25.8995 0   0.000352   0.000352   0.314942    0.056888   0.000000  -0.686470   0.000000   0.000000   0.000000   0.000000   0.028367
       26.0188 0   0.000002   0.000002   0.340955    0.031078   0.000000  -0.687839   0.000000   0.000000   0.000000   0.000000   0.028153
       26.2508 0   0.001673   0.001673   0.389578    0.047517   0.000000  -0.749859   0.000000   0.000000   0.000000   0.000000   0.030208
       25.6666 0   0.003403   0.003403   0.307718    0.050118   0.000000  -0.712000   0.000000   0.000000   0.000000   0.000000   0.032187
       26.0449 0   0.000035   0.000035   0.327739    0.053490   0.000000  -0.771849   0.000000   0.000000  -0.002203   0.000000   0.032195
       25.9228 0   0.000220   0.000220   0.355194    0.060628   0.000000  -0.805681   0.000000   0.000000   0.000000   0.000000   0.027014
       26.1148 0   0.000317   0.000317   0.297682    0.063456   0.000000  -0.764531   0.000000   0.000000   0.000000   0.000000   0.026158
       26.1877 0   0.000910   0.000910   0.335850    0.050139   0.000000  -0.815290   0.000000   0.000000   0.000000   0.000000   0.028397
       26.1055 0   0.000263   0.000263   0.364102    0.037986   0.000000  -0.789478   0.000000   0.000000   0.000000   0.000000   0.026698
       25.9193 0   0.000237   0.000237   0.352855    0.044703   0.000000  -0.782803   0.000000   0.000000   0.000000   0.000000   0.028849
       25.5841 0   0.005233   0.005233   0.308419    0.057995   0.000000  -0.784541   0.000000   0.000000   0.000000   0.000000   0.030797
       26.4184 0   0.004812   0.004812   0.309166    0.049232   0.000000  -0.823452   0.000000   0.000000   0.000000   0.000000   0.027214
       25.5716 0   0.005544   0.005544   0.310999    0.064167   0.001006  -0.744894   0.000000   0.000000   0.000000   0.000000   0.031039
       25.7610 0   0.001789   0.001789   0.347509    0.074523   0.000000  -0.800050   0.000000   0.000000   0.000000   0.000000   0.027357
       26.4019 0   0.004431   0.004431   0.330432    0.057848   0.000087  -0.772572   0.000000   0.000000   0.000000   0.000000   0.029713
       25.9590 0   0.000075   0.000075   0.360148    0.061220   0.000000  -0.764185   0.000000   0.000000  -0.000000   0.000000   0.030080
       25.9499 0   0.000104   0.000104   0.328013    0.063818   0.002612  -0.750557   0.000000   0.000000   0.000000   0.000000   0.028187
       25.8761 0   0.000517   0.000517   0.289818    0.043230   0.000000  -0.691329   0.000000   0.000000   0.000000   0.000000   0.028570
       26.0569 0   0.000064   0.000064   0.334432    0.054241   0.000716  -0.731281   0.000000   0.000000   0.000000   0.000000   0.030574
       26.2073 0   0.001123   0.001123   0.339476    0.042757   0.000000  -0.740650   0.000000   0.000000   0.000000   0.000000   0.027059
       25.6995 0   0.002781   0.002781   0.294485    0.047728   0.000000  -0.756843   0.002635   0.000000  -0.000018   0.000000   0.032055
       26.0580 0   0.000066   0.000066   0.332133    0.037204   0.000000  -0.732771   0.000000   0.000000   0.000000   0.000000   0.026172
       26.3294 0   0.002944   0.002944   0.355462    0.046733   0.000000  -0.694228   0.000000   0.000000   0.000000   0.000000   0.025241
       25.8762 0   0.000516   0.000516   0.338613    0.058503   0.000000  -0.686215   0.000000   0.000000   0.000000   0.000000   0.025357
       25.8118 0   0.001133   0.001133   0.295998    0.046025   0.000000  -0.636667   0.000000   0.000000   0.000000   0.000000   0.029173
       26.2657 0   0.001887   0.001887   0.343306    0.047118   0.000000  -0.659365   0.001377   0.000000  -0.000004   0.000000   0.038252
       25.9916 0   0.000010   0.000010   0.333583    0.034996   0.000000  -0.646631   0.000000   0.000000  -0.000248   0.000000   0.032388
       25.9558 0   0.000085   0.000085   0.307860    0.057550   0.001020  -0.678681   0.000000   0.000000   0.000000   0.000000   0.031610
       25.9645 0   0.000060   0.000060   0.334766    0.076628   0.000000  -0.724476   0.000000   0.000000   0.000000   0.000000   0.028690
       25.7190 0   0.002443   0.002443   0.306118    0.057039   0.002142  -0.706818   0.000000   0.000000   0.000000   0.000000   0.036114
       25.8600 0   0.000649   0.000649   0.362504    0.054001   0.000000  -0.811273   0.000000   0.000000   0.000000   0.000000   0.027957
       25.6799 0   0.003144   0.003144   0.321043    0.054720   0.000000  -0.760182   0.000000   0.000000   0.000000   0.000000   0.027070
       26.2003 0   0.001045   0.001045   0.296173    0.040690   0.000000  -0.723333   0.000000   0.000000   0.000000   0.000000   0.029753
       26.1824 0   0.000857   0.000857   0.330936    0.041610   0.000000  -0.808266   0.000000   0.000000   0.000000   0.000000   0.028943
       25.8251 0   0.000986   0.000986   0.315643    0.061024   0.000000  -0.796494   0.000000   0.000000  -0.000443   0.000000   0.029041
       25.6722 0   0.003292   0.003292   0.300616    0.057790   0.000000  -0.800904   0.000000   0.000000   0.000000   0.000000   0.024984
       26.1261 0   0.000389   0.000389   0.306877    0.029151   0.003396  -0.829604   0.000000   0.000000   0.000000   0.000000   0.029639
       26.0338 0   0.000016   0.000016   0.339939    0.071754   0.000000  -0.872816   0.000000   0.000000   0.000000   0.000000   0.026205
       26.2185 0   0.001254   0.001254   0.330001    0.045630   0.000000  -0.843415   0.000000   0.000000   0.000000   0.000000   0.025993
       25.7385 0   0.002126   0.002126   0.293491    0.057912   0.000102  -0.834704   0.000000   0.000000   0.000000   0.000000   0.030221
       26.0731 0   0.000115   0.000115   0.304659    0.033912   0.000000  -0.793984   0.000000   0.000000   0.000000   0.000000   0.026126
       26.1869 0   0.000903   0.000903   0.256819    0.052422   0.000000  -0.753415   0.000000   0.000000   0.000000   0.000000   0.027219
       26.1218 0   0.000360   0.000360   0.299422    0.041264   0.000000  -0.781669   0.000000   0.000000   0.000000   0.000000   0.030348
       26.3812 0   0.003974   0.003974   0.250992    0.035753   0.000260  -0.732748   0.000000   0.000000   0.000000   0.000000   0.027685
       26.0807 0   0.000144   0.000144   0.295683    0.045996   0.000000  -0.730480   0.000000   0.000000  -0.000155   0.000000   0.032266
       25.9513 0   0.000099   0.000099   0.362356    0.042507   0.000000  -0.773102   0.000006   0.000000   0.000000   0.000000   0.024453
       25.8161 0   0.001084   0.001084   0.348448    0.060508   0.000000  -0.770100   0.000000   0.000000   0.000000   0.000000   0.025684
       25.9558 0   0.000085   0.000085   0.313994    0.061207   0.000000  -0.699358   0.000862   0.000000   0.000000   0.000000   0.029957
       26.3133 0   0.002654   0.002654   0.329238    0.053386   0.000000  -0.728816   0.000000   0.000000   0.000000   0.000000   0.027914
       26.0974 0   0.000221   0.000221   0.330540    0.046855   0.000000  -0.712760   0.000000   0.000000   0.000000   0.000000   0.025614
       26.4094 0   0.004602   0.004602   0.349039    0.036241   0.000000  -0.711135   0.000000   0.000000   0.000000   0.000000   0.025309
       25.9744 0   0.000036   0.000036   0.327134    0.053055   0.000000  -0.718074   0.000396   0.000000   0.000000   0.000000   0.030369
       25.7137 0   0.002533   0.002533   0.316689    0.050048   0.000000  -0.731744   0.000000   0.000000   0.000000   0.000000   0.026016
       26.0393 0   0.000025   0.000025   0.292607    0.051386   0.000000  -0.727836   0.000000   0.000000   0.000000   0.000000   0.034528
       26.0768 0   0.000129   0.000129   0.304252    0.059824   0.001019  -0.672026   0.000285   0.000000   0.000000   0.000000   0.035531
       25.6299 0   0.004168   0.004168   0.319731    0.063690   0.000000  -0.740832   0.000000   0.000000   0.000000   0.000000   0.031108
       26.0590 0   0.000069   0.000069   0.345590    0.036923   0.000000  -0.751019   0.000000   0.000000   0.000000   0.000000   0.028080
       26.4298 0   0.005084   0.005084   0.325768    0.038658   0.000000  -0.776748   0.000000   0.000000   0.000000   0.000000   0.034964
       25.8310 0   0.000925   0.000925   0.354411    0.044082   0.000000  -0.769987   0.000000   0.000000   0.000000   0.000000   0.025395
       26.2385 0   0.001507   0.001507   0.375012    0.069724   0.000000  -0.823653   0.000000   0.000000   0.000000   0.000000   0.027461
       26.0178 0   0.000002   0.000002   0.345057    0.046464   0.000000  -0.793221   0.000000   0.000000   0.000000   0.000000   0.025112
       25.5571 0   0.005916   0.005916   0.339467    0.050236   0.000000  -0.811079   0.000000   0.000000   0.000000   0.000000   0.029906
       25.9962 0   0.000006   0.000006   0.307774    0.034940   0.000000  -0.764515   0.000000  -0.003334  -0.001980   0.000000   0.026943
       25.9340 0   0.000166   0.000166   0.349436    0.048807   0.000000  -0.813323   0.000000   0.000000   0.000000   0.000000   0.027346
       25.9182 0   0.000243   0.000243   0.323122    0.046300   0.000000  -0.795306   0.000000   0.000000   0.000000   0.000000   0.032864
       25.5106 0   0.007194   0.007194   0.287336    0.051190   0.000000  -0.799472   0.000000   0.000000   0.000000   0.000000   0.029637
       26.1234 0   0.000371   0.000371   0.352005    0.056957   0.000000  -0.844957   0.000000   0.000000   0.000000   0.000000   0.027749
       26.2451 0   0.001595   0.001595   0.317438    0.040794   0.000000  -0.761240   0.000000   0.000000   0.000000   0.000000   0.025623
       26.1744 0   0.000780   0.000780   0.293739    0.050412   0.000000  -0.767485   0.000000   0.000000   0.000000   0.000000   0.025808
       25.8720 0   0.000550   0.000550   0.316567    0.059934   0.000214  -0.781292   0.000000   0.000000   0.000000   0.000000   0.025479
       26.2386 0   0.001508   0.001508   0.332708    0.060169   0.000000  -0.768275   0.000000   0.000000  -0.000018   0.000000   0.027896
       25.8969 0   0.000369   0.000369   0.306116    0.037985   0.000000  -0.787280   0.000000   0.000000   0.000000   0.000000   0.024901
       25.9891 0   0.000013   0.000013   0.284406    0.038366   0.000000  -0.807155   0.000000   0.000000   0.000000   0.000000   0.028187
       25.8609 0   0.000641   0.000641   0.313348    0.036479   0.000000  -0.858396   0.000000   0.000000   0.000000   0.000000   0.026812
       25.6333 0   0.004094   0.004094   0.309198    0.061900   0.000000  -0.895314   0.000000   0.000000   0.000000   0.000000   0.031692
       26.2399 0   0.001524   0.001524   0.310586    0.044944   0.000000  -0.855441   0.000000   0.000000   0.000000   0.000000   0.025358
       26.3398 0   0.003137   0.003137   0.413301    0.060374   0.000000  -0.907698   0.000000   0.000000   0.000000   0.000000   0.027128
       26.2292 0   0.001386   0.001386   0.351512    0.054617   0.000000  -0.839563   0.000000   0.000000   0.000000   0.000000   0.025915
       25.7882 0   0.001419   0.001419   0.337404    0.034522   0.000000  -0.797321   0.000000   0.000000  -0.001581   0.000000   0.031121
       26.0065 0   0.000000   0.000000   0.297847    0.047151   0.000000  -0.785387   0.000000   0.000000   0.000000   0.000000   0.025419
       26.3845 0   0.004046   0.004046   0.370185    0.026584   0.000000  -0.808105   0.000000   0.000000   0.000000   0.000000   0.030226
       26.1642 0   0.000685   0.000685   0.346964    0.038829   0.000000  -0.778524   0.000000   0.000000   0.000000   0.000000   0.024065
       25.7688 0   0.001679   0.001679   0.296854    0.060579   0.000000  -0.797816   0.000000   0.000000   0.000000   0.000000   0.027846
       25.9731 0   0.000039   0.000039   0.286368    0.044008   0.000000  -0.758921   0.000000   0.000000   0.000000   0.000000   0.024033
       26.0446 0   0.000035   0.000035   0.325288    0.031739   0.000000  -0.754583   0.000041   0.000000   0.000000   0.000000   0.029123
       26.1868 0   0.000902   0.000902   0.346663    0.058835   0.000000  -0.774741   0.000000   0.000000   0.000000   0.000000   0.041709
       25.6569 0   0.003596   0.003596   0.323106    0.057570   0.000000  -0.759433   0.000000   0.000000   0.000000   0.000000   0.026604
       25.7918 0   0.001373   0.001373   0.356365    0.054279   0.000000  -0.804645   0.000000   0.000000   0.000000   0.000000   0.024438
       26.3093 0   0.002585   0.002585   0.351941    0.059292   0.000000  -0.788056   0.000000   0.000000   0.000000   0.000000   0.030366
       26.0452 0   0.000036   0.000036   0.393279    0.041874   0.000000  -0.798222   0.000000   0.000000   0.000000   0.000000   0.028264
       25.8832 0   0.000463   0.000463   0.352577    0.055775   0.000000  -0.796951   0.000000   0.000000  -0.001264   0.000000   0.029483
       25.9123 0   0.000275   0.000275   0.288031    0.051396   0.000000  -0.795927   0.000000   0.000000   0.000000   0.000000   0.031273
       25.6867 0   0.003014   0.003014   0.361333    0.040797   0.000000  -0.768264   0.000649   0.000000  -0.000000   0.000000   0.031254
       26.1437 0   0.000516   0.000516   0.358262    0.045783   0.000000  -0.691183   0.000000   0.000000  -0.000000   0.000000   0.030314
       25.7610 0   0.001789   0.001789   0.332106    0.063334   0.000000  -0.661133   0.000000   0.000000  -0.000000   0.000000   0.028826
       26.2511 0   0.001677   0.001677   0.326686    0.052640   0.000000  -0.668774   0.000000   0.000000   0.000000   0.000000   0.027325
       26.0754 0   0.000123   0.000123   0.308138    0.032899   0.000000  -0.678334   0.000000   0.000000   0.000000   0.000000   0.036174
       25.9515 0   0.000099   0.000099   0.368396    0.045111   0.000000  -0.732982   0.000000   0.000000   0.000000   0.000000   0.026491
       25.7160 0   0.002493   0.002493   0.324192    0.035827   0.000000  -0.721436   0.000000   0.000000   0.000000   0.000000   0.030801
       25.8774 0   0.000507   0.000507   0.325768    0.043005   0.000000  -0.756139   0.000000   0.000000   0.000000   0.000000   0.031869
       26.0166 0   0.000001   0.000001   0.368721    0.067113   0.000000  -0.754666   0.000000   0.000000   0.000000   0.000000   0.029865
       25.8955 0   0.000378   0.000378   0.347789    0.038522   0.000000  -0.718984   0.000000   0.000000   0.000000   0.000000   0.027291
       25.9692 0   0.000048   0.000048   0.323287    0.044647   0.000000  -0.726869   0.000002   0.000000   0.000000   0.000000   0.038279
       26.0266 0   0.000008   0.000008   0.365736    0.035626   0.000000  -0.755856   0.000000   0.000000   0.000000   0.000000   0.028708
       25.8425 0   0.000810   0.000810   0.381174    0.037065   0.005716  -0.759408   0.000000   0.000000  -0.000000   0.000000   0.030948
       26.0737 0   0.000117   0.000117   0.326517    0.049924   0.000000  -0.714783   0.000000   0.000000  -0.000000   0.000000   0.028919
       26.1086 0   0.000280   0.000280   0.326142    0.060023   0.001428  -0.677415   0.000000   0.000000   0.000000   0.000000   0.027991
       25.8313 0   0.000921   0.000921   0.334846    0.035087   0.000000  -0.731591   0.000000  -0.000041  -0.001770   0.000000   0.031812
       25.8655 0   0.000602   0.000602   0.325582    0.057172   0.000000  -0.713058   0.000000   0.000000   0.000000   0.000000   0.025417
       25.8221 0   0.001018   0.001018   0.307816    0.051746   0.000000  -0.717900   0.000000  -0.010802  -0.008071   0.000000   0.030372
       25.8809 0   0.000481   0.000481   0.303849    0.044072   0.000000  -0.690092   0.000000  -0.017684  -0.006546   0.000000   0.032653
       26.1885 0   0.000919   0.000919   0.322102    0.058334   0.000000  -0.714001   0.002279  -0.017271  -0.005661   0.000000   0.029322
       26.3052 0   0.002514   0.002514   0.304086    0.063671   0.000000  -0.713656   0.000000  -0.016497  -0.008600   0.000000   0.035011
       26.0717 0   0.000110   0.000110   0.309267    0.056282   0.000000  -0.728198   0.000000  -0.011451  -0.004646   0.000000   0.027652
       25.8751 0   0.000525   0.000525   0.298928    0.035549   0.000000  -0.688559   0.002446  -0.012036  -0.005587   0.000000   0.034303
       25.9985 0   0.000004   0.000004   0.358919    0.051310   0.000000  -0.732499   0.000000  -0.016522  -0.008922   0.000000   0.030542
       25.9197 0   0.000235   0.000235   0.347917    0.030908   0.000870  -0.737136   0.000000  -0.019028  -0.009791   0.000000   0.029909
       25.8627 0   0.000626   0.000626   0.312438    0.048140   0.000000  -0.738800   0.000000   0.000000   0.000000   0.000000   0.028362
       26.1850 0   0.000883   0.000883   0.322845    0.048016   0.000000  -0.753057   0.000000   0.000000   0.000000   0.000000   0.032899
       26.0926 0   0.000197   0.000197   0.331828    0.032213   0.000000  -0.736962   0.000000   0.000000  -0.000000   0.000000   0.027738
       25.9182 0   0.000243   0.000243   0.317813    0.060495   0.000000  -0.755354   0.002031   0.000000   0.000000   0.000000   0.026402
       25.9859 0   0.000017   0.000017   0.341351    0.046598   0.000000  -0.802537   0.000000   0.000000   0.000000   0.000000   0.031433
       26.1710 0   0.000748   0.000748   0.299722    0.054961   0.000000  -0.780127   0.000000   0.000000   0.000000   0.000000   0.026790
       25.9562 0   0.000084   0.000084   0.297871    0.067006   0.000000  -0.803673   0.000000   0.000000   0.000000   0.000000   0.027195
       26.0277 0   0.000009   0.000009   0.276763    0.062906   0.000000  -0.767535   0.000000   0.000000   0.000000   0.000000   0.027521
       25.8973 0   0.000366   0.000366   0.300297    0.037086   0.000000  -0.790465   0.000000   0.000000   0.000000   0.000000   0.026020
       26.1978 0   0.001017   0.001017   0.329049    0.054441   0.000000  -0.803924   0.000000   0.000000   0.000000   0.000000   0.029226
       26.1145 0   0.000315   0.000315   0.313185    0.033487   0.000000  -0.771451   0.000000   0.000000   0.000000   0.000000   0.034156
       25.7690 0   0.001675   0.001675   0.298075    0.042975   0.000000  -0.763050   0.000000   0.000000   0.000000   0.000000   0.029370
       26.2885 0   0.002238   0.002238   0.337651    0.061717   0.000000  -0.795653   0.000000   0.000000   0.000000   0.000000   0.028010
       26.1393 0   0.000483   0.000483   0.312536    0.043721   0.000000  -0.737615   0.000000   0.000000   0.000000   0.000000   0.026670
       26.0791 0   0.000138   0.000138   0.318139    0.045478   0.000000  -0.756557   0.000000   0.000000   0.000000   0.000000   0.030601
       26.1879 0   0.000913   0.000913   0.330692    0.035389   0.000000  -0.797223   0.000000   0.000000   0.000000   0.000000   0.030444
       26.1586 0   0.000637   0.000637   0.316464    0.061377   0.000018  -0.808810   0.000000   0.000000   0.000000   0.000000   0.025706
       25.8627 0   0.000626   0.000626   0.362862    0.051067   0.000000  -0.824631   0.000000   0.000000   0.000000   0.000000   0.027263
       26.1212 0   0.000357   0.000357   0.322583    0.052801   0.000000  -0.796455   0.000000   0.000000   0.000000   0.000000   0.026220
       25.5927 0   0.005023   0.005023   0.325371    0.054689   0.000000  -0.774554   0.000000   0.000000   0.000000   0.000000   0.023448
       26.1870 0   0.000904   0.000904   0.331521    0.035208   0.000000  -0.814472   0.000000   0.000000   0.000000   0.000000   0.029265
       25.6820 0   0.003102   0.003102   0.303245    0.042603   0.000000  -0.798609   0.000000   0.000000   0.000000   0.000000   0.028604
       26.2040 0   0.001085   0.001085   0.295663    0.049054   0.000000  -0.744840   0.000000   0.000000   0.000000   0.000000   0.028799
       25.8963 0   0.000373   0.000373   0.344413    0.039455   0.000000  -0.756357   0.000000   0.000000   0.000000   0.000000   0.031005
       25.9819 0   0.000023   0.000023   0.321253    0.060325   0.000000  -0.733442   0.000000   0.000000   0.000000   0.000000   0.025331
       26.3470 0   0.003277   0.003277   0.312530    0.041132   0.000000  -0.704308   0.000000   0.000000   0.000000  -0.008489   0.028281
       25.9122 0   0.000276   0.000276   0.315585    0.063200   0.000000  -0.695579   0.000000   0.000000   0.000000   0.000000   0.025998
       25.6739 0   0.003258   0.003258   0.366818    0.037459   0.000000  -0.707621   0.000000   0.000000   0.000000   0.000000   0.028443
       25.9879 0   0.000014   0.000014   0.332729    0.042891   0.000000  -0.734821   0.000000   0.000000   0.000000   0.000000   0.030644
       26.1833 0   0.000866   0.000866   0.342714    0.050735   0.000000  -0.674255   0.000000   0.000000  -0.000015   0.000000   0.030855
       25.8750 0   0.000526   0.000526   0.331294    0.046856   0.000000  -0.681920   0.000000   0.000000  -0.000000   0.000000   0.026911
       26.2304 0   0.001401   0.001401   0.335668    0.045107   0.000000  -0.707831   0.000000   0.000000   0.000000   0.000000   0.028993
       25.8188 0   0.001055   0.001055   0.343788    0.044883   0.000000  -0.755078   0.000000   0.000000   0.000000   0.000000   0.026515
       26.1043 0   0.000256   0.000256   0.343556    0.058202   0.000000  -0.758099   0.000000   0.000000   0.000000   0.000000   0.031518
       26.1597 0   0.000647   0.000647   0.374890    0.042431   0.000000  -0.754489   0.000000   0.000000   0.000000   0.000000   0.028955
       26.2477 0   0.001630   0.001630   0.292110    0.061440   0.000000  -0.746375   0.000000   0.000000   0.000000   0.000000   0.031084
       26.2518 0   0.001686   0.001686   0.298410    0.039448   0.001014  -0.722432   0.000000   0.000000   0.000000   0.000000   0.027260
       25.9102 0   0.000287   0.000287   0.286852    0.038203   0.000000  -0.709083   0.000000   0.000000   0.000000   0.000000   0.035788
       25.7175 0   0.002468   0.002468   0.301567    0.040245   0.000000  -0.759976   0.000000   0.000000  -0.000000   0.000000   0.028646
       26.1003 0   0.000235   0.000235   0.332717    0.066707   0.000000  -0.815754   0.000000   0.000000   0.000000   0.000000   0.026267
       25.8607 0   0.000643   0.000643   0.334409    0.050538   0.000000  -0.794656   0.000525   0.000000  -0.000869   0.000000   0.030370
       26.1263 0   0.000390   0.000390   0.344153    0.030180   0.000000  -0.768152   0.000000   0.000000   0.000000   0.000000   0.028049
       25.9578 0   0.000079   0.000079   0.304052    0.063808   0.002262  -0.760735   0.000000  -0.012775  -0.001317   0.000000   0.027387
       26.1350 0   0.000451   0.000451   0.336542    0.037595   0.000000  -0.781920   0.000000  -0.004050  -0.003600   0.000000   0.030482
       26.1753 0   0.000788   0.000788   0.332302    0.063681   0.000000  -0.794594   0.000000   0.000000   0.000000   0.000000   0.024534
       26.1405 0   0.000491   0.000491   0.347073    0.038059   0.000000  -0.773011   0.000000  -0.000000  -0.000671   0.000000   0.033845
       25.9965 0   0.000005   0.000005   0.296446    0.049143   0.000000  -0.765437   0.000000   0.000000   0.000000   0.000000   0.032347
       26.0017 0   0.000002   0.000002   0.301181    0.037762   0.000000  -0.741290   0.000000   0.000000  -0.000000   0.000000   0.029499
       25.8701 0   0.000565   0.000565   0.313672    0.056348   0.000000  -0.785107   0.000000   0.000000   0.000000   0.000000   0.025259
       26.1143 0   0.000314   0.000314   0.297562    0.032630   0.000000  -0.743954   0.000000   0.000000   0.000000   0.000000   0.028452
       26.0454 0   0.000036   0.000036   0.308484    0.047090   0.000000  -0.786802   0.000000  -0.016937  -0.015286   0.000000   0.032962
       26.2422 0   0.001555   0.001555   0.306548    0.033251   0.000000  -0.784837   0.000000  -0.011726  -0.007529   0.000000   0.027338
       25.6134 0   0.004538   0.004538   0.325118    0.042207   0.000000  -0.826887   0.000000  -0.007254  -0.005010   0.000000   0.035764
       25.9552 0   0.000087   0.000087   0.338210    0.055091   0.000000  -0.815690   0.000000  -0.018411  -0.009043   0.000000   0.031009
       26.3753 0   0.003849   0.003849   0.320620    0.049891   0.000000  -0.791532   0.000000  -0.018516  -0.006496   0.000000   0.027431
       25.9827 0   0.000022   0.000022   0.277933    0.042025   0.000000  -0.787834   0.000000  -0.018616  -0.008192   0.000000   0.029247
       25.6115 0   0.004582   0.004582   0.323308    0.060307   0.000000  -0.789557   0.000000  -0.018930  -0.009140   0.000000   0.032401
       26.1876 0   0.000910   0.000910   0.321365    0.047632   0.000000  -0.753731   0.000000  -0.015921  -0.007519   0.000000   0.026211
       26.0592 0   0.000070   0.000070   0.312369    0.035388   0.000000  -0.709819   0.005652  -0.007912  -0.005097   0.000000   0.028869
       26.1032 0   0.000251   0.000251   0.355626    0.039505   0.000000  -0.735970   0.000000   0.000000   0.000000   0.000000   0.029432
       25.8614 0   0.000637   0.000637   0.361007    0.049728   0.000000  -0.699547   0.000000   0.000000  -0.001945  -0.007130   0.031483
       26.0107 0   0.000000   0.000000   0.338737    0.052430   0.000000  -0.701889   0.000000   0.000000   0.000000   0.000000   0.031607
       26.1972 0   0.001011   0.001011   0.318491    0.054949   0.000000  -0.629773   0.000000  -0.000004  -0.000000   0.000000   0.031214
       25.9135 0   0.000269   0.000269   0.308897    0.045532   0.000000  -0.629448   0.000000   0.000000   0.000000   0.000000   0.026888
       25.7564 0   0.001856   0.001856   0.309004    0.053915   0.000000  -0.595673   0.000000   0.000000   0.000000   0.000000   0.025807
       26.0350 0   0.000018   0.000018   0.278150    0.045717   0.000000  -0.586810   0.000000   0.000000  -0.000293   0.000000   0.037059
       26.3176 0   0.002729   0.002729   0.357102    0.045858   0.000000  -0.619227   0.000000   0.000000   0.000000   0.000000   0.028488
       25.6126 0   0.004555   0.004555   0.373778    0.055292   0.000000  -0.586562   0.000000   0.000000   0.000000   0.000000   0.025646
       25.9237 0   0.000215   0.000215   0.287237    0.043276   0.000000  -0.521254   0.000000   0.000000   0.000000   0.000000   0.034346
       26.1358 0   0.000457   0.000457   0.402380    0.047136   0.000000  -0.619989   0.002910   0.000000   0.000000   0.000000   0.027667
       26.0322 0   0.000014   0.000014   0.365330    0.052922   0.000000  -0.648142   0.000000   0.000000   0.000000   0.000000   0.029276
       26.1013 0   0.000240   0.000240   0.311623    0.042898   0.000000  -0.611892   0.000000   0.000000   0.000000  -0.011816   0.028159
       26.1063 0   0.000267   0.000267   0.345984    0.051333   0.000000  -0.627562   0.000000   0.000000   0.000000   0.000000   0.028471
       26.0944 0   0.000205   0.000205   0.397448    0.064112   0.002951  -0.651154   0.000000   0.000000   0.000000   0.000000   0.027477
       25.8523 0   0.000718   0.000718   0.335766    0.050369   0.000000  -0.590964   0.000000   0.000000   0.000000   0.000000   0.031833
       25.9568 0   0.000082   0.000082   0.361636    0.066132   0.000000  -0.665362   0.000000   0.000000   0.000000   0.000000   0.027147
       26.1347 0   0.000449   0.000449   0.327314    0.052067   0.000000  -0.621642   0.002431   0.000000  -0.000000   0.000000   0.028914
       25.9169 0   0.000250   0.000250   0.285699    0.055768   0.000000  -0.632115   0.000000   0.000000   0.000000   0.000000   0.029134
       26.0011 0   0.000002   0.000002   0.299225    0.045548   0.000000  -0.621106   0.000000   0.000000   0.000000   0.000000   0.028941
       25.7120 0   0.002561   0.002561   0.352415    0.059334   0.001097  -0.730470   0.002930   0.000000   0.000000   0.000000   0.031432
       26.0325 0   0.000015   0.000015   0.331966    0.042658   0.000140  -0.676480   0.000000   0.000000   0.000000   0.000000   0.028028
       25.9434 0   0.000128   0.000128   0.361563    0.031902   0.000000  -0.701647   0.000000   0.000000   0.000000   0.000000   0.028476
       25.9524 0   0.000096   0.000096   0.366779    0.052577   0.000000  -0.721946   0.000000   0.000000  -0.000009   0.000000   0.027887
       25.8199 0   0.001042   0.001042   0.338813    0.048156   0.000000  -0.657005   0.000000   0.000000  -0.000000   0.000000   0.026620
       26.1064 0   0.000268   0.000268   0.326524    0.061271   0.000000  -0.687389   0.000000   0.000000   0.000000   0.000000   0.029628
       26.1200 0   0.000349   0.000349   0.313351    0.032766   0.000000  -0.658891   0.000000  -0.000000  -0.000875   0.000000   0.026248
       25.8861 0   0.000443   0.000443   0.377048    0.034252   0.000096  -0.684666   0.000000   0.000000   0.000000   0.000000   0.030449
       26.3636 0   0.003607   0.003607   0.368546    0.061029   0.000000  -0.675692   0.000000   0.000000   0.000000   0.000000   0.031447
       25.7242 0   0.002357   0.002357   0.400430    0.046867   0.000000  -0.673510   0.000000   0.000000   0.000000   0.000000   0.029904
       26.3245 0   0.002854   0.002854   0.328497    0.048893   0.000000  -0.635374   0.000000   0.000000   0.000000   0.000000   0.032475
       25.7693 0   0.001672   0.001672   0.402843    0.050882   0.000000  -0.710068   0.000000   0.000000   0.000000   0.000000   0.026194
       25.7668 0   0.001706   0.001706   0.352031    0.052211   0.000000  -0.680823   0.003265   0.000000   0.000000   0.000000   0.029728
       25.8065 0   0.001195   0.001195   0.378238    0.047083   0.000000  -0.716230   0.000000   0.000000   0.000000   0.000000   0.030421
       26.2604 0   0.001808   0.001808   0.308154    0.055861   0.000051  -0.713373   0.000000   0.000000   0.000000   0.000000   0.027439
       25.7645 0   0.001738   0.001738   0.335212    0.050093   0.000000  -0.734639   0.000000   0.000000   0.000000   0.000000   0.029297
       26.1499 0   0.000564   0.000564   0.335649    0.053053   0.000000  -0.826161   0.000000   0.000000   0.000000   0.000000   0.024278
       25.9990 0   0.000004   0.000004   0.377389    0.047106   0.000000  -0.885569   0.000000   0.000000   0.000000   0.000000   0.028463
       25.8039 0   0.001226   0.001226   0.316061    0.036352   0.000000  -0.850718   0.000000   0.000000   0.000000   0.000000   0.023446
       25.9528 0   0.000094   0.000094   0.283592    0.062789   0.000000  -0.864718   0.000004   0.000000   0.000000   0.000000   0.027521
       25.8705 0   0.000561   0.000561   0.302812    0.041466   0.000000  -0.806694   0.000094   0.000000   0.000000   0.000000   0.034408
       25.7794 0   0.001534   0.001534   0.343616    0.044007   0.000000  -0.760035   0.000000   0.000000   0.000000   0.000000   0.029905
       26.0290 0   0.000010   0.000010   0.330362    0.049854   0.000000  -0.774081   0.000000   0.000000   0.000000   0.000000   0.030677
       25.8570 0   0.000675   0.000675   0.305960    0.044791   0.000000  -0.752756   0.000000  -0.000001   0.000000   0.000000   0.030905
       26.1326 0   0.000433   0.000433   0.337184    0.042529   0.004286  -0.782741   0.000000   0.000000   0.000000   0.000000   0.026730
       26.1817 0   0.000850   0.000850   0.293145    0.059204   0.000000  -0.758324   0.000000   0.000000   0.000000   0.000000   0.026428
       26.4651 0   0.005974   0.005974   0.361247    0.051064   0.000000  -0.808216   0.000000   0.000000   0.000000   0.000000   0.024014
       25.9938 0   0.000008   0.000008   0.330996    0.054757   0.000000  -0.801543   0.000000   0.000000   0.000000   0.000000   0.022560
       25.6242 0   0.004294   0.004294   0.306465    0.050870   0.000000  -0.765060   0.000057   0.000000   0.000000   0.000000   0.024085
       26.1477 0   0.000547   0.000547   0.331665    0.037870   0.000000  -0.757259   0.000000   0.000000   0.000000   0.000000   0.026178
       26.2317 0   0.001417   0.001417   0.293186    0.042565   0.000000  -0.705498   0.000000   0.000000   0.000000   0.000000   0.028130
       25.8063 0   0.001197   0.001197   0.368625    0.043735   0.000000  -0.770800   0.000000   0.000000   0.000000   0.000000   0.027165
       26.0213 0   0.000004   0.000004   0.327489    0.054687   0.000000  -0.725985   0.000000   0.000000  -0.000602   0.000000   0.026104
       26.1357 0   0.000456   0.000456   0.315510    0.042943   0.001792  -0.740894   0.000000   0.000000   0.000000   0.000000   0.029424
       26.1899 0   0.000934   0.000934   0.295949    0.050375   0.000000  -0.700229   0.000000   0.000000  -0.000009   0.000000   0.029247
       25.8872 0   0.000435   0.000435   0.326201    0.046309   0.000000  -0.763436   0.000000   0.000000   0.000000   0.000000   0.027743
       25.8139 0   0.001109   0.001109   0.341769    0.050945   0.000000  -0.752863   0.000000   0.000000   0.000000   0.000000   0.027432
       26.1735 0   0.000771   0.000771   0.347088    0.046150   0.000000  -0.752778   0.000000   0.000000   0.000000   0.000000   0.031205
       26.0070 0   0.000000   0.000000   0.342673    0.049715   0.000000  -0.731806   0.000000   0.000000  -0.000215   0.000000   0.031581
       25.8900 0   0.000415   0.000415   0.367265    0.035567   0.000219  -0.801510   0.000000   0.000000  -0.000000   0.000000   0.026210
       25.6073 0   0.004678   0.004678   0.355662    0.040585   0.000000  -0.740521   0.000000   0.000000   0.000000   0.000000   0.030967
       26.0574 0   0.000065   0.000065   0.394756    0.031142   0.000000  -0.771113   0.000000   0.000000   0.000000   0.000000   0.026668
       26.0653 0   0.000088   0.000088   0.349986    0.037298   0.000000  -0.694674   0.000000   0.000000   0.000000   0.000000   0.031238
       25.9251 0   0.000208   0.000208   0.348958    0.048708   0.000000  -0.712867   0.000000   0.000000  -0.000000   0.000000   0.033157
       26.1509 0   0.000572   0.000572   0.315516    0.066935   0.000000  -0.675042   0.000000  -0.000000  -0.000266   0.000000   0.028726
       26.3231 0   0.002828   0.002828   0.300062    0.040113   0.000000  -0.647022   0.000000   0.000000   0.000000   0.000000   0.027702
       26.1481 0   0.000550   0.000550   0.365369    0.061818   0.000000  -0.746134   0.000000   0.000000  -0.000625   0.000000   0.030626
       25.9587 0   0.000076   0.000076   0.322879    0.076023   0.000000  -0.723600   0.000000   0.000000   0.000000   0.000000   0.030427
       26.2231 0   0.001310   0.001310   0.328116    0.066170   0.004013  -0.712328   0.000000   0.000000  -0.000000   0.000000   0.028895
       25.7591 0   0.001815   0.001815   0.300300    0.043653   0.000000  -0.607158   0.000000   0.000000  -0.000000   0.000000   0.028928
       26.0731 0   0.000115   0.000115   0.296846    0.044873   0.000000  -0.648464   0.000000   0.000000   0.000000   0.000000   0.031335
       26.0758 0   0.000125   0.000125   0.317752    0.051629   0.000000  -0.624846   0.000000   0.000000  -0.000319   0.000000   0.032167
       25.9293 0   0.000188   0.000188   0.325474    0.056819   0.000000  -0.641072   0.000000   0.000000   0.000000   0.000000   0.035196
       25.9883 0   0.000014   0.000014   0.330560    0.043681   0.000000  -0.669930   0.000000   0.000000   0.000000   0.000000   0.029747
       26.0815 0   0.000148   0.000148   0.329305    0.045577   0.000000  -0.716613   0.000000   0.000000   0.000000   0.000000   0.038595
       26.0326 0   0.000015   0.000015   0.321317    0.041202   0.000357  -0.678726   0.000000   0.000000   0.000000   0.000000   0.028697
       25.7804 0   0.001520   0.001520   0.332313    0.045241   0.000000  -0.680118   0.000008   0.000000   0.000000   0.000000   0.027845
       26.1624 0   0.000670   0.000670   0.316360    0.042067   0.000000  -0.608749   0.000000   0.000000   0.000000  -0.010688   0.034723
       26.1465 0   0.000537   0.000537   0.309076    0.034514   0.000000  -0.609153   0.000000   0.000000   0.000000   0.000000   0.025836
       26.1709 0   0.000747   0.000747   0.354921    0.061952   0.002278  -0.709070   0.000000   0.000000   0.000000   0.000000   0.025993
       26.0030 0   0.000001   0.000001   0.318523    0.047115   0.000000  -0.685232   0.000000   0.000000   0.000000   0.000000   0.024021
       26.0327 0   0.000015   0.000015   0.359120    0.044936   0.000000  -0.749641   0.000000   0.000000   0.000000   0.000000   0.029017
       26.1315 0   0.000426   0.000426   0.330655    0.050867   0.000000  -0.690657   0.000000   0.000000   0.000000   0.000000   0.029156
       26.2984 0   0.002399   0.002399   0.348599    0.057877   0.000000  -0.672638   0.000546   0.000000   0.000000   0.000000   0.026545
       26.0802 0   0.000142   0.000142   0.317005    0.034811   0.000000  -0.657176   0.000077   0.000000  -0.000010   0.000000   0.029885
       25.9822 0   0.000022   0.000022   0.361916    0.051618   0.000000  -0.744819   0.000000   0.000000   0.000000   0.000000   0.030469
       26.4448 0   0.005453   0.005453   0.318156    0.051154   0.000000  -0.737836   0.000000   0.000000   0.000000   0.000000   0.026453
       26.1191 0   0.000343   0.000343   0.323332    0.052764   0.000000  -0.709254   0.000000   0.000000   0.000000   0.000000   0.027892
       25.8953 0   0.000380   0.000380   0.310155    0.060895   0.000000  -0.688867   0.000000   0.000000   0.000000   0.000000   0.030733
       26.0416 0   0.000029   0.000029   0.343528    0.045229   0.000000  -0.694075   0.000000   0.000000   0.000000   0.000000   0.031321
       26.1844 0   0.000878   0.000878   0.316305    0.048160   0.000000  -0.616571   0.000000   0.000000   0.000000   0.000000   0.029074
       26.1288 0   0.000407   0.000407   0.282922    0.031212   0.000000  -0.565790   0.000000   0.000000   0.000000   0.000000   0.024598
       26.1189 0   0.000342   0.000342   0.334808    0.046375   0.000000  -0.642642   0.000000   0.000000   0.000000   0.000000   0.030262
       26.2285 0   0.001377   0.001377   0.287487    0.046537   0.000064  -0.649118   0.000000   0.000000  -0.000875   0.000000   0.029304
       26.1320 0   0.000429   0.000429   0.294628    0.053060   0.000000  -0.634598   0.000000   0.000000   0.000000   0.000000   0.028566
       25.8919 0   0.000402   0.000402   0.357411    0.049732   0.000000  -0.664923   0.000000   0.000000  -0.002479   0.000000   0.028916
       25.9672 0   0.000053   0.000053   0.386884    0.044651   0.000000  -0.654153   0.000000   0.000000   0.000000   0.000000   0.024969
       25.9706 0   0.000045   0.000045   0.363411    0.040937   0.000094  -0.664883   0.000000   0.000000   0.000000   0.000000   0.024639
       26.2270 0   0.001358   0.001358   0.296217    0.065201   0.000000  -0.587389   0.000000   0.000000  -0.000000   0.000000   0.026927
       26.2329 0   0.001433   0.001433   0.371432    0.043058   0.000000  -0.640363   0.000000   0.000000   0.000000   0.000000   0.029392
       26.1069 0   0.000271   0.000271   0.330255    0.037825   0.000000  -0.623349   0.000000   0.000000   0.000000   0.000000   0.030745
       26.0809 0   0.000145   0.000145   0.308831    0.054482   0.000034  -0.603530   0.000000   0.000000   0.000000  -0.006722   0.033187
       26.1276 0   0.000399   0.000399   0.324742    0.038411   0.000000  -0.595675   0.000000   0.000000  -0.000007   0.000000   0.031067
       25.7352 0   0.002179   0.002179   0.339956    0.051635   0.004004  -0.623417   0.000000   0.000000  -0.000001   0.000000   0.032878
       26.2144 0   0.001205   0.001205   0.335324    0.054610   0.000000  -0.631280   0.000000   0.000000   0.000000   0.000000   0.027936
       26.2083 0   0.001134   0.001134   0.331089    0.073796   0.000000  -0.663920   0.000000   0.000000   0.000000   0.000000   0.025522
       25.8885 0   0.000426   0.000426   0.282234    0.046684   0.000000  -0.585881   0.000000   0.000000   0.000000   0.000000   0.024613
       25.8930 0   0.000395   0.000395   0.292241    0.050721   0.000000  -0.680284   0.000000   0.000000  -0.000000   0.000000   0.033575
       26.0769 0   0.000129   0.000129   0.373799    0.046680   0.000000  -0.700491   0.000000   0.000000   0.000000   0.000000   0.025840
       26.1724 0   0.000761   0.000761   0.383061    0.048968   0.000000  -0.687305   0.000000   0.000000   0.000000   0.000000   0.026823
       26.1675 0   0.000716   0.000716   0.330701    0.042803   0.000000  -0.676086   0.000000   0.000000   0.000000   0.000000   0.030701
       26.0013 0   0.000002   0.000002   0.339923    0.048157   0.000000  -0.633007   0.000000   0.000000   0.000000   0.000000   0.028263
       25.9632 0   0.000063   0.000063   0.382553    0.041031   0.000000  -0.652562   0.000788   0.000000   0.000000   0.000000   0.028573
       25.8509 0   0.000730   0.000730   0.327021    0.053157   0.000000  -0.650871   0.000000   0.000000  -0.002566   0.000000   0.028512
       25.8921 0   0.000401   0.000401   0.351441    0.047355   0.000000  -0.685316   0.000004   0.000000   0.000000   0.000000   0.029685
       26.0893 0   0.000181   0.000181   0.329776    0.041748   0.000000  -0.644531   0.000000   0.000000   0.000000   0.000000   0.031843
       25.7206 0   0.002416   0.002416   0.351178    0.037869   0.000000  -0.726977   0.000000   0.000000   0.000000   0.000000   0.031053
       26.1482 0   0.000551   0.000551   0.315189    0.035348   0.002790  -0.722434   0.000000   0.000000   0.000000   0.000000   0.025440
       26.0218 0   0.000004   0.000004   0.313994    0.041572   0.000000  -0.711730   0.000000   0.000000   0.000000   0.000000   0.027667
       25.9964 0   0.000005   0.000005   0.306067    0.047734   0.000000  -0.680720   0.000000   0.000000   0.000000   0.000000   0.026930
       26.0921 0   0.000195   0.000195   0.364998    0.059482   0.000000  -0.734825   0.000000   0.000000   0.000000   0.000000   0.026212
       26.0342 0   0.000017   0.000017   0.311230    0.048672   0.000000  -0.644544   0.000000   0.000000  -0.000509   0.000000   0.026342
       25.8397 0   0.000837   0.000837   0.347104    0.049793   0.000000  -0.647101   0.000000   0.000000  -0.000802   0.000000   0.031064
       26.4168 0   0.004775   0.004775   0.278331    0.076928   0.000000  -0.588162   0.000000   0.000000   0.000000   0.000000   0.034485
       25.9424 0   0.000132   0.000132   0.315773    0.072382   0.003298  -0.635512   0.000000   0.000000   0.000000   0.000000   0.028206
       25.7847 0   0.001465   0.001465   0.313669    0.057345   0.000000  -0.670875   0.000000   0.000000  -0.000321   0.000000   0.031265
       26.0804 0   0.000143   0.000143   0.336427    0.043179   0.000000  -0.667124   0.000000   0.000000  -0.000457   0.000000   0.025820
       26.0473 0   0.000040   0.000040   0.331191    0.072120   0.000000  -0.691805   0.000000   0.000000   0.000000   0.000000   0.028644
       26.2651 0   0.001877   0.001877   0.318191    0.042539   0.000000  -0.652007   0.000000   0.000000  -0.000000   0.000000   0.025251
       25.9289 0   0.000190   0.000190   0.332843    0.047134   0.000000  -0.665185   0.000000   0.000000   0.000000   0.000000   0.035151
       25.8916 0   0.000405   0.000405   0.300334    0.040436   0.000000  -0.648672   0.000000   0.000000   0.000000   0.000000   0.027344
       25.9402 0   0.000140   0.000140   0.357142    0.037629   0.005758  -0.609065   0.003458   0.000000   0.000000   0.000000   0.028968
       25.8531 0   0.000710   0.000710   0.293252    0.059473   0.001340  -0.568070   0.000000   0.000000   0.000000   0.000000   0.026616
       25.9028 0   0.000332   0.000332   0.368308    0.050418   0.004059  -0.636951   0.000000   0.000000   0.000000   0.000000   0.025227
       26.3560 0   0.003453   0.003453   0.355897    0.046847   0.000000  -0.629518   0.000000   0.000000   0.000000   0.000000   0.028519
       25.9277 0   0.000195   0.000195   0.335297    0.040618   0.000000  -0.569141   0.000000   0.000000   0.000000   0.000000   0.028372
       25.9785 0   0.000029   0.000029   0.310967    0.049049   0.000000  -0.546969   0.000000   0.000000   0.000000   0.000000   0.028540
       26.2607 0   0.001812   0.001812   0.377573    0.040769   0.000000  -0.564830   0.000000   0.000000   0.000000   0.000000   0.027990
       26.0057 0   0.000001   0.000001   0.367662    0.046308   0.000000  -0.562816   0.000000   0.000000   0.000000   0.000000   0.029189
       26.0650 0   0.000087   0.000087   0.333754    0.059410   0.000022  -0.561656   0.000000   0.000000  -0.000000   0.000000   0.026646
       26.0248 0   0.000006   0.000006   0.362325    0.054793   0.000000  -0.566247   0.005884   0.000000  -0.000003   0.000000   0.030276
       26.0544 0   0.000057   0.000057   0.310247    0.041919   0.000000  -0.494369   0.000000   0.000000   0.000000   0.000000   0.038317
       25.9951 0   0.000006   0.000006   0.330641    0.051173   0.000000  -0.530768   0.000000   0.000000   0.000000   0.000000   0.030862
       25.9692 0   0.000048   0.000048   0.289332    0.041351   0.000000  -0.495666   0.000000   0.000000   0.000000   0.000000   0.032053
       25.9903 0   0.000011   0.000011   0.369534    0.045942   0.000000  -0.561461   0.002562   0.000000   0.000000   0.000000   0.028728
       26.2314 0   0.001413   0.001413   0.345001    0.044382   0.000000  -0.523429   0.000000   0.000000  -0.000038   0.000000   0.030879
       26.1610 0   0.000658   0.000658   0.338212    0.050108   0.000000  -0.535111   0.000000   0.000000   0.000000   0.000000   0.027835
       26.0016 0   0.000002   0.000002   0.346316    0.060224   0.000000  -0.525449   0.000000   0.000000   0.000000   0.000000   0.034671
       26.3382 0   0.003108   0.003108   0.290096    0.054270   0.000000  -0.512736   0.000000   0.000000   0.000000   0.000000   0.029628
       26.1126 0   0.000303   0.000303   0.356926    0.056369   0.000000  -0.560030   0.000000   0.000000   0.000000   0.000000   0.028271
       26.0692 0   0.000101   0.000101   0.328788    0.045154   0.000000  -0.560020   0.000000   0.000000   0.000000   0.000000   0.030708
       25.6399 0   0.003952   0.003952   0.337656    0.059984   0.000000  -0.552418   0.000000   0.000000   0.000000   0.000000   0.027246
       26.2176 0   0.001244   0.001244   0.358945    0.070470   0.000000  -0.563093   0.000000   0.000000  -0.000184   0.000000   0.029870
       26.2536 0   0.001711   0.001711   0.384414    0.041835   0.000000  -0.556732   0.000000   0.000000   0.000000   0.000000   0.032139
       26.0596 0   0.000071   0.000071   0.377025    0.056887   0.000000  -0.591433   0.000000   0.000000   0.000000   0.000000   0.027177
       26.3290 0   0.002935   0.002935   0.302964    0.067523   0.000000  -0.615727   0.000000   0.000000   0.000000   0.000000   0.031507
       26.0217 0   0.000004   0.000004   0.331437    0.038357   0.000000  -0.593278   0.000000   0.000000   0.000000   0.000000   0.026329
       25.9357 0   0.000159   0.000159   0.281177    0.040832   0.000147  -0.589450   0.000000   0.000000   0.000000   0.000000   0.034403
       26.0867 0   0.000170   0.000170   0.320936    0.039341   0.000000  -0.656984   0.000000   0.000000  -0.001850   0.000000   0.030803
       26.1086 0   0.000280   0.000280   0.279253    0.059962   0.000000  -0.709220   0.000000   0.000000   0.000000   0.000000   0.030929
       26.2382 0   0.001503   0.001503   0.318491    0.039635   0.000000  -0.719992   0.000000   0.000000   0.000000   0.000000   0.028639
       25.7969 0   0.001310   0.001310   0.300162    0.047569   0.000000  -0.734265   0.000000   0.000000  -0.000000   0.000000   0.030460
       26.0850 0   0.000162   0.000162   0.322543    0.050680   0.000000  -0.768247   0.000000   0.000000   0.000000   0.000000   0.028680
       26.2919 0   0.002293   0.002293   0.334435    0.047205   0.000000  -0.746308   0.000000   0.000000   0.000000   0.000000   0.024787
       26.1917 0   0.000952   0.000952   0.341475    0.059836   0.000000  -0.729160   0.000000   0.000000   0.000000   0.000000   0.030611
       25.6932 0   0.002895   0.002895   0.308864    0.044960   0.000000  -0.698202   0.000000   0.000000   0.000000   0.000000   0.026084
       25.9276 0   0.000196   0.000196   0.321481    0.060316   0.000000  -0.691965   0.000000   0.000000  -0.002763   0.000000   0.031117
       26.1647 0   0.000690   0.000690   0.354599    0.046741   0.000000  -0.712160   0.000000   0.000000   0.000000   0.000000   0.029216
       26.3042 0   0.002497   0.002497   0.368971    0.050494   0.000000  -0.677938   0.000000   0.000000  -0.000001   0.000000   0.026954
       26.0859 0   0.000166   0.000166   0.337523    0.064905   0.000000  -0.663447   0.000000   0.000000  -0.000000   0.000000   0.031159
       25.8843 0   0.000456   0.000456   0.310768    0.060111   0.000000  -0.630869   0.000000   0.000000   0.000000   0.000000   0.031086
       26.3687 0   0.003711   0.003711   0.293511    0.063047   0.000000  -0.692091   0.000000   0.000000   0.000000   0.000000   0.031224
       25.6400 0   0.003948   0.003948   0.318128    0.034867   0.000433  -0.655872   0.000000   0.000000   0.000000   0.000000   0.027740
       25.8040 0   0.001224   0.001224   0.361210    0.050454   0.000000  -0.744886   0.000000   0.000000   0.000000   0.000000   0.033284
       26.3978 0   0.004338   0.004338   0.350715    0.052563   0.000000  -0.812947   0.000000   0.000000   0.000000   0.000000   0.025071
       25.9794 0   0.000027   0.000027   0.337675    0.056902   0.000016  -0.746286   0.000000   0.000000   0.000000   0.000000   0.033338
       25.8908 0   0.000410   0.000410   0.334428    0.033825   0.000000  -0.697988   0.000000   0.000000  -0.000191   0.000000   0.027214
       26.3369 0   0.003084   0.003084   0.314841    0.040547   0.000000  -0.736826   0.000000   0.000000   0.000000   0.000000   0.026187
       25.9672 0   0.000053   0.000053   0.284748    0.058379   0.000000  -0.718887   0.000000   0.000000   0.000000   0.000000   0.027670
       26.2980 0   0.002392   0.002392   0.348384    0.026093   0.000000  -0.751040   0.000000   0.000000   0.000000   0.000000   0.031065
       26.1186 0   0.000340   0.000340   0.328278    0.044501   0.000000  -0.730853   0.000000   0.000000   0.000000   0.000000   0.028209
       25.9978 0   0.000004   0.000004   0.345805    0.039896   0.000000  -0.725074   0.000000   0.000000   0.000000   0.000000   0.026159
       26.0483 0   0.000042   0.000042   0.301725    0.054428   0.000000  -0.743574   0.000000   0.000000   0.000000   0.000000   0.031868
       26.0696 0   0.000102   0.000102   0.345488    0.051501   0.000000  -0.758090   0.000000   0.000000   0.000000   0.000000   0.026474
       25.8508 0   0.000731   0.000731   0.326639    0.037731   0.000000  -0.737704   0.000000   0.000000   0.000000   0.000000   0.028655
       26.2159 0   0.001223   0.001223   0.325993    0.072887   0.000000  -0.748586   0.000000   0.000000   0.000000   0.000000   0.028947
       26.0919 0   0.000194   0.000194   0.352678    0.039535   0.000000  -0.714504   0.000000   0.000000  -0.000143   0.000000   0.031234
       25.6169 0   0.004458   0.004458   0.364974    0.049065   0.000000  -0.738912   0.000000   0.000000   0.000000   0.000000   0.029637
       26.1780 0   0.000814   0.000814   0.323450    0.057406   0.000000  -0.738390   0.000000   0.000000   0.000000   0.000000   0.028942
       25.8070 0   0.001188   0.001188   0.306570    0.044873   0.000000  -0.626682   0.000000   0.000000   0.000000   0.000000   0.027607
       25.9447 0   0.000123   0.000123   0.331909    0.039305   0.000000  -0.699710   0.000000   0.000000  -0.000000   0.000000   0.027781
       26.2603 0   0.001807   0.001807   0.319972    0.045693   0.000000  -0.733948   0.001818   0.000000   0.000000   0.000000   0.025675
       26.0462 0   0.000038   0.000038   0.317774    0.052270   0.000000  -0.723106   0.000000   0.000000  -0.000153   0.000000   0.029035
       25.7390 0   0.002119   0.002119   0.309174    0.049324   0.000459  -0.703888   0.000000   0.000000   0.000000   0.000000   0.027292
       25.9427 0   0.000130   0.000130   0.342290    0.048698   0.006662  -0.696170   0.000000   0.000000   0.000000   0.000000   0.028493
       26.2069 0   0.001118   0.001118   0.353594    0.062871   0.000000  -0.761800   0.000000   0.000000   0.000000   0.000000   0.028427
       25.6338 0   0.004083   0.004083   0.360463    0.038741   0.003746  -0.743684   0.000000   0.000000   0.000000   0.000000   0.023350
       25.8623 0   0.000630   0.000630   0.353882    0.056963   0.000000  -0.720439   0.000000   0.000000   0.000000   0.000000   0.027778
       25.8545 0   0.000697   0.000697   0.370078    0.038618   0.000000  -0.708777   0.000000   0.000000   0.000000   0.000000   0.028827
       26.0296 0   0.000011   0.000011   0.359568    0.050406   0.000000  -0.683710   0.000000   0.000000   0.000000   0.000000   0.032954
       25.8901 0   0.000415   0.000415   0.298303    0.044781   0.000000  -0.693494   0.000000   0.000000   0.000000   0.000000   0.022663
       26.2955 0   0.002351   0.002351   0.322680    0.059656   0.000000  -0.684933   0.000000   0.000000   0.000000   0.000000   0.028562
       25.9223 0   0.000222   0.000222   0.372644    0.071571   0.000000  -0.707673   0.000000   0.000000   0.000000   0.000000   0.031256
       25.9870 0   0.000015   0.000015   0.378937    0.059918   0.000000  -0.691745   0.000000   0.000000   0.000000   0.000000   0.031177
       26.1707 0   0.000745   0.000745   0.298078    0.073532   0.000816  -0.656515   0.000000   0.000000   0.000000   0.000000   0.028998
       25.7548 0   0.001878   0.001878   0.352498    0.050529   0.000000  -0.675617   0.000000   0.000000   0.000000   0.000000   0.028186
       26.0372 0   0.000021   0.000021   0.345212    0.051303   0.000000  -0.661197   0.000000   0.000000  -0.000000   0.000000   0.031129
       25.8642 0   0.000613   0.000613   0.347052    0.047374   0.000000  -0.680399   0.000000   0.000000   0.000000   0.000000   0.028627
       25.7319 0   0.002230   0.002230   0.362473    0.055508   0.000000  -0.691974   0.000000  -0.000000  -0.001239   0.000000   0.028098
       25.9551 0   0.000087   0.000087   0.319698    0.041245   0.000000  -0.652933   0.000000  -0.012436  -0.005621   0.000000   0.029627
       26.2480 0   0.001634   0.001634   0.304674    0.040599   0.000000  -0.655285   0.000000   0.000000  -0.000000   0.000000   0.028011
       25.7886 0   0.001414   0.001414   0.318587    0.060166   0.000000  -0.663426   0.000000   0.000000   0.000000   0.000000   0.029368
       25.6414 0   0.003919   0.003919   0.325386    0.055384   0.000000  -0.675878   0.000000   0.000000   0.000000   0.000000   0.032817
       26.2543 0   0.001721   0.001721   0.321302    0.056035   0.000000  -0.705931   0.000000   0.000000   0.000000   0.000000   0.030469
       25.8279 0   0.000957   0.000957   0.299148    0.055200   0.000000  -0.685924   0.000000   0.000000   0.000000   0.000000   0.030526
       25.8181 0   0.001062   0.001062   0.317348    0.048891   0.000000  -0.644589   0.000000   0.000000   0.000000   0.000000   0.033141
       25.9994 0   0.000003   0.000003   0.331227    0.049728   0.000000  -0.660080   0.000000   0.000000  -0.000693   0.000000   0.029497
       26.1042 0   0.000256   0.000256   0.335920    0.036709   0.000000  -0.672130   0.000000   0.000000   0.000000   0.000000   0.022798
       25.9834 0   0.000020   0.000020   0.371617    0.037927   0.000000  -0.730511   0.000000   0.000000   0.000000   0.000000   0.028823
       25.9314 0   0.000178   0.000178   0.344795    0.054113   0.000000  -0.721625   0.000000   0.000000   0.000000   0.000000   0.038289
       26.3137 0   0.002661   0.002661   0.347394    0.037257   0.000000  -0.697161   0.000000   0.000000   0.000000   0.000000   0.021889
       25.8946 0   0.000384   0.000384   0.340247    0.037794   0.000155  -0.719367   0.000000   0.000000   0.000000   0.000000   0.027768
       26.0355 0   0.000019   0.000019   0.334163    0.031409   0.000000  -0.743559   0.000000   0.000000   0.000000   0.000000   0.025125
       26.0843 0   0.000159   0.000159   0.323943    0.043845   0.000000  -0.720719   0.000000   0.000000  -0.000000   0.000000   0.027310
       25.7171 0   0.002475   0.002475   0.313748    0.036767   0.000000  -0.690851   0.000000   0.000000   0.000000   0.000000   0.032314
       26.0808 0   0.000145   0.000145   0.320409    0.055954   0.000000  -0.672142   0.000000   0.000000   0.000000   0.000000   0.033738
       25.9047 0   0.000320   0.000320   0.358266    0.063634   0.000000  -0.723156   0.000000   0.000000   0.000000   0.000000   0.031722
       25.9984 0   0.000004   0.000004   0.363360    0.046278   0.000000  -0.721585   0.000000   0.000000   0.000000   0.000000   0.028360
       25.9748 0   0.000036   0.000036   0.303286    0.043023   0.000000  -0.709682   0.000000   0.000000   0.000000   0.000000   0.026947
       25.7399 0   0.002104   0.002104   0.343136    0.032064   0.000000  -0.711039   0.000000   0.000000   0.000000   0.000000   0.027880
       25.9152 0   0.000259   0.000259   0.355246    0.050572   0.000000  -0.730239   0.000000   0.000000   0.000000   0.000000   0.029178
       26.0428 0   0.000031   0.000031   0.283080    0.041844   0.000000  -0.635911   0.000000   0.000000   0.000000   0.000000   0.030285
       26.0228 0   0.000005   0.000005   0.312668    0.035031   0.000000  -0.624839   0.000000   0.000000  -0.002102   0.000000   0.030299
       25.8545 0   0.000697   0.000697   0.357573    0.061557   0.000000  -0.652945   0.001067   0.000000   0.000000  -0.000000   0.031223
       26.1267 0   0.000393   0.000393   0.334324    0.060357   0.000000  -0.603642   0.000000   0.000000  -0.000002   0.000000   0.031990
       25.9222 0   0.000222   0.000222   0.386543    0.057735   0.000000  -0.635788   0.000000   0.000000   0.000000   0.000000   0.031235
       25.8558 0   0.000686   0.000686   0.305239    0.064510   0.000000  -0.578617   0.000000   0.000000   0.000000   0.000000   0.027142
       26.1169 0   0.000330   0.000330   0.343237    0.045662   0.000000  -0.572157   0.000000   0.000000   0.000000   0.000000   0.028284
       25.5595 0   0.005855   0.005855   0.322043    0.060740   0.000000  -0.564997   0.000000   0.000000   0.000000   0.000000   0.032911
       26.1253 0   0.000384   0.000384   0.346149    0.055223   0.000000  -0.590431   0.000000   0.000000   0.000000   0.000000   0.027069
       26.0572 0   0.000064   0.000064   0.310365    0.059469   0.000000  -0.586906   0.000000   0.000000   0.000000   0.000000   0.028047
       25.8769 0   0.000511   0.000511   0.335339    0.060030   0.000000  -0.606006   0.000962   0.000000   0.000000   0.000000   0.029367
       26.1198 0   0.000348   0.000348   0.375876    0.050481   0.000000  -0.648201   0.000000   0.000000  -0.001030   0.000000   0.030145
       26.0562 0   0.000062   0.000062   0.356187    0.065312   0.000000  -0.647124   0.000000   0.000000   0.000000   0.000000   0.028036
