       10.4590 7   0.001817   0.001817   0.324193    0.052870   0.000000  -0.730066   0.000000  -0.092900  -0.028721   0.000000   0.028326
       10.2513 6   0.006070   0.006070   0.313520    0.038732   0.000000  -0.721775   0.000000  -0.057170  -0.022852   0.000000   0.028111
       10.6165 7   0.000252   0.000252   0.326839    0.070260   0.000742  -0.713592   0.000000  -0.075844  -0.024928   0.000000   0.028244
       10.0860 6   0.011231   0.011231   0.380694    0.049178   0.000000  -0.739944   0.000000  -0.079410  -0.025032   0.000000   0.030059
       10.4841 7   0.001471   0.001471   0.341102    0.048411   0.000000  -0.716158   0.000000  -0.078343  -0.023891   0.000000   0.027748
       10.2571 7   0.005916   0.005916   0.312918    0.067560   0.000000  -0.665350   0.000000  -0.085682  -0.031800   0.000000   0.027507
       10.4186 7   0.002450   0.002450   0.299157    0.041704   0.000467  -0.681765   0.000000  -0.088541  -0.025068   0.000000   0.026532
       10.2715 6   0.005547   0.005547   0.284107    0.054811   0.000571  -0.681691   0.000000  -0.078392  -0.020830   0.000000   0.028756
       10.4981 4   0.001295   0.001295   0.325025    0.042650   0.000000  -0.675901   0.000000  -0.045671  -0.022284   0.000000   0.028660
       10.4450 5   0.002026   0.002026   0.346105    0.040301   0.000000  -0.659543   0.000000  -0.063629  -0.022863   0.000000   0.028464
       10.5382 4   0.000852   0.000852   0.334126    0.072628   0.000000  -0.657655   0.000000  -0.055395  -0.019007   0.000000   0.029118
       10.3894 5   0.002964   0.002964   0.301464    0.048602   0.000000  -0.624498   0.000000  -0.047633  -0.015808   0.000000   0.029402
       10.6360 5   0.000158   0.000158   0.284218    0.062184   0.000000  -0.639843   0.000000  -0.058110  -0.017794   0.000000   0.026628
       10.6531 4   0.000093   0.000093   0.337864    0.053379   0.000000  -0.677946   0.000000  -0.045368  -0.016138   0.000000   0.027823
       10.6460 5   0.000118   0.000118   0.310529    0.058243   0.000000  -0.651353   0.000000  -0.038088  -0.011714   0.000000   0.028223
       10.5615 4   0.000636   0.000636   0.321162    0.045449   0.000000  -0.677405   0.000000  -0.055531  -0.017778   0.000000   0.028217
       10.5543 5   0.000700   0.000700   0.347097    0.072214   0.000000  -0.736419   0.000000  -0.064764  -0.021292   0.000000   0.030017
       10.1275 5   0.009787   0.009787   0.324773    0.058207   0.000000  -0.710432   0.000000  -0.065698  -0.022471   0.000000   0.027716
       10.8476 3   0.000546   0.000546   0.284343    0.040097   0.000000  -0.684339   0.000000  -0.025312  -0.006339  -0.004268   0.025831
       10.3741 2   0.003255   0.003255   0.288657    0.062023   0.000000  -0.643120   0.000000  -0.020875  -0.010644   0.000000   0.029472
       10.8007 0   0.000237   0.000237   0.307447    0.063430   0.000000  -0.671464   0.000000   0.000000   0.000000   0.000000   0.026065
       10.6980 0   0.000004   0.000004   0.356240    0.065304   0.000000  -0.710472   0.000000   0.000000  -0.000362   0.000000   0.026838
       10.8889 0   0.000923   0.000923   0.359621    0.038562   0.000000  -0.717793   0.000000   0.000000   0.000000   0.000000   0.032207
       10.6950 0   0.000007   0.000007   0.352298    0.062627   0.000000  -0.703794   0.000000   0.000000   0.000000   0.000000   0.027727
       10.5825 0   0.000469   0.000469   0.346934    0.050500   0.000000  -0.624982   0.000000   0.000000   0.000000  -0.006111   0.026568
       10.6946 0   0.000007   0.000007   0.375279    0.046614   0.000000  -0.643505   0.000000   0.000000   0.000000   0.000000   0.027925
       11.2571 0   0.008635   0.008635   0.299660    0.054645   0.000000  -0.606529   0.000000   0.000000   0.000000   0.000000   0.028076
       10.6276 0   0.000196   0.000196   0.327540    0.051113   0.000000  -0.588098   0.000000   0.000000   0.000000   0.000000   0.030465
       10.5581 0   0.000665   0.000665   0.365016    0.045887   0.000000  -0.608236   0.000000   0.000000   0.000000   0.000000   0.025046
       10.7271 0   0.000008   0.000008   0.343068    0.039509   0.000000  -0.610311   0.000000   0.000000   0.000000   0.000000   0.034553
       10.6368 0   0.000154   0.000154   0.332186    0.040135   0.001851  -0.599645   0.000000   0.000000   0.000000   0.000000   0.027480
       10.7410 0   0.000028   0.000028   0.327314    0.038463   0.000000  -0.628364   0.000000   0.000000   0.000000   0.000000   0.027147
       10.8507 0   0.000571   0.000571   0.330306    0.032416   0.000000  -0.646000   0.000000   0.000000   0.000000   0.000000   0.027166
       10.5178 0   0.001065   0.001065   0.311287    0.052163   0.000000  -0.672346   0.001625   0.000000   0.000000   0.000000   0.030762
       10.8470 0   0.000542   0.000542   0.345761    0.061665   0.000085  -0.701969   0.000000   0.000000   0.000000   0.000000   0.028790
       10.8977 0   0.001016   0.001016   0.278551    0.040247   0.000000  -0.654610   0.000000   0.000000   0.000000   0.000000   0.028662
       10.6820 0   0.000023   0.000023   0.289335    0.048093   0.000334  -0.674352   0.000000   0.000000   0.000000   0.000000   0.027320
       10.8584 0   0.000635   0.000635   0.320101    0.061496   0.000000  -0.672206   0.000000   0.000000  -0.000432   0.000000   0.032485
       10.7240 0   0.000006   0.000006   0.320143    0.034709   0.000000  -0.607919   0.000534   0.000000   0.000000   0.000000   0.034103
       10.8439 0   0.000517   0.000517   0.329593    0.062628   0.000000  -0.605863   0.000000   0.000000   0.000000   0.000000   0.028358
       10.6510 0   0.000100   0.000100   0.357881    0.050864   0.000000  -0.602082   0.000382   0.000000   0.000000   0.000000   0.033420
       10.7436 0   0.000033   0.000033   0.335632    0.025904   0.000000  -0.535247   0.000000   0.000000   0.000000   0.000000   0.035037
       10.8167 0   0.000328   0.000328   0.362460    0.044061   0.000000  -0.522049   0.000000   0.000000   0.000000   0.000000   0.029370
       10.6134 0   0.000269   0.000269   0.338731    0.043302   0.000000  -0.520352   0.000000   0.000000   0.000000   0.000000   0.028365
       10.8438 0   0.000516   0.000516   0.362000    0.031903   0.000040  -0.525017   0.000000   0.000000   0.000000   0.000000   0.035860
       10.8967 0   0.001005   0.001005   0.340825    0.037010   0.000106  -0.498602   0.000000   0.000000   0.000000   0.000000   0.027806
       10.8651 0   0.000694   0.000694   0.348064    0.044457   0.000000  -0.474192   0.000057   0.000000   0.000000  -0.000033   0.029248
       10.8270 0   0.000395   0.000395   0.288753    0.063644   0.000000  -0.462552   0.000000   0.000000   0.000000   0.000000   0.030267
       10.4281 0   0.002293   0.002293   0.345749    0.047667   0.000000  -0.483568   0.000000   0.000000  -0.000011   0.000000   0.035574
       10.8192 0   0.000344   0.000344   0.321113    0.051730   0.000000  -0.506897   0.000000   0.000000   0.000000   0.000000   0.022853
       10.7859 0   0.000166   0.000166   0.336833    0.056338   0.000000  -0.535110   0.000000   0.000000  -0.000179   0.000000   0.025739
       10.4172 0   0.002474   0.002474   0.312670    0.041501   0.000000  -0.530693   0.000000   0.000000  -0.000078   0.000000   0.025745
       10.8304 0   0.000418   0.000418   0.310741    0.046523   0.000000  -0.545041   0.000000   0.000000   0.000000   0.000000   0.029504
       10.8122 0   0.000301   0.000301   0.352665    0.046969   0.000000  -0.527846   0.000000   0.000000   0.000000   0.000000   0.030665
       10.8780 0   0.000815   0.000815   0.361743    0.058107   0.000000  -0.532960   0.000000   0.000000   0.000000   0.000000   0.031099
       11.0562 0   0.003456   0.003456   0.356888    0.048201   0.000000  -0.507962   0.000000   0.000000   0.000000   0.000000   0.032918
       10.8277 0   0.000400   0.000400   0.364222    0.063582   0.000000  -0.552213   0.000000   0.000000   0.000000   0.000000   0.027874
       10.5335 0   0.000899   0.000899   0.352321    0.064316   0.000000  -0.576640   0.000000   0.000000   0.000000   0.000000   0.031482
       10.7783 0   0.000135   0.000135   0.326562    0.065596   0.000000  -0.585775   0.000000   0.000000   0.000000   0.000000   0.023154
       10.5822 0   0.000471   0.000471   0.355398    0.072289   0.000000  -0.637127   0.000000   0.000000   0.000000   0.000000   0.028044
       10.8398 0   0.000486   0.000486   0.313606    0.040553   0.000000  -0.541105   0.000000   0.000000   0.000000   0.000000   0.027792
       10.8595 0   0.000645   0.000645   0.326860    0.056984   0.000000  -0.569120   0.000000  -0.000000   0.000000   0.000000   0.029685
       10.5743 0   0.000531   0.000531   0.312343    0.041739   0.000000  -0.561413   0.000000   0.000000   0.000000   0.000000   0.029717
       11.0009 0   0.002441   0.002441   0.344543    0.051138   0.000000  -0.627598   0.000000   0.000000   0.000000   0.000000   0.026649
       10.6847 0   0.000018   0.000018   0.354680    0.063471   0.000000  -0.601067   0.000000   0.000000   0.000000   0.000000   0.027687
       10.6852 0   0.000018   0.000018   0.339795    0.057631   0.000000  -0.570203   0.000000   0.000000   0.000000   0.000000   0.027112
       11.0139 0   0.002664   0.002664   0.338373    0.032555   0.000000  -0.576094   0.000000   0.000000   0.000000   0.000000   0.041436
       10.6067 0   0.000308   0.000308   0.367644    0.042042   0.000000  -0.649331   0.000000   0.000000  -0.000002   0.000000   0.026941
       10.5159 0   0.001086   0.001086   0.313815    0.043212   0.000000  -0.579988   0.000000   0.000000   0.000000   0.000000   0.027606
       10.8353 0   0.000453   0.000453   0.296460    0.039053   0.000000  -0.570779   0.000000   0.000000   0.000000   0.000000   0.032925
       10.6869 0   0.000015   0.000015   0.308659    0.066143   0.000000  -0.629736   0.000000   0.000000   0.000000   0.000000   0.027191
       10.8228 0   0.000367   0.000367   0.266036    0.039450   0.000000  -0.616884   0.000000   0.000000  -0.000000   0.000000   0.027784
       10.4959 0   0.001322   0.001322   0.316515    0.050214   0.000000  -0.641873   0.000000   0.000000   0.000000   0.000000   0.025862
       10.7086 0   0.000000   0.000000   0.302880    0.028915   0.000000  -0.611844   0.000000   0.000000   0.000000   0.000000   0.027019
       11.1738 0   0.006206   0.006206   0.271184    0.042442   0.000000  -0.593085   0.000000   0.000000   0.000000   0.000000   0.027967
       10.6408 0   0.000138   0.000138   0.385393    0.035601   0.000000  -0.689178   0.000000   0.000000  -0.000005   0.000000   0.032042
       10.8798 0   0.000832   0.000832   0.348686    0.044293   0.000000  -0.646317   0.000000   0.000000   0.000000   0.000000   0.025913
       10.4369 0   0.002152   0.002152   0.327769    0.055704   0.000000  -0.659060   0.000000   0.000000   0.000000   0.000000   0.030371
       10.5543 0   0.000699   0.000699   0.295906    0.051417   0.000000  -0.688364   0.000000   0.000000   0.000000   0.000000   0.032676
       10.6886 0   0.000013   0.000013   0.329838    0.042999   0.000046  -0.730604   0.000000   0.000000   0.000000  -0.001225   0.027576
       10.3895 0   0.002963   0.002963   0.360765    0.047065   0.000000  -0.769917   0.000000   0.000000   0.000000   0.000000   0.029490
       10.6813 0   0.000024   0.000024   0.352003    0.041780   0.000000  -0.707022   0.000000   0.000000   0.000000   0.000000   0.025429
       10.8988 0   0.001028   0.001028   0.311580    0.047577   0.000000  -0.647977   0.000000   0.000000   0.000000   0.000000   0.025465
       10.5274 0   0.000962   0.000962   0.329496    0.058858   0.000000  -0.673950   0.000245   0.000000  -0.000006   0.000000   0.038001
       10.7192 0   0.000002   0.000002   0.355210    0.040650   0.000000  -0.666891   0.000000   0.000000  -0.000000   0.000000   0.029205
       10.8958 0   0.000996   0.000996   0.356474    0.040762   0.000000  -0.634263   0.000000   0.000000   0.000000   0.000000   0.026687
       10.7936 0   0.000201   0.000201   0.320523    0.054642   0.000000  -0.600833   0.000000   0.000000   0.000000   0.000000   0.027501
       10.6846 0   0.000019   0.000019   0.330181    0.066193   0.000000  -0.604051   0.000000   0.000000   0.000000   0.000000   0.029553
       10.7563 0   0.000062   0.000062   0.275624    0.054420   0.000000  -0.597600   0.000000   0.000000   0.000000   0.000000   0.030407
       10.7157 0   0.000001   0.000001   0.341974    0.048386   0.000000  -0.619996   0.000000   0.000000   0.000000   0.000000   0.031680
       10.5117 0   0.001134   0.001134   0.363430    0.038127   0.000000  -0.564197   0.000000   0.000000   0.000000   0.000000   0.037052
       10.5043 0   0.001221   0.001221   0.342332    0.044179   0.000000  -0.543639   0.000000   0.000000  -0.000955   0.000000   0.031506
       10.7294 0   0.000011   0.000011   0.363467    0.042796   0.000000  -0.615796   0.000000   0.000000   0.000000   0.000000   0.037905
       10.6384 0   0.000148   0.000148   0.321119    0.062013   0.000000  -0.548416   0.000000   0.000000   0.000000   0.000000   0.024070
       10.8147 0   0.000316   0.000316   0.359378    0.052925   0.000000  -0.587176   0.000000   0.000000   0.000000   0.000000   0.024838
       10.3751 0   0.003236   0.003236   0.352874    0.045002   0.000000  -0.530994   0.000000   0.000000   0.000000   0.000000   0.030475
       10.6604 0   0.000071   0.000071   0.316917    0.039021   0.003619  -0.491327   0.000000   0.000000   0.000000   0.000000   0.030159
       10.6541 0   0.000090   0.000090   0.310124    0.029757   0.000000  -0.490975   0.000000   0.000000   0.000000   0.000000   0.032611
       10.8076 0   0.000275   0.000275   0.352563    0.076677   0.000000  -0.498710   0.000000   0.000000   0.000000   0.000000   0.025652
       10.6723 0   0.000041   0.000041   0.302824    0.054423   0.000325  -0.481215   0.000000   0.000000   0.000000   0.000000   0.035657
       10.8095 0   0.000286   0.000286   0.331443    0.039654   0.000000  -0.504425   0.000000   0.000000   0.000000  -0.010347   0.028387
       10.7684 0   0.000098   0.000098   0.326966    0.069603   0.000000  -0.506362   0.000000   0.000000   0.000000   0.000000   0.027852
       10.7566 0   0.000063   0.000063   0.346378    0.049062   0.001588  -0.535510   0.000000   0.000000   0.000000   0.000000   0.032748
       11.0021 0   0.002461   0.002461   0.323280    0.054065   0.000000  -0.563328   0.000000  -0.000000   0.000000   0.000000   0.031585
       10.8422 0   0.000504   0.000504   0.335120    0.054252   0.000000  -0.610638   0.000000   0.000000  -0.000084   0.000000   0.030998
       10.7450 0   0.000035   0.000035   0.348061    0.055691   0.000000  -0.604235   0.000000   0.000000   0.000000   0.000000   0.028652
       10.4692 0   0.001672   0.001672   0.325778    0.061874   0.000000  -0.662689   0.000000   0.000000   0.000000   0.000000   0.028472
       10.5272 0   0.000964   0.000964   0.348873    0.052073   0.000000  -0.648983   0.000000   0.000000   0.000000   0.000000   0.027935
       11.0234 0   0.002832   0.002832   0.339167    0.066180   0.000000  -0.612814   0.000000   0.000000   0.000000   0.000000   0.026031
       10.7439 0   0.000033   0.000033   0.335714    0.058483   0.000000  -0.600230   0.000000   0.000000   0.000000   0.000000   0.028212
       10.4260 0   0.002326   0.002326   0.352425    0.065619   0.000000  -0.622801   0.000000   0.000000   0.000000   0.000000   0.030598
       10.5492 0   0.000746   0.000746   0.308006    0.059284   0.000000  -0.627180   0.000134   0.000000   0.000000   0.000000   0.029897
       10.7712 0   0.000108   0.000108   0.336771    0.055597   0.000000  -0.664826   0.000000   0.000000   0.000000   0.000000   0.024630
       11.0377 0   0.003098   0.003098   0.398644    0.033045   0.000000  -0.683677   0.000000   0.000000   0.000000  -0.000000   0.024902
       10.7775 0   0.000131   0.000131   0.383963    0.049209   0.000252  -0.654828   0.000000   0.000000   0.000000   0.000000   0.028577
       10.6061 0   0.000311   0.000311   0.331383    0.046512   0.000000  -0.623530   0.000000   0.000000   0.000000   0.000000   0.027760
       10.7577 0   0.000066   0.000066   0.345545    0.035349   0.000000  -0.598213   0.000000   0.000000   0.000000   0.000000   0.029892
       11.0819 0   0.003990   0.003990   0.386832    0.055061   0.000025  -0.603317   0.000000   0.000000   0.000000   0.000000   0.027892
       10.4043 0   0.002695   0.002695   0.356019    0.036009   0.000000  -0.596883   0.000000   0.000000   0.000000   0.000000   0.026399
       10.8596 0   0.000646   0.000646   0.352189    0.059028   0.000000  -0.633626   0.000000   0.000000   0.000000   0.000000   0.026333
       11.2166 0   0.007403   0.007403   0.319098    0.049809   0.000000  -0.573809   0.000000   0.000000   0.000000   0.000000   0.026313
       10.5193 0   0.001049   0.001049   0.315568    0.031442   0.000000  -0.540904   0.000000   0.000000  -0.001603   0.000000   0.034464
       10.4244 0   0.002353   0.002353   0.314090    0.037173   0.001290  -0.470790   0.000000   0.000000   0.000000   0.000000   0.031123
       10.8312 0   0.000423   0.000423   0.335620    0.049330   0.000168  -0.476396   0.000000   0.000000   0.000000   0.000000   0.025917
       10.7254 0   0.000007   0.000007   0.346900    0.051964   0.000000  -0.533829   0.000000   0.000000   0.000000   0.000000   0.028834
       10.7526 0   0.000052   0.000052   0.321733    0.040020   0.000000  -0.553600   0.000000   0.000000   0.000000   0.000000   0.030652
       10.7150 0   0.000001   0.000001   0.339090    0.059407   0.000000  -0.547017   0.000000   0.000000   0.000000   0.000000   0.028875
       10.6287 0   0.000191   0.000191   0.329557    0.036035   0.000000  -0.525541   0.000000   0.000000   0.000000   0.000000   0.030271
       10.7259 0   0.000007   0.000007   0.347349    0.034226   0.000000  -0.510438   0.001306   0.000000   0.000000   0.000000   0.035467
       10.7479 0   0.000042   0.000042   0.339283    0.068083   0.000000  -0.545971   0.000000   0.000000  -0.000052   0.000000   0.029609
       10.8711 0   0.000749   0.000749   0.344291    0.049764   0.000000  -0.524914   0.000000   0.000000   0.000000   0.000000   0.028643
       10.3211 0   0.004363   0.004363   0.368118    0.055476   0.000000  -0.525836   0.000000   0.000000   0.000000   0.000000   0.031454
       11.0318 0   0.002987   0.002987   0.353779    0.038233   0.000000  -0.505853   0.000000   0.000000   0.000000   0.000000   0.025838
       10.6918 0   0.000010   0.000010   0.321295    0.046489   0.000000  -0.503056   0.000000   0.000000   0.000000   0.000000   0.030347
       10.3830 0   0.003085   0.003085   0.382976    0.054928   0.000000  -0.572598   0.000000   0.000000  -0.000015   0.000000   0.031585
       10.7822 0   0.000150   0.000150   0.354981    0.052047   0.000000  -0.492136   0.000000  -0.000012   0.000000   0.000000   0.032222
       11.0409 0   0.003159   0.003159   0.354577    0.066981   0.000000  -0.494381   0.000000   0.000000   0.000000   0.000000   0.025873
       10.9311 0   0.001410   0.001410   0.381078    0.047625   0.001493  -0.573502   0.000000   0.000000   0.000000  -0.005742   0.031348
       10.6214 0   0.000226   0.000226   0.343731    0.051934   0.000000  -0.576680   0.000000   0.000000   0.000000   0.000000   0.029232
       10.4168 0   0.002480   0.002480   0.352395    0.041600   0.000000  -0.562715   0.001165   0.000000   0.000000   0.000000   0.030263
       11.0209 0   0.002789   0.002789   0.342779    0.036264   0.000000  -0.550122   0.000000   0.000000  -0.000020   0.000000   0.036039
       10.8671 0   0.000712   0.000712   0.356106    0.048331   0.000000  -0.636691   0.001474   0.000000   0.000000   0.000000   0.030341
       10.5021 0   0.001247   0.001247   0.337691    0.059711   0.000000  -0.611276   0.000067   0.000000   0.000000   0.000000   0.030333
       10.5341 0   0.000893   0.000893   0.321946    0.040967   0.000000  -0.586568   0.000000   0.000000   0.000000   0.000000   0.026640
       10.5066 0   0.001194   0.001194   0.347748    0.036922   0.000000  -0.640162   0.000000   0.000000   0.000000   0.000000   0.033389
       10.4914 0   0.001379   0.001379   0.342102    0.084514   0.000000  -0.659408   0.003381   0.000000   0.000000   0.000000   0.031037
       10.6651 0   0.000058   0.000058   0.330274    0.040592   0.001311  -0.617793   0.000000   0.000000  -0.000000   0.000000   0.027585
       10.7942 0   0.000204   0.000204   0.354308    0.050345   0.000000  -0.640829   0.000000   0.000000   0.000000   0.000000   0.030391
       10.8061 0   0.000266   0.000266   0.336151    0.044119   0.000000  -0.644071   0.000000   0.000000   0.000000   0.000000   0.030325
       10.8250 0   0.000381   0.000381   0.316625    0.056359   0.000000  -0.677424   0.000000   0.000000   0.000000   0.000000   0.032345
       10.7190 0   0.000002   0.000002   0.302862    0.038447   0.000000  -0.654858   0.000023   0.000000   0.000000   0.000000   0.033677
       10.6291 0   0.000189   0.000189   0.380902    0.040537   0.000000  -0.703267   0.000000   0.000000   0.000000   0.000000   0.033296
       10.8071 0   0.000272   0.000272   0.303836    0.044304   0.000000  -0.655776   0.000000   0.000000   0.000000   0.000000   0.028808
       10.5756 0   0.000521   0.000521   0.339030    0.052316   0.000397  -0.683698   0.000000   0.000000   0.000000   0.000000   0.029343
       10.4632 0   0.001758   0.001758   0.344950    0.053076   0.000000  -0.697467   0.000000   0.000000   0.000000   0.000000   0.027767
       10.9578 0   0.001772   0.001772   0.336085    0.056033   0.000000  -0.606608   0.000323   0.000000  -0.002931   0.000000   0.033328
       10.4895 0   0.001402   0.001402   0.385004    0.059825   0.000000  -0.631405   0.000000   0.000000   0.000000   0.000000   0.026810
       10.9885 0   0.002238   0.002238   0.381801    0.055254   0.000000  -0.655795   0.000000   0.000000   0.000000   0.000000   0.029836
       11.0341 0   0.003029   0.003029   0.327265    0.063686   0.000000  -0.642921   0.000000   0.000000   0.000000   0.000000   0.030721
       10.5253 0   0.000984   0.000984   0.375602    0.066137   0.000000  -0.689367   0.000000   0.000000   0.000000   0.000000   0.029482
       10.7711 0   0.000108   0.000108   0.327370    0.043430   0.000000  -0.683722   0.000000   0.000000   0.000000   0.000000   0.034577
       10.6789 0   0.000028   0.000028   0.361933    0.045334   0.000000  -0.697086   0.000000   0.000000  -0.000398   0.000000   0.028258
       11.0093 0   0.002585   0.002585   0.339066    0.048037   0.000000  -0.719658   0.000000   0.000000   0.000000   0.000000   0.028852
       10.4952 0   0.001331   0.001331   0.292330    0.040545   0.000000  -0.670778   0.000000   0.000000   0.000000   0.000000   0.035744
       10.4807 0   0.001517   0.001517   0.358973    0.073822   0.000000  -0.711717   0.000000   0.000000  -0.000106   0.000000   0.028772
       10.9070 0   0.001120   0.001120   0.350509    0.051405   0.000000  -0.696594   0.000000   0.000000   0.000000   0.000000   0.029027
       10.7475 0   0.000041   0.000041   0.281595    0.047566   0.000000  -0.620412   0.000000   0.000000   0.000000   0.000000   0.028620
       10.8091 0   0.000284   0.000284   0.364916    0.050506   0.000000  -0.688509   0.000000   0.000000   0.000000   0.000000   0.027080
       10.7138 0   0.000000   0.000000   0.327731    0.047399   0.000000  -0.631847   0.000000   0.000000   0.000000   0.000000   0.032582
       10.7320 0   0.000014   0.000014   0.299526    0.043869   0.000000  -0.597879   0.000000   0.000000   0.000000   0.000000   0.026202
       10.7000 0   0.000003   0.000003   0.305050    0.037277   0.000000  -0.607218   0.000000   0.000000  -0.000000   0.000000   0.030195
       10.8164 0   0.000326   0.000326   0.278533    0.027862   0.000000  -0.548433   0.000000   0.000000   0.000000   0.000000   0.029279
       10.5166 0   0.001079   0.001079   0.303524    0.059019   0.000000  -0.578915   0.000000   0.000000   0.000000   0.000000   0.031839
       10.7667 0   0.000093   0.000093   0.344236    0.054886   0.000000  -0.584602   0.000000   0.000000   0.000000   0.000000   0.025980
       10.5119 0   0.001132   0.001132   0.342100    0.039250   0.000000  -0.549644   0.000000   0.000000   0.000000   0.000000   0.032094
       10.8772 0   0.000807   0.000807   0.344134    0.047927   0.000000  -0.600091   0.000000   0.000000   0.000000   0.000000   0.036318
       10.9400 0   0.001526   0.001526   0.325896    0.087117   0.000000  -0.632155   0.000000   0.000000   0.000000   0.000000   0.029554
       10.3619 0   0.003496   0.003496   0.329830    0.076056   0.000000  -0.663003   0.000000   0.000000   0.000000   0.000000   0.028892
       10.7216 0   0.000004   0.000004   0.344767    0.059554   0.001617  -0.659055   0.000000   0.000000   0.000000   0.000000   0.032095
       10.6356 0   0.000160   0.000160   0.361639    0.055328   0.000000  -0.684187   0.000000   0.000000   0.000000   0.000000   0.031893
       10.5925 0   0.000398   0.000398   0.291888    0.067995   0.000000  -0.669049   0.000000   0.000000  -0.000002   0.000000   0.031689
       10.6488 0   0.000108   0.000108   0.283630    0.048872   0.000000  -0.625463   0.000000   0.000000   0.000000   0.000000   0.023982
       10.6548 0   0.000088   0.000088   0.295233    0.061451   0.000033  -0.646249   0.000000   0.000000   0.000000   0.000000   0.029774
       10.6990 0   0.000004   0.000004   0.292748    0.043851   0.000000  -0.614230   0.000000   0.000000   0.000000   0.000000   0.032839
       10.8815 0   0.000848   0.000848   0.269014    0.069194   0.000000  -0.608564   0.000000   0.000000   0.000000   0.000000   0.033513
       10.6905 0   0.000011   0.000011   0.329377    0.054602   0.000000  -0.658391   0.000000   0.000000  -0.000026   0.000000   0.040669
       10.6074 0   0.000304   0.000304   0.374791    0.041957   0.000000  -0.666261   0.000000   0.000000   0.000000   0.000000   0.025412
       10.7373 0   0.000021   0.000021   0.346740    0.039955   0.000000  -0.640130   0.000000   0.000000  -0.000030   0.000000   0.030189
       10.9637 0   0.001857   0.001857   0.312819    0.049876   0.000000  -0.624556   0.000000   0.000000   0.000000   0.000000   0.026426
       10.5503 0   0.000735   0.000735   0.339852    0.056758   0.000000  -0.630773   0.000000   0.000000   0.000000   0.000000   0.028706
       10.8683 0   0.000723   0.000723   0.340588    0.068754   0.000000  -0.665907   0.000000   0.000000   0.000000   0.000000   0.031942
       10.8331 0   0.000437   0.000437   0.366779    0.063737   0.000000  -0.661032   0.000000   0.000000   0.000000   0.000000   0.029601
       10.8167 0   0.000328   0.000328   0.320643    0.043517   0.000000  -0.591729   0.000000   0.000000  -0.000106   0.000000   0.029092
       10.6034 0   0.000328   0.000328   0.355828    0.048771   0.000000  -0.611410   0.000000   0.000000  -0.000060   0.000000   0.026662
       10.8162 0   0.000325   0.000325   0.333122    0.048642   0.000000  -0.548874   0.000000   0.000000   0.000000   0.000000   0.025659
       10.9262 0   0.001349   0.001349   0.320626    0.055903   0.000000  -0.553299   0.000000   0.000000   0.000000   0.000000   0.029186
       10.7736 0   0.000117   0.000117   0.324420    0.052331   0.000000  -0.561696   0.000000   0.000000  -0.000001   0.000000   0.030783
       10.3564 0   0.003607   0.003607   0.341636    0.040439   0.000000  -0.551215   0.000000   0.000000   0.000000   0.000000   0.027951
       10.8034 0   0.000252   0.000252   0.349042    0.055998   0.000000  -0.571872   0.000000   0.000000   0.000000   0.000000   0.030938
       10.7728 0   0.000114   0.000114   0.332423    0.066255   0.000000  -0.549859   0.000000   0.000000   0.000000   0.000000   0.027728
       10.8930 0   0.000966   0.000966   0.328148    0.057466   0.000000  -0.532295   0.000000   0.000000  -0.000086   0.000000   0.031283
       10.4713 0   0.001644   0.001644   0.349141    0.045408   0.000000  -0.538573   0.000000   0.000000   0.000000   0.000000   0.030069
       10.6318 0   0.000176   0.000176   0.295687    0.059435   0.000000  -0.537070   0.000000   0.000000   0.000000   0.000000   0.028909
       10.7890 0   0.000180   0.000180   0.353369    0.043101   0.000068  -0.586030   0.000000   0.000000   0.000000   0.000000   0.032992
       10.7258 0   0.000007   0.000007   0.311668    0.035110   0.000000  -0.596460   0.000000   0.000000   0.000000   0.000000   0.032425
       10.8123 0   0.000302   0.000302   0.309955    0.046167   0.000000  -0.591577   0.000000   0.000000   0.000000   0.000000   0.028561
       10.4647 0   0.001736   0.001736   0.317636    0.059147   0.000000  -0.643701   0.000000   0.000000   0.000000   0.000000   0.027278
       11.2509 0   0.008438   0.008438   0.309770    0.045245   0.000000  -0.636699   0.001696   0.000000   0.000000   0.000000   0.027155
       10.9393 0   0.001517   0.001517   0.302975    0.047584   0.000000  -0.664263   0.000000   0.000000   0.000000   0.000000   0.025084
       10.3832 0   0.003080   0.003080   0.340600    0.034280   0.000000  -0.680923   0.000000   0.000000   0.000000   0.000000   0.027749
       10.7816 0   0.000148   0.000148   0.288709    0.065180   0.000000  -0.667928   0.000000   0.000000   0.000000   0.000000   0.031994
       10.8814 0   0.000847   0.000847   0.328298    0.052527   0.001544  -0.733872   0.000000   0.000000   0.000000   0.000000   0.030701
       11.0114 0   0.002620   0.002620   0.329581    0.045024   0.000000  -0.753845   0.000000   0.000000   0.000000   0.000000   0.029017
       10.4438 0   0.002044   0.002044   0.339994    0.034003   0.000000  -0.753440   0.000000   0.000000   0.000000   0.000000   0.027211
       10.7011 0   0.000002   0.000002   0.313067    0.052650   0.000104  -0.733656   0.007956   0.000000   0.000000   0.000000   0.027172
       10.7222 0   0.000004   0.000004   0.321754    0.055747   0.000000  -0.715033   0.000000   0.000000   0.000000   0.000000   0.029744
       10.7014 0   0.000002   0.000002   0.366740    0.062443   0.000522  -0.752635   0.000000   0.000000  -0.000294   0.000000   0.032757
       10.7110 0   0.000000   0.000000   0.308886    0.057676   0.000000  -0.663700   0.000000   0.000000   0.000000   0.000000   0.025706
       10.7638 0   0.000084   0.000084   0.364751    0.062982   0.000000  -0.708579   0.000000   0.000000  -0.000077   0.000000   0.030292
       10.7270 0   0.000008   0.000008   0.310114    0.041789   0.000000  -0.684409   0.000000   0.000000   0.000000   0.000000   0.026787
       10.6723 0   0.000041   0.000041   0.307920    0.036884   0.000000  -0.694365   0.000000   0.000000   0.000000   0.000000   0.026872
       10.6281 0   0.000193   0.000193   0.316406    0.055811   0.000000  -0.688345   0.000000   0.000000   0.000000   0.000000   0.027851
       10.9579 0   0.001773   0.001773   0.363828    0.046667   0.000000  -0.750216   0.000000   0.000000   0.000000   0.000000   0.028286
       11.2549 0   0.008565   0.008565   0.328585    0.047253   0.000000  -0.683409   0.000000   0.000000   0.000000   0.000000   0.025857
       10.5960 0   0.000375   0.000375   0.312406    0.042037   0.001390  -0.681002   0.000300   0.000000   0.000000   0.000000   0.031480
       10.5074 0   0.001184   0.001184   0.300757    0.057174   0.000000  -0.596217   0.000000   0.000000   0.000000   0.000000   0.027676
       10.9200 0   0.001272   0.001272   0.330133    0.046163   0.000000  -0.636989   0.000441   0.000000   0.000000   0.000000   0.033223
       10.7632 0   0.000082   0.000082   0.324792    0.062083   0.000000  -0.630017   0.000000   0.000000  -0.000475   0.000000   0.031631
       10.7949 0   0.000208   0.000208   0.328298    0.043201   0.000000  -0.629795   0.000000   0.000000   0.000000   0.000000   0.028389
       10.5835 0   0.000461   0.000461   0.345205    0.054115   0.000000  -0.698945   0.000000   0.000000   0.000000   0.000000   0.029846
       10.1383 0   0.009429   0.009429   0.314432    0.064702   0.000000  -0.694349   0.000000   0.000000   0.000000   0.000000   0.033548
       10.7859 0   0.000166   0.000166   0.322669    0.051123   0.000000  -0.707578   0.000000   0.000000  -0.000041   0.000000   0.025028
       10.8470 0   0.000541   0.000541   0.296344    0.058237   0.000000  -0.707050   0.000000   0.000000   0.000000   0.000000   0.024931
       10.8085 0   0.000280   0.000280   0.325006    0.049332   0.000000  -0.739146   0.000000   0.000000   0.000000  -0.002002   0.026665
       10.4534 0   0.001900   0.001900   0.321488    0.060012   0.000140  -0.743791   0.000000   0.000000   0.000000  -0.012957   0.025686
       10.8829 0   0.000863   0.000863   0.346927    0.052175   0.000000  -0.724812   0.000000   0.000000  -0.000000   0.000000   0.028320
       10.6633 0   0.000063   0.000063   0.387642    0.047798   0.001334  -0.715641   0.000000   0.000000   0.000000   0.000000   0.029932
       10.8448 0   0.000524   0.000524   0.329124    0.053235   0.000169  -0.600517   0.000000   0.000000   0.000000   0.000000   0.025508
       10.3704 0   0.003326   0.003326   0.371104    0.057685   0.000000  -0.634274   0.000000   0.000000   0.000000   0.000000   0.026008
       10.8890 0   0.000924   0.000924   0.395200    0.052616   0.000000  -0.617054   0.005253   0.000000   0.000000   0.000000   0.031868
       10.5899 0   0.000416   0.000416   0.321206    0.053703   0.000000  -0.552144   0.000000   0.000000   0.000000   0.000000   0.031645
       10.6392 0   0.000145   0.000145   0.373234    0.052880   0.000000  -0.602945   0.000000   0.000000   0.000000   0.000000   0.027494
       10.8395 0   0.000484   0.000484   0.319313    0.070391   0.000000  -0.566903   0.000000   0.000000   0.000000   0.000000   0.030867
       10.7972 0   0.000219   0.000219   0.370479    0.046136   0.000000  -0.613421   0.000000   0.000000   0.000000   0.000000   0.028078
       10.8376 0   0.000469   0.000469   0.349619    0.042857   0.000000  -0.621289   0.000000   0.000000   0.000000   0.000000   0.026287
       10.7292 0   0.000011   0.000011   0.323180    0.054661   0.000618  -0.588255   0.000000   0.000000  -0.000002   0.000000   0.031494
       11.0718 0   0.003776   0.003776   0.365377    0.055204   0.000000  -0.624048   0.000000   0.000000   0.000000   0.000000   0.028249
       10.5231 0   0.001007   0.001007   0.282871    0.044965   0.000000  -0.584046   0.000000   0.000000   0.000000   0.000000   0.039142
       10.5179 0   0.001064   0.001064   0.329846    0.046960   0.000000  -0.631340   0.000000   0.000000   0.000000   0.000000   0.028439
       10.5569 0   0.000676   0.000676   0.325015    0.046872   0.000000  -0.577704   0.000000   0.000000   0.000000   0.000000   0.027475
       10.8942 0   0.000979   0.000979   0.310671    0.041616   0.000000  -0.549195   0.000000   0.000000   0.000000   0.000000   0.025715
       10.8770 0   0.000805   0.000805   0.337428    0.053917   0.000000  -0.610963   0.000000   0.000000   0.000000   0.000000   0.026904
       10.5888 0   0.000424   0.000424   0.293641    0.041344   0.002566  -0.586440   0.000000   0.000000   0.000000   0.000000   0.034086
       10.9790 0   0.002087   0.002087   0.344225    0.048617   0.000000  -0.621060   0.000000  -0.010239  -0.002363   0.000000   0.030339
       10.3940 0   0.002880   0.002880   0.345615    0.042780   0.000000  -0.600496   0.000000   0.000000   0.000000   0.000000   0.031527
       10.5494 0   0.000744   0.000744   0.336152    0.061298   0.000000  -0.629028   0.000000   0.000000   0.000000   0.000000   0.033527
       10.7693 0   0.000101   0.000101   0.354814    0.049988   0.000000  -0.635020   0.000000   0.000000   0.000000   0.000000   0.032633
       10.9402 0   0.001528   0.001528   0.346296    0.055325   0.000000  -0.671394   0.000000   0.000000   0.000000   0.000000   0.028661
       10.8384 0   0.000476   0.000476   0.281905    0.061049   0.000000  -0.628446   0.000000   0.000000   0.000000   0.000000   0.028698
       10.6126 0   0.000274   0.000274   0.312664    0.041948   0.000000  -0.643174   0.000000   0.000000   0.000000  -0.000000   0.031381
       10.5959 0   0.000376   0.000376   0.340446    0.046433   0.000000  -0.633211   0.000000   0.000000   0.000000   0.000000   0.027043
       10.9312 0   0.001412   0.001412   0.347017    0.039547   0.000000  -0.596168   0.000000   0.000000   0.000000   0.000000   0.030363
       11.2959 0   0.009902   0.009902   0.371972    0.038913   0.000000  -0.581342   0.000000   0.000000   0.000000   0.000000   0.024900
       10.6921 0   0.000009   0.000009   0.380773    0.060476   0.000000  -0.626625   0.000000   0.000000  -0.000731   0.000000   0.029569
       10.4826 0   0.001492   0.001492   0.316569    0.058867   0.000000  -0.614494   0.000000   0.000000   0.000000   0.000000   0.031217
       10.5308 0   0.000926   0.000926   0.365586    0.047999   0.000000  -0.637407   0.000000   0.000000   0.000000   0.000000   0.033150
       10.9830 0   0.002150   0.002150   0.354856    0.066170   0.000000  -0.671303   0.000500   0.000000   0.000000   0.000000   0.029351
       10.6955 0   0.000006   0.000006   0.337018    0.052753   0.000000  -0.644669   0.000000   0.000000   0.000000   0.000000   0.030787
       11.0044 0   0.002500   0.002500   0.337297    0.045890   0.000000  -0.631908   0.000000   0.000000   0.000000   0.000000   0.029580
       10.5076 0   0.001182   0.001182   0.322025    0.047994   0.000000  -0.597850   0.000000   0.000000  -0.001731   0.000000   0.027265
       10.6921 0   0.000009   0.000009   0.289027    0.073448   0.000000  -0.583434   0.000000   0.000000  -0.000009   0.000000   0.029620
       10.9244 0   0.001326   0.001326   0.317255    0.032974   0.000000  -0.605224   0.000000   0.000000   0.000000   0.000000   0.037869
       10.6593 0   0.000074   0.000074   0.335684    0.050544   0.000000  -0.602634   0.000000   0.000000  -0.000000   0.000000   0.027902
       10.6797 0   0.000027   0.000027   0.365668    0.047931   0.000000  -0.618117   0.000000   0.000000   0.000000   0.000000   0.032049
       11.0076 0   0.002554   0.002554   0.336221    0.041424   0.000000  -0.649671   0.000000   0.000000  -0.000006   0.000000   0.029747
       10.7769 0   0.000129   0.000129   0.358820    0.043562   0.000000  -0.645348   0.000000   0.000000   0.000000   0.000000   0.028087
       10.7948 0   0.000207   0.000207   0.369221    0.040888   0.000000  -0.663948   0.000000   0.000000   0.000000   0.000000   0.030187
       10.5373 0   0.000860   0.000860   0.362801    0.055246   0.000000  -0.667374   0.000000   0.000000   0.000000   0.000000   0.027996
       10.2271 0   0.006726   0.006726   0.355650    0.032879   0.000000  -0.670390   0.000000   0.000000   0.000000   0.000000   0.032051
       10.7588 0   0.000069   0.000069   0.341515    0.052778   0.000000  -0.672137   0.000000   0.000000   0.000000   0.000000   0.029125
       10.7423 0   0.000030   0.000030   0.377595    0.044574   0.000000  -0.753447   0.000000   0.000000   0.000000   0.000000   0.030598
       10.5180 0   0.001064   0.001064   0.326889    0.044436   0.000000  -0.708283   0.000000   0.000000   0.000000   0.000000   0.029476
       10.7025 0   0.000002   0.000002   0.318036    0.056081   0.000000  -0.711175   0.000000   0.000000   0.000000   0.000000   0.030140
       10.7046 0   0.000001   0.000001   0.326172    0.033818   0.000000  -0.698964   0.000042   0.000000   0.000000   0.000000   0.028977
       10.6291 0   0.000189   0.000189   0.340985    0.061919   0.000000  -0.707322   0.000000   0.000000   0.000000   0.000000   0.026033
       10.7800 0   0.000141   0.000141   0.329463    0.066115   0.000000  -0.691898   0.000000   0.000000   0.000000   0.000000   0.027377
       10.8518 0   0.000580   0.000580   0.308251    0.059630   0.000158  -0.689544   0.000000   0.000000   0.000000   0.000000   0.029427
       10.7720 0   0.000111   0.000111   0.365291    0.043956   0.000000  -0.704060   0.000000   0.000000   0.000000   0.000000   0.030392
       10.5156 0   0.001090   0.001090   0.332042    0.051313   0.000000  -0.712793   0.000000   0.000000   0.000000   0.000000   0.026645
       10.6097 0   0.000290   0.000290   0.348397    0.038653   0.000000  -0.763024   0.000000   0.000000   0.000000   0.000000   0.026261
       10.7898 0   0.000184   0.000184   0.327274    0.051886   0.000234  -0.766626   0.000000   0.000000   0.000000   0.000000   0.023360
       10.5124 0   0.001126   0.001126   0.288459    0.059062   0.000000  -0.788559   0.000000   0.000000   0.000000   0.000000   0.034975
       10.8812 0   0.000846   0.000846   0.331196    0.037699   0.005915  -0.801013   0.000768   0.000000   0.000000  -0.000007   0.033561
       10.7459 0   0.000037   0.000037   0.352346    0.034139   0.000000  -0.849139   0.000000   0.000000   0.000000   0.000000   0.030538
       10.7637 0   0.000083   0.000083   0.336146    0.048910   0.000000  -0.861091   0.000000   0.000000   0.000000   0.000000   0.031959
       10.5307 0   0.000928   0.000928   0.291712    0.056183   0.000000  -0.852456   0.000000   0.000000  -0.000055   0.000000   0.029325
       10.6392 0   0.000144   0.000144   0.327693    0.058622   0.000000  -0.923245   0.000000   0.000000   0.000000   0.000000   0.026752
       10.9611 0   0.001819   0.001819   0.378701    0.038739   0.000000  -0.928090   0.000000   0.000000  -0.000000   0.000000   0.029466
       10.6488 0   0.000108   0.000108   0.342248    0.056614   0.000000  -0.876666   0.000000   0.000000   0.000000   0.000000   0.031233
       10.8182 0   0.000338   0.000338   0.365232    0.035153   0.000000  -0.850153   0.000000   0.000000   0.000000   0.000000   0.028162
       11.0633 0   0.003600   0.003600   0.355743    0.062517   0.000054  -0.822165   0.000000   0.000000   0.000000   0.000000   0.027448
       10.5049 0   0.001214   0.001214   0.338516    0.045544   0.000000  -0.752787   0.000000   0.000000   0.000000   0.000000   0.024422
       10.4841 0   0.001472   0.001472   0.339207    0.058604   0.000000  -0.765789   0.000000   0.000000   0.000000   0.000000   0.027731
       10.7814 0   0.000147   0.000147   0.374767    0.056929   0.000000  -0.768200   0.000000   0.000000   0.000000   0.000000   0.030507
       10.8380 0   0.000473   0.000473   0.294126    0.044317   0.000000  -0.705384   0.000000   0.000000   0.000000   0.000000   0.026207
       10.7165 0   0.000001   0.000001   0.299834    0.046281   0.000000  -0.689245   0.000000   0.000000   0.000000   0.000000   0.029990
       10.4624 0   0.001769   0.001769   0.338830    0.049717   0.000000  -0.722893   0.000000   0.000000   0.000000   0.000000   0.024713
       10.9017 0   0.001060   0.001060   0.318345    0.041715   0.000000  -0.652441   0.000000   0.000000   0.000000   0.000000   0.029269
       10.8643 0   0.000687   0.000687   0.352521    0.035052   0.000000  -0.693751   0.000000   0.000000  -0.000003   0.000000   0.027131
       10.7582 0   0.000067   0.000067   0.346660    0.048556   0.002195  -0.681349   0.000000   0.000000  -0.000015   0.000000   0.030033
       10.5320 0   0.000914   0.000914   0.323691    0.055954   0.007117  -0.712307   0.000000   0.000000   0.000000   0.000000   0.028246
       11.0195 0   0.002763   0.002763   0.373590    0.060401   0.000000  -0.704196   0.000000   0.000000  -0.000025   0.000000   0.028587
       10.8161 0   0.000325   0.000325   0.371506    0.051730   0.000000  -0.686585   0.000000   0.000000   0.000000   0.000000   0.026055
       10.6622 0   0.000066   0.000066   0.354562    0.053217   0.000000  -0.658886   0.000000   0.000000   0.000000   0.000000   0.029676
       10.6731 0   0.000039   0.000039   0.306628    0.062920   0.000138  -0.606180   0.000000   0.000000   0.000000   0.000000   0.028874
       11.1206 0   0.004864   0.004864   0.356289    0.047813   0.000329  -0.682524   0.000000   0.000000   0.000000   0.000000   0.030121
       10.8862 0   0.000896   0.000896   0.325284    0.048901   0.000000  -0.656512   0.000000   0.000000  -0.000006   0.000000   0.033456
       10.6140 0   0.000266   0.000266   0.329992    0.062454   0.000000  -0.662492   0.000000   0.000000   0.000000   0.000000   0.027472
       10.8296 0   0.000413   0.000413   0.304965    0.065233   0.000000  -0.674486   0.000086   0.000000   0.000000   0.000000   0.029744
       10.8554 0   0.000610   0.000610   0.321784    0.060550   0.000000  -0.706815   0.000000   0.000000  -0.000045   0.000000   0.028111
       10.8420 0   0.000503   0.000503   0.380574    0.055943   0.000000  -0.733623   0.000000   0.000000   0.000000  -0.000002   0.030796
       10.9030 0   0.001075   0.001075   0.335026    0.073959   0.000000  -0.710501   0.000000   0.000000   0.000000   0.000000   0.032312
       10.5272 0   0.000964   0.000964   0.314820    0.047004   0.000000  -0.675632   0.000000   0.000000   0.000000   0.000000   0.027170
       10.4412 0   0.002085   0.002085   0.338805    0.060260   0.001641  -0.736442   0.000000   0.000000   0.000000   0.000000   0.027260
       10.8049 0   0.000260   0.000260   0.339082    0.048157   0.000000  -0.755788   0.000000   0.000000   0.000000   0.000000   0.028856
       10.9711 0   0.001967   0.001967   0.314467    0.055799   0.000000  -0.705726   0.000000   0.000000   0.000000   0.000000   0.024496
       10.4495 0   0.001957   0.001957   0.314064    0.045661   0.000000  -0.719678   0.000000   0.000000  -0.000000   0.000000   0.029358
       11.2940 0   0.009838   0.009838   0.353880    0.044669   0.000000  -0.789944   0.000000   0.000000   0.000000   0.000000   0.030906
       10.9010 0   0.001053   0.001053   0.271246    0.043415   0.000000  -0.776896   0.000000   0.000000  -0.001976   0.000000   0.028652
       10.3214 0   0.004356   0.004356   0.301422    0.043047   0.000000  -0.837332   0.000000   0.000000   0.000000   0.000000   0.026764
       10.7741 0   0.000119   0.000119   0.327895    0.051509   0.000000  -0.883570   0.001302   0.000000  -0.001874   0.000000   0.026290
       10.9774 0   0.002063   0.002063   0.308275    0.047380   0.000000  -0.905316   0.000000   0.000000   0.000000   0.000000   0.028256
       10.5190 0   0.001053   0.001053   0.310860    0.059170   0.000000  -0.943341   0.000000   0.000000   0.000000   0.000000   0.024036
       11.0012 0   0.002446   0.002446   0.340240    0.047620   0.000000  -0.923382   0.000000   0.000000   0.000000   0.000000   0.027434
       10.7155 0   0.000001   0.000001   0.300338    0.041542   0.000000  -0.870005   0.000000   0.000000   0.000000   0.000000   0.027244
       10.6038 0   0.000325   0.000325   0.359683    0.038069   0.000000  -0.903748   0.000000   0.000000   0.000000   0.000000   0.028130
       10.9440 0   0.001580   0.001580   0.320889    0.040540   0.000000  -0.869525   0.000000   0.000000   0.000000   0.000000   0.027978
       10.6192 0   0.000238   0.000238   0.411383    0.048192   0.000000  -0.929146   0.000008   0.000000   0.000000   0.000000   0.026948
       10.1571 0   0.008820   0.008820   0.315432    0.055539   0.000000  -0.843110   0.000000   0.000000   0.000000   0.000000   0.029965
       10.9209 0   0.001283   0.001283   0.342704    0.039459   0.000000  -0.811397   0.000000   0.000000  -0.000015   0.000000   0.028971
       10.8186 0   0.000340   0.000340   0.365646    0.043899   0.000000  -0.800886   0.000000   0.000000   0.000000   0.000000   0.026798
       11.0521 0   0.003376   0.003376   0.348502    0.072950   0.000000  -0.824526   0.000000   0.000000   0.000000   0.000000   0.032993
       10.9630 0   0.001847   0.001847   0.319878    0.064887   0.000000  -0.803215   0.000000   0.000000  -0.000583   0.000000   0.028410
       10.7736 0   0.000117   0.000117   0.293027    0.072255   0.000000  -0.806702   0.000000   0.000000  -0.001618   0.000000   0.032133
       10.4177 0   0.002464   0.002464   0.311686    0.053072   0.000000  -0.805521   0.000000   0.000000   0.000000   0.000000   0.026778
       10.5506 0   0.000733   0.000733   0.333281    0.042832   0.000000  -0.750920   0.000000   0.000000  -0.000000   0.000000   0.026600
       10.8300 0   0.000415   0.000415   0.312542    0.046696   0.000000  -0.753834   0.001260   0.000000   0.000000   0.000000   0.026468
       10.6705 0   0.000045   0.000045   0.319220    0.033651   0.000000  -0.710872   0.000000   0.000000   0.000000   0.000000   0.031595
       10.2671 0   0.005659   0.005659   0.335350    0.056236   0.000000  -0.720146   0.000000   0.000000  -0.000026   0.000000   0.027335
       10.6127 0   0.000273   0.000273   0.345828    0.055009   0.000000  -0.743988   0.000000   0.000000  -0.000196   0.000000   0.032673
       10.6373 0   0.000152   0.000152   0.290410    0.052650   0.000000  -0.715910   0.000000   0.000000   0.000000   0.000000   0.032838
       10.7198 0   0.000003   0.000003   0.319916    0.061499   0.000000  -0.761054   0.000000   0.000000   0.000000   0.000000   0.034010
       10.9443 0   0.001584   0.001584   0.304747    0.037829   0.000000  -0.743850   0.000110   0.000000   0.000000   0.000000   0.027919
       10.8373 0   0.000467   0.000467   0.284245    0.062687   0.000000  -0.713590   0.000000   0.000000   0.000000   0.000000   0.026177
       10.7529 0   0.000053   0.000053   0.327117    0.042708   0.000000  -0.733523   0.000000   0.000000   0.000000   0.000000   0.031431
       10.5049 0   0.001213   0.001213   0.310140    0.045064   0.000000  -0.740889   0.000000   0.000000  -0.002877   0.000000   0.027983
       11.0581 0   0.003495   0.003495   0.325258    0.025163   0.000000  -0.738469   0.001366   0.000000   0.000000   0.000000   0.027774
       10.6840 0   0.000020   0.000020   0.354585    0.054110   0.000000  -0.783774   0.000000   0.000000   0.000000   0.000000   0.024706
       10.7197 0   0.000003   0.000003   0.351536    0.039552   0.000000  -0.772618   0.000000   0.000000  -0.001021   0.000000   0.029573
       10.6267 0   0.000200   0.000200   0.340000    0.052695   0.000000  -0.795457   0.000000   0.000000   0.000000   0.000000   0.030739
       10.8391 0   0.000481   0.000481   0.333789    0.068223   0.000000  -0.824521   0.000000   0.000000   0.000000   0.000000   0.025952
       10.9625 0   0.001839   0.001839   0.300298    0.064356   0.000000  -0.810068   0.000000   0.000000   0.000000   0.000000   0.028662
       10.5509 0   0.000730   0.000730   0.313865    0.034919   0.000000  -0.812842   0.000000   0.000000   0.000000   0.000000   0.030042
       10.8940 0   0.000976   0.000976   0.257518    0.049849   0.000000  -0.807487   0.000113   0.000000   0.000000   0.000000   0.026823
       11.0098 0   0.002593   0.002593   0.309847    0.067944   0.003939  -0.837719   0.000000   0.000000  -0.000000   0.000000   0.025601
       10.5988 0   0.000357   0.000357   0.350860    0.050547   0.000000  -0.860663   0.000000   0.000000  -0.000000   0.000000   0.028795
       10.9771 0   0.002058   0.002058   0.304455    0.062428   0.000003  -0.838515   0.000051   0.000000  -0.000049   0.000000   0.035253
       10.3938 0   0.002883   0.002883   0.341575    0.057809   0.000000  -0.876355   0.000000   0.000000   0.000000   0.000000   0.024716
       10.4423 0   0.002067   0.002067   0.327907    0.047145   0.000000  -0.826769   0.000000   0.000000   0.000000   0.000000   0.028965
       10.8357 0   0.000456   0.000456   0.343582    0.076455   0.000000  -0.866449   0.000000   0.000000   0.000000   0.000000   0.029175
       10.8448 0   0.000524   0.000524   0.350986    0.061668   0.000000  -0.843743   0.000000   0.000000   0.000000   0.000000   0.029821
       10.4581 0   0.001831   0.001831   0.309320    0.048351   0.000000  -0.789088   0.000000   0.000000   0.000000   0.000000   0.026037
       10.6484 0   0.000110   0.000110   0.294555    0.051133   0.000473  -0.731184   0.000000   0.000000  -0.000401   0.000000   0.025005
       10.7706 0   0.000106   0.000106   0.322173    0.044027   0.000000  -0.769760   0.000000   0.000000   0.000000   0.000000   0.030751
       10.8540 0   0.000598   0.000598   0.356972    0.046549   0.000000  -0.806860   0.000000   0.000000   0.000000   0.000000   0.029321
       10.5619 0   0.000633   0.000633   0.333272    0.056807   0.000000  -0.765685   0.000000   0.000000   0.000000   0.000000   0.024214
       10.9821 0   0.002136   0.002136   0.340743    0.032549   0.000000  -0.746093   0.000000   0.000000   0.000000   0.000000   0.027226
       10.3620 0   0.003493   0.003493   0.354091    0.055567   0.000000  -0.778944   0.000000   0.000000   0.000000   0.000000   0.032250
       10.7347 0   0.000018   0.000018   0.294312    0.070329   0.000000  -0.773624   0.000000   0.000000   0.000000   0.000000   0.025520
       10.7652 0   0.000088   0.000088   0.338995    0.036028   0.000000  -0.765239   0.000000   0.000000   0.000000   0.000000   0.027445
       10.6037 0   0.000326   0.000326   0.282387    0.065680   0.000000  -0.748386   0.000000   0.000000   0.000000   0.000000   0.025799
       11.0680 0   0.003696   0.003696   0.307139    0.059682   0.000000  -0.756050   0.002068   0.000000   0.000000   0.000000   0.025771
       10.9576 0   0.001768   0.001768   0.279401    0.050872   0.000000  -0.725611   0.000000   0.000000   0.000000   0.000000   0.029470
       10.5396 0   0.000838   0.000838   0.340214    0.063937   0.000000  -0.755733   0.000000   0.000000   0.000000   0.000000   0.030341
       10.6882 0   0.000014   0.000014   0.302847    0.050400   0.000002  -0.763151   0.000000   0.000000   0.000000   0.000000   0.033372
       11.0553 0   0.003440   0.003440   0.337253    0.061948   0.000000  -0.831124   0.000000   0.000000   0.000000   0.000000   0.026876
       10.5874 0   0.000434   0.000434   0.335808    0.057105   0.001040  -0.814667   0.000000   0.000000  -0.000000   0.000000   0.028510
       10.8410 0   0.000495   0.000495   0.338445    0.051048   0.000000  -0.769804   0.000000   0.000000   0.000000   0.000000   0.032153
       10.9599 0   0.001801   0.001801   0.333403    0.046379   0.000000  -0.802366   0.000000   0.000000  -0.000948   0.000000   0.036432
       10.5588 0   0.000659   0.000659   0.301544    0.038685   0.000000  -0.780109   0.000000   0.000000   0.000000   0.000000   0.026962
       10.7678 0   0.000097   0.000097   0.341651    0.042817   0.000000  -0.843035   0.000000   0.000000   0.000000   0.000000   0.027397
       10.4686 0   0.001681   0.001681   0.317311    0.043067   0.000000  -0.816593   0.000000   0.000000   0.000000   0.000000   0.025002
       10.7316 0   0.000013   0.000013   0.303487    0.051074   0.000000  -0.855919   0.000000   0.000000   0.000000   0.000000   0.029801
       11.0484 0   0.003304   0.003304   0.268090    0.043718   0.000000  -0.807258   0.000000   0.000000   0.000000   0.000000   0.029424
       10.9874 0   0.002219   0.002219   0.322639    0.032265   0.000000  -0.818852   0.000000   0.000000   0.000000   0.000000   0.029963
       10.0822 0   0.011370   0.011370   0.362579    0.051914   0.000000  -0.861699   0.000000   0.000000  -0.000000   0.000000   0.029277
       10.6429 0   0.000130   0.000130   0.359537    0.059050   0.000000  -0.867242   0.000000   0.000000   0.000000   0.000000   0.027212
       10.6541 0   0.000090   0.000090   0.336693    0.041461   0.000000  -0.855491   0.000000   0.000000   0.000000   0.000000   0.027525
       10.5747 0   0.000528   0.000528   0.314668    0.032685   0.000000  -0.812346   0.000000   0.000000   0.000000   0.000000   0.027863
       10.8437 0   0.000516   0.000516   0.321386    0.042382   0.000000  -0.801588   0.000000   0.000000   0.000000   0.000000   0.027982
       10.6190 0   0.000239   0.000239   0.337424    0.040717   0.000000  -0.750738   0.000000   0.000000   0.000000   0.000000   0.030184
       10.3058 0   0.004712   0.004712   0.327872    0.038011   0.000000  -0.759367   0.000000   0.000000   0.000000   0.000000   0.028603
       10.5211 0   0.001030   0.001030   0.271876    0.032620   0.000000  -0.685465   0.000000   0.000000  -0.000011   0.000000   0.028024
       10.8753 0   0.000788   0.000788   0.351798    0.043580   0.000000  -0.784459   0.000000   0.000000   0.000000   0.000000   0.029786
       10.6615 0   0.000068   0.000068   0.358241    0.032253   0.000000  -0.751275   0.000000   0.000000   0.000000   0.000000   0.026602
       10.4616 0   0.001780   0.001780   0.352914    0.064244   0.000000  -0.730531   0.000000   0.000000  -0.000000   0.000000   0.026410
       10.9724 0   0.001985   0.001985   0.330394    0.041179   0.000000  -0.694749   0.000000   0.000000   0.000000   0.000000   0.030401
       10.6968 0   0.000005   0.000005   0.352657    0.051345   0.000000  -0.690770   0.000000   0.000000  -0.000000   0.000000   0.030127
       10.9237 0   0.001318   0.001318   0.362574    0.056572   0.000000  -0.709811   0.000000   0.000000   0.000000   0.000000   0.026330
       10.3701 0   0.003333   0.003333   0.292164    0.043148   0.000000  -0.685979   0.000000   0.000000   0.000000   0.000000   0.024495
       10.4918 0   0.001373   0.001373   0.335606    0.046162   0.000000  -0.697138   0.000000   0.000000   0.000000   0.000000   0.029312
       11.0257 0   0.002875   0.002875   0.323687    0.057829   0.001205  -0.705510   0.000000   0.000000   0.000000   0.000000   0.028732
       10.8692 0   0.000731   0.000731   0.335993    0.041164   0.000000  -0.714657   0.000000   0.000000   0.000000   0.000000   0.028246
       10.6074 0   0.000304   0.000304   0.305316    0.044662   0.000000  -0.688346   0.000000   0.000000   0.000000   0.000000   0.029397
       10.5070 0   0.001189   0.001189   0.322211    0.052423   0.000000  -0.747445   0.000000   0.000000   0.000000   0.000000   0.027994
       10.5058 0   0.001203   0.001203   0.326719    0.061196   0.000000  -0.745191   0.000000   0.000000  -0.000302   0.000000   0.037688
       10.5558 0   0.000686   0.000686   0.376451    0.029408   0.000000  -0.747421   0.000000  -0.005308  -0.005642   0.000000   0.029694
       10.7014 0   0.000002   0.000002   0.329584    0.037390   0.000000  -0.742612   0.000000   0.000000  -0.000000   0.000000   0.027146
       10.5703 0   0.000563   0.000563   0.295778    0.031879   0.000000  -0.708335   0.001269   0.000000   0.000000   0.000000   0.027107
       10.7970 0   0.000218   0.000218   0.319720    0.060488   0.000000  -0.742575   0.000000   0.000000   0.000000   0.000000   0.023882
       11.0600 0   0.003533   0.003533   0.294126    0.038542   0.000000  -0.703919   0.000000   0.000000   0.000000   0.000000   0.029090
       10.7541 0   0.000056   0.000056   0.400546    0.047060   0.000000  -0.758561   0.000000   0.000000   0.000000   0.000000   0.032908
       10.4493 0   0.001960   0.001960   0.357319    0.069821   0.000000  -0.749576   0.000000   0.000000   0.000000   0.000000   0.030502
       10.6682 0   0.000050   0.000050   0.394794    0.048050   0.000000  -0.737851   0.000000   0.000000   0.000000   0.000000   0.027542
       10.6737 0   0.000038   0.000038   0.336374    0.050272   0.000000  -0.748664   0.000000   0.000000   0.000000   0.000000   0.033820
       10.7451 0   0.000035   0.000035   0.288074    0.053280   0.000000  -0.707320   0.000000   0.000000   0.000000   0.000000   0.029817
       10.8370 0   0.000466   0.000466   0.373494    0.052761   0.000000  -0.719876   0.000000   0.000000   0.000000   0.000000   0.024568
       10.8753 0   0.000788   0.000788   0.330592    0.054199   0.000000  -0.699217   0.000000   0.000000   0.000000   0.000000   0.029985
       10.7578 0   0.000066   0.000066   0.309082    0.034483   0.000000  -0.637304   0.000000   0.000000   0.000000   0.000000   0.033910
       10.7909 0   0.000189   0.000189   0.336901    0.055257   0.000000  -0.678213   0.000000   0.000000  -0.000000   0.000000   0.033216
       10.8777 0   0.000811   0.000811   0.319916    0.045781   0.000000  -0.666328   0.000041   0.000000   0.000000   0.000000   0.028991
       10.4921 0   0.001369   0.001369   0.307985    0.069087   0.000000  -0.683412   0.000000   0.000000   0.000000   0.000000   0.025365
       10.8810 0   0.000843   0.000843   0.326950    0.041595   0.000000  -0.637983   0.000000   0.000000   0.000000   0.000000   0.024684
       11.2150 0   0.007355   0.007355   0.290855    0.059487   0.000000  -0.615324   0.000000   0.000000   0.000000   0.000000   0.029540
       10.5939 0   0.000389   0.000389   0.307757    0.041631   0.000000  -0.610777   0.000000   0.000000   0.000000   0.000000   0.030937
       10.7523 0   0.000052   0.000052   0.317916    0.038362   0.000000  -0.601167   0.001312   0.000000   0.000000   0.000000   0.027673
       10.6932 0   0.000008   0.000008   0.332008    0.040330   0.000000  -0.591595   0.000000   0.000000   0.000000  -0.005715   0.027958
       11.0314 0   0.002979   0.002979   0.288964    0.044305   0.000000  -0.593942   0.000000   0.000000   0.000000   0.000000   0.032417
       10.4149 0   0.002512   0.002512   0.362056    0.049126   0.000000  -0.688196   0.000000   0.000000   0.000000   0.000000   0.027982
       10.8559 0   0.000614   0.000614   0.336859    0.056945   0.000000  -0.651771   0.000070   0.000000   0.000000   0.000000   0.032215
       10.9794 0   0.002093   0.002093   0.315277    0.054257   0.000000  -0.623684   0.000000   0.000000   0.000000   0.000000   0.026283
       10.5678 0   0.000584   0.000584   0.325002    0.058223   0.000000  -0.653277   0.000000   0.000000   0.000000   0.000000   0.027862
       10.6219 0   0.000224   0.000224   0.332543    0.045973   0.000000  -0.610687   0.000000   0.000000   0.000000   0.000000   0.031479
       10.9624 0   0.001838   0.001838   0.370159    0.036158   0.000000  -0.630077   0.000000   0.000000   0.000000   0.000000   0.027425
       10.3885 0   0.002982   0.002982   0.299283    0.049367   0.000000  -0.611552   0.000000   0.000000  -0.000000   0.000000   0.025014
       10.7501 0   0.000046   0.000046   0.323963    0.055655   0.000000  -0.626116   0.002306   0.000000  -0.000001   0.000000   0.027286
       10.9297 0   0.001393   0.001393   0.323244    0.060203   0.001089  -0.602612   0.000000   0.000000  -0.000267   0.000000   0.027460
       10.6456 0   0.000120   0.000120   0.296175    0.053760   0.000000  -0.599088   0.000000   0.000000   0.000000   0.000000   0.037607
       10.8124 0   0.000303   0.000303   0.306029    0.040028   0.000454  -0.549240   0.000000   0.000000   0.000000   0.000000   0.029994
       10.8234 0   0.000371   0.000371   0.315892    0.042518   0.000296  -0.578493   0.000000   0.000000   0.000000   0.000000   0.030917
       10.2187 0   0.006963   0.006963   0.320854    0.048977   0.000000  -0.596814   0.001570   0.000000   0.000000   0.000000   0.031750
       10.7240 0   0.000006   0.000006   0.385852    0.049798   0.000000  -0.623527   0.000000   0.000000  -0.000000   0.000000   0.033993
       10.6921 0   0.000009   0.000009   0.335066    0.055226   0.000000  -0.595860   0.000000   0.000000   0.000000   0.000000   0.029647
       11.0369 0   0.003082   0.003082   0.330419    0.060322   0.000000  -0.645599   0.000000   0.000000   0.000000   0.000000   0.033167
       10.5862 0   0.000442   0.000442   0.339778    0.046460   0.000000  -0.652535   0.000000   0.000000   0.000000   0.000000   0.029264
       10.6320 0   0.000175   0.000175   0.300854    0.048764   0.000000  -0.615828   0.000000   0.000000  -0.000000   0.000000   0.026992
       10.8183 0   0.000338   0.000338   0.321988    0.067619   0.002515  -0.617436   0.000000   0.000000   0.000000   0.000000   0.025950
       10.7565 0   0.000062   0.000062   0.343521    0.034524   0.000000  -0.581723   0.000000   0.000000   0.000000   0.000000   0.036552
       11.0977 0   0.004336   0.004336   0.253122    0.051831   0.000000  -0.539051   0.004505   0.000000   0.000000   0.000000   0.028974
       10.3272 0   0.004227   0.004227   0.307303    0.050837   0.000000  -0.557702   0.000000   0.000000  -0.000003   0.000000   0.025055
       10.5381 0   0.000853   0.000853   0.354022    0.033520   0.000000  -0.600558   0.000000   0.000000  -0.000013   0.000000   0.030106
       10.6589 0   0.000075   0.000075   0.350338    0.049196   0.000000  -0.573685   0.000000   0.000000   0.000000   0.000000   0.033316
       10.8903 0   0.000937   0.000937   0.344959    0.038356   0.000439  -0.566453   0.000000   0.000000   0.000000   0.000000   0.031433
       10.5466 0   0.000770   0.000770   0.341582    0.049115   0.000000  -0.570897   0.000218   0.000000   0.000000  -0.014184   0.028458
       10.6160 0   0.000255   0.000255   0.329051    0.042629   0.000000  -0.567594   0.000000   0.000000  -0.000000   0.000000   0.026979
       10.7115 0   0.000000   0.000000   0.293334    0.055879   0.000000  -0.559311   0.000000   0.000000  -0.000161   0.000000   0.033188
       10.7697 0   0.000103   0.000103   0.291563    0.055551   0.000000  -0.532433   0.000000   0.000000   0.000000   0.000000   0.026749
       10.7907 0   0.000188   0.000188   0.297851    0.059368   0.000000  -0.541181   0.000000   0.000000   0.000000   0.000000   0.027609
       10.5589 0   0.000658   0.000658   0.325810    0.061513   0.000059  -0.524620   0.000000   0.000000  -0.000000   0.000000   0.025480
       10.9048 0   0.001095   0.001095   0.331552    0.041813   0.000000  -0.548537   0.000000   0.000000   0.000000   0.000000   0.029112
       10.8546 0   0.000603   0.000603   0.347592    0.034310   0.000000  -0.631173   0.000000   0.000000   0.000000   0.000000   0.034600
       10.7216 0   0.000004   0.000004   0.300181    0.060416   0.000000  -0.587412   0.000000   0.000000   0.000000   0.000000   0.038483
       10.6911 0   0.000010   0.000010   0.374349    0.074488   0.000000  -0.645964   0.000000   0.000000   0.000000   0.000000   0.029316
       10.7493 0   0.000045   0.000045   0.330713    0.050839   0.000000  -0.625247   0.000000   0.000000   0.000000   0.000000   0.031586
       10.9088 0   0.001140   0.001140   0.285140    0.028136   0.000000  -0.549019   0.000000   0.000000   0.000000   0.000000   0.028639
       10.6809 0   0.000024   0.000024   0.329100    0.067104   0.000000  -0.599317   0.000000   0.000000  -0.000807   0.000000   0.029570
       10.9233 0   0.001313   0.001313   0.310368    0.041496   0.000000  -0.581201   0.000000   0.000000   0.000000   0.000000   0.034061
       10.7137 0   0.000000   0.000000   0.313119    0.032328   0.000000  -0.567046   0.000000   0.000000   0.000000   0.000000   0.029561
       10.2559 0   0.005949   0.005949   0.279391    0.058667   0.000000  -0.554108   0.000000   0.000000   0.000000   0.000000   0.032841
       10.6636 0   0.000062   0.000062   0.367452    0.039496   0.000000  -0.633432   0.002218   0.000000   0.000000   0.000000   0.032331
       10.4015 0   0.002745   0.002745   0.336229    0.053824   0.000000  -0.605500   0.000000   0.000000   0.000000   0.000000   0.028593
       10.5366 0   0.000868   0.000868   0.361250    0.042783   0.000000  -0.662192   0.000000   0.000000   0.000000   0.000000   0.026039
       10.6396 0   0.000143   0.000143   0.389244    0.050325   0.000000  -0.689554   0.000000   0.000000  -0.000000   0.000000   0.033998
       10.9781 0   0.002073   0.002073   0.334489    0.047706   0.000000  -0.720662   0.000000   0.000000  -0.000001   0.000000   0.027113
       10.7955 0   0.000211   0.000211   0.325099    0.065726   0.000000  -0.720992   0.000000   0.000000   0.000000   0.000000   0.027782
       10.7356 0   0.000019   0.000019   0.334580    0.049320   0.000000  -0.755090   0.000000   0.000000   0.000000   0.000000   0.029664
       11.0265 0   0.002890   0.002890   0.344224    0.063538   0.000000  -0.737362   0.000000   0.000000   0.000000   0.000000   0.029393
       10.8342 0   0.000445   0.000445   0.317807    0.063914   0.000000  -0.748287   0.000000   0.000000   0.000000   0.000000   0.024866
       10.5676 0   0.000585   0.000585   0.314864    0.056594   0.000000  -0.750415   0.000000   0.000000  -0.000003   0.000000   0.029315
       10.7274 0   0.000009   0.000009   0.379410    0.067034   0.000000  -0.796859   0.000000   0.000000   0.000000   0.000000   0.027854
       10.8420 0   0.000503   0.000503   0.382241    0.060381   0.000000  -0.804957   0.000000   0.000000   0.000000   0.000000   0.031482
       10.9284 0   0.001375   0.001375   0.320682    0.055513   0.000000  -0.759262   0.000000   0.000000   0.000000   0.000000   0.025270
       10.4383 0   0.002130   0.002130   0.340190    0.053634   0.000000  -0.721593   0.000000   0.000000  -0.000000   0.000000   0.029218
       10.7096 0   0.000000   0.000000   0.290582    0.066857   0.000000  -0.719435   0.000000   0.000000  -0.000000   0.000000   0.025935
       10.9256 0   0.001341   0.001341   0.342018    0.060745   0.000000  -0.713171   0.000000   0.000000   0.000000   0.000000   0.028697
       10.8610 0   0.000658   0.000658   0.345706    0.057360   0.000000  -0.725907   0.000000   0.000000   0.000000   0.000000   0.028962
       10.6235 0   0.000216   0.000216   0.337554    0.045379   0.000000  -0.704222   0.000000   0.000000   0.000000   0.000000   0.032611
       10.6379 0   0.000150   0.000150   0.332855    0.055152   0.000000  -0.701326   0.000000   0.000000   0.000000   0.000000   0.024391
       10.5644 0   0.000611   0.000611   0.337638    0.037312   0.000000  -0.719568   0.000000   0.000000   0.000000   0.000000   0.029389
       10.7282 0   0.000010   0.000010   0.355440    0.042471   0.000000  -0.703251   0.000000   0.000000  -0.000000  -0.000001   0.025547
       10.9062 0   0.001110   0.001110   0.334510    0.035222   0.000000  -0.646722   0.000000   0.000000  -0.000416   0.000000   0.027325
       10.4096 0   0.002602   0.002602   0.302930    0.043848   0.000810  -0.691277   0.000000   0.000000   0.000000   0.000000   0.029337
       11.0169 0   0.002717   0.002717   0.315303    0.045710   0.000000  -0.643383   0.000000   0.000000   0.000000  -0.012097   0.024246
       10.5146 0   0.001101   0.001101   0.366434    0.067000   0.000000  -0.707758   0.000000   0.000000   0.000000   0.000000   0.034117
       10.7434 0   0.000032   0.000032   0.349626    0.059500   0.000000  -0.709046   0.000000   0.000000   0.000000   0.000000   0.027642
       10.7188 0   0.000002   0.000002   0.368671    0.064937   0.000000  -0.732534   0.000000   0.000000   0.000000   0.000000   0.032751
       10.8194 0   0.000345   0.000345   0.313682    0.047074   0.000000  -0.653123   0.000000   0.000000   0.000000   0.000000   0.024214
       10.9591 0   0.001789   0.001789   0.376453    0.066821   0.000000  -0.728608   0.000000   0.000000   0.000000   0.000000   0.029551
       10.5736 0   0.000536   0.000536   0.372965    0.054234   0.000000  -0.688415   0.000000   0.000000   0.000000   0.000000   0.035580
       10.8294 0   0.000411   0.000411   0.345891    0.040318   0.000000  -0.683452   0.000021   0.000000   0.000000   0.000000   0.029289
       10.6948 0   0.000007   0.000007   0.326796    0.069695   0.000000  -0.623563   0.001995   0.000000   0.000000   0.000000   0.029205
       10.5990 0   0.000355   0.000355   0.295761    0.053337   0.000000  -0.595925   0.000000   0.000000   0.000000   0.000000   0.027042
       10.8054 0   0.000262   0.000262   0.331499    0.053566   0.000000  -0.578057   0.000000   0.000000   0.000000   0.000000   0.025819
       10.7084 0   0.000000   0.000000   0.310172    0.076276   0.000000  -0.594876   0.000000   0.000000   0.000000   0.000000   0.028264
       10.8352 0   0.000452   0.000452   0.363719    0.035910   0.000000  -0.610935   0.000000   0.000000   0.000000   0.000000   0.027499
       11.0496 0   0.003326   0.003326   0.301739    0.051731   0.000000  -0.611174   0.000000   0.000000   0.000000   0.000000   0.029220
       10.2192 0   0.006948   0.006948   0.360312    0.046892   0.001731  -0.571833   0.000000   0.000000   0.000000   0.000000   0.029654
       10.9210 0   0.001284   0.001284   0.355007    0.041764   0.000000  -0.605904   0.000000   0.000000   0.000000   0.000000   0.026804
       10.7817 0   0.000148   0.000148   0.290226    0.045206   0.000000  -0.589093   0.000000   0.000000   0.000000   0.000000   0.032726
       10.6246 0   0.000210   0.000210   0.315321    0.043960   0.000000  -0.590985   0.000000   0.000000   0.000000   0.000000   0.024774
       11.0516 0   0.003365   0.003365   0.291285    0.078229   0.000000  -0.625714   0.000000   0.000000   0.000000   0.000000   0.028258
       10.6882 0   0.000014   0.000014   0.355064    0.059699   0.000000  -0.701319   0.000000   0.000000   0.000000  -0.000011   0.030056
       10.3713 0   0.003309   0.003309   0.342769    0.044790   0.000000  -0.683414   0.000000   0.000000   0.000000   0.000000   0.031816
       10.9940 0   0.002326   0.002326   0.339682    0.052479   0.000000  -0.681817   0.000000  -0.000017   0.000000   0.000000   0.030747
       11.0498 0   0.003331   0.003331   0.304337    0.061099   0.000000  -0.713654   0.000000   0.000000   0.000000   0.000000   0.028323
       10.2893 0   0.005105   0.005105   0.322585    0.050780   0.000000  -0.692825   0.000000   0.000000   0.000000   0.000000   0.029597
       10.4375 0   0.002142   0.002142   0.315876    0.050815   0.000000  -0.736760   0.000000   0.000000   0.000000   0.000000   0.030078
       10.8732 0   0.000768   0.000768   0.341234    0.046406   0.000000  -0.743950   0.000000   0.000000  -0.000000   0.000000   0.028944
       10.8334 0   0.000439   0.000439   0.307438    0.053507   0.000000  -0.706592   0.000000   0.000000   0.000000   0.000000   0.026030
       10.8314 0   0.000425   0.000425   0.349335    0.065577   0.000000  -0.752830   0.000000   0.000000   0.000000   0.000000   0.025126
       10.7388 0   0.000024   0.000024   0.302958    0.044828   0.000000  -0.702094   0.000000   0.000000  -0.000615   0.000000   0.029962
       10.7081 0   0.000000   0.000000   0.316807    0.039337   0.000000  -0.671657   0.000000   0.000000  -0.000001   0.000000   0.032783
       11.1031 0   0.004458   0.004458   0.331928    0.043628   0.000000  -0.670952   0.000000   0.000000   0.000000   0.000000   0.028334
       10.9528 0   0.001700   0.001700   0.276162    0.063068   0.000000  -0.658223   0.000490   0.000000   0.000000   0.000000   0.035060
       10.5149 0   0.001098   0.001098   0.328052    0.064151   0.000000  -0.690509   0.000000   0.000000   0.000000   0.000000   0.028279
       10.8995 0   0.001036   0.001036   0.372157    0.027634   0.001976  -0.730352   0.000000   0.000000   0.000000   0.000000   0.031523
       10.7687 0   0.000099   0.000099   0.342483    0.072025   0.000000  -0.738137   0.000000   0.000000   0.000000   0.000000   0.024015
       10.4526 0   0.001911   0.001911   0.385984    0.053367   0.000000  -0.769573   0.000000   0.000000  -0.000020   0.000000   0.033600
       10.9389 0   0.001511   0.001511   0.345786    0.042763   0.000000  -0.715254   0.000000   0.000000   0.000000   0.000000   0.030282
       10.6440 0   0.000126   0.000126   0.352058    0.048692   0.000000  -0.738569   0.000000   0.000000   0.000000   0.000000   0.029717
       10.6853 0   0.000018   0.000018   0.384684    0.050983   0.000000  -0.765324   0.000000   0.000000   0.000000   0.000000   0.031183
       10.7089 0   0.000000   0.000000   0.352540    0.032391   0.000000  -0.765532   0.000000   0.000000   0.000000   0.000000   0.025544
       10.6164 0   0.000253   0.000253   0.320833    0.056720   0.000000  -0.727023   0.000000   0.000000   0.000000   0.000000   0.027460
       10.4557 0   0.001865   0.001865   0.336333    0.051954   0.000000  -0.731826   0.000000   0.000000   0.000000   0.000000   0.026678
       10.9292 0   0.001386   0.001386   0.324813    0.051981   0.000000  -0.650090   0.000000   0.000000   0.000000   0.000000   0.026982
       11.0231 0   0.002828   0.002828   0.364332    0.048005   0.000000  -0.677437   0.000000   0.000000   0.000000   0.000000   0.028004
       10.6136 0   0.000268   0.000268   0.323246    0.049600   0.000000  -0.630460   0.000000   0.000000   0.000000   0.000000   0.031678
       10.4352 0   0.002178   0.002178   0.317495    0.037187   0.000000  -0.660383   0.000000   0.000000   0.000000   0.000000   0.027547
       11.0043 0   0.002499   0.002499   0.334884    0.044041   0.000000  -0.669162   0.000000   0.000000   0.000000   0.000000   0.030898
       10.6374 0   0.000152   0.000152   0.347116    0.035639   0.000000  -0.660216   0.000000   0.000000   0.000000   0.000000   0.030823
       10.5409 0   0.000825   0.000825   0.297688    0.048576   0.000000  -0.654276   0.000000   0.000000  -0.000000   0.000000   0.029164
       10.7726 0   0.000113   0.000113   0.279664    0.064874   0.000000  -0.668339   0.000000   0.000000   0.000000   0.000000   0.029224
       10.7779 0   0.000133   0.000133   0.313556    0.056606   0.000000  -0.703019   0.000000   0.000000   0.000000   0.000000   0.036856
       10.3965 0   0.002836   0.002836   0.343083    0.055049   0.000000  -0.755952   0.000000   0.000000   0.000000   0.000000   0.029337
       10.4733 0   0.001617   0.001617   0.366745    0.049123   0.000000  -0.746353   0.000000   0.000000   0.000000  -0.000000   0.030826
       10.6604 0   0.000071   0.000071   0.347031    0.040590   0.000000  -0.680044   0.000000   0.000000   0.000000   0.000000   0.026043
       10.4590 0   0.001817   0.001817   0.330573    0.037742   0.000000  -0.668502   0.000000   0.000000  -0.000006   0.000000   0.027111
       10.6463 0   0.000117   0.000117   0.330724    0.060703   0.000000  -0.732267   0.000000   0.000000   0.000000   0.000000   0.030365
       10.9663 0   0.001896   0.001896   0.300137    0.042038   0.000000  -0.691469   0.000000   0.000000   0.000000   0.000000   0.029492
       10.6912 0   0.000010   0.000010   0.339421    0.048062   0.000000  -0.709609   0.000000   0.000000   0.000000   0.000000   0.038017
       10.6390 0   0.000145   0.000145   0.376133    0.053897   0.000331  -0.733854   0.000000   0.000000   0.000000   0.000000   0.028152
       10.6009 0   0.000343   0.000343   0.441668    0.047433   0.000000  -0.742863   0.000000   0.000000   0.000000   0.000000   0.026574
       10.5877 0   0.000431   0.000431   0.352551    0.051360   0.000000  -0.693385   0.000000   0.000000  -0.001027   0.000000   0.031072
       10.7373 0   0.000022   0.000022   0.295382    0.046933   0.000000  -0.650050   0.000000   0.000000   0.000000   0.000000   0.028383
       10.8361 0   0.000459   0.000459   0.335742    0.052101   0.000000  -0.691166   0.000000   0.000000   0.000000   0.000000   0.030209
       10.6126 0   0.000274   0.000274   0.285661    0.049860   0.000000  -0.695178   0.000019   0.000000   0.000000   0.000000   0.033825
       10.8761 0   0.000796   0.000796   0.326480    0.043453   0.000000  -0.711835   0.000000   0.000000  -0.000038   0.000000   0.023804
       10.9391 0   0.001514   0.001514   0.331115    0.041548   0.000000  -0.746179   0.000000   0.000000   0.000000   0.000000   0.030807
       10.5602 0   0.000647   0.000647   0.364508    0.057240   0.000000  -0.708202   0.000000   0.000000   0.000000   0.000000   0.025224
       10.4814 0   0.001508   0.001508   0.325544    0.059167   0.000000  -0.661729   0.000000   0.000000   0.000000   0.000000   0.026358
       10.8907 0   0.000942   0.000942   0.352895    0.047737   0.000000  -0.699653   0.000000   0.000000   0.000000   0.000000   0.027668
       10.6171 0   0.000249   0.000249   0.373455    0.055971   0.000000  -0.775709   0.000000   0.000000   0.000000   0.000000   0.029354
       10.5406 0   0.000828   0.000828   0.317270    0.042706   0.000000  -0.752448   0.000000   0.000000   0.000000   0.000000   0.026322
       10.9054 0   0.001102   0.001102   0.293515    0.043708   0.000000  -0.752519   0.000794   0.000000   0.000000   0.000000   0.032073
       10.9214 0   0.001289   0.001289   0.331436    0.051652   0.000000  -0.807995   0.000000   0.000000   0.000000   0.000000   0.028629
       10.5846 0   0.000454   0.000454   0.313132    0.063278   0.000000  -0.756765   0.000000   0.000000   0.000000   0.000000   0.031021
       10.6797 0   0.000027   0.000027   0.380109    0.055412   0.000000  -0.828248   0.000433   0.000000   0.000000   0.000000   0.026758
       10.4514 0   0.001930   0.001930   0.293206    0.048414   0.000000  -0.757810   0.000000   0.000000   0.000000   0.000000   0.025811
       10.5363 0   0.000871   0.000871   0.289861    0.044228   0.000051  -0.738800   0.000000   0.000000   0.000000   0.000000   0.030264
       11.1414 0   0.005369   0.005369   0.343669    0.034729   0.000000  -0.727594   0.000000   0.000000   0.000000   0.000000   0.030906
       11.1065 0   0.004535   0.004535   0.391506    0.059887   0.000000  -0.813129   0.001353   0.000000   0.000000   0.000000   0.027059
       10.3505 0   0.003729   0.003729   0.353629    0.035127   0.000021  -0.731088   0.000000   0.000000  -0.000000   0.000000   0.029471
       10.7364 0   0.000020   0.000020   0.341948    0.056649   0.000000  -0.755855   0.000000   0.000000   0.000000   0.000000   0.027381
       10.8230 0   0.000368   0.000368   0.291909    0.073103   0.000000  -0.723297   0.000017   0.000000   0.000000  -0.006278   0.027937
       10.6408 0   0.000138   0.000138   0.320396    0.049999   0.000000  -0.718743   0.000000   0.000000   0.000000   0.000000   0.030245
       11.0244 0   0.002852   0.002852   0.328403    0.046435   0.000000  -0.731832   0.000000   0.000000   0.000000   0.000000   0.029545
       10.4020 0   0.002737   0.002737   0.334778    0.043502   0.000000  -0.736466   0.000000   0.000000   0.000000   0.000000   0.026936
       10.5460 0   0.000776   0.000776   0.311363    0.073253   0.000000  -0.791983   0.000000   0.000000   0.000000   0.000000   0.027131
       10.6514 0   0.000099   0.000099   0.330649    0.067823   0.000000  -0.767084   0.000000   0.000000   0.000000   0.000000   0.031229
       10.9297 0   0.001392   0.001392   0.306901    0.050738   0.000000  -0.687718   0.000000   0.000000   0.000000   0.000000   0.030775
       10.6381 0   0.000149   0.000149   0.318302    0.047500   0.003228  -0.711591   0.000000   0.000000  -0.001368   0.000000   0.026076
       10.8037 0   0.000253   0.000253   0.341441    0.055541   0.000000  -0.725419   0.000000   0.000000   0.000000   0.000000   0.027751
       10.8419 0   0.000502   0.000502   0.364637    0.053440   0.000000  -0.731727   0.000000   0.000000   0.000000   0.000000   0.027213
       10.5237 0   0.001001   0.001001   0.326740    0.078101   0.000000  -0.781992   0.000000   0.000000   0.000000   0.000000   0.029508
       10.8908 0   0.000943   0.000943   0.329073    0.056301   0.000000  -0.731279   0.000000   0.000000   0.000000   0.000000   0.023088
       10.7593 0   0.000070   0.000070   0.340618    0.045384   0.000000  -0.735001   0.000000   0.000000   0.000000   0.000000   0.027879
       10.9803 0   0.002107   0.002107   0.402171    0.057125   0.000000  -0.783845   0.000000   0.000000   0.000000   0.000000   0.029334
       10.9693 0   0.001939   0.001939   0.341128    0.059131   0.000000  -0.681057   0.000000   0.000000   0.000000   0.000000   0.028579
       10.8153 0   0.000320   0.000320   0.377720    0.047446   0.000000  -0.693731   0.000000   0.000000   0.000000   0.000000   0.026472
       10.6934 0   0.000008   0.000008   0.349151    0.045508   0.000000  -0.683478   0.000000   0.000000  -0.000000   0.000000   0.031753
       10.6125 0   0.000274   0.000274   0.342366    0.052607   0.000000  -0.658038   0.000000   0.000000   0.000000   0.000000   0.028991
       10.5072 0   0.001186   0.001186   0.334333    0.046619   0.000000  -0.725670   0.000000   0.000000   0.000000   0.000000   0.030329
       10.6485 0   0.000109   0.000109   0.331995    0.043834   0.000000  -0.730034   0.000000   0.000000   0.000000   0.000000   0.026436
       10.7295 0   0.000011   0.000011   0.342848    0.051788   0.000000  -0.720134   0.000512   0.000000  -0.000000   0.000000   0.033860
       10.4851 0   0.001459   0.001459   0.370408    0.053371   0.000000  -0.741807   0.000000   0.000000   0.000000   0.000000   0.033050
       10.4320 0   0.002229   0.002229   0.316453    0.079394   0.000000  -0.742125   0.000000   0.000000   0.000000   0.000000   0.025089
       10.7737 0   0.000117   0.000117   0.259520    0.060643   0.000000  -0.682824   0.000000   0.000000   0.000000   0.000000   0.029436
       10.5787 0   0.000498   0.000498   0.307862    0.046985   0.000000  -0.723562   0.000000   0.000000   0.000000   0.000000   0.033822
       10.6403 0   0.000140   0.000140   0.295714    0.074937   0.000000  -0.773096   0.000000   0.000000   0.000000   0.000000   0.026800
       10.7699 0   0.000103   0.000103   0.299335    0.073357   0.000000  -0.787646   0.000000   0.000000   0.000000   0.000000   0.025347
       10.7632 0   0.000082   0.000082   0.302818    0.041218   0.000000  -0.783946   0.000000   0.000000   0.000000   0.000000   0.029505
       10.6272 0   0.000198   0.000198   0.282143    0.052768   0.000218  -0.723399   0.000000   0.000000  -0.000224   0.000000   0.028535
       10.7333 0   0.000016   0.000016   0.294835    0.039743   0.000000  -0.785568   0.000000   0.000000   0.000000   0.000000   0.029383
       10.9525 0   0.001697   0.001697   0.291547    0.062210   0.000000  -0.756969   0.000000   0.000000  -0.000000   0.000000   0.024929
       10.7359 0   0.000019   0.000019   0.270825    0.052000   0.000000  -0.754618   0.000000   0.000000   0.000000   0.000000   0.028810
       10.7398 0   0.000026   0.000026   0.312711    0.050255   0.000000  -0.752057   0.000000   0.000000   0.000000   0.000000   0.026314
       10.5462 0   0.000774   0.000774   0.368264    0.062159   0.000000  -0.794346   0.000000   0.000000  -0.000000   0.000000   0.028821
       10.6478 0   0.000112   0.000112   0.322429    0.054969   0.000000  -0.706933   0.000196   0.000000   0.000000   0.000000   0.029245
       10.5237 0   0.001001   0.001001   0.333739    0.047083   0.000000  -0.712149   0.000000   0.000000   0.000000   0.000000   0.032777
       10.7508 0   0.000048   0.000048   0.321293    0.060302   0.000000  -0.689136   0.000000   0.000000   0.000000   0.000000   0.027084
       10.8868 0   0.000902   0.000902   0.317520    0.037359   0.000000  -0.690891   0.000000   0.000000   0.000000   0.000000   0.023132
       10.6715 0   0.000043   0.000043   0.358537    0.053782   0.000000  -0.774997   0.000000   0.000000   0.000000   0.000000   0.032181
       10.5404 0   0.000830   0.000830   0.355730    0.073278   0.000000  -0.806068   0.000000   0.000000   0.000000   0.000000   0.023808
       10.7001 0   0.000003   0.000003   0.319480    0.054403   0.000000  -0.729560   0.000000   0.000000   0.000000   0.000000   0.029490
       10.6895 0   0.000012   0.000012   0.297468    0.042386   0.000000  -0.756557   0.000000   0.000000   0.000000   0.000000   0.028060
       10.8988 0   0.001028   0.001028   0.336171    0.051004   0.000000  -0.769924   0.000000   0.000000   0.000000   0.000000   0.028583
       10.5079 0   0.001178   0.001178   0.339122    0.044796   0.000000  -0.746387   0.000000   0.000000   0.000000   0.000000   0.027535
       10.5810 0   0.000480   0.000480   0.370080    0.057800   0.000000  -0.718002   0.000000   0.000000   0.000000   0.000000   0.033822
       10.4329 0   0.002215   0.002215   0.379089    0.046426   0.000000  -0.771999   0.000000   0.000000   0.000000   0.000000   0.027033
       10.8855 0   0.000889   0.000889   0.308643    0.045109   0.000000  -0.731365   0.000000   0.000000   0.000000   0.000000   0.027628
       10.5689 0   0.000574   0.000574   0.329975    0.043086   0.000000  -0.705918   0.000000   0.000000  -0.000080  -0.009379   0.028499
       10.7281 0   0.000009   0.000009   0.389894    0.046899   0.001249  -0.780634   0.000000   0.000000   0.000000   0.000000   0.023659
       11.0411 0   0.003162   0.003162   0.355299    0.042405   0.000000  -0.734964   0.001822   0.000000   0.000000   0.000000   0.030334
       10.5742 0   0.000532   0.000532   0.355784    0.046649   0.000000  -0.736216   0.000000   0.000000   0.000000   0.000000   0.027013
       10.6260 0   0.000203   0.000203   0.339035    0.044951   0.000000  -0.717337   0.000000   0.000000   0.000000   0.000000   0.029710
       10.8267 0   0.000393   0.000393   0.316791    0.067412   0.000779  -0.717399   0.000202   0.000000   0.000000   0.000000   0.030275
       10.7281 0   0.000009   0.000009   0.369552    0.050739   0.000000  -0.720648   0.000000   0.000000   0.000000   0.000000   0.027338
       10.4822 0   0.001497   0.001497   0.340375    0.038353   0.000000  -0.714122   0.000000   0.000000  -0.000220   0.000000   0.024857
       10.4911 0   0.001382   0.001382   0.317032    0.059570   0.000000  -0.750817   0.000000   0.000000   0.000000   0.000000   0.026100
       10.8167 0   0.000328   0.000328   0.320314    0.038249   0.000000  -0.799597   0.000000   0.000000   0.000000   0.000000   0.028065
       10.6540 0   0.000091   0.000091   0.288236    0.060257   0.000000  -0.761934   0.000000   0.000000   0.000000   0.000000   0.028344
       10.8738 0   0.000774   0.000774   0.316501    0.047087   0.000000  -0.737662   0.000000   0.000000   0.000000   0.000000   0.028003
       10.4463 0   0.002006   0.002006   0.300763    0.031340   0.000000  -0.704648   0.000000   0.000000   0.000000   0.000000   0.026726
       10.7041 0   0.000001   0.000001   0.329207    0.048814   0.000000  -0.726746   0.000085  -0.000003   0.000000   0.000000   0.034060
       10.9497 0   0.001658   0.001658   0.333416    0.055818   0.000000  -0.726158   0.000000   0.000000   0.000000   0.000000   0.029231
       10.8285 0   0.000405   0.000405   0.345316    0.050951   0.000000  -0.708541   0.000000   0.000000   0.000000   0.000000   0.028818
       10.8783 0   0.000817   0.000817   0.332366    0.061113   0.000000  -0.691032   0.000000   0.000000   0.000000   0.000000   0.029927
       10.6802 0   0.000026   0.000026   0.352379    0.068074   0.000000  -0.727235   0.000000   0.000000  -0.000035   0.000000   0.025583
       10.6941 0   0.000007   0.000007   0.378008    0.045441   0.000000  -0.712450   0.000000   0.000000   0.000000   0.000000   0.029333
       10.9580 0   0.001774   0.001774   0.384664    0.044664   0.000000  -0.666164   0.000000   0.000000  -0.000001   0.000000   0.030226
       10.5216 0   0.001024   0.001024   0.325029    0.049816   0.000000  -0.621476   0.000000   0.000000  -0.000000   0.000000   0.033259
       10.6657 0   0.000057   0.000057   0.340618    0.042418   0.000000  -0.641785   0.000000   0.000000   0.000000   0.000000   0.034976
       11.0404 0   0.003148   0.003148   0.385929    0.049296   0.000000  -0.675391   0.000000   0.000000   0.000000   0.000000   0.026332
       10.7377 0   0.000022   0.000022   0.378787    0.060717   0.000000  -0.705508   0.000000   0.000000   0.000000   0.000000   0.025024
       10.9707 0   0.001960   0.001960   0.378099    0.062754   0.000000  -0.718268   0.000000   0.000000   0.000000   0.000000   0.026780
       10.5480 0   0.000757   0.000757   0.385962    0.048751   0.000331  -0.685656   0.000000   0.000000   0.000000   0.000000   0.026754
       10.8316 0   0.000426   0.000426   0.356217    0.044045   0.000000  -0.701661   0.000000   0.000000   0.000000   0.000000   0.032836
       10.8418 0   0.000501   0.000501   0.320304    0.057424   0.000000  -0.722903   0.000000   0.000000   0.000000   0.000000   0.028207
       10.6483 0   0.000110   0.000110   0.280438    0.080847   0.000000  -0.678873   0.000000   0.000000   0.000000   0.000000   0.030131
       10.9034 0   0.001079   0.001079   0.316618    0.042326   0.000000  -0.653792   0.000000   0.000000   0.000000   0.000000   0.029375
       10.6173 0   0.000248   0.000248   0.325515    0.028730   0.000000  -0.705494   0.000000   0.000000   0.000000   0.000000   0.027346
       10.4448 0   0.002028   0.002028   0.317810    0.053816   0.007042  -0.682403   0.000000   0.000000   0.000000   0.000000   0.028512
       10.8850 0   0.000884   0.000884   0.315583    0.036723   0.000000  -0.716708   0.000000   0.000000   0.000000   0.000000   0.028458
       10.9644 0   0.001867   0.001867   0.301214    0.038614   0.000146  -0.785261   0.000000   0.000000   0.000000   0.000000   0.028624
       10.7281 0   0.000009   0.000009   0.335134    0.054028   0.000000  -0.787050   0.000000   0.000000   0.000000   0.000000   0.028371
       10.3243 0   0.004290   0.004290   0.354594    0.065501   0.000000  -0.822594   0.000000   0.000000   0.000000   0.000000   0.030144
       10.7632 0   0.000082   0.000082   0.343014    0.028905   0.000000  -0.765075   0.000000   0.000000   0.000000   0.000000   0.026091
       10.5167 0   0.001078   0.001078   0.320269    0.049790   0.000000  -0.769828   0.000000   0.000000   0.000000   0.000000   0.032790
       10.8658 0   0.000700   0.000700   0.298756    0.037786   0.000003  -0.760791   0.000000   0.000000   0.000000   0.000000   0.027436
       10.7472 0   0.000040   0.000040   0.306352    0.069579   0.000000  -0.769097   0.000000   0.000000  -0.000004   0.000000   0.032553
       10.5483 0   0.000755   0.000755   0.357777    0.063717   0.000000  -0.811661   0.000000   0.000000   0.000000   0.000000   0.034690
       10.7023 0   0.000002   0.000002   0.286537    0.049102   0.000000  -0.733710   0.000000   0.000000   0.000000   0.000000   0.032350
       10.7742 0   0.000119   0.000119   0.330088    0.037503   0.001437  -0.758263   0.000000   0.000000   0.000000   0.000000   0.024267
       10.5075 0   0.001182   0.001182   0.319348    0.052217   0.000000  -0.740353   0.000000   0.000000  -0.000271   0.000000   0.030864
       10.8629 0   0.000675   0.000675   0.334037    0.047987   0.000084  -0.739955   0.000000   0.000000  -0.001642   0.000000   0.035606
       10.4275 0   0.002302   0.002302   0.362270    0.048116   0.000000  -0.799341   0.000000   0.000000   0.000000   0.000000   0.027401
       10.7870 0   0.000171   0.000171   0.320888    0.060207   0.000000  -0.753521   0.000438   0.000000   0.000000   0.000000   0.030000
       10.5597 0   0.000651   0.000651   0.361226    0.026180   0.000000  -0.719260   0.000000   0.000000   0.000000   0.000000   0.028091
       10.5523 0   0.000717   0.000717   0.320419    0.076988   0.000000  -0.731657   0.001291   0.000000   0.000000   0.000000   0.027790
       11.1227 0   0.004914   0.004914   0.377015    0.064689   0.000000  -0.738360   0.000000   0.000000   0.000000   0.000000   0.026760
       10.5348 0   0.000885   0.000885   0.293410    0.059083   0.000000  -0.677795   0.000000   0.000000   0.000000   0.000000   0.035240
       10.5317 0   0.000917   0.000917   0.315978    0.060644   0.000297  -0.638365   0.000000   0.000000   0.000000   0.000000   0.026862
       10.8763 0   0.000798   0.000798   0.327237    0.042610   0.000000  -0.610063   0.000000   0.000000   0.000000   0.000000   0.033489
       10.7792 0   0.000138   0.000138   0.328113    0.047883   0.000000  -0.614355   0.000000   0.000000   0.000000   0.000000   0.027260
       10.7080 0   0.000000   0.000000   0.369957    0.048309   0.000000  -0.558995   0.000000   0.000000   0.000000   0.000000   0.028294
       10.8738 0   0.000774   0.000774   0.316040    0.043596   0.000000  -0.537679   0.000000   0.000000   0.000000   0.000000   0.027071
       10.3227 0   0.004327   0.004327   0.329115    0.054191   0.000000  -0.608380   0.000000  -0.000000  -0.000394   0.000000   0.034893
       10.6980 0   0.000004   0.000004   0.321622    0.039160   0.000170  -0.614820   0.000000   0.000000   0.000000   0.000000   0.028757
       10.4842 0   0.001471   0.001471   0.321454    0.048002   0.000000  -0.630899   0.000000   0.000000   0.000000   0.000000   0.029251
       10.8463 0   0.000536   0.000536   0.334087    0.050587   0.000000  -0.611857   0.000000   0.000000   0.000000   0.000000   0.029979
       10.4762 0   0.001577   0.001577   0.299233    0.055105   0.000000  -0.659013   0.000000   0.000000   0.000000   0.000000   0.033805
       10.4796 0   0.001531   0.001531   0.327220    0.032439   0.000000  -0.656577   0.000097   0.000000   0.000000  -0.008623   0.030223
       10.9597 0   0.001798   0.001798   0.310937    0.046282   0.004727  -0.614120   0.000000   0.000000   0.000000  -0.000846   0.026208
       10.7214 0   0.000004   0.000004   0.331972    0.047180   0.000000  -0.603801   0.000010   0.000000   0.000000   0.000000   0.029212
       10.4202 0   0.002423   0.002423   0.293979    0.064775   0.000000  -0.608164   0.000000   0.000000  -0.000000   0.000000   0.026532
       10.7385 0   0.000024   0.000024   0.310552    0.054732   0.000000  -0.597529   0.000000  -0.015155  -0.005012   0.000000   0.029649
       10.6210 0   0.000228   0.000228   0.342050    0.038909   0.000000  -0.646630   0.000000   0.000000   0.000000   0.000000   0.026298
       10.6428 0   0.000130   0.000130   0.288442    0.045387   0.000000  -0.641229   0.000000   0.000000   0.000000   0.000000   0.033466
       11.0820 0   0.003991   0.003991   0.288672    0.051783   0.000000  -0.695769   0.000000   0.000000   0.000000   0.000000   0.028368
       10.7970 0   0.000219   0.000219   0.315622    0.054521   0.000000  -0.702695   0.000000   0.000000   0.000000   0.000000   0.026623
       10.9732 0   0.001998   0.001998   0.292794    0.040673   0.000000  -0.635309   0.000000   0.000000   0.000000   0.000000   0.028159
