0.26923006479839173 
0.23165511889722856 
0.26923064445437006 
0.269229230038567 
0.2692287977998175 
0.2692282218771157 
0.2692306570144903 
0.23076885494938032 
0.19233781358708255 
0.19230750853781112 
0.18807375172935417 
0.2307469153736334 
0.19295554500340223 
0.19230671346560982 
0.19230744398702845 
0.23054602252861797 
0.1923075391773154 
0.23058458753845662 
0.1538436936042074 
0.11538458165411103 
3.992493880604225e-155 
3.039382469242176e-205 
1.2674456490064525e-214 
1.650301971216326e-153 
4.3517348440524886e-133 
6.051664584931539e-137 
4.824691154261687e-131 
5.019109172085571e-105 
4.950640919489137e-106 
7.245640502634312e-173 
1.6555871341450364e-190 
1.0493344031068546e-162 
1.474099174166308e-181 
3.381002811468944e-181 
2.8470556750644628e-114 
7.176356822269024e-115 
6.4973675094036785e-130 
2.117827239756442e-200 
1.298584845819927e-203 
1.0196650739889398e-177 
3.950638372142747e-147 
3.968710588384527e-152 
9.633648783522724e-197 
3.825388232710933e-155 
4.155765298843534e-103 
1.749433702232391e-65 
5.8567168205931946e-220 
5.610181134311005e-214 
5.627015287025105e-153 
6.0239407601400115e-87 
1.4792813110155483e-192 
4.8609184578877424e-178 
9.923332128719823e-197 
8.412861146601208e-96 
7.359468309790805e-56 
2.872488359333467e-107 
3.8912880525962446e-93 
3.211391299041581e-169 
3.6448846310780656e-163 
3.90083829286089e-163 
9.616219605750781e-93 
5.40377543145061e-120 
8.443977158052546e-170 
1.1682918801705507e-185 
1.4267663368386648e-180 
2.671006194921379e-212 
4.0531644512397873e-171 
1.2862161584677766e-150 
5.436488751379175e-125 
1.480140684581843e-160 
9.371473809019883e-78 
1.2005498615889588e-83 
8.168747120376202e-171 
4.5261779250158994e-133 
4.1849860295530603e-200 
1.0003406886108427e-209 
2.028701611202072e-190 
7.915413320578436e-142 
8.05318340022753e-192 
1.0341521240015864e-166 
1.3404863280971367e-218 
9.492981293925799e-206 
2.9618200102517746e-197 
4.663370104300069e-192 
1.32991114385309e-200 
1.023044334733933e-202 
8.60090795775484e-142 
2.0055187719420018e-132 
3.0617280572056023e-186 
3.6347181057629586e-167 
4.3352043134124057e-181 
1.1139562530215983e-197 
7.113403306925282e-141 
6.7126354564298e-131 
2.2961289331084972e-217 
1.0272290689818213e-155 
4.0365597185430656e-200 
4.850006096295849e-211 
1.6585455043864992e-190 
6.3006064099643e-195 
6.333735632222018e-230 
7.42946897683773e-166 
2.2524616445292663e-191 
1.3130847875881844e-199 
1.1999395072635766e-76 
1.0343416807135561e-103 
9.865864307878746e-148 
8.918632495931065e-178 
9.106781247803525e-215 
7.970924802870805e-145 
2.842531822755369e-194 
9.44836320191421e-114 
4.275235631045648e-111 
1.7884759414829698e-171 
9.816919487981497e-209 
1.613804661922001e-201 
7.5290167098143335e-177 
3.4288209457815945e-219 
1.8012894839497033e-160 
3.959410331002237e-179 
2.0547363051499586e-228 
1.637986810372276e-159 
8.46770796140241e-90 
3.647924842344244e-174 
2.1681973553851e-184 
3.527055426982063e-133 
4.3930345509578326e-179 
4.800093664671528e-172 
5.1275157175842723e-194 
1.2617743482185514e-169 
1.3565248461104958e-143 
9.129773944130354e-115 
6.987991608899218e-163 
7.902921067304812e-190 
4.425196577645815e-146 
2.247595806979166e-202 
1.1671489318221218e-142 
1.0357179998679127e-167 
6.003042615486272e-180 
2.23827856460889e-164 
3.0667996220054504e-200 
2.939227625964791e-203 
4.280340585290437e-188 
1.011597811455931e-195 
1.373803368586329e-200 
6.513597729071278e-158 
7.826734176238321e-178 
8.992702892863564e-175 
3.6393897048509605e-161 
2.458941922869112e-208 
8.005492705931725e-202 
7.911458189042901e-162 
1.0098895347833049e-171 
1.8075192133684763e-231 
2.8334113345212916e-169 
1.2677996429370122e-183 
2.3172874551320154e-59 
4.684446109269553e-161 
9.670173392623449e-71 
9.911510525520035e-171 
6.7695217502779675e-195 
4.9950573402726015e-201 
6.831813696742121e-115 
9.195163808231074e-142 
4.0735995029992724e-131 
4.989998526596728e-193 
1.8226285904815612e-191 
8.916909632296753e-160 
3.286809115943412e-162 
3.7257533161975273e-196 
3.686901012797512e-174 
1.787282409060153e-186 
1.1108961257795407e-179 
8.901384378838948e-180 
4.621332842477206e-217 
5.512673955092051e-174 
4.3616443743184155e-166 
4.07393589228021e-91 
3.929332420982297e-126 
5.208996642219275e-217 
2.907694501809716e-79 
6.55742487798161e-64 
2.4601933962412807e-164 
5.715772731991389e-175 
1.2161005611597832e-80 
2.1099179968054404e-116 
1.36252508571448e-219 
1.3395758261679426e-190 
7.886333712681607e-176 
2.1773371925693774e-137 
2.2215904962181845e-103 
8.166934644093708e-189 
3.8404529109888464e-174 
6.680129391215712e-221 
3.641397781172132e-169 
6.42392701074672e-137 
4.205433778216528e-215 
3.136138977537117e-159 
4.067925523503722e-115 
6.355127504068474e-188 
4.245840883937644e-244 
1.4774774557589972e-147 
4.982305784081002e-154 
1.818057326111247e-167 
8.859941220641126e-155 
6.063475584901788e-232 
1.0838819967802653e-187 
5.2574907922739586e-182 
1.0409086523951095e-145 
4.940215285610658e-169 
1.1602594772526513e-142 
1.9939816083788577e-147 
1.1624255659660939e-146 
3.729559984538895e-190 
6.390462920247354e-194 
1.2340824028467373e-153 
3.389899750987122e-207 
1.120586565933643e-157 
1.1967174508047722e-170 
3.2311628939945924e-147 
2.516116847290047e-193 
8.89849531423017e-202 
4.203538296708014e-202 
1.6557605978258444e-197 
2.5505460139511624e-176 
1.8797015417909062e-204 
3.001234588102023e-210 
3.017121293794955e-185 
2.74470866641674e-199 
4.8358169659368655e-166 
2.0957060061531362e-135 
3.981619473654191e-68 
1.1184366019112022e-131 
2.8734467039263284e-159 
2.1177757079587687e-186 
1.6822744483961328e-196 
7.856462698826777e-192 
1.0068050283892282e-206 
3.907869246375652e-197 
2.003526143552515e-197 
2.8074536516981197e-121 
1.4292248669819027e-83 
2.8943407211669136e-129 
1.015881150825884e-192 
1.26457420178055e-153 
2.704866192433045e-184 
2.1550261211293368e-103 
5.782675638659286e-167 
1.286122993789944e-100 
1.9929730193952706e-217 
9.516589218215728e-119 
7.613227922531157e-51 
2.9192643030154915e-129 
4.756515331787413e-167 
1.9078309728489965e-169 
1.6552429442786478e-136 
6.995692182851361e-174 
8.9680944126327e-114 
1.3422811606180218e-207 
5.253258189286742e-110 
1.1324769006653027e-95 
2.721002615178568e-189 
9.220174281033593e-216 
3.1135428759646553e-149 
9.140032475862246e-159 
3.1664036526722473e-202 
1.2568377195026168e-122 
3.914476525037414e-181 
3.5266775314007673e-214 
8.602098323995235e-201 
5.1128696976151907e-200 
4.200331254900646e-180 
2.859593729314223e-175 
9.325732638834803e-199 
1.4575949624567289e-218 
8.954529291775022e-213 
1.798499639249014e-178 
1.2600121929373405e-142 
2.8517614529598072e-192 
7.245104826821157e-201 
1.1437005862432827e-159 
7.420880510720344e-156 
1.0739805444306888e-71 
1.192528466750477e-188 
5.719402874450192e-152 
2.009735705244645e-196 
5.72072205977178e-223 
2.9983172020019084e-236 
7.013495013098842e-147 
1.3291654111102701e-158 
1.6741233885359114e-180 
9.397322438984314e-182 
1.732663634037164e-134 
1.5734895402916412e-87 
5.455819957731317e-123 
8.92653043115024e-190 
3.135422149682029e-172 
2.4615168270053447e-160 
1.537885359906905e-174 
1.5768788476579487e-153 
2.1037833548697887e-154 
1.7081813866704494e-52 
4.010379997534692e-161 
1.1322700628378311e-217 
2.010916637680085e-151 
1.5000376855237225e-174 
5.3608217337480344e-133 
6.5613595429351815e-111 
8.758021293130817e-142 
7.195123590295496e-147 
3.467512804178355e-180 
2.154913957478541e-197 
2.559687607519101e-232 
8.568486527626373e-171 
1.242225567866331e-175 
4.740072974705968e-95 
1.0016680355540511e-96 
1.6487156254183135e-125 
5.776583778670577e-152 
7.836535267913272e-152 
6.477823933563567e-153 
1.0900590460799326e-165 
3.573971956033556e-125 
2.25841279810025e-191 
2.185158817857718e-184 
4.7386574113983733e-169 
2.898244210028026e-180 
2.9787509071257668e-167 
1.664675327508244e-183 
2.2289908873034823e-180 
2.188213775416935e-177 
8.214928874446659e-159 
2.7922932159206197e-157 
1.6680462978950467e-65 
4.028780388402998e-148 
5.886365074011018e-199 
1.1521074810808377e-205 
1.8996779469304715e-177 
1.6364510568441207e-136 
1.2749414614749055e-195 
7.408805441854184e-184 
2.76154154202196e-197 
5.627453185121595e-176 
8.629986647933219e-111 
9.121020482872089e-153 
5.032661729851032e-218 
1.7757777767564523e-176 
1.345414750853408e-207 
2.917667322565348e-131 
4.540966819053153e-213 
9.467273317367685e-193 
5.744060013254152e-203 
3.3736787463533667e-183 
7.487437404436717e-178 
5.910411131196023e-179 
4.847660084059791e-212 
1.1982819958895168e-251 
8.744835135073969e-117 
2.7885511596026024e-59 
2.1889763615418748e-129 
2.0272745942026833e-217 
2.786202478193868e-246 
8.332861818747256e-196 
1.4225997007606927e-217 
6.887543709542987e-136 
3.7068521114231853e-177 
6.413965437640801e-155 
3.788567475268862e-102 
3.1134192302917737e-93 
4.682234704021972e-115 
3.856748981922969e-194 
2.995834027771231e-191 
1.1657247200279791e-225 
1.018628273827372e-185 
1.4616348171058756e-145 
5.574781305893141e-152 
9.93330914516856e-184 
1.767502117300908e-170 
4.496802692208552e-153 
8.940002471058519e-201 
9.673972592663603e-166 
3.0361950375544854e-206 
6.4476785833628715e-198 
4.084422652019133e-218 
9.34441293936307e-189 
1.2718118593732417e-237 
8.134157681284487e-59 
1.0699498897105615e-104 
4.805174901674162e-177 
1.1869143355000251e-148 
9.031253003987439e-219 
2.6685038628252406e-90 
1.0561275004490745e-233 
4.128724590864132e-218 
1.0481091161856325e-176 
1.883267320639761e-92 
2.8474193756914557e-192 
3.219559757422041e-190 
2.3812849026846142e-191 
6.8639292781979e-109 
3.2424837467029735e-177 
5.583102929819356e-161 
1.3821131750842666e-157 
3.4623536516067107e-91 
5.2727244436678485e-104 
6.839352451317913e-188 
3.5046310550339894e-155 
4.288845289552649e-195 
1.5640044836804182e-222 
2.9235168152107342e-154 
4.818779932135788e-93 
6.001415907959385e-161 
1.409195211377698e-207 
1.3967292156514588e-218 
4.9433805595791335e-229 
1.360970627430647e-166 
2.9218146640278588e-154 
6.377470328405217e-177 
2.253680971217465e-194 
9.906671989723795e-194 
3.992653930986201e-182 
4.178993537257289e-201 
1.4858901780765981e-177 
3.576594427986802e-101 
1.1188748234342963e-199 
2.7084716808663175e-191 
7.116289817406043e-156 
1.9045480836072555e-135 
6.68247437205582e-151 
3.905640583181929e-189 
5.772006861757975e-140 
4.163662977052576e-187 
2.9220912493461467e-194 
9.321116374743372e-235 
2.705782494235973e-211 
3.799266882617315e-195 
3.685223788434216e-197 
7.346028097927681e-159 
8.065648619919288e-214 
2.208744592484677e-198 
1.525646820394254e-187 
1.2045995177904642e-198 
1.2241999644701292e-187 
9.70684154286911e-234 
1.0654188035240903e-195 
1.0885864406173551e-205 
6.135411901176371e-196 
2.3771491372779147e-195 
2.6811122319296935e-218 
9.882112336880392e-197 
6.541356676001509e-159 
2.0844221519960024e-215 
4.922173752096229e-199 
2.0540762346179467e-165 
6.889138258115626e-143 
3.8659918713154825e-220 
7.909945184328837e-207 
3.364142065002189e-191 
3.142042998902884e-131 
6.113580944456383e-182 
2.7574028200362455e-217 
9.736283019640206e-204 
1.8900734435951792e-172 
2.0873757672095933e-169 
6.635727104819502e-171 
7.102248701339829e-172 
1.334768706444872e-205 
5.708359332115978e-131 
5.4799468087969074e-211 
1.0991420048802478e-208 
2.4825859583693314e-153 
1.06911424193736e-205 
3.140405804424684e-142 
1.3591410849267158e-139 
1.3031909261572562e-46 
1.2131373512102407e-41 
3.3960269484208963e-116 
2.8851695243311327e-121 
3.073903932235629e-63 
4.14534393054543e-118 
2.2461480620787873e-87 
5.1891572525057925e-124 
2.680271717077011e-176 
1.0999336810201155e-212 
3.9549072715092354e-215 
3.989611248572705e-154 
2.793180689759158e-169 
1.599558681300299e-202 
3.378968309311601e-97 
4.1895203967084173e-110 
8.984123351607716e-195 
1.6837324845861666e-211 
1.474381656878332e-88 
3.797308047398508e-185 
2.3212114010355094e-183 
6.795315028964354e-206 
2.25095318555961e-175 
9.640999645240281e-179 
4.2377134293458544e-173 
1.710988217956485e-194 
4.1265037724558624e-203 
1.0827469200355992e-148 
4.1622013489334304e-151 
6.360618023775115e-106 
4.736190276770832e-160 
2.2402821691903077e-202 
4.197866258664439e-200 
1.7829822370550622e-139 
8.914686159049106e-173 
7.475060151957556e-214 
2.878308107924403e-141 
1.311822217705131e-102 
5.054513154122061e-184 
5.4205888219360454e-139 
1.5862105048195743e-178 
1.4365592054773496e-217 
2.8027369164338063e-184 
4.53824106252393e-167 
7.023980925386881e-197 
6.304402316537954e-178 
1.412714381538607e-203 
3.9577491553139446e-184 
1.0360912300186705e-200 
1.805132241591219e-184 
8.075043664540827e-253 
3.83598948732135e-188 
5.6713126259373085e-173 
1.6784192637745334e-184 
7.282563226490884e-134 
2.254915001242565e-205 
6.342064842223772e-218 
7.972900525893044e-193 
4.675167689598983e-207 
1.197445482937131e-177 
1.6188532889997615e-191 
1.0659900486137945e-215 
3.663564101706199e-189 
1.5468675810458908e-139 
8.203983878611238e-158 
9.577535285748698e-110 
4.319523180054084e-164 
2.203229968247409e-218 
7.403248661790351e-205 
6.1112759463336524e-183 
9.423067478485154e-198 
4.193967524526468e-193 
2.2211318604787103e-194 
4.8126151669116104e-191 
2.723947301060046e-174 
1.1652791321195828e-170 
1.3617056679178882e-169 
2.5317146924383225e-219 
6.097802863567671e-169 
1.4254327772139538e-153 
2.5667975386001586e-133 
3.52498808539038e-110 
1.9876575675231832e-174 
8.853468213306987e-183 
2.0514632362620108e-145 
3.3378412642230647e-139 
8.406199767629739e-140 
2.3413520130209266e-214 
4.881847183199969e-204 
8.503706785852082e-163 
2.6313724151539914e-119 
2.0077410037915568e-172 
6.129711536165989e-150 
3.0263194436054727e-193 
4.2912895214215884e-198 
2.005103762272937e-176 
4.378854475377328e-183 
1.558418284897421e-214 
6.634253352257598e-144 
5.5436675786743475e-157 
6.447800042013915e-212 
1.34814493242648e-117 
3.223640724487343e-98 
4.543230834817534e-174 
3.5610260580620085e-156 
3.5211217039885294e-172 
1.3270888066079227e-191 
1.2057530704907083e-199 
3.311579821865056e-213 
4.502861878580909e-177 
1.4582746130610707e-181 
3.858382379669993e-169 
9.975274816844931e-188 
2.764261991164256e-216 
2.0390863019928673e-168 
9.754105392368548e-192 
5.0647268663310725e-186 
9.796751614882647e-221 
2.6882566600858386e-211 
2.238713173104796e-128 
3.395420179909925e-115 
1.4730195481123733e-182 
3.15986713287773e-140 
3.586998193196197e-142 
8.430732270450197e-149 
5.85836003915683e-143 
4.3212330268171347e-134 
2.6624308511401037e-194 
6.01023186182553e-147 
7.7240604330557265e-149 
3.300557953458584e-153 
8.1760540499960675e-196 
1.1656823265462436e-180 
5.0671341750100334e-142 
2.7318403863870257e-177 
1.1743378656624194e-201 
1.0604643678587529e-184 
1.6354634920104997e-180 
1.0639079700159186e-141 
1.210328930870095e-203 
2.398620604481102e-91 
1.540874737673625e-159 
1.7840783791284612e-182 
2.6645209133620987e-191 
8.803818383822079e-186 
1.3909101925249947e-196 
1.4152020217023963e-173 
8.742958895510101e-208 
2.030430943307379e-220 
4.802339169347081e-174 
1.364097645445268e-97 
4.230437436963637e-172 
2.7949235642911525e-205 
1.0540686324715922e-172 
1.1520485690205324e-122 
1.3885467779191283e-219 
1.469656108152092e-193 
4.3470001266028217e-116 
1.740732046298457e-252 
2.994651282319437e-191 
3.421902410544869e-92 
1.3953789685892592e-107 
5.2529096588897355e-160 
1.0126398078035767e-44 
5.006096435181021e-152 
3.796026141940976e-180 
8.380545861626447e-189 
1.1345518447797068e-126 
1.2661462483185527e-113 
1.0538658114767705e-212 
2.1666031147558496e-222 
8.965860244890522e-217 
1.2064230885324856e-199 
4.9213671127263134e-211 
2.4798302018303274e-186 
5.176776511156178e-172 
4.655590450341702e-178 
6.7641588683245035e-224 
2.226409992347082e-198 
2.2699506738105675e-169 
2.5422883100279623e-208 
2.1278289017322897e-81 
1.9680915460426617e-197 
2.3450222491436858e-184 
9.439923362042164e-168 
3.8172500782176166e-202 
5.131365931273669e-155 
1.8030769798206803e-126 
1.1747569549043061e-209 
3.089875849118919e-185 
2.950721337285021e-220 
4.168456330622144e-138 
1.7219471361031169e-211 
1.4282743001127344e-186 
1.8139047455552303e-216 
6.594986245443937e-215 
2.3053928207908872e-172 
2.285924240636249e-186 
3.0792673709896025e-126 
2.7373619727353175e-188 
4.0904514912333694e-191 
1.3175388627693643e-235 
6.880226386579296e-222 
1.062801064679136e-213 
2.5069366167163e-175 
1.8087191360848033e-223 
9.854558463902975e-119 
1.1389838263222619e-152 
2.698833650162194e-185 
2.02516661581547e-123 
5.303351009010419e-198 
1.1516143318756094e-162 
2.849156708733591e-114 
6.4459476529389194e-161 
2.24086581519948e-119 
7.401558483784121e-66 
1.1168656354819665e-161 
8.799449515470938e-210 
2.3392621923972856e-157 
1.2891203625585246e-78 
8.632471307797556e-108 
2.449422489291997e-128 
9.705706503961081e-170 
1.4927693234825123e-72 
3.703490595484945e-228 
9.692961836532559e-171 
9.054010415340328e-164 
