t = 7000000
b = 105 105 105
E = -0.273681957441389 -0.566476436699169 0.292794479257779
-16.1004400906951 -89.5409677549828 7.62489861673356 -0.573837209661077 -0.563443779350095 -0.594341622570921 -0.818672267655498 0.375104952652058 0.434824093936217 0.247263129524937 -0.232112222000826 0.145713666174999 0.0666062592800507 0.158273754400995 0.381321440088808
-14.9331509565122 -89.5597654228673 8.69560017238384 0.150219439951985 -0.0529670004065657 0.987232807765309 -0.563663330048814 -0.824961081120653 0.0415074089109488 -0.179980727202657 0.653119713405203 -0.291083430191758 -0.0190988451494231 -0.197038666088265 -0.0670054103116119
-15.5051394397086 -88.9282912423845 9.24520465577278 -0.208645822712593 -0.0678182944272976 0.975637022465565 0.0969465920211151 0.991245062140835 0.0896358470532947 0.189184819625853 0.218219762822286 -0.00500749179330769 0.446810546586839 -0.0670991382226645 -0.057914800123525
-15.6075180305152 -88.4326407644123 9.40205177909897 0.490788725897237 -0.195551126448792 0.849050165465401 0.0876438870362509 0.980625270414844 0.175193116558723 -0.0397403791514587 -0.0744447116276504 0.0617096048016969 -0.309317279644743 -0.113948963482862 -0.00888003657772955
-16.1612229483929 -87.8878458804771 9.75746220483807 -0.520681491471602 0.228727750842995 0.822541427791364 0.769406611940741 0.543259713960576 0.335979684935528 0.219175048840725 0.14209472826113 -0.260489419894057 0.3277287131565 0.329941447326437 0.225308914402555
-15.8396947311938 -87.6155671312033 9.94039656404472 -0.750122719003803 0.215810356164251 0.625093430301952 0.0547803137030669 0.962280975081289 -0.266485350868021 0.295027549117613 -0.330059628468764 -0.0695270128795303 0.26269238295826 -0.201085464810132 0.244656743422989
-16.1005417246768 -87.1334396332849 9.82348161083079 0.0448882575963178 0.248451614687103 0.967603658265938 -0.0547995669463207 0.967734009162134 -0.245942869328393 0.016142534818627 -0.610924090235184 -0.186000562920553 1.09987608364489 -0.346180646952178 -0.173746197565262
-16.3194816595136 -86.7403848067934 9.75699113111998 0.748949886881566 0.345405815956975 0.565481113073687 -0.310618124223086 0.936829059821049 -0.160834366907899 -0.0645030900066987 -0.179154140085666 0.512637121798562 -0.711443017393673 0.0835727122608837 0.511693739865321
-17.0024831446141 -86.6366815783993 8.80364507600044 0.698222010625307 -0.523766276110998 -0.488011180083972 -0.631146302313177 -0.772092075750151 -0.0743516754331732 0.382350647901237 0.703321090263882 0.533553025386693 0.29289660273478 0.476407606183737 0.695350383942807
-17.3319268920099 -86.9245066792236 8.43746798851943 0.621239612261705 -0.63775642044601 0.455332946685256 -0.744331327160659 -0.661932268284045 0.0884112414314642 -0.0734227635344301 -0.387528973845003 -0.458200828896301 -0.158465899850667 -0.0838931938518993 0.469907655381733
-17.8741277625187 -86.4370066850777 7.5428952038584 0.794132058746195 0.129101512948694 -0.593874627026444 -0.388069373150454 -0.644306122889768 -0.658993005751406 -0.0869999437996406 0.3628423563427 0.014231808666833 -0.548824732588168 -0.156305625788339 0.235706027801519
-18.5365100853098 -86.293882069442 7.40628581933345 -0.610248443850353 0.0689669175572527 -0.78920238282762 0.209572202519846 0.974767048076528 -0.0768680292151674 -0.058134028763578 0.0791367598701172 0.309783540055193 0.448668105809221 0.289365348661673 -0.0143887490947022
-18.4570223676028 -85.8665937375011 7.11917987576965 -0.98558432859571 0.0940103771364961 0.140661224995195 0.0422864367127924 0.94189949510486 -0.333222445808929 0.502619968977532 -0.391166156428523 -0.362726742140526 0.493227343092644 0.159640955412209 -0.106765110332646
-18.6704552835913 -85.490511809161 6.75863979405166 -0.718950779004517 0.0900724645757628 0.689200064200762 -0.183386725064346 0.931850506765423 -0.313087754649083 0.419079990262991 -0.0205237244612559 0.376084607132917 -0.226850284186964 0.625456030737093 -0.108078300470818
-18.9020361588715 -85.0767808081917 6.47928658569501 0.00942898695069193 0.115478913796683 0.993265178425941 0.0132051859324912 0.993208338555247 -0.115597661259039 -0.0449033076483395 -0.0548392243212833 0.300038804124806 -0.197158962785114 -0.328459820058832 0.102670982141963
-19.1210092154092 -84.7480303133267 6.53246731589024 0.797751385664214 0.238275122428916 0.553911267896016 -0.176807124821218 0.97066947734091 -0.162911038211378 0.0656259650592104 0.686455762025959 -0.04139261362135 -0.0471404361184214 0.187116773620833 -0.5105453202883
-19.8679843613767 -84.7956737081928 6.7608255924797 0.302080019597646 -0.83327726237572 0.463029875674861 0.226003610349227 0.53447509248805 0.814406988930577 0.406332876914036 -0.0145167573983979 -0.280677811377938 -0.59685020423408 -0.0995198557592713 -0.400063671331741
-19.957086400286 -84.6910263251033 7.34606749069456 0.839997466998939 -0.542265711549957 0.0187657537309329 0.338795615962806 0.551198850796165 0.762494168820591 0.172265186103629 -0.0721868388174926 -0.207829662935773 0.0885972078787001 0.0613863088830954 0.0300032199336465
-19.8417672667319 -84.5072133477109 7.89456954123445 0.927750145663581 -0.0309564849091188 -0.371915801308772 0.358857105755753 0.347635971010966 0.866239464182758 0.762809442857881 0.305857502861614 0.0566923836657668 0.457681508998802 0.0532952278621877 0.00366110593800553
-20.8906334596444 -84.4633873538386 7.46285974182271 0.529969161894548 -0.717632598920766 -0.451814276453118 -0.731725479602741 -0.656271587984209 0.184079942700367 0.266937381601612 0.668875764419399 0.334156470827864 0.00492159172472014 -0.174429953976274 -0.0683137101311128
-21.2577620855917 -84.8464023231108 7.27997006766027 0.778294250481961 -0.514439454027071 0.360014038346955 -0.622178799285104 -0.709070055241745 0.331833088283263 -0.673704404336961 -0.138920407048886 -0.0308930809533396 -0.143012821982277 -0.515980423900219 0.00245087504342759
-21.3871896979408 -85.3732717981583 7.35025598932558 0.477615566039309 0.198110054402775 0.855941456772194 -0.416233280954737 -0.806947866537974 0.419028634481671 -0.0881402381189516 -0.0530006002160305 -0.022531617001392 -0.0798003556641693 -0.158419034982923 0.0163870276419019
-22.2317176778741 -85.0066182431367 6.77842744384915 0.108812681459701 0.658297818710933 0.744851516903905 0.973197994663427 -0.223259260690886 0.0551449517081964 0.327096073103138 -0.197523641655922 0.0269979574907953 -0.105902643976119 -0.587995338240888 -0.067897541490508
-21.4235317756055 -86.0697882438261 6.57519770590011 0.0892835136122839 -0.975504689566489 0.201044907497687 0.535588237034058 -0.123160625850845 -0.83544999885718 0.151979205380506 0.237627490827522 0.0371675831163131 0.299053902356216 -0.139069634021667 0.169023552360111
-21.0655362412328 -86.238472754431 6.25709681555862 -0.636770678373258 -0.770642161196127 0.0251746410206566 0.420617296923016 -0.374543448543459 -0.826316098525173 -0.385348085116317 0.00538201071988096 0.149866435255279 0.233839795457648 -0.0878733200943012 0.0861225357729932
-20.7656424019805 -86.6809970416582 6.07692062779289 -0.853971768035578 -0.0552794317987268 -0.517374529541194 0.496777759522155 -0.382330948721796 -0.779124446602511 0.346818433738134 -0.308251562201309 0.469370438710929 -0.471039288909903 -0.152139347392694 0.294569849874346
-29.041398658973 -87.6671192017373 10.9260097556974 0.767166260791618 -0.590298629112154 -0.251004893918485 -0.447452125465608 -0.212093757536607 -0.86879389582951 0.420455789359556 -0.578376578520765 0.0138380104699609 0.279371463257155 -0.0654638755183318 0.310693329638139
-28.9832322876408 -87.552948229179 10.3634036044829 0.143355689911038 -0.98686915361614 0.0744205604052656 -0.466605048725196 -0.133712151086024 -0.874300171082985 -0.00709183017710105 0.299869390307755 0.133767644214574 0.0197860312115989 -0.272275563963983 -0.451061073585236
-28.8911162507737 -87.6708197498937 9.89783841070843 -0.461217684661335 -0.82803888782993 0.318794365692085 -0.398728238865897 -0.12754776290536 -0.908156021677416 -0.0178755424650971 -0.223215522000465 -0.394025974716673 0.169530867715577 -0.156814806924555 0.0895012214164753
-28.8795799587527 -86.7205482946613 10.4387558084616 0.498398648370646 0.0516051860023563 0.865410707167481 -0.585299703575813 -0.716364583392228 0.379797367889582 0.0628729014435522 -0.115680885949421 0.558858192144748 -0.200131258692337 0.512066103817607 -0.0625568579828553
-29.1516785367887 -85.9864821980304 10.6500598986553 0.494642251301011 -0.864940334838296 0.0848955852627205 0.633256094899584 0.291788282576078 -0.716830744614057 0.274169673346636 0.208857564539764 0.343951553175451 -0.252058765965199 -0.117785235870614 -0.259679830227124
-28.6745683890766 -85.8098810068604 10.627443506405 -0.110654979015994 -0.802377884515444 -0.586468418637799 0.649021584895366 0.388555697280675 -0.654060740642945 0.185011811011578 -0.267483843175326 -0.0615108601643521 0.279997220849247 -0.276082101203529 0.182158452542321
-28.2466524855984 -85.7516001662112 10.5299748391603 -0.567618233789371 -0.205092926179064 -0.797337088251265 0.701882388607644 0.385648912319426 -0.598862278815857 0.416619473342293 0.0523176612520706 0.0319111418181085 -0.108776935072395 -0.30690596769332 0.0134780542416583
-28.4047565128349 -85.4399210812622 11.658214014341 -0.5939684750923 -0.442987772265798 0.671537999088248 -0.676431909144264 -0.17684898502848 -0.714957557331702 -0.214903158123563 0.518515249742 0.314443732063649 0.109763222337048 0.263868259187787 0.540587606464078
-28.1037772392987 -84.2794199813616 10.8675307137172 -0.738950233550845 0.396967342847398 -0.544398274287929 0.522455460506947 0.847800849521759 -0.0909615926461222 0.332052596085667 0.0585055741153907 0.208052716063607 -0.190559731125325 0.621482735683085 0.467976774919635
-27.9014195240379 -83.8891309211318 10.5600436724856 -0.917599019285906 0.348699122669211 -0.190842766839576 0.397105392455972 0.825700548378089 -0.400656850297244 0.458968477748347 -0.0859348994651831 -0.202310371441091 -0.250476640133956 -0.0375542513197913 0.177754186710159
-27.8722519439296 -83.6985482491733 10.1796816860178 -0.41853799092609 0.650228650996971 0.634057293605174 0.439858828715733 0.75593150197684 -0.484862635309969 0.146055765210079 -0.11804171801515 -0.176643461783831 0.0239253886499111 0.20252455589805 -0.242770793065894
-27.802393554628 -83.1765727831033 9.94923144258375 0.389019168730549 0.175367974221014 0.904383856543979 0.54965481325964 0.743639308467106 -0.380631271919699 -0.200184042002726 0.124935642380462 0.324141823752978 0.244938727597452 -0.681114779969846 0.370095019941241
-28.3648452598988 -82.9556514955843 9.91546245306241 -0.489454764876154 -0.577915616263952 0.653029535027457 -0.257313035672535 0.811233275101401 0.525062448706311 -0.163997838662541 -0.138148896004514 0.533855566027479 -0.0271965548781096 -0.322812384777632 0.225722025243506
-28.6795673468651 -82.6836164680562 9.96331462158533 0.214778814895204 -0.208465145850422 0.954155303730972 -0.450583533596552 0.845621951590172 0.286178256057847 0.647131709844688 0.333814051554584 -0.712812408682041 -0.327014682050241 -0.284490780672505 0.0360776576547127
-29.2781245035296 -82.7293324944784 9.13386310704279 0.0816317147719107 -0.935191943133263 0.344604545300816 -0.923066001673506 0.059457927049984 0.380018304118649 -0.0205775279587457 -0.249677517763639 0.137331612065001 -0.664904516664343 0.175224293992114 -0.0231449038209387
-30.0876146972592 -82.605013156405 8.91978202874669 -0.710751177249013 -0.703429984716364 -0.0043612659829177 -0.593142694914887 0.60262606524719 -0.533875986492771 0.384725263604746 0.0852111661842615 -0.115514307406705 0.0669194309631933 0.20166368491428 0.445493581454309
-30.40817023972 -82.4862046344329 8.57396768556134 -0.639045452067235 -0.0924304596225761 0.763595128537692 -0.61584357615289 0.656261788825707 -0.435955449832359 0.0393981637665976 -0.15131463496945 -0.460412573590184 0.129498643019282 -0.0434438069621335 -0.577560167544349
-30.0798200586015 -81.7210019304105 7.39960227226177 0.176935221422099 0.963692925764271 -0.199974679028645 0.823141551091065 -0.033504133638189 0.56684694574158 0.541714619267551 0.278190610936272 0.170286970101321 -0.0421409490395445 0.142869183765887 0.481373957535424
-30.6254237403572 -82.7592092648857 7.51733861091705 -0.545973150688901 -0.818538276344316 0.178629249805388 0.708928181312557 -0.564987552663502 -0.422149143166866 -0.00343615484706982 -0.188961728202747 -0.221872373338911 -0.0943325885764694 0.0400628113430585 -0.0751731281768777
-30.3927835350776 -83.1478956768421 7.56970220244561 -0.629548556185765 -0.316857145514378 -0.709415368272034 0.757732341512896 -0.452263916448992 -0.470424328137387 -0.456144683405414 0.33414553468156 -0.561128488057892 0.667432049720503 -0.234108513974795 0.2912208669696
-30.3149049505653 -83.5710389377046 7.31608930638139 -0.205734489614558 0.415652283777847 -0.885949489967203 0.751340604139919 -0.512975049264173 -0.415143222759529 -0.195683789955182 -0.3333898809427 0.558843636480065 -0.354580960205419 -0.368459090133393 -0.355352080472206
-30.0432427143597 -83.9011274581848 6.91293974584705 0.0872969141471995 0.922888993274212 -0.375040204343402 0.85725562228619 -0.261366094145355 -0.443622094681907 -0.0725997215303969 0.641396417044948 0.578208536371851 -0.11861523507369 0.263251953825955 0.0411160666990247
-29.9055586806656 -84.0180279467086 6.48079598659351 0.583597205378577 0.711835569587038 0.390774133925049 0.792868981809073 -0.395543725702556 -0.463577327683868 0.0203720389825447 -0.160213638974071 0.00476027002252746 0.127551430896828 0.0103841933866872 0.261652295099714
-29.646036156367 -83.9214661068068 6.14869314080455 0.666202912747512 -0.180352330815034 0.723634379929736 0.619837094747831 -0.405658530397855 -0.671746330611359 0.200394005714595 0.168858895289351 -0.508376962417436 -0.21731098401601 0.000360019857182125 -0.690454471007637
-29.5355028870587 -83.0613355099238 5.52925128379317 0.4409430726867 0.519139693484192 -0.732163359707683 -0.860712046279974 0.0133181804442966 -0.508917871034158 0.106741416944695 -0.283019046353993 0.25606663917132 0.422626093669827 0.127770648008281 -0.0293108640965386
-29.9646136794715 -82.8618761647194 5.33739590697439 0.484946639304328 -0.442190869574886 -0.754515733362428 -0.854292371590391 -0.054932474646905 -0.516881966285872 0.0260805817897084 -0.352181407311357 -0.0961892890642226 -0.215094880057849 0.242358100507959 0.588938092806062
