       41.0558 0   0.001888   0.001888   0.391949    0.054856   0.000000  -0.637920   0.000000   0.000000   0.000000   0.000000   0.028452
       40.7657 0   0.000034   0.000034   0.372357    0.048547   0.000000  -0.634489   0.000000   0.000000  -0.000002   0.000000   0.031716
       40.8562 0   0.000091   0.000091   0.348724    0.044609   0.000000  -0.611693   0.000000   0.000000   0.000000   0.000000   0.028501
       40.9500 0   0.000649   0.000649   0.357433    0.053797   0.000000  -0.614644   0.000002   0.000000   0.000000   0.000000   0.029729
       40.9948 0   0.001095   0.001095   0.317793    0.046988   0.000000  -0.560344   0.000000   0.000000   0.000000   0.000000   0.025296
       41.2068 0   0.004773   0.004773   0.319738    0.046505   0.000000  -0.597754   0.000000   0.000000   0.000000   0.000000   0.027158
       40.5493 0   0.001813   0.001813   0.328676    0.044509   0.000000  -0.619348   0.000000   0.000000   0.000000   0.000000   0.028039
       40.7922 0   0.000002   0.000002   0.351521    0.032541   0.000000  -0.629778   0.000000   0.000000  -0.000000   0.000000   0.028846
       40.7906 0   0.000003   0.000003   0.328862    0.053489   0.000000  -0.564926   0.000000   0.000000   0.000000   0.000000   0.032950
       40.8427 0   0.000053   0.000053   0.361206    0.046943   0.000086  -0.539417   0.001811   0.000000  -0.000000   0.000000   0.030720
       40.4186 0   0.004196   0.004196   0.365622    0.048931   0.000000  -0.570467   0.000000   0.000000   0.000000   0.000000   0.025554
       40.8213 0   0.000013   0.000013   0.331389    0.059873   0.000000  -0.584790   0.000000   0.000000  -0.000000   0.000000   0.030391
       40.9663 0   0.000798   0.000798   0.342533    0.055792   0.000000  -0.622771   0.000000   0.000000   0.000000   0.000000   0.024226
       40.8593 0   0.000102   0.000102   0.337515    0.040359   0.000000  -0.586257   0.000000   0.000000   0.000000   0.000000   0.027242
       40.9035 0   0.000309   0.000309   0.361129    0.040478   0.000000  -0.598365   0.000000   0.000000   0.000000   0.000000   0.032240
       40.4438 0   0.003661   0.003661   0.335804    0.057152   0.000000  -0.597691   0.000000   0.000000  -0.000000   0.000000   0.030149
       40.6272 0   0.000861   0.000861   0.351077    0.055013   0.000000  -0.597149   0.000000   0.000000   0.000000  -0.011753   0.029450
       41.1062 0   0.002705   0.002705   0.348209    0.045293   0.000000  -0.632835   0.001008   0.000000   0.000000   0.000000   0.031334
       40.6835 0   0.000391   0.000391   0.315219    0.055037   0.000000  -0.624514   0.000000  -0.000000  -0.000000   0.000000   0.024792
       40.7787 0   0.000013   0.000013   0.375015    0.047370   0.000306  -0.641281   0.000062   0.000000   0.000000   0.000000   0.032865
       40.8912 0   0.000240   0.000240   0.290636    0.047199   0.000000  -0.635361   0.000000   0.000000   0.000000   0.000000   0.029398
       40.9660 0   0.000795   0.000795   0.330201    0.031526   0.000000  -0.640381   0.000000   0.000000   0.000000   0.000000   0.033203
       40.8702 0   0.000142   0.000142   0.360079    0.052786   0.000000  -0.679703   0.001881   0.000000   0.000000   0.000000   0.034860
       40.9267 0   0.000463   0.000463   0.269151    0.046045   0.000000  -0.580271   0.000248   0.000000   0.000000   0.000000   0.029204
       40.9166 0   0.000392   0.000392   0.293863    0.045487   0.000000  -0.594873   0.000000   0.000000  -0.000011   0.000000   0.027283
       40.5818 0   0.001374   0.001374   0.331415    0.046350   0.000574  -0.636965   0.000000   0.000000   0.000000   0.000000   0.030399
       40.8463 0   0.000062   0.000062   0.295863    0.040019   0.000000  -0.657683   0.000000   0.000000   0.000000   0.000000   0.029430
       40.7876 0   0.000004   0.000004   0.328051    0.056283   0.001530  -0.669078   0.000000   0.000000   0.000000   0.000000   0.031689
       40.7396 0   0.000105   0.000105   0.370032    0.039559   0.000000  -0.720414   0.000000   0.000000   0.000000   0.000000   0.033024
       40.7028 0   0.000272   0.000272   0.350986    0.051638   0.000000  -0.690614   0.000000   0.000000   0.000000   0.000000   0.031848
       40.8698 0   0.000141   0.000141   0.353604    0.059790   0.000000  -0.702897   0.000000   0.000000   0.000000   0.000000   0.028941
       40.7984 0   0.000000   0.000000   0.322232    0.051711   0.000000  -0.731620   0.000000   0.000000   0.000000   0.000000   0.028356
       41.1002 0   0.002600   0.002600   0.383548    0.054608   0.000000  -0.814778   0.000000   0.000000  -0.000082   0.000000   0.030027
       40.8525 0   0.000079   0.000079   0.374468    0.072594   0.000000  -0.825912   0.000492   0.000000   0.000000   0.000000   0.029614
       40.6753 0   0.000448   0.000448   0.357611    0.053636   0.000000  -0.791906   0.000000   0.000000   0.000000   0.000000   0.030810
       40.3460 0   0.005945   0.005945   0.348505    0.057176   0.000000  -0.790517   0.000000   0.000000   0.000000   0.000000   0.026587
       41.1081 0   0.002738   0.002738   0.346266    0.057657   0.000000  -0.798865   0.000000   0.000000   0.000000   0.000000   0.027526
       40.8205 0   0.000012   0.000012   0.346337    0.034312   0.000000  -0.763045   0.000000   0.000000   0.000000   0.000000   0.033447
       40.4414 0   0.003709   0.003709   0.342710    0.060276   0.000000  -0.691915   0.000000   0.000000   0.000000   0.000000   0.030895
       40.7641 0   0.000037   0.000037   0.333715    0.042166   0.000000  -0.649812   0.000000   0.000000   0.000000   0.000000   0.032380
       40.9863 0   0.001001   0.001001   0.366045    0.045077   0.002483  -0.676067   0.000000   0.000000   0.000000   0.000000   0.032308
       40.5445 0   0.001882   0.001882   0.353954    0.053062   0.000000  -0.692435   0.000000   0.000000   0.000000   0.000000   0.030850
       40.9050 0   0.000318   0.000318   0.336573    0.037297   0.000000  -0.653760   0.000000   0.000000   0.000000   0.000000   0.027980
       40.9672 0   0.000806   0.000806   0.389544    0.042733   0.000000  -0.708840   0.000000   0.000000  -0.000087   0.000000   0.027614
       40.8645 0   0.000120   0.000120   0.352330    0.062817   0.001781  -0.675726   0.000000   0.000000   0.000000   0.000000   0.033165
       40.9455 0   0.000611   0.000611   0.327091    0.055913   0.000000  -0.625136   0.000000   0.000000   0.000000   0.000000   0.029266
       40.8395 0   0.000045   0.000045   0.306705    0.061205   0.000000  -0.615215   0.000000   0.000000  -0.000526   0.000000   0.029898
       40.8478 0   0.000066   0.000066   0.332968    0.073383   0.000000  -0.612941   0.000000   0.000000   0.000000   0.000000   0.027410
       40.9911 0   0.001053   0.001053   0.352183    0.065298   0.000000  -0.660886   0.000000   0.000000   0.000000   0.000000   0.024677
       40.4657 0   0.003224   0.003224   0.364245    0.052218   0.000000  -0.756072   0.000000   0.000000   0.000000   0.000000   0.031365
       40.9041 0   0.000313   0.000313   0.340308    0.059337   0.000000  -0.734039   0.000000   0.000000   0.000000   0.000000   0.031407
       40.8413 0   0.000049   0.000049   0.318271    0.062807   0.000000  -0.749135   0.000000   0.000000   0.000000   0.000000   0.026514
       40.7074 0   0.000247   0.000247   0.305929    0.033215   0.000000  -0.706848   0.000000   0.000000   0.000000   0.000000   0.023935
       40.5213 0   0.002240   0.002240   0.353753    0.052663   0.000000  -0.773222   0.000000   0.000000   0.000000   0.000000   0.028919
       40.7381 0   0.000110   0.000110   0.331662    0.061037   0.000000  -0.738465   0.000000   0.000000   0.000000   0.000000   0.028492
       40.9553 0   0.000695   0.000695   0.297844    0.053555   0.000000  -0.722141   0.000000   0.000000   0.000000   0.000000   0.025736
       40.8868 0   0.000217   0.000217   0.320311    0.043013   0.000000  -0.696819   0.000000   0.000000   0.000000   0.000000   0.028888
       40.5036 0   0.002534   0.002534   0.349699    0.062765   0.000000  -0.755709   0.000000   0.000000   0.000000   0.000000   0.027295
       40.7350 0   0.000122   0.000122   0.342645    0.049390   0.000000  -0.726424   0.000013   0.000000   0.000000   0.000000   0.028443
       41.2185 0   0.005053   0.005053   0.283797    0.038789   0.000000  -0.728522   0.000000   0.000000   0.000000   0.000000   0.030112
       40.4288 0   0.003974   0.003974   0.352046    0.042364   0.000000  -0.751070   0.000000   0.000000   0.000000   0.000000   0.034264
       40.7297 0   0.000143   0.000143   0.322784    0.042729   0.001833  -0.694920   0.000000   0.000000   0.000000   0.000000   0.031562
       41.0546 0   0.001869   0.001869   0.350236    0.032787   0.000000  -0.694124   0.000000   0.000000  -0.000000   0.000000   0.025386
       40.4857 0   0.002850   0.002850   0.350385    0.051781   0.000000  -0.725755   0.000000   0.000000  -0.000001   0.000000   0.026255
       41.0058 0   0.001221   0.001221   0.306842    0.051223   0.000000  -0.707324   0.000000   0.000000   0.000000   0.000000   0.028568
       40.7703 0   0.000025   0.000025   0.362196    0.037498   0.000000  -0.770187   0.000000   0.000000   0.000000   0.000000   0.026957
       40.6533 0   0.000621   0.000621   0.320475    0.042188   0.000007  -0.747939   0.000000   0.000000   0.000000   0.000000   0.031708
       40.7656 0   0.000034   0.000034   0.322603    0.046405   0.000000  -0.750873   0.000000   0.000000   0.000000   0.000000   0.027976
       40.6977 0   0.000302   0.000302   0.291993    0.070490   0.000000  -0.752070   0.000000   0.000000   0.000000   0.000000   0.024898
       40.6961 0   0.000311   0.000311   0.341357    0.034578   0.000000  -0.710652   0.000000   0.000000   0.000000   0.000000   0.028321
       41.0071 0   0.001237   0.001237   0.340571    0.026400   0.000000  -0.690673   0.000000   0.000000   0.000000   0.000000   0.028615
       40.8288 0   0.000024   0.000024   0.287896    0.042047   0.000000  -0.636152   0.000000   0.000000   0.000000   0.000000   0.027171
       40.8628 0   0.000114   0.000114   0.383412    0.045453   0.000182  -0.687183   0.000000   0.000000  -0.000000   0.000000   0.028413
       40.9025 0   0.000303   0.000303   0.344084    0.044426   0.000000  -0.755100   0.000000   0.000000   0.000000   0.000000   0.030739
       40.7113 0   0.000227   0.000227   0.335766    0.043722   0.000000  -0.784385   0.000000   0.000000  -0.002508   0.000000   0.027202
       40.3981 0   0.004660   0.004660   0.334926    0.048656   0.000000  -0.771161   0.000000   0.000000   0.000000   0.000000   0.023877
       40.7985 0   0.000000   0.000000   0.305958    0.047813   0.000000  -0.724041   0.000000   0.000000   0.000000   0.000000   0.028182
       40.9243 0   0.000446   0.000446   0.331978    0.036253   0.000420  -0.784779   0.000795   0.000000   0.000000   0.000000   0.025638
       40.6468 0   0.000677   0.000677   0.317609    0.056096   0.000000  -0.770485   0.000000   0.000000   0.000000   0.000000   0.031023
       40.8057 0   0.000001   0.000001   0.364095    0.046211   0.000000  -0.813050   0.000000   0.000000   0.000000   0.000000   0.026520
       40.7434 0   0.000092   0.000092   0.356422    0.053995   0.000000  -0.824185   0.000000   0.000000   0.000000   0.000000   0.029382
       40.9527 0   0.000672   0.000672   0.319276    0.042610   0.001462  -0.837076   0.000000   0.000000   0.000000   0.000000   0.029361
       40.6162 0   0.000975   0.000975   0.304097    0.037944   0.000000  -0.776379   0.000000   0.000000   0.000000   0.000000   0.026776
       41.0401 0   0.001662   0.001662   0.332051    0.053832   0.000000  -0.815868   0.000000   0.000000   0.000000   0.000000   0.032025
       40.6926 0   0.000333   0.000333   0.333048    0.048133   0.000000  -0.786847   0.000000   0.000000   0.000000   0.000000   0.029548
       40.9020 0   0.000300   0.000300   0.323367    0.037572   0.000000  -0.775978   0.000171   0.000000  -0.000233   0.000000   0.024990
       40.8660 0   0.000126   0.000126   0.347572    0.050803   0.000000  -0.781399   0.000000   0.000000   0.000000   0.000000   0.024077
       40.7426 0   0.000095   0.000095   0.332281    0.055302   0.000000  -0.689687   0.000008   0.000000  -0.000125   0.000000   0.033337
       40.8992 0   0.000284   0.000284   0.346876    0.032060   0.000000  -0.723002   0.000000   0.000000   0.000000   0.000000   0.026109
       41.1910 0   0.004410   0.004410   0.336393    0.055965   0.000000  -0.760955   0.000000  -0.000000   0.000000   0.000000   0.025561
       40.4921 0   0.002735   0.002735   0.328871    0.051761   0.000000  -0.659676   0.000000   0.000000   0.000000   0.000000   0.029302
       40.7608 0   0.000044   0.000044   0.339326    0.041571   0.000065  -0.629007   0.000000   0.000000   0.000000   0.000000   0.032761
       40.7187 0   0.000191   0.000191   0.316759    0.037793   0.000000  -0.577093   0.000000   0.000000  -0.000004   0.000000   0.026200
       40.5847 0   0.001338   0.001338   0.390891    0.044441   0.000000  -0.646366   0.002265   0.000000   0.000000   0.000000   0.024657
       40.6396 0   0.000742   0.000742   0.338072    0.053903   0.000000  -0.645084   0.000000   0.000000  -0.000020   0.000000   0.027630
       40.9229 0   0.000436   0.000436   0.322972    0.073422   0.000141  -0.627040   0.000000   0.000000   0.000000   0.000000   0.027156
       40.5280 0   0.002134   0.002134   0.319018    0.057466   0.000000  -0.620404   0.000000   0.000000   0.000000   0.000000   0.024573
       40.9274 0   0.000468   0.000468   0.293701    0.038210   0.000000  -0.618307   0.000000   0.000000  -0.000055   0.000000   0.029021
       40.7628 0   0.000040   0.000040   0.354750    0.043789   0.000000  -0.663956   0.000000   0.000000   0.000000   0.000000   0.028619
       40.6129 0   0.001009   0.001009   0.350837    0.040441   0.000000  -0.653153   0.000000   0.000000   0.000000   0.000000   0.032732
       41.0184 0   0.001376   0.001376   0.383286    0.061364   0.000000  -0.690104   0.000000   0.000000   0.000000   0.000000   0.032148
       40.9713 0   0.000847   0.000847   0.339769    0.058178   0.000000  -0.651841   0.000000   0.000000   0.000000   0.000000   0.025225
       40.7352 0   0.000121   0.000121   0.369079    0.054727   0.000000  -0.668356   0.000000   0.000000   0.000000   0.000000   0.030877
       40.6271 0   0.000862   0.000862   0.389757    0.057762   0.000000  -0.737162   0.000000   0.000000   0.000000   0.000000   0.026364
       40.7960 0   0.000000   0.000000   0.320423    0.043579   0.000000  -0.671648   0.000000   0.000000   0.000000   0.000000   0.029934
       40.5636 0   0.001612   0.001612   0.320348    0.027873   0.000000  -0.658038   0.000000   0.000000   0.000000   0.000000   0.025940
       40.9326 0   0.000508   0.000508   0.335078    0.048050   0.000000  -0.672625   0.000000   0.000000   0.000000   0.000000   0.028323
       40.7341 0   0.000125   0.000125   0.344018    0.048608   0.000000  -0.654673   0.000000   0.000000   0.000000   0.000000   0.027266
       40.8072 0   0.000001   0.000001   0.305648    0.043334   0.000000  -0.667596   0.000000   0.000000   0.000000   0.000000   0.028052
       41.0319 0   0.001551   0.001551   0.280729    0.036420   0.000000  -0.659899   0.000000   0.000000   0.000000   0.000000   0.026269
       40.6990 0   0.000294   0.000294   0.339970    0.050345   0.000000  -0.662676   0.000000   0.000000  -0.000000   0.000000   0.028880
       40.8992 0   0.000284   0.000284   0.329598    0.050002   0.000000  -0.721991   0.000000   0.000000   0.000000   0.000000   0.029663
       40.5605 0   0.001655   0.001655   0.321102    0.050766   0.000000  -0.672167   0.000000   0.000000  -0.000191   0.000000   0.030843
       40.7222 0   0.000175   0.000175   0.310357    0.044400   0.000000  -0.631516   0.000000   0.000000   0.000000   0.000000   0.030028
       40.9850 0   0.000987   0.000987   0.313035    0.045609   0.000000  -0.617056   0.000000   0.000000   0.000000   0.000000   0.029990
       40.5616 0   0.001639   0.001639   0.353095    0.050192   0.000000  -0.643683   0.000317   0.000000   0.000000   0.000000   0.030155
       40.8666 0   0.000128   0.000128   0.306794    0.054562   0.000135  -0.615984   0.000000   0.000000   0.000000   0.000000   0.029475
       40.8940 0   0.000255   0.000255   0.318606    0.046975   0.000892  -0.613532   0.000186   0.000000   0.000000   0.000000   0.028847
       40.6987 0   0.000296   0.000296   0.338765    0.056063   0.000000  -0.592460   0.000000   0.000000   0.000000   0.000000   0.027132
       40.9954 0   0.001101   0.001101   0.292209    0.057008   0.000000  -0.548411   0.000000   0.000000  -0.000057   0.000000   0.029191
       40.6835 0   0.000391   0.000391   0.362209    0.053687   0.002298  -0.628647   0.000000   0.000000   0.000000   0.000000   0.030395
       40.7069 0   0.000250   0.000250   0.346145    0.042974   0.000000  -0.670248   0.000000   0.000000   0.000000   0.000000   0.029138
       40.9812 0   0.000947   0.000947   0.331432    0.056150   0.000874  -0.662973   0.000000   0.000000   0.000000   0.000000   0.028977
       40.7353 0   0.000121   0.000121   0.347277    0.031145   0.000000  -0.642057   0.000000   0.000000   0.000000   0.000000   0.024862
       40.8244 0   0.000017   0.000017   0.306541    0.047610   0.000000  -0.666363   0.000000   0.000000   0.000000   0.000000   0.027905
       41.0660 0   0.002040   0.002040   0.294141    0.059620   0.000000  -0.619505   0.000000   0.000000   0.000000   0.000000   0.026538
       40.5382 0   0.001976   0.001976   0.314847    0.051518   0.000000  -0.677868   0.000000   0.000000   0.000000   0.000000   0.030468
       40.1154 0   0.013521   0.013521   0.350877    0.053852   0.000047  -0.711353   0.000000   0.000000   0.000000   0.000000   0.027579
       40.9473 0   0.000626   0.000626   0.381080    0.033558   0.003584  -0.730266   0.000000  -0.007473  -0.002987   0.000000   0.024231
       41.1444 0   0.003421   0.003421   0.308925    0.050682   0.000000  -0.703765   0.000000   0.000000   0.000000   0.000000   0.026332
       40.3856 0   0.004953   0.004953   0.323105    0.051554   0.000000  -0.757135   0.000000   0.000000   0.000000   0.000000   0.033783
       40.7251 0   0.000162   0.000162   0.338501    0.054501   0.000000  -0.786984   0.000000   0.000000   0.000000   0.000000   0.029217
       40.9963 0   0.001111   0.001111   0.316686    0.043177   0.000000  -0.737435   0.000000   0.000000   0.000000   0.000000   0.028869
       40.8424 0   0.000052   0.000052   0.370033    0.049823   0.000000  -0.780312   0.000000   0.000000   0.000000   0.000000   0.030687
       40.8541 0   0.000084   0.000084   0.343037    0.052100   0.000000  -0.766723   0.000000   0.000000   0.000000   0.000000   0.029412
       41.1503 0   0.003540   0.003540   0.363641    0.025394   0.000000  -0.815805   0.000000   0.000000   0.000000   0.000000   0.023729
       40.4596 0   0.003342   0.003342   0.286047    0.054699   0.000000  -0.802349   0.000000   0.000000   0.000000   0.000000   0.025372
       40.7772 0   0.000015   0.000015   0.303454    0.060932   0.000000  -0.810218   0.000000   0.000000   0.000000   0.000000   0.029143
       40.6266 0   0.000867   0.000867   0.304257    0.043319   0.000000  -0.758398   0.000000   0.000000   0.000000   0.000000   0.022624
       40.7620 0   0.000042   0.000042   0.372892    0.039055   0.000000  -0.789977   0.000000   0.000000  -0.000000   0.000000   0.027282
       41.2630 0   0.006183   0.006183   0.343376    0.047926   0.000000  -0.753562   0.000000   0.000000   0.000000   0.000000   0.027318
       40.6501 0   0.000648   0.000648   0.341209    0.067068   0.000000  -0.743093   0.000000   0.000000   0.000000  -0.006576   0.032549
       40.5977 0   0.001181   0.001181   0.315844    0.037636   0.000115  -0.704620   0.000000   0.000000   0.000000   0.000000   0.026475
       40.7522 0   0.000066   0.000066   0.290719    0.067080   0.000000  -0.653290   0.000000   0.000000   0.000000   0.000000   0.026328
       41.1735 0   0.004025   0.004025   0.317472    0.058278   0.000000  -0.659431   0.000000   0.000000   0.000000   0.000000   0.031741
       40.7017 0   0.000279   0.000279   0.375284    0.048871   0.000000  -0.664857   0.000000   0.000000   0.000000   0.000000   0.031297
       40.6317 0   0.000817   0.000817   0.341315    0.070919   0.000000  -0.705795   0.000000   0.000000  -0.000877   0.000000   0.027278
       40.4441 0   0.003655   0.003655   0.301323    0.060877   0.000000  -0.725953   0.000000   0.000000   0.000000   0.000000   0.030674
       40.7605 0   0.000045   0.000045   0.335537    0.039513   0.000000  -0.734281   0.000000   0.000000   0.000000   0.000000   0.031633
       40.7433 0   0.000093   0.000093   0.347569    0.040315   0.000000  -0.751065   0.000000   0.000000   0.000000   0.000000   0.023460
       40.8096 0   0.000003   0.000003   0.319632    0.065384   0.000000  -0.785544   0.000000   0.000000   0.000000   0.000000   0.026502
       40.8480 0   0.000066   0.000066   0.322308    0.056468   0.000000  -0.718011   0.000000   0.000000   0.000000   0.000000   0.026683
       40.6226 0   0.000908   0.000908   0.316259    0.047670   0.000000  -0.692452   0.000483   0.000000   0.000000   0.000000   0.029421
       41.2035 0   0.004697   0.004697   0.361245    0.053592   0.000000  -0.706572   0.000000   0.000000  -0.000296   0.000000   0.026798
       41.1011 0   0.002615   0.002615   0.352669    0.050172   0.000000  -0.749271   0.002091   0.000000   0.000000   0.000000   0.034400
       40.6249 0   0.000885   0.000885   0.336989    0.044605   0.000000  -0.692391   0.000000   0.000000   0.000000   0.000000   0.028103
       40.6313 0   0.000821   0.000821   0.356301    0.033582   0.000267  -0.700932   0.001686   0.000000   0.000000   0.000000   0.030171
       40.8885 0   0.000226   0.000226   0.348641    0.051564   0.001526  -0.683721   0.000000   0.000000   0.000000   0.000000   0.030154
       40.7179 0   0.000194   0.000194   0.322023    0.041979   0.000000  -0.651198   0.000000   0.000000   0.000000   0.000000   0.026426
       40.7910 0   0.000002   0.000002   0.372248    0.036870   0.000000  -0.711869   0.000000   0.000000   0.000000   0.000000   0.026399
       40.9080 0   0.000336   0.000336   0.304387    0.047556   0.000000  -0.652007   0.000000   0.000000   0.000000   0.000000   0.031713
       40.6587 0   0.000576   0.000576   0.320943    0.057043   0.000000  -0.669011   0.000000   0.000000   0.000000   0.000000   0.032460
       40.8022 0   0.000000   0.000000   0.351436    0.043187   0.000242  -0.659767   0.000000   0.000000   0.000000   0.000000   0.027778
       41.0038 0   0.001198   0.001198   0.302931    0.057199   0.000432  -0.648532   0.000000   0.000000   0.000000   0.000000   0.026656
       40.7720 0   0.000023   0.000023   0.290157    0.073348   0.000000  -0.598343   0.000000   0.000000  -0.000025   0.000000   0.024157
       40.7367 0   0.000116   0.000116   0.278428    0.055104   0.000000  -0.603517   0.000000   0.000000  -0.000001   0.000000   0.032008
       40.6173 0   0.000963   0.000963   0.326723    0.057409   0.000000  -0.587265   0.000000   0.000000   0.000000   0.000000   0.027108
       41.0015 0   0.001172   0.001172   0.342960    0.049113   0.000345  -0.576816   0.000853   0.000000   0.000000   0.000000   0.032797
       40.8257 0   0.000019   0.000019   0.349970    0.050052   0.000000  -0.602504   0.000000   0.000000   0.000000   0.000000   0.031795
       40.6233 0   0.000901   0.000901   0.324091    0.062914   0.000000  -0.568281   0.000000   0.000000  -0.000212   0.000000   0.027570
       40.8543 0   0.000085   0.000085   0.314230    0.066463   0.000000  -0.550629   0.000000   0.000000   0.000000   0.000000   0.031213
       40.9780 0   0.000914   0.000914   0.313976    0.063426   0.000000  -0.617382   0.000000   0.000000  -0.001562   0.000000   0.035164
       40.4317 0   0.003914   0.003914   0.342983    0.048835   0.000000  -0.564769   0.000000   0.000000   0.000000   0.000000   0.028911
       40.7771 0   0.000015   0.000015   0.333660    0.055726   0.000000  -0.586526   0.000000   0.000000   0.000000   0.000000   0.032585
       40.8111 0   0.000004   0.000004   0.345483    0.032411   0.000000  -0.563997   0.000000   0.000000   0.000000   0.000000   0.026095
       40.7192 0   0.000188   0.000188   0.328427    0.057669   0.000000  -0.574304   0.000531   0.000000   0.000000   0.000000   0.033976
       40.8909 0   0.000238   0.000238   0.345872    0.051076   0.000000  -0.533381   0.000000   0.000000   0.000000   0.000000   0.030552
       40.6794 0   0.000420   0.000420   0.344924    0.038675   0.000000  -0.551386   0.000000   0.000000   0.000000   0.000000   0.029221
       40.8883 0   0.000225   0.000225   0.384022    0.066321   0.000000  -0.595162   0.000000   0.000000   0.000000   0.000000   0.030979
       40.7637 0   0.000038   0.000038   0.314413    0.038540   0.000000  -0.564207   0.000000   0.000000   0.000000   0.000000   0.025795
       40.7382 0   0.000110   0.000110   0.336074    0.052843   0.000000  -0.606841   0.000000   0.000000   0.000000   0.000000   0.028778
       40.8463 0   0.000062   0.000062   0.309958    0.061298   0.000000  -0.617450   0.000000   0.000000   0.000000   0.000000   0.036829
       40.8885 0   0.000226   0.000226   0.335083    0.039095   0.000000  -0.604769   0.000000   0.000000   0.000000   0.000000   0.029581
       40.7648 0   0.000036   0.000036   0.366043    0.057549   0.000000  -0.608809   0.002824   0.000000   0.000000   0.000000   0.026912
       41.1777 0   0.004114   0.004114   0.333130    0.035322   0.000000  -0.633047   0.000000   0.000000   0.000000   0.000000   0.026095
       40.9558 0   0.000700   0.000700   0.346386    0.042861   0.000000  -0.632077   0.000000   0.000000   0.000000   0.000000   0.029452
       41.0388 0   0.001645   0.001645   0.340659    0.039630   0.000000  -0.597621   0.000000   0.000000   0.000000   0.000000   0.030277
       40.6945 0   0.000321   0.000321   0.302048    0.049459   0.000000  -0.613045   0.000000   0.000000   0.000000   0.000000   0.023578
       40.8247 0   0.000018   0.000018   0.385325    0.046765   0.000000  -0.692559   0.000000   0.000000   0.000000   0.000000   0.031367
       41.1508 0   0.003550   0.003550   0.291638    0.069398   0.000000  -0.624281   0.001533   0.000000   0.000000   0.000000   0.030248
       40.8688 0   0.000136   0.000136   0.343608    0.033094   0.000201  -0.641695   0.000000   0.000000   0.000000   0.000000   0.027821
       40.8614 0   0.000109   0.000109   0.297751    0.063078   0.000001  -0.673879   0.000000   0.000000  -0.001179   0.000000   0.027321
       40.7505 0   0.000071   0.000071   0.301024    0.034287   0.000000  -0.629625   0.000000   0.000000  -0.000000   0.000000   0.026673
       40.8746 0   0.000160   0.000160   0.337019    0.030656   0.000000  -0.685085   0.000000   0.000000   0.000000   0.000000   0.029524
       41.0488 0   0.001785   0.001785   0.323994    0.058667   0.000000  -0.682312   0.000000   0.000000   0.000000   0.000000   0.029782
       40.7766 0   0.000016   0.000016   0.318008    0.038678   0.000000  -0.623308   0.000000   0.000000   0.000000   0.000000   0.026938
       40.8442 0   0.000056   0.000056   0.314410    0.035438   0.000000  -0.661256   0.000000   0.000000   0.000000   0.000000   0.034240
       40.7719 0   0.000023   0.000023   0.335189    0.045383   0.000000  -0.640372   0.000000   0.000000   0.000000   0.000000   0.030865
       41.0280 0   0.001499   0.001499   0.343792    0.042764   0.000000  -0.679233   0.000000   0.000000   0.000000   0.000000   0.029749
       41.1316 0   0.003172   0.003172   0.321096    0.039460   0.000000  -0.656899   0.000000   0.000000  -0.002615   0.000000   0.035524
       40.5281 0   0.002132   0.002132   0.328368    0.051589   0.000000  -0.683588   0.000000   0.000000  -0.000000   0.000000   0.025467
       40.5007 0   0.002584   0.002584   0.321559    0.056786   0.000344  -0.708402   0.000000   0.000000  -0.003972  -0.000048   0.026951
       40.7161 0   0.000203   0.000203   0.303964    0.047212   0.000000  -0.732027   0.000000   0.000000   0.000000   0.000000   0.025429
       40.5779 0   0.001423   0.001423   0.296127    0.040664   0.000000  -0.696276   0.000000   0.000000   0.000000   0.000000   0.033650
       40.8795 0   0.000182   0.000182   0.287443    0.059577   0.000000  -0.683557   0.000000   0.000000   0.000000   0.000000   0.028959
       40.4973 0   0.002643   0.002643   0.356894    0.062411   0.000000  -0.734558   0.000000   0.000000  -0.000001   0.000000   0.027725
       40.7238 0   0.000168   0.000168   0.334568    0.052781   0.000000  -0.734246   0.000000   0.000000   0.000000   0.000000   0.032654
       40.8087 0   0.000002   0.000002   0.351207    0.045890   0.000000  -0.682769   0.000000   0.000000   0.000000   0.000000   0.030802
       40.5214 0   0.002238   0.002238   0.324020    0.046625   0.000000  -0.652922   0.000000   0.000000   0.000000   0.000000   0.028056
       40.8414 0   0.000049   0.000049   0.338593    0.064225   0.000061  -0.686889   0.000000   0.000000   0.000000   0.000000   0.025825
       41.1932 0   0.004459   0.004459   0.343251    0.053470   0.000000  -0.717168   0.000088   0.000000   0.000000   0.000000   0.031827
       40.6756 0   0.000446   0.000446   0.358666    0.040923   0.000000  -0.725595   0.006467   0.000000   0.000000   0.000000   0.030079
       40.9113 0   0.000357   0.000357   0.342543    0.057215   0.000000  -0.776602   0.000000   0.000000   0.000000   0.000000   0.027063
       41.0566 0   0.001900   0.001900   0.370092    0.043138   0.000000  -0.823108   0.000000   0.000000   0.000000   0.000000   0.031650
       40.6837 0   0.000390   0.000390   0.344118    0.056734   0.000000  -0.812246   0.000000   0.000000   0.000000   0.000000   0.029529
       40.9832 0   0.000968   0.000968   0.304776    0.055411   0.000000  -0.783495   0.000000   0.000000   0.000000   0.000000   0.027868
       40.6589 0   0.000574   0.000574   0.321251    0.060818   0.000000  -0.795972   0.000000   0.000000   0.000000   0.000000   0.027837
       41.2303 0   0.005341   0.005341   0.310951    0.057103   0.000000  -0.767459   0.000000   0.000000   0.000000   0.000000   0.029982
       40.7605 0   0.000045   0.000045   0.319777    0.054295   0.000000  -0.787044   0.000000   0.000000   0.000000   0.000000   0.029771
       40.8077 0   0.000002   0.000002   0.305884    0.054716   0.000000  -0.782944   0.000000   0.000000   0.000000   0.000000   0.028815
       40.7962 0   0.000000   0.000000   0.321567    0.038714   0.000175  -0.821400   0.000000   0.000000   0.000000   0.000000   0.026328
       40.7519 0   0.000067   0.000067   0.369023    0.060088   0.000000  -0.896089   0.000000   0.000000   0.000000   0.000000   0.029823
       40.8486 0   0.000068   0.000068   0.357333    0.046833   0.000000  -0.843063   0.000098   0.000000   0.000000   0.000000   0.026474
       40.6521 0   0.000631   0.000631   0.320293    0.039967   0.000000  -0.793629   0.000000   0.000000   0.000000   0.000000   0.031014
       41.0891 0   0.002411   0.002411   0.365932    0.045033   0.000000  -0.855791   0.000000   0.000000  -0.000002   0.000000   0.030291
       41.0321 0   0.001554   0.001554   0.289008    0.050114   0.000000  -0.770682   0.000000   0.000000   0.000000  -0.011901   0.027359
       40.4048 0   0.004506   0.004506   0.302417    0.045521   0.000000  -0.760445   0.000000   0.000000   0.000000   0.000000   0.028038
       41.0043 0   0.001204   0.001204   0.313177    0.038723   0.000000  -0.752071   0.000000   0.000000   0.000000  -0.000001   0.027286
       40.8205 0   0.000012   0.000012   0.297370    0.039985   0.000000  -0.743142   0.000000   0.000000  -0.000005   0.000000   0.026261
       40.5786 0   0.001414   0.001414   0.333637    0.037967   0.000000  -0.774364   0.002065   0.000000   0.000000   0.000000   0.028983
       40.7465 0   0.000083   0.000083   0.293584    0.046733   0.000000  -0.759133   0.000000   0.000000   0.000000   0.000000   0.033852
       40.8122 0   0.000004   0.000004   0.331108    0.040425   0.000000  -0.734825   0.000000   0.000000   0.000000   0.000000   0.028135
       40.9318 0   0.000501   0.000501   0.325158    0.055477   0.000000  -0.740243   0.000000   0.000000  -0.000000   0.000000   0.027017
       40.7898 0   0.000003   0.000003   0.305189    0.039779   0.000000  -0.685429   0.000000   0.000000  -0.001203   0.000000   0.028273
       40.9426 0   0.000586   0.000586   0.334075    0.043194   0.000000  -0.680109   0.000000   0.000000   0.000000  -0.012605   0.028116
       40.4187 0   0.004193   0.004193   0.332246    0.050785   0.000000  -0.671256   0.000170   0.000000   0.000000  -0.005839   0.037139
       40.8905 0   0.000236   0.000236   0.353397    0.065317   0.000000  -0.705111   0.002429   0.000000   0.000000   0.000000   0.034532
       40.8193 0   0.000011   0.000011   0.327098    0.056863   0.000000  -0.676207   0.000015   0.000000   0.000000   0.000000   0.030549
       40.8197 0   0.000011   0.000011   0.359958    0.059799   0.000000  -0.712361   0.000000   0.000000   0.000000   0.000000   0.034565
       40.3788 0   0.005117   0.005117   0.343564    0.062089   0.000000  -0.711012   0.000000   0.000000   0.000000   0.000000   0.025493
       40.7933 0   0.000001   0.000001   0.318348    0.035467   0.000000  -0.621443   0.000000   0.000000   0.000000   0.000000   0.029608
       40.5178 0   0.002297   0.002297   0.341371    0.050338   0.000000  -0.639204   0.000000   0.000000   0.000000   0.000000   0.028898
       40.7982 0   0.000000   0.000000   0.353037    0.064457   0.000000  -0.646532   0.000000   0.000000   0.000000   0.000000   0.032729
       40.5315 0   0.002080   0.002080   0.331466    0.061783   0.000000  -0.622549   0.000000   0.000000   0.000000   0.000000   0.029937
       40.6858 0   0.000376   0.000376   0.361689    0.038511   0.000000  -0.625578   0.004124   0.000000   0.000000   0.000000   0.031949
       41.0541 0   0.001862   0.001862   0.306087    0.045974   0.000000  -0.633218   0.000000   0.000000   0.000000   0.000000   0.030520
       40.8389 0   0.000044   0.000044   0.304068    0.058337   0.000000  -0.637647   0.000000   0.000000   0.000000   0.000000   0.032738
       40.9667 0   0.000802   0.000802   0.350861    0.037138   0.000000  -0.681858   0.000000   0.000000  -0.001007   0.000000   0.025863
       40.9081 0   0.000337   0.000337   0.318072    0.049634   0.000000  -0.612137   0.000000   0.000000   0.000000   0.000000   0.029550
       41.0540 0   0.001862   0.001862   0.334187    0.050039   0.000000  -0.613177   0.000000   0.000000   0.000000   0.000000   0.030383
       40.5489 0   0.001819   0.001819   0.344818    0.053153   0.000000  -0.622105   0.000000   0.000000  -0.000000   0.000000   0.033172
       40.8254 0   0.000019   0.000019   0.342402    0.053024   0.000000  -0.654969   0.000000   0.000000   0.000000   0.000000   0.031556
       41.0398 0   0.001659   0.001659   0.292147    0.069215   0.000000  -0.658554   0.000224   0.000000  -0.000000   0.000000   0.027641
       40.5616 0   0.001639   0.001639   0.284942    0.049279   0.000000  -0.609548   0.000000   0.000000   0.000000   0.000000   0.026985
       40.7270 0   0.000154   0.000154   0.340630    0.058382   0.000451  -0.638351   0.000000   0.000000   0.000000  -0.012873   0.030672
       40.6359 0   0.000777   0.000777   0.288929    0.054307   0.000000  -0.654818   0.000000   0.000000   0.000000   0.000000   0.028431
       40.9058 0   0.000323   0.000323   0.314934    0.044984   0.000000  -0.683149   0.000813   0.000000   0.000000   0.000000   0.030888
       40.8967 0   0.000270   0.000270   0.327415    0.048690   0.000000  -0.675635   0.000000   0.000000   0.000000   0.000000   0.031390
       40.6596 0   0.000568   0.000568   0.361748    0.026174   0.000000  -0.640603   0.000076   0.000000   0.000000  -0.008801   0.039781
       40.7724 0   0.000022   0.000022   0.329886    0.055516   0.000000  -0.672760   0.000000   0.000000   0.000000   0.000000   0.034895
       41.2284 0   0.005294   0.005294   0.304356    0.061513   0.000716  -0.659890   0.000000   0.000000   0.000000   0.000000   0.027510
       40.7468 0   0.000081   0.000081   0.341995    0.057891   0.000000  -0.706819   0.000000   0.000000  -0.000000   0.000000   0.029363
       40.9515 0   0.000662   0.000662   0.336814    0.052535   0.000000  -0.664427   0.000000  -0.000000   0.000000   0.000000   0.032825
       40.6746 0   0.000454   0.000454   0.307774    0.039823   0.000000  -0.612073   0.000000   0.000000  -0.000034   0.000000   0.027194
       40.7969 0   0.000000   0.000000   0.320210    0.057092   0.000000  -0.614337   0.000000   0.000000  -0.000247   0.000000   0.033764
       40.8423 0   0.000052   0.000052   0.302981    0.052362   0.000000  -0.603190   0.000000   0.000000   0.000000   0.000000   0.024048
       40.9843 0   0.000980   0.000980   0.332910    0.044409   0.000000  -0.649604   0.000000   0.000000   0.000000   0.000000   0.027916
       40.9995 0   0.001149   0.001149   0.343214    0.039524   0.000000  -0.605767   0.000000   0.000000   0.000000   0.000000   0.029310
       40.7156 0   0.000205   0.000205   0.311674    0.035936   0.000000  -0.605054   0.000000   0.000000   0.000000   0.000000   0.027312
       41.1113 0   0.002796   0.002796   0.337212    0.058945   0.000000  -0.617362   0.000000   0.000000   0.000000   0.000000   0.029138
       40.7506 0   0.000071   0.000071   0.344455    0.059420   0.000000  -0.598720   0.000000   0.000000   0.000000   0.000000   0.028422
       40.9663 0   0.000798   0.000798   0.313013    0.042763   0.000000  -0.529108   0.000000   0.000000   0.000000   0.000000   0.026925
       41.1117 0   0.002803   0.002803   0.335497    0.050188   0.000000  -0.569218   0.000091   0.000000  -0.000023   0.000000   0.033022
       40.7250 0   0.000162   0.000162   0.360239    0.055120   0.000000  -0.583811   0.000120   0.000000  -0.000006   0.000000   0.030115
       40.7939 0   0.000001   0.000001   0.358807    0.057602   0.000000  -0.599131   0.000000   0.000000   0.000000   0.000000   0.030867
       41.1919 0   0.004431   0.004431   0.318434    0.061977   0.001051  -0.585914   0.000000   0.000000   0.000000   0.000000   0.028625
       41.0584 0   0.001926   0.001926   0.325141    0.050797   0.000000  -0.592414   0.000000   0.000000   0.000000   0.000000   0.031118
       40.5382 0   0.001977   0.001977   0.350920    0.038959   0.002695  -0.626043   0.000000   0.000000   0.000000   0.000000   0.024683
       40.7338 0   0.000126   0.000126   0.312450    0.054745   0.000000  -0.607427   0.000000   0.000000   0.000000   0.000000   0.024537
       40.5219 0   0.002231   0.002231   0.320352    0.050510   0.000039  -0.608469   0.000000   0.000000   0.000000   0.000000   0.030865
       40.8532 0   0.000082   0.000082   0.330893    0.039601   0.000000  -0.625661   0.000000   0.000000   0.000000   0.000000   0.025098
       40.9388 0   0.000556   0.000556   0.308152    0.053983   0.000000  -0.638627   0.000000   0.000000  -0.001133  -0.010476   0.025604
       40.4753 0   0.003041   0.003041   0.306718    0.045391   0.000000  -0.690788   0.000000   0.000000   0.000000   0.000000   0.025528
       40.3364 0   0.006199   0.006199   0.311863    0.062337   0.000000  -0.708268   0.000000   0.000000  -0.000046   0.000000   0.029367
       41.0305 0   0.001533   0.001533   0.316246    0.059693   0.000000  -0.718134   0.000000   0.000000   0.000000   0.000000   0.028285
       41.1613 0   0.003765   0.003765   0.308035    0.076068   0.000000  -0.717758   0.000000  -0.000239  -0.000698   0.000000   0.032643
       40.7964 0   0.000000   0.000000   0.316856    0.042239   0.000552  -0.693465   0.000000   0.000000   0.000000   0.000000   0.025336
       40.6113 0   0.001027   0.001027   0.302995    0.039526   0.000000  -0.669219   0.000000   0.000000   0.000000   0.000000   0.026583
       40.9435 0   0.000594   0.000594   0.345550    0.039882   0.000000  -0.641954   0.000000   0.000000   0.000000   0.000000   0.030651
       41.0109 0   0.001283   0.001283   0.315678    0.052490   0.000090  -0.627973   0.000000   0.000000   0.000000   0.000000   0.033294
       40.8665 0   0.000128   0.000128   0.320675    0.040030   0.000000  -0.617713   0.000000   0.000000   0.000000   0.000000   0.028412
       40.7393 0   0.000106   0.000106   0.333969    0.039295   0.000000  -0.583948   0.000000   0.000000   0.000000   0.000000   0.032057
       40.4203 0   0.004160   0.004160   0.346694    0.031104   0.000000  -0.649201   0.000000   0.000000  -0.000001   0.000000   0.025501
       40.9131 0   0.000369   0.000369   0.337505    0.040046   0.000000  -0.661087   0.000000   0.000000   0.000000   0.000000   0.026209
       40.8522 0   0.000079   0.000079   0.298771    0.054995   0.000000  -0.642566   0.000000   0.000000   0.000000   0.000000   0.026404
       40.8294 0   0.000025   0.000025   0.274577    0.056812   0.000336  -0.650819   0.000000   0.000000   0.000000   0.000000   0.028152
       40.7587 0   0.000049   0.000049   0.374255    0.039511   0.000000  -0.669341   0.000000   0.000000  -0.000000   0.000000   0.025998
       40.9117 0   0.000360   0.000360   0.312699    0.044983   0.000000  -0.646949   0.000000   0.000000   0.000000   0.000000   0.025592
       40.7667 0   0.000032   0.000032   0.326693    0.045716   0.000000  -0.607470   0.000000   0.000000   0.000000   0.000000   0.029107
       40.8170 0   0.000008   0.000008   0.316530    0.065700   0.000000  -0.630517   0.000000   0.000000   0.000000   0.000000   0.029230
       41.0669 0   0.002056   0.002056   0.306415    0.058960   0.000000  -0.625398   0.000000   0.000000   0.000000   0.000000   0.029171
       40.6465 0   0.000680   0.000680   0.338850    0.033602   0.000000  -0.624681   0.000000   0.000000   0.000000   0.000000   0.025069
       40.9065 0   0.000327   0.000327   0.342187    0.049901   0.000000  -0.647101   0.000000   0.000000  -0.000000   0.000000   0.030429
       40.9077 0   0.000334   0.000334   0.347839    0.026391   0.000000  -0.592902   0.000000   0.000000  -0.000030   0.000000   0.028702
       40.6566 0   0.000593   0.000593   0.314705    0.056231   0.000000  -0.571605   0.000000   0.000000   0.000000   0.000000   0.022059
       40.9610 0   0.000747   0.000747   0.355140    0.043062   0.000273  -0.578707   0.000007   0.000000   0.000000   0.000000   0.028470
       40.9850 0   0.000987   0.000987   0.311927    0.050010   0.000229  -0.551304   0.000000   0.000000   0.000000   0.000000   0.030904
       40.6992 0   0.000293   0.000293   0.349029    0.067945   0.000000  -0.570388   0.000000   0.000000   0.000000   0.000000   0.028972
       40.3046 0   0.007079   0.007079   0.368931    0.045880   0.000000  -0.601650   0.000000   0.000000  -0.000003   0.000000   0.029759
       40.9597 0   0.000736   0.000736   0.378662    0.056045   0.000000  -0.579232   0.001722   0.000000   0.000000   0.000000   0.028686
       41.0900 0   0.002426   0.002426   0.325937    0.057445   0.000000  -0.513332   0.000000   0.000000   0.000000   0.000000   0.027108
       40.6148 0   0.000989   0.000989   0.347289    0.048853   0.000000  -0.569388   0.000482   0.000000   0.000000  -0.011236   0.029814
       40.8227 0   0.000015   0.000015   0.365023    0.038506   0.000000  -0.610489   0.000000   0.000000   0.000000   0.000000   0.025067
       40.8036 0   0.000000   0.000000   0.317731    0.039851   0.000000  -0.581273   0.000000   0.000000  -0.000368   0.000000   0.026779
       40.7169 0   0.000199   0.000199   0.372613    0.052234   0.000000  -0.661488   0.000000   0.000000   0.000000   0.000000   0.031331
       40.9378 0   0.000548   0.000548   0.309824    0.043763   0.000000  -0.593193   0.000000   0.000000   0.000000   0.000000   0.029833
       40.7770 0   0.000015   0.000015   0.398289    0.037061   0.000000  -0.650927   0.000000   0.000000  -0.000000   0.000000   0.025756
       40.7609 0   0.000044   0.000044   0.371285    0.043422   0.000000  -0.637819   0.000189   0.000000   0.000000   0.000000   0.024312
       40.4210 0   0.004143   0.004143   0.334487    0.051820   0.000000  -0.595425   0.000000   0.000000   0.000000   0.000000   0.030921
       41.2548 0   0.005965   0.005965   0.365417    0.072429   0.000000  -0.671910   0.000000   0.000000   0.000000   0.000000   0.029888
       41.0082 0   0.001251   0.001251   0.380091    0.048515   0.000000  -0.637415   0.000000   0.000000   0.000000   0.000000   0.028279
       40.6258 0   0.000875   0.000875   0.375266    0.058451   0.000000  -0.697150   0.000000   0.000000  -0.000021   0.000000   0.030073
       40.7224 0   0.000174   0.000174   0.324260    0.059478   0.000000  -0.651892   0.000000   0.000000   0.000000   0.000000   0.031802
       41.2364 0   0.005493   0.005493   0.324851    0.046681   0.000000  -0.607353   0.000000   0.000000   0.000000   0.000000   0.028983
       40.9830 0   0.000966   0.000966   0.331845    0.042009   0.000000  -0.620839   0.002358  -0.013487  -0.002892   0.000000   0.037205
       40.8221 0   0.000014   0.000014   0.328787    0.037763   0.000000  -0.587411   0.000000   0.000000   0.000000   0.000000   0.031181
       41.0094 0   0.001265   0.001265   0.328941    0.071321   0.000000  -0.615734   0.000000   0.000000  -0.000000   0.000000   0.031174
       40.7469 0   0.000081   0.000081   0.362786    0.043211   0.000000  -0.667393   0.000000   0.000000   0.000000   0.000000   0.029424
       41.2693 0   0.006353   0.006353   0.276222    0.060126   0.000000  -0.665676   0.000000   0.000000   0.000000   0.000000   0.029525
       41.0921 0   0.002462   0.002462   0.319497    0.054190   0.000000  -0.709754   0.003371   0.000000   0.000000   0.000000   0.028904
       40.7384 0   0.000109   0.000109   0.326895    0.038857   0.000000  -0.685618   0.000000   0.000000   0.000000   0.000000   0.027642
       40.4177 0   0.004216   0.004216   0.338870    0.060499   0.000000  -0.760257   0.000000   0.000000   0.000000   0.000000   0.027971
       40.9919 0   0.001062   0.001062   0.327381    0.055783   0.000000  -0.751179   0.000000   0.000000   0.000000   0.000000   0.026316
       40.9693 0   0.000827   0.000827   0.306077    0.055743   0.000000  -0.746271   0.000000   0.000000  -0.000061   0.000000   0.030367
       40.8798 0   0.000184   0.000184   0.342312    0.046891   0.000000  -0.758213   0.000000   0.000000   0.000000   0.000000   0.033552
       40.8712 0   0.000146   0.000146   0.352645    0.041262   0.000148  -0.736404   0.000083   0.000000   0.000000   0.000000   0.025920
       40.5427 0   0.001909   0.001909   0.370781    0.037172   0.000000  -0.777610   0.000000   0.000000   0.000000   0.000000   0.027616
       40.9679 0   0.000813   0.000813   0.394849    0.051475   0.001158  -0.766923   0.000000   0.000000   0.000000   0.000000   0.025448
       40.6056 0   0.001090   0.001090   0.314318    0.048194   0.000000  -0.689952   0.000000   0.000000   0.000000   0.000000   0.030247
       40.6394 0   0.000744   0.000744   0.298767    0.045782   0.000000  -0.676038   0.000000   0.000000   0.000000   0.000000   0.031627
       40.8976 0   0.000275   0.000275   0.360449    0.037757   0.000000  -0.703078   0.000000   0.000000   0.000000   0.000000   0.031351
       40.8959 0   0.000265   0.000265   0.326945    0.049212   0.000000  -0.713824   0.000984   0.000000   0.000000   0.000000   0.027561
       40.7243 0   0.000165   0.000165   0.337839    0.051401   0.000000  -0.682816   0.000000   0.000000   0.000000   0.000000   0.024626
       40.7882 0   0.000004   0.000004   0.300761    0.052396   0.000000  -0.634363   0.000000   0.000000   0.000000   0.000000   0.030856
       40.8821 0   0.000195   0.000195   0.324545    0.039540   0.000000  -0.683714   0.000000   0.000000   0.000000   0.000000   0.029758
       40.9599 0   0.000738   0.000738   0.356455    0.044273   0.000400  -0.682830   0.000000   0.000000   0.000000   0.000000   0.031484
       40.8646 0   0.000120   0.000120   0.317217    0.059641   0.000054  -0.646933   0.000000   0.000000   0.000000   0.000000   0.028242
       40.4702 0   0.003137   0.003137   0.327240    0.065224   0.000000  -0.644785   0.000000   0.000000  -0.000000   0.000000   0.030119
       40.4569 0   0.003397   0.003397   0.403244    0.044806   0.000000  -0.677628   0.000000   0.000000   0.000000   0.000000   0.026960
       41.0121 0   0.001297   0.001297   0.346177    0.047243   0.000000  -0.635898   0.000000   0.000000   0.000000   0.000000   0.035455
       40.7868 0   0.000005   0.000005   0.316747    0.069316   0.000876  -0.671928   0.000000   0.000000   0.000000   0.000000   0.023287
       40.8359 0   0.000037   0.000037   0.369574    0.050709   0.000000  -0.695590   0.000000   0.000000   0.000000   0.000000   0.028274
       40.5836 0   0.001351   0.001351   0.301618    0.068393   0.000000  -0.734472   0.000000   0.000000   0.000000   0.000000   0.029407
       40.6751 0   0.000450   0.000450   0.317162    0.056159   0.000000  -0.732567   0.001050   0.000000   0.000000   0.000000   0.033086
       41.0367 0   0.001616   0.001616   0.332720    0.066308   0.000000  -0.743981   0.000000   0.000000   0.000000   0.000000   0.029063
       40.7960 0   0.000000   0.000000   0.320067    0.050030   0.000000  -0.705803   0.000000   0.000000   0.000000   0.000000   0.028358
       40.4454 0   0.003628   0.003628   0.309939    0.054913   0.000000  -0.738144   0.000000   0.000000   0.000000   0.000000   0.024655
       40.8732 0   0.000155   0.000155   0.334359    0.056806   0.000000  -0.753232   0.000000   0.000000   0.000000   0.000000   0.027225
       41.0477 0   0.001770   0.001770   0.404495    0.050965   0.000000  -0.782283   0.000000   0.000000   0.000000   0.000000   0.026214
       40.9344 0   0.000521   0.000521   0.391153    0.041205   0.000000  -0.758359   0.000000   0.000000   0.000000   0.000000   0.034881
       40.7286 0   0.000147   0.000147   0.375424    0.075144   0.000000  -0.786355   0.000000   0.000000   0.000000   0.000000   0.032709
       40.6738 0   0.000459   0.000459   0.307520    0.045343   0.000000  -0.663485   0.000000   0.000000   0.000000   0.000000   0.032617
       40.8773 0   0.000173   0.000173   0.351673    0.050992   0.000000  -0.691669   0.000000   0.000000   0.000000   0.000000   0.026645
       40.9491 0   0.000642   0.000642   0.333506    0.053936   0.000000  -0.661375   0.000000   0.000000   0.000000   0.000000   0.030170
       40.8757 0   0.000165   0.000165   0.292020    0.049171   0.000000  -0.669988   0.000000   0.000000  -0.000009   0.000000   0.033083
       40.9937 0   0.001082   0.001082   0.347502    0.064739   0.000000  -0.665277   0.000000  -0.009229  -0.001706   0.000000   0.030560
       40.7512 0   0.000069   0.000069   0.364812    0.056465   0.000000  -0.693773   0.000000   0.000000   0.000000   0.000000   0.029054
       40.9980 0   0.001131   0.001131   0.305376    0.036444   0.000000  -0.592485   0.000000   0.000000   0.000000   0.000000   0.028632
       40.9277 0   0.000471   0.000471   0.354789    0.042765   0.000000  -0.571794   0.000000   0.000000   0.000000   0.000000   0.029336
       40.7237 0   0.000168   0.000168   0.335031    0.037628   0.000000  -0.564824   0.000000   0.000000   0.000000   0.000000   0.031932
       41.0388 0   0.001646   0.001646   0.346274    0.045658   0.000000  -0.609700   0.000000   0.000000   0.000000   0.000000   0.028347
       40.7157 0   0.000205   0.000205   0.363011    0.053555   0.000000  -0.636409   0.000000   0.000000   0.000000   0.000000   0.025929
       40.9542 0   0.000686   0.000686   0.352184    0.045400   0.000000  -0.644594   0.000000   0.000000   0.000000   0.000000   0.026409
       40.6347 0   0.000789   0.000789   0.316525    0.043972   0.000000  -0.631129   0.000000   0.000000   0.000000   0.000000   0.035016
       40.5384 0   0.001975   0.001975   0.332387    0.046710   0.000000  -0.604940   0.000000   0.000000   0.000000   0.000000   0.034558
       40.7078 0   0.000245   0.000245   0.379946    0.028133   0.000000  -0.660083   0.000000   0.000000   0.000000   0.000000   0.029214
       41.2455 0   0.005726   0.005726   0.364386    0.054951   0.000000  -0.677286   0.000000   0.000000  -0.000000   0.000000   0.023692
       40.7973 0   0.000000   0.000000   0.360253    0.044972   0.000000  -0.614141   0.002097   0.000000  -0.000394   0.000000   0.025824
       40.4725 0   0.003094   0.003094   0.334749    0.064728   0.004591  -0.633015   0.000000   0.000000   0.000000   0.000000   0.027997
       40.8230 0   0.000015   0.000015   0.344183    0.060685   0.000000  -0.602958   0.000000   0.000000   0.000000   0.000000   0.028614
       41.1111 0   0.002792   0.002792   0.309370    0.040617   0.000000  -0.549221   0.000000   0.000000  -0.000000   0.000000   0.028176
       40.9368 0   0.000540   0.000540   0.313401    0.055294   0.000000  -0.595516   0.000000   0.000000   0.000000   0.000000   0.029682
       40.9671 0   0.000806   0.000806   0.309250    0.049772   0.000000  -0.562607   0.000000   0.000000   0.000000   0.000000   0.026051
       40.9838 0   0.000975   0.000975   0.371985    0.062386   0.000000  -0.632058   0.000000   0.000000   0.000000   0.000000   0.028149
       40.6646 0   0.000529   0.000529   0.336101    0.048533   0.000000  -0.617918   0.000000   0.000000   0.000000   0.000000   0.029803
       40.6230 0   0.000904   0.000904   0.361091    0.042810   0.000000  -0.645438   0.000000   0.000000  -0.000018   0.000000   0.025645
       40.5687 0   0.001543   0.001543   0.332812    0.045491   0.000000  -0.671376   0.000000   0.000000   0.000000   0.000000   0.027173
       40.6200 0   0.000935   0.000935   0.339388    0.049446   0.000000  -0.626294   0.000000   0.000000  -0.000774   0.000000   0.029672
       41.0307 0   0.001536   0.001536   0.311428    0.034527   0.000000  -0.613564   0.000000   0.000000   0.000000   0.000000   0.023168
       40.6989 0   0.000295   0.000295   0.297238    0.042171   0.000000  -0.595962   0.000000   0.000000   0.000000   0.000000   0.024642
       40.8363 0   0.000038   0.000038   0.338473    0.037808   0.000000  -0.635015   0.000000   0.000000   0.000000   0.000000   0.026381
       40.7211 0   0.000180   0.000180   0.282643    0.053223   0.000000  -0.595657   0.000000   0.000000   0.000000   0.000000   0.028658
       40.6990 0   0.000294   0.000294   0.302004    0.046315   0.000000  -0.626852   0.000000   0.000000   0.000000   0.000000   0.029082
       41.0254 0   0.001465   0.001465   0.295691    0.053496   0.000000  -0.661276   0.000000   0.000000   0.000000   0.000000   0.025140
       41.0915 0   0.002452   0.002452   0.295549    0.049986   0.000000  -0.700623   0.000000   0.000000   0.000000   0.000000   0.033233
       40.6911 0   0.000342   0.000342   0.305636    0.048993   0.000000  -0.699576   0.000000   0.000000   0.000000   0.000000   0.034296
       40.7914 0   0.000002   0.000002   0.342107    0.039246   0.000000  -0.693532   0.001359   0.000000   0.000000   0.000000   0.026423
       40.9336 0   0.000515   0.000515   0.350614    0.048431   0.000000  -0.681570   0.000000   0.000000  -0.000000   0.000000   0.029037
       41.2022 0   0.004667   0.004667   0.362636    0.046455   0.000000  -0.710381   0.000000   0.000000   0.000000   0.000000   0.028161
       40.4315 0   0.003917   0.003917   0.339986    0.055393   0.000000  -0.716000   0.000000   0.000000   0.000000   0.000000   0.028316
       41.1206 0   0.002966   0.002966   0.296868    0.043288   0.001401  -0.707379   0.000000   0.000000   0.000000   0.000000   0.028057
       40.9162 0   0.000390   0.000390   0.303227    0.045911   0.000765  -0.770689   0.000000   0.000000   0.000000   0.000000   0.030200
       40.9634 0   0.000770   0.000770   0.334354    0.049264   0.000000  -0.720932   0.000000  -0.000000  -0.000293   0.000000   0.028037
       40.8532 0   0.000082   0.000082   0.346421    0.049418   0.000000  -0.731870   0.002319   0.000000   0.000000   0.000000   0.029696
       40.7137 0   0.000215   0.000215   0.320962    0.051032   0.000000  -0.705382   0.000080   0.000000   0.000000   0.000000   0.028342
       40.7662 0   0.000033   0.000033   0.296120    0.051561   0.000000  -0.706799   0.000000   0.000000   0.000000   0.000000   0.029068
       40.9004 0   0.000291   0.000291   0.351639    0.038548   0.000000  -0.790856   0.000000   0.000000   0.000000   0.000000   0.029347
       41.2120 0   0.004897   0.004897   0.298825    0.068698   0.000074  -0.775494   0.000000   0.000000  -0.000435   0.000000   0.026774
       41.0286 0   0.001508   0.001508   0.341135    0.049476   0.000000  -0.825863   0.000000   0.000000   0.000000   0.000000   0.028694
       40.6902 0   0.000348   0.000348   0.322388    0.044712   0.000000  -0.781796   0.000000   0.000000   0.000000   0.000000   0.029448
       40.8971 0   0.000272   0.000272   0.334094    0.058580   0.000000  -0.750396   0.000000   0.000000   0.000000   0.000000   0.023779
       40.7175 0   0.000196   0.000196   0.342317    0.035277   0.000000  -0.759190   0.005108   0.000000   0.000000   0.000000   0.029285
       40.6456 0   0.000688   0.000688   0.333678    0.053150   0.000000  -0.765798   0.000000   0.000000   0.000000   0.000000   0.027297
       40.9946 0   0.001092   0.001092   0.355578    0.051545   0.000437  -0.798709   0.000000   0.000000  -0.000000  -0.011626   0.028956
       40.5941 0   0.001223   0.001223   0.340904    0.047972   0.000000  -0.785426   0.000000   0.000000   0.000000   0.000000   0.027343
       40.5517 0   0.001778   0.001778   0.362386    0.043580   0.000000  -0.765793   0.001212   0.000000   0.000000   0.000000   0.028548
       40.9161 0   0.000389   0.000389   0.339185    0.039323   0.000000  -0.729643   0.000000   0.000000   0.000000  -0.009404   0.030144
       40.6702 0   0.000486   0.000486   0.323175    0.052302   0.000630  -0.704648   0.000000   0.000000   0.000000   0.000000   0.026838
       40.7643 0   0.000037   0.000037   0.337785    0.053335   0.000000  -0.714084   0.000000   0.000000   0.000000   0.000000   0.030772
       40.6879 0   0.000362   0.000362   0.322083    0.057623   0.000000  -0.732879   0.000000   0.000000   0.000000   0.000000   0.029969
       40.6826 0   0.000398   0.000398   0.312873    0.041962   0.000000  -0.778243   0.000000   0.000000   0.000000   0.000000   0.033385
       40.9043 0   0.000314   0.000314   0.312773    0.057225   0.000000  -0.788572   0.000000   0.000000   0.000000   0.000000   0.034029
       40.6273 0   0.000861   0.000861   0.412879    0.044289   0.000000  -0.771676   0.000000   0.000000   0.000000   0.000000   0.023703
       40.6233 0   0.000901   0.000901   0.328777    0.055651   0.000000  -0.703279   0.000000   0.000000   0.000000   0.000000   0.026625
       40.8684 0   0.000135   0.000135   0.340076    0.048342   0.000000  -0.740294   0.000000   0.000000   0.000000   0.000000   0.027511
       40.9765 0   0.000898   0.000898   0.355641    0.071015   0.000000  -0.741649   0.000000   0.000000   0.000000   0.000000   0.024240
       40.7989 0   0.000000   0.000000   0.302997    0.064852   0.000000  -0.676602   0.000000   0.000000   0.000000   0.000000   0.030609
       40.6980 0   0.000300   0.000300   0.317884    0.055512   0.000000  -0.706401   0.000000   0.000000   0.000000   0.000000   0.027115
       40.6554 0   0.000603   0.000603   0.339038    0.044956   0.000000  -0.728560   0.000000   0.000000   0.000000   0.000000   0.024586
       40.8691 0   0.000138   0.000138   0.362727    0.055792   0.000000  -0.761885   0.000000   0.000000   0.000000   0.000000   0.027883
       40.7267 0   0.000155   0.000155   0.326618    0.041356   0.000511  -0.758655   0.000000   0.000000  -0.000137  -0.000064   0.029163
       40.7862 0   0.000006   0.000006   0.283337    0.049153   0.000000  -0.702916   0.000000   0.000000  -0.000000   0.000000   0.026927
       40.7747 0   0.000018   0.000018   0.362262    0.055813   0.000000  -0.752016   0.000000   0.000000   0.000000   0.000000   0.025595
       40.8005 0   0.000000   0.000000   0.311376    0.043377   0.000000  -0.740295   0.000000   0.000000   0.000000   0.000000   0.027566
       40.9372 0   0.000543   0.000543   0.313305    0.038476   0.000000  -0.732922   0.000000   0.000000   0.000000   0.000000   0.024682
       40.5930 0   0.001236   0.001236   0.313440    0.059202   0.000000  -0.775379   0.000199   0.000000   0.000000   0.000000   0.038090
       41.0725 0   0.002142   0.002142   0.365007    0.027965   0.000007  -0.767830   0.001997   0.000000   0.000000   0.000000   0.029186
       40.9421 0   0.000582   0.000582   0.343822    0.047412   0.000000  -0.749305   0.000000   0.000000   0.000000   0.000000   0.031690
       40.3255 0   0.006494   0.006494   0.367622    0.041139   0.000000  -0.771499   0.000000   0.000000   0.000000   0.000000   0.031160
       40.6643 0   0.000531   0.000531   0.336689    0.042119   0.000000  -0.745799   0.000000   0.000000  -0.001705   0.000000   0.035895
       40.8364 0   0.000038   0.000038   0.358359    0.036671   0.000000  -0.817742   0.000000   0.000000   0.000000   0.000000   0.030494
       40.9686 0   0.000820   0.000820   0.330385    0.052560   0.000000  -0.740212   0.000000   0.000000  -0.002000   0.000000   0.027416
       40.9032 0   0.000307   0.000307   0.309053    0.035440   0.000000  -0.729619   0.000000   0.000000   0.000000   0.000000   0.025377
       40.6733 0   0.000463   0.000463   0.311695    0.045375   0.000000  -0.770066   0.000000   0.000000   0.000000   0.000000   0.032568
       41.0781 0   0.002231   0.002231   0.335413    0.041559   0.000543  -0.780314   0.000000   0.000000   0.000000   0.000000   0.027552
       40.7678 0   0.000030   0.000030   0.346513    0.043120   0.000000  -0.706184   0.000000   0.000000  -0.000008   0.000000   0.032806
       40.8237 0   0.000016   0.000016   0.343494    0.040900   0.000000  -0.706113   0.000000   0.000000   0.000000   0.000000   0.028163
       40.8410 0   0.000049   0.000049   0.371607    0.045321   0.000000  -0.730684   0.000000   0.000000   0.000000   0.000000   0.027417
       40.6882 0   0.000361   0.000361   0.335389    0.041970   0.000000  -0.725380   0.000000   0.000000  -0.000003   0.000000   0.035549
       41.0528 0   0.001844   0.001844   0.330771    0.055084   0.000365  -0.735195   0.000000   0.000000   0.000000   0.000000   0.029575
       40.9787 0   0.000922   0.000922   0.334683    0.034531   0.000000  -0.695030   0.000000   0.000000   0.000000   0.000000   0.031843
       40.9023 0   0.000302   0.000302   0.335386    0.057682   0.000000  -0.732015   0.000000   0.000000   0.000000   0.000000   0.031485
       40.8092 0   0.000002   0.000002   0.352763    0.042612   0.000000  -0.660496   0.000000   0.000000   0.000000   0.000000   0.025132
       40.4466 0   0.003604   0.003604   0.346692    0.053414   0.000921  -0.713214   0.000000   0.000000   0.000000   0.000000   0.030183
       40.3872 0   0.004916   0.004916   0.318069    0.058519   0.000000  -0.725102   0.000000   0.000000   0.000000   0.000000   0.027878
       40.7104 0   0.000232   0.000232   0.357623    0.046942   0.000000  -0.720143   0.000000   0.000000   0.000000   0.000000   0.032387
       40.7340 0   0.000126   0.000126   0.313481    0.053634   0.000000  -0.695363   0.000000   0.000000   0.000000   0.000000   0.027006
       40.9256 0   0.000455   0.000455   0.291202    0.041544   0.000000  -0.661150   0.000000   0.000000   0.000000   0.000000   0.031543
       40.6069 0   0.001076   0.001076   0.354169    0.046438   0.000000  -0.694694   0.000000   0.000000   0.000000   0.000000   0.034178
       40.7881 0   0.000004   0.000004   0.405272    0.049761   0.000000  -0.726599   0.000000   0.000000   0.000000   0.000000   0.027998
       41.0272 0   0.001489   0.001489   0.331460    0.039879   0.000000  -0.659327   0.000000   0.000000   0.000000   0.000000   0.030161
       40.8176 0   0.000009   0.000009   0.303327    0.052964   0.000000  -0.670007   0.000000   0.000000  -0.000000   0.000000   0.029137
       40.6141 0   0.000997   0.000997   0.315437    0.045445   0.000000  -0.752681   0.000000   0.000000   0.000000   0.000000   0.026924
       41.2541 0   0.005948   0.005948   0.334106    0.052176   0.000000  -0.731782   0.000000   0.000000  -0.000000   0.000000   0.032944
       40.9523 0   0.000669   0.000669   0.377199    0.052101   0.000000  -0.759351   0.000000   0.000000   0.000000   0.000000   0.025938
       41.0213 0   0.001413   0.001413   0.371355    0.039657   0.000000  -0.737455   0.000000   0.000000   0.000000   0.000000   0.028926
       40.9692 0   0.000826   0.000826   0.331198    0.048069   0.000000  -0.708791   0.000000   0.000000   0.000000   0.000000   0.031259
       40.7503 0   0.000071   0.000071   0.312290    0.048362   0.000000  -0.690342   0.000000   0.000000   0.000000   0.000000   0.033132
       40.9836 0   0.000973   0.000973   0.349401    0.047166   0.000000  -0.742383   0.000000   0.000000   0.000000   0.000000   0.031041
       40.9117 0   0.000360   0.000360   0.326160    0.063899   0.000000  -0.794019   0.000000   0.000000   0.000000   0.000000   0.027266
       40.8808 0   0.000188   0.000188   0.351747    0.031011   0.000000  -0.773300   0.000000   0.000000   0.000000   0.000000   0.028566
       41.0323 0   0.001556   0.001556   0.317910    0.035030   0.000000  -0.807259   0.000000   0.000000   0.000000   0.000000   0.027035
       41.0467 0   0.001755   0.001755   0.298499    0.048330   0.000000  -0.736895   0.000000   0.000000   0.000000   0.000000   0.035244
       40.8638 0   0.000117   0.000117   0.385288    0.050387   0.000000  -0.847277   0.000000   0.000000  -0.000005   0.000000   0.029750
       40.6466 0   0.000678   0.000678   0.352504    0.038889   0.000000  -0.824783   0.000000   0.000000   0.000000   0.000000   0.026735
       40.7215 0   0.000178   0.000178   0.376814    0.037571   0.000000  -0.810011   0.000000   0.000000   0.000000   0.000000   0.025451
       41.0154 0   0.001339   0.001339   0.306893    0.043700   0.000000  -0.681572   0.000000   0.000000   0.000000   0.000000   0.029269
       40.8289 0   0.000024   0.000024   0.317244    0.052444   0.000000  -0.690118   0.001446   0.000000   0.000000   0.000000   0.029397
       40.6447 0   0.000696   0.000696   0.317823    0.039749   0.000000  -0.724708   0.000000   0.000000   0.000000   0.000000   0.035464
       40.8511 0   0.000075   0.000075   0.311621    0.035825   0.000000  -0.662972   0.000000   0.000000   0.000000   0.000000   0.028182
       40.9308 0   0.000494   0.000494   0.334959    0.058441   0.000000  -0.731692   0.000000   0.000000   0.000000  -0.000389   0.030088
       40.7753 0   0.000018   0.000018   0.333230    0.043201   0.000000  -0.705573   0.000000   0.000000   0.000000   0.000000   0.029804
       41.1426 0   0.003385   0.003385   0.303793    0.037804   0.000000  -0.718127   0.000000   0.000000  -0.000000   0.000000   0.028079
       40.9567 0   0.000709   0.000709   0.354148    0.037499   0.000000  -0.693893   0.000000   0.000000  -0.000330   0.000000   0.024970
       40.7086 0   0.000241   0.000241   0.310049    0.048579   0.000244  -0.636653   0.000000   0.000000   0.000000   0.000000   0.026549
       41.0659 0   0.002040   0.002040   0.313482    0.047150   0.000000  -0.615483   0.000000   0.000000   0.000000   0.000000   0.029380
       40.4539 0   0.003456   0.003456   0.300880    0.041612   0.000000  -0.633636   0.000000   0.000000  -0.000257   0.000000   0.029649
       40.6123 0   0.001017   0.001017   0.314917    0.047198   0.000000  -0.687361   0.000000   0.000000   0.000000   0.000000   0.034519
       40.9957 0   0.001105   0.001105   0.356796    0.048192   0.002988  -0.714869   0.000000   0.000000   0.000000   0.000000   0.027111
       41.2646 0   0.006226   0.006226   0.336794    0.040248   0.000000  -0.673191   0.000000   0.000000   0.000000   0.000000   0.028117
       41.0233 0   0.001438   0.001438   0.300235    0.042981   0.000000  -0.667787   0.000000   0.000000   0.000000   0.000000   0.030454
       40.7103 0   0.000232   0.000232   0.293158    0.043796   0.000000  -0.615379   0.000000   0.000000   0.000000   0.000000   0.028423
       40.5488 0   0.001821   0.001821   0.336602    0.040697   0.000000  -0.623620   0.000000   0.000000   0.000000   0.000000   0.029772
       40.9314 0   0.000498   0.000498   0.344995    0.046607   0.000000  -0.662930   0.003298   0.000000   0.000000   0.000000   0.028383
       40.9403 0   0.000567   0.000567   0.334220    0.052520   0.000000  -0.708607   0.000000   0.000000   0.000000   0.000000   0.028022
       40.6936 0   0.000327   0.000327   0.266910    0.045060   0.000000  -0.637662   0.000000   0.000000   0.000000   0.000000   0.031856
       40.7003 0   0.000287   0.000287   0.274252    0.035942   0.000583  -0.667227   0.000000   0.000000   0.000000   0.000000   0.028549
       40.9032 0   0.000307   0.000307   0.288573    0.036038   0.000000  -0.656165   0.000000   0.000000   0.000000   0.000000   0.030248
       40.6263 0   0.000870   0.000870   0.299715    0.041295   0.000000  -0.672328   0.000000   0.000000   0.000000   0.000000   0.027199
       40.4791 0   0.002971   0.002971   0.276108    0.059737   0.001416  -0.654939   0.000000   0.000000   0.000000  -0.001907   0.028889
       40.8149 0   0.000006   0.000006   0.303913    0.050764   0.000000  -0.669262   0.000000   0.000000  -0.000855   0.000000   0.027263
       40.5476 0   0.001838   0.001838   0.292144    0.043423   0.000000  -0.630650   0.000000   0.000000   0.000000   0.000000   0.028961
       40.8149 0   0.000006   0.000006   0.342465    0.044709   0.000000  -0.662764   0.000000   0.000000   0.000000   0.000000   0.025782
       40.8601 0   0.000104   0.000104   0.348585    0.058837   0.000000  -0.649651   0.000000   0.000000   0.000000   0.000000   0.027591
       40.6959 0   0.000313   0.000313   0.316725    0.049033   0.000000  -0.687691   0.000000   0.000000   0.000000   0.000000   0.025621
       41.0005 0   0.001159   0.001159   0.310832    0.047198   0.001140  -0.696068   0.000000   0.000000  -0.000000   0.000000   0.027805
       40.9844 0   0.000981   0.000981   0.310334    0.047867   0.000000  -0.720833   0.000000   0.000000   0.000000   0.000000   0.030879
       40.7464 0   0.000083   0.000083   0.296914    0.047253   0.000000  -0.728337   0.000000   0.000000   0.000000   0.000000   0.026886
       40.7171 0   0.000198   0.000198   0.306028    0.040691   0.000000  -0.722023   0.000000   0.000000   0.000000   0.000000   0.027310
       40.7369 0   0.000115   0.000115   0.291094    0.052627   0.000000  -0.712831   0.000000   0.000000   0.000000   0.000000   0.027257
       40.7216 0   0.000177   0.000177   0.286473    0.032725   0.000000  -0.708666   0.000000   0.000000   0.000000   0.000000   0.027429
       41.0262 0   0.001476   0.001476   0.349648    0.049271   0.002529  -0.690577   0.000000   0.000000   0.000000   0.000000   0.024207
       40.8558 0   0.000090   0.000090   0.307787    0.055127   0.001561  -0.636439   0.000000   0.000000   0.000000   0.000000   0.025694
       40.4685 0   0.003171   0.003171   0.371191    0.045663   0.000000  -0.710707   0.000000   0.000000   0.000000   0.000000   0.030384
       41.3382 0   0.008355   0.008355   0.325543    0.047909   0.000000  -0.739419   0.000000   0.000000   0.000000   0.000000   0.029960
       40.7401 0   0.000103   0.000103   0.332951    0.048069   0.000000  -0.745340   0.000000  -0.007590  -0.005382   0.000000   0.035047
       40.6038 0   0.001110   0.001110   0.279067    0.041148   0.000000  -0.702566   0.000000  -0.017834  -0.006359   0.000000   0.027624
       40.8002 0   0.000000   0.000000   0.366641    0.042574   0.000000  -0.778153   0.000000  -0.014276  -0.010196   0.000000   0.028414
       40.8720 0   0.000150   0.000150   0.301072    0.048391   0.000000  -0.706424   0.000000  -0.016190  -0.012838   0.000000   0.036239
       41.0356 0   0.001602   0.001602   0.332923    0.050593   0.000000  -0.719111   0.000000  -0.004434  -0.010135   0.000000   0.028017
       40.7538 0   0.000062   0.000062   0.346452    0.068147   0.000000  -0.764193   0.013286  -0.016109  -0.012158   0.000000   0.034397
       40.7148 0   0.000209   0.000209   0.366507    0.036216   0.000000  -0.710069   0.000000  -0.013083  -0.010284   0.000000   0.026503
       40.9645 0   0.000780   0.000780   0.375585    0.056348   0.003199  -0.703939   0.000000  -0.015007  -0.001805   0.000000   0.026565
       40.4103 0   0.004381   0.004381   0.358910    0.038609   0.000000  -0.764461   0.000000  -0.009935  -0.002273   0.000000   0.030012
       40.9620 0   0.000757   0.000757   0.258078    0.044169   0.000000  -0.675579   0.000000   0.000000  -0.000000   0.000000   0.027862
       40.7547 0   0.000059   0.000059   0.340887    0.037807   0.001384  -0.770538   0.000000   0.000000   0.000000   0.000000   0.024942
       40.9442 0   0.000600   0.000600   0.337174    0.044900   0.000000  -0.749760   0.000000   0.000000   0.000000   0.000000   0.031728
       40.9559 0   0.000701   0.000701   0.324193    0.038349   0.000000  -0.707078   0.000000   0.000000   0.000000   0.000000   0.031334
       40.4468 0   0.003598   0.003598   0.346315    0.050611   0.000000  -0.723163   0.000000   0.000000   0.000000   0.000000   0.032890
       41.0272 0   0.001489   0.001489   0.310969    0.035208   0.000000  -0.725336   0.000000   0.000000   0.000000   0.000000   0.026271
       40.7069 0   0.000250   0.000250   0.314542    0.065797   0.000000  -0.772900   0.000147   0.000000   0.000000   0.000000   0.028269
       40.8491 0   0.000070   0.000070   0.316591    0.037010   0.000000  -0.740030   0.000000   0.000000   0.000000   0.000000   0.030752
       40.7726 0   0.000022   0.000022   0.339790    0.045041   0.000751  -0.756672   0.000000   0.000000  -0.000023   0.000000   0.031826
       40.9239 0   0.000443   0.000443   0.319032    0.047693   0.000000  -0.726941   0.000000   0.000000   0.000000   0.000000   0.028768
       40.8376 0   0.000041   0.000041   0.300106    0.056718   0.000000  -0.729869   0.000000   0.000000   0.000000   0.000000   0.025305
       40.5635 0   0.001614   0.001614   0.304156    0.036630   0.000000  -0.709755   0.000000   0.000000   0.000000   0.000000   0.035490
       40.6748 0   0.000452   0.000452   0.315718    0.051784   0.000000  -0.710492   0.000000   0.000000   0.000000   0.000000   0.032111
       40.9631 0   0.000768   0.000768   0.333501    0.038981   0.000106  -0.663210   0.000000   0.000000   0.000000   0.000000   0.029867
       41.0358 0   0.001604   0.001604   0.299893    0.041745   0.000000  -0.686977   0.000000   0.000000   0.000000   0.000000   0.033689
       40.6440 0   0.000702   0.000702   0.290749    0.053442   0.000000  -0.695529   0.000000   0.000000   0.000000   0.000000   0.028661
       40.7015 0   0.000280   0.000280   0.342051    0.037322   0.000000  -0.712172   0.000000   0.000000   0.000000   0.000000   0.028152
       40.9314 0   0.000498   0.000498   0.299887    0.045895   0.000000  -0.683139   0.000000   0.000000   0.000000   0.000000   0.028446
       40.7540 0   0.000061   0.000061   0.296740    0.049302   0.000000  -0.736591   0.000000   0.000000   0.000000   0.000000   0.029443
       40.9214 0   0.000425   0.000425   0.309363    0.056823   0.001197  -0.792145   0.000000   0.000000   0.000000   0.000000   0.032447
       40.9034 0   0.000309   0.000309   0.309145    0.052888   0.000000  -0.737115   0.000000   0.000000  -0.000005  -0.012448   0.030270
       40.3388 0   0.006137   0.006137   0.303550    0.035039   0.000000  -0.673762   0.000000   0.000000   0.000000  -0.013100   0.024537
       40.5320 0   0.002071   0.002071   0.290971    0.043764   0.000000  -0.686002   0.000000   0.000000  -0.000000   0.000000   0.028950
       40.6965 0   0.000309   0.000309   0.333968    0.053741   0.000000  -0.749807   0.000000   0.000000   0.000000   0.000000   0.028181
       40.9116 0   0.000359   0.000359   0.298364    0.047566   0.000361  -0.739767   0.000000   0.000000   0.000000   0.000000   0.023032
       40.5886 0   0.001289   0.001289   0.319819    0.052884   0.000527  -0.776471   0.000000   0.000000  -0.000195   0.000000   0.032243
       40.7562 0   0.000055   0.000055   0.316054    0.057534   0.000000  -0.798262   0.000000   0.000000   0.000000   0.000000   0.029794
       41.0928 0   0.002472   0.002472   0.335322    0.040946   0.000000  -0.753635   0.000000   0.000000   0.000000   0.000000   0.025576
       40.9211 0   0.000423   0.000423   0.334813    0.055776   0.000000  -0.819695   0.000000   0.000000   0.000000   0.000000   0.024913
       40.7448 0   0.000088   0.000088   0.333141    0.055390   0.000000  -0.805072   0.000000   0.000000   0.000000   0.000000   0.026666
       41.3227 0   0.007880   0.007880   0.300723    0.041400   0.000000  -0.782903   0.000000   0.000000   0.000000   0.000000   0.025974
       40.5709 0   0.001514   0.001514   0.340576    0.062819   0.000000  -0.829733   0.000000   0.000000   0.000000   0.000000   0.027471
       40.5256 0   0.002172   0.002172   0.348880    0.056162   0.000000  -0.820892   0.000000   0.000000   0.000000   0.000000   0.031365
       40.8506 0   0.000074   0.000074   0.287616    0.045360   0.000000  -0.723248   0.000000   0.000000   0.000000   0.000000   0.025732
       40.7122 0   0.000222   0.000222   0.336219    0.041969   0.000000  -0.782545   0.000000   0.000000   0.000000   0.000000   0.027807
       40.4990 0   0.002613   0.002613   0.313140    0.047742   0.000000  -0.728778   0.000000   0.000000   0.000000   0.000000   0.027772
       40.8717 0   0.000148   0.000148   0.291555    0.054290   0.000093  -0.710115   0.000000   0.000000  -0.001289   0.000000   0.027632
       40.9987 0   0.001139   0.001139   0.327307    0.040694   0.000000  -0.741375   0.000000   0.000000   0.000000   0.000000   0.028166
       40.9690 0   0.000824   0.000824   0.320258    0.052862   0.000603  -0.739856   0.000000   0.000000   0.000000   0.000000   0.023369
       40.9936 0   0.001081   0.001081   0.330076    0.035582   0.000000  -0.756252   0.000000   0.000000   0.000000   0.000000   0.027470
       40.3377 0   0.006164   0.006164   0.310429    0.038594   0.000000  -0.788143   0.000237   0.000000  -0.000141   0.000000   0.030403
       40.7972 0   0.000000   0.000000   0.337776    0.044039   0.000000  -0.803821   0.000000   0.000000   0.000000   0.000000   0.027448
       41.0975 0   0.002553   0.002553   0.320003    0.034882   0.000000  -0.806232   0.000000   0.000000   0.000000   0.000000   0.030393
       40.9225 0   0.000433   0.000433   0.293543    0.057135   0.000000  -0.765663   0.000000   0.000000   0.000000   0.000000   0.029422
       40.8789 0   0.000180   0.000180   0.358864    0.050857   0.000000  -0.789004   0.000000   0.000000   0.000000   0.000000   0.032164
       40.6408 0   0.000731   0.000731   0.288597    0.055556   0.000000  -0.696621   0.000000   0.000000   0.000000   0.000000   0.026555
       40.9257 0   0.000456   0.000456   0.297715    0.071378   0.000000  -0.739888   0.000000   0.000000  -0.000078   0.000000   0.028895
       40.6949 0   0.000319   0.000319   0.330745    0.046066   0.000000  -0.822590   0.000000   0.000000   0.000000   0.000000   0.029352
       40.8051 0   0.000001   0.000001   0.317790    0.047696   0.000000  -0.838572   0.000000   0.000000   0.000000   0.000000   0.025710
       40.7838 0   0.000008   0.000008   0.331459    0.044881   0.000000  -0.843694   0.000000   0.000000   0.000000   0.000000   0.028957
       40.4533 0   0.003468   0.003468   0.312254    0.036159   0.000000  -0.780159   0.000000   0.000000   0.000000   0.000000   0.031374
       40.6557 0   0.000601   0.000601   0.330020    0.058449   0.000000  -0.847588   0.000000   0.000000   0.000000   0.000000   0.028359
       41.4303 0   0.011459   0.011459   0.342677    0.056057   0.000000  -0.831717   0.000000   0.000000   0.000000   0.000000   0.028730
       40.8570 0   0.000094   0.000094   0.353617    0.045197   0.000000  -0.824793   0.000000   0.000000   0.000000   0.000000   0.033726
       40.9998 0   0.001152   0.001152   0.331598    0.053164   0.000000  -0.824325   0.000000   0.000000   0.000000   0.000000   0.032115
       40.6663 0   0.000515   0.000515   0.357338    0.050078   0.000000  -0.840832   0.000000   0.000000   0.000000   0.000000   0.030674
       40.8945 0   0.000258   0.000258   0.381473    0.045453   0.000000  -0.854620   0.000000   0.000000   0.000000   0.000000   0.033761
       40.8923 0   0.000246   0.000246   0.384644    0.043759   0.000000  -0.794203   0.000000   0.000000   0.000000   0.000000   0.027566
       41.1368 0   0.003271   0.003271   0.294539    0.051880   0.000000  -0.748088   0.000000   0.000000   0.000000   0.000000   0.026794
       40.9299 0   0.000487   0.000487   0.312053    0.037607   0.000000  -0.764814   0.000000   0.000000   0.000000   0.000000   0.030640
       40.7194 0   0.000187   0.000187   0.338261    0.055324   0.000000  -0.782956   0.000000   0.000000   0.000000   0.000000   0.029101
       40.8430 0   0.000053   0.000053   0.337750    0.057305   0.000000  -0.776625   0.000000   0.000000   0.000000   0.000000   0.028007
       40.6301 0   0.000833   0.000833   0.325209    0.060503   0.000000  -0.775082   0.000000   0.000000  -0.000001   0.000000   0.028437
       40.8697 0   0.000140   0.000140   0.277517    0.052766   0.000000  -0.721438   0.002302   0.000000  -0.000000   0.000000   0.028794
       40.5034 0   0.002537   0.002537   0.304189    0.040877   0.000000  -0.727049   0.000000   0.000000  -0.000000   0.000000   0.028927
       41.2207 0   0.005104   0.005104   0.332554    0.038989   0.000000  -0.740891   0.001429   0.000000   0.000000   0.000000   0.026236
       40.6986 0   0.000297   0.000297   0.306381    0.044547   0.000000  -0.723308   0.000000   0.000000   0.000000   0.000000   0.033930
       40.6711 0   0.000479   0.000479   0.372132    0.044143   0.000000  -0.767974   0.000000   0.000000   0.000000   0.000000   0.031149
       40.7336 0   0.000127   0.000127   0.362528    0.052415   0.000803  -0.764507   0.000000   0.000000   0.000000   0.000000   0.035649
       41.0541 0   0.001863   0.001863   0.350494    0.045590   0.000000  -0.711848   0.000000   0.000000   0.000000   0.000000   0.030169
       40.6779 0   0.000430   0.000430   0.301418    0.053587   0.000000  -0.687246   0.000000   0.000000   0.000000   0.000000   0.031197
       40.8279 0   0.000022   0.000022   0.313945    0.057917   0.000000  -0.766358   0.000000   0.000000   0.000000   0.000000   0.028598
       40.8183 0   0.000010   0.000010   0.317829    0.047388   0.000000  -0.805445   0.000000   0.000000   0.000000   0.000000   0.029253
       40.5893 0   0.001281   0.001281   0.321622    0.059041   0.000072  -0.829348   0.000000   0.000000   0.000000   0.000000   0.029437
       40.6036 0   0.001112   0.001112   0.335321    0.060651   0.000000  -0.802428   0.000000   0.000000   0.000000   0.000000   0.033893
       41.1583 0   0.003702   0.003702   0.363909    0.040706   0.000000  -0.770727   0.000000   0.000000  -0.000541   0.000000   0.030033
       41.0465 0   0.001752   0.001752   0.378004    0.052696   0.000000  -0.763013   0.000000   0.000000   0.000000   0.000000   0.033453
       40.6925 0   0.000334   0.000334   0.326413    0.054231   0.000000  -0.717439   0.000000   0.000000   0.000000   0.000000   0.024713
       40.7265 0   0.000156   0.000156   0.331191    0.043266   0.000000  -0.721942   0.000000   0.000000   0.000000   0.000000   0.031474
       40.7769 0   0.000015   0.000015   0.333759    0.026925   0.000000  -0.720986   0.000000   0.000000   0.000000   0.000000   0.032756
       41.2547 0   0.005965   0.005965   0.341583    0.051937   0.000000  -0.735546   0.000000   0.000000   0.000000   0.000000   0.029257
       40.7051 0   0.000260   0.000260   0.271174    0.037964   0.000000  -0.619334   0.000000   0.000000   0.000000   0.000000   0.025399
       40.7108 0   0.000230   0.000230   0.308880    0.051197   0.000000  -0.658531   0.000000   0.000000   0.000000  -0.000007   0.030522
       40.8475 0   0.000065   0.000065   0.336516    0.048022   0.000000  -0.659331   0.000000   0.000000   0.000000   0.000000   0.026714
       41.1214 0   0.002980   0.002980   0.343083    0.048196   0.000000  -0.683855   0.000000   0.000000   0.000000   0.000000   0.026404
       40.6591 0   0.000573   0.000573   0.362175    0.035980   0.002069  -0.658176   0.000000   0.000000   0.000000   0.000000   0.025937
       41.0098 0   0.001270   0.001270   0.362265    0.052288   0.000000  -0.695055   0.000000   0.000000   0.000000   0.000000   0.031961
       40.9325 0   0.000506   0.000506   0.315996    0.054326   0.003309  -0.651186   0.000000   0.000000   0.000000   0.000000   0.027194
       40.8748 0   0.000161   0.000161   0.330699    0.064892   0.000000  -0.674961   0.000000   0.000000   0.000000   0.000000   0.029082
       40.9982 0   0.001134   0.001134   0.349495    0.037899   0.000000  -0.687272   0.000000   0.000000   0.000000   0.000000   0.032120
       40.6656 0   0.000521   0.000521   0.316981    0.045525   0.000000  -0.631739   0.000000   0.000000   0.000000   0.000000   0.032597
       40.9037 0   0.000310   0.000310   0.299504    0.044882   0.000000  -0.661051   0.000000   0.000000   0.000000   0.000000   0.030379
       41.0453 0   0.001736   0.001736   0.331890    0.048319   0.000000  -0.683210   0.006548   0.000000   0.000000   0.000000   0.029534
       40.6557 0   0.000601   0.000601   0.358426    0.037076   0.000000  -0.705310   0.000000   0.000000   0.000000   0.000000   0.033796
       40.8374 0   0.000040   0.000040   0.280783    0.047023   0.000000  -0.674370   0.000000   0.000000   0.000000   0.000000   0.026668
       40.6838 0   0.000390   0.000390   0.333971    0.058130   0.000000  -0.692976   0.000000   0.000000  -0.000000   0.000000   0.032741
       40.7064 0   0.000253   0.000253   0.324741    0.060701   0.000000  -0.736581   0.000000   0.000000   0.000000   0.000000   0.030030
       41.1279 0   0.003101   0.003101   0.335622    0.062656   0.000000  -0.709464   0.000000   0.000000   0.000000   0.000000   0.026112
       40.8578 0   0.000096   0.000096   0.385774    0.053751   0.000000  -0.735734   0.000000   0.000000   0.000000   0.000000   0.030867
       40.7389 0   0.000108   0.000108   0.381264    0.054832   0.000082  -0.692534   0.001098   0.000000   0.000000   0.000000   0.025882
       40.8026 0   0.000000   0.000000   0.336399    0.057072   0.000000  -0.653366   0.000000   0.000000   0.000000   0.000000   0.031336
       40.9124 0   0.000364   0.000364   0.302797    0.049239   0.000000  -0.599167   0.000000   0.000000  -0.000291   0.000000   0.031658
       40.9772 0   0.000906   0.000906   0.331028    0.047835   0.000000  -0.612596   0.000000   0.000000   0.000000   0.000000   0.027323
       40.7634 0   0.000039   0.000039   0.313611    0.066390   0.000000  -0.596333   0.000000   0.000000   0.000000   0.000000   0.028947
       40.7936 0   0.000001   0.000001   0.330914    0.050786   0.000000  -0.615754   0.002712   0.000000  -0.000000   0.000000   0.029438
       40.7144 0   0.000212   0.000212   0.342918    0.063776   0.000000  -0.668891   0.000000   0.000000  -0.000233   0.000000   0.032337
       40.7243 0   0.000165   0.000165   0.316093    0.047107   0.000829  -0.622711   0.000011   0.000000   0.000000   0.000000   0.028555
       40.8378 0   0.000041   0.000041   0.361075    0.034333   0.000415  -0.645279   0.000000   0.000000   0.000000   0.000000   0.034857
       40.7300 0   0.000141   0.000141   0.380016    0.051583   0.000000  -0.638969   0.000000   0.000000   0.000000   0.000000   0.029177
       40.8393 0   0.000045   0.000045   0.317024    0.060397   0.000000  -0.578296   0.000000   0.000000  -0.001674   0.000000   0.033626
       40.8059 0   0.000001   0.000001   0.341284    0.061113   0.000339  -0.643504   0.000000   0.000000   0.000000   0.000000   0.026726
       41.0076 0   0.001243   0.001243   0.324890    0.036616   0.000000  -0.562861   0.000000   0.000000   0.000000   0.000000   0.033843
       40.8787 0   0.000179   0.000179   0.339669    0.046870   0.000000  -0.603275   0.000000   0.000000  -0.000036  -0.000009   0.029961
       40.6610 0   0.000557   0.000557   0.310168    0.041663   0.000000  -0.579442   0.000000   0.000000  -0.000075   0.000000   0.028032
       40.5122 0   0.002390   0.002390   0.329273    0.048184   0.000000  -0.620269   0.000000   0.000000   0.000000   0.000000   0.024957
       40.7931 0   0.000001   0.000001   0.329234    0.075508   0.000000  -0.681614   0.000000   0.000000   0.000000   0.000000   0.031510
       41.2040 0   0.004708   0.004708   0.334112    0.047963   0.000000  -0.634150   0.000000   0.000000   0.000000   0.000000   0.031656
       40.9485 0   0.000636   0.000636   0.317882    0.072960   0.003481  -0.599333   0.000000   0.000000   0.000000   0.000000   0.028604
       40.8016 0   0.000000   0.000000   0.407159    0.073151   0.000000  -0.690169   0.000330   0.000000   0.000000   0.000000   0.032712
       40.7931 0   0.000001   0.000001   0.324794    0.050391   0.000000  -0.666990   0.000000   0.000000   0.000000   0.000000   0.025049
       40.5679 0   0.001554   0.001554   0.348959    0.060786   0.000000  -0.732995   0.000000   0.000000   0.000000   0.000000   0.028462
       40.7477 0   0.000079   0.000079   0.336702    0.066094   0.000000  -0.712740   0.000000   0.000000   0.000000   0.000000   0.029355
       40.9266 0   0.000462   0.000462   0.400955    0.056220   0.000000  -0.708051   0.000000   0.000000   0.000000   0.000000   0.030315
       41.0110 0   0.001284   0.001284   0.321187    0.047860   0.000000  -0.670050   0.000000   0.000000   0.000000   0.000000   0.028143
       40.4163 0   0.004247   0.004247   0.311147    0.060018   0.000000  -0.673572   0.000000   0.000000   0.000000   0.000000   0.029906
       40.7822 0   0.000009   0.000009   0.331459    0.047787   0.000000  -0.664349   0.000000   0.000000   0.000000   0.000000   0.028462
       40.6605 0   0.000561   0.000561   0.337469    0.057363   0.000000  -0.679137   0.000000   0.000000  -0.000024   0.000000   0.024562
       40.8051 0   0.000001   0.000001   0.345802    0.038392   0.000000  -0.708453   0.000000   0.000000   0.000000   0.000000   0.038851
       41.2743 0   0.006488   0.006488   0.362495    0.055524   0.000000  -0.781447   0.000000   0.000000   0.000000   0.000000   0.027999
       40.3346 0   0.006248   0.006248   0.305854    0.057306   0.000000  -0.755161   0.000000   0.000000   0.000000   0.000000   0.031754
       40.6986 0   0.000297   0.000297   0.329162    0.040775   0.000000  -0.714434   0.000000   0.000000  -0.000001   0.000000   0.035865
       40.7582 0   0.000050   0.000050   0.309595    0.046802   0.000005  -0.709315   0.000000   0.000000   0.000000   0.000000   0.029393
       40.4645 0   0.003247   0.003247   0.310988    0.058125   0.000000  -0.748443   0.000000   0.000000   0.000000   0.000000   0.027733
       40.8121 0   0.000004   0.000004   0.312435    0.047184   0.000000  -0.734585   0.000000   0.000000   0.000000   0.000000   0.026732
       41.2830 0   0.006730   0.006730   0.314106    0.044819   0.000000  -0.750188   0.000000   0.000000   0.000000   0.000000   0.026740
       40.4728 0   0.003088   0.003088   0.288156    0.060406   0.000000  -0.808710   0.000000   0.000000   0.000000   0.000000   0.026564
       41.0442 0   0.001720   0.001720   0.316130    0.044332   0.000000  -0.785205   0.000000   0.000000   0.000000   0.000000   0.031645
       40.7182 0   0.000193   0.000193   0.284563    0.049125   0.000000  -0.720774   0.000000   0.000000   0.000000  -0.009448   0.033126
       41.0609 0   0.001963   0.001963   0.309679    0.063536   0.000071  -0.741139   0.000000   0.000000   0.000000   0.000000   0.029746
       40.5457 0   0.001865   0.001865   0.315975    0.058313   0.000385  -0.739853   0.000000   0.000000   0.000000   0.000000   0.027428
       40.6235 0   0.000898   0.000898   0.321116    0.053921   0.000000  -0.789300   0.000000   0.000000   0.000000   0.000000   0.026236
       40.7872 0   0.000005   0.000005   0.327185    0.044267   0.000000  -0.765251   0.000000   0.000000   0.000000   0.000000   0.026733
       40.9849 0   0.000986   0.000986   0.318038    0.057490   0.000000  -0.769780   0.000000   0.000000   0.000000   0.000000   0.027895
       40.7364 0   0.000117   0.000117   0.362902    0.040183   0.000000  -0.773350   0.000001   0.000000   0.000000   0.000000   0.030629
       40.8510 0   0.000075   0.000075   0.315775    0.046369   0.000000  -0.711978   0.000000   0.000000   0.000000   0.000000   0.027497
       40.9199 0   0.000414   0.000414   0.346626    0.061603   0.000000  -0.760477   0.000000   0.000000   0.000000   0.000000   0.027533
       40.9622 0   0.000759   0.000759   0.331559    0.065184   0.000000  -0.778584   0.000000   0.000000  -0.000264   0.000000   0.032426
       40.8914 0   0.000241   0.000241   0.323573    0.044444   0.000000  -0.720814   0.000000   0.000000   0.000000   0.000000   0.027679
       40.6303 0   0.000831   0.000831   0.323056    0.060677   0.000000  -0.740658   0.000000   0.000000  -0.000000   0.000000   0.031934
       40.7150 0   0.000209   0.000209   0.302253    0.037443   0.000000  -0.703186   0.000112   0.000000   0.000000   0.000000   0.028856
       40.9421 0   0.000582   0.000582   0.358269    0.031598   0.000000  -0.720030   0.000000   0.000000  -0.000917   0.000000   0.030685
       40.8025 0   0.000000   0.000000   0.366815    0.048803   0.000000  -0.751744   0.000000   0.000000   0.000000   0.000000   0.027912
       40.4666 0   0.003207   0.003207   0.389966    0.046971   0.000000  -0.768365   0.000000   0.000000   0.000000   0.000000   0.029165
       40.8822 0   0.000195   0.000195   0.351300    0.041004   0.000000  -0.701304   0.000000   0.000000   0.000000   0.000000   0.026840
       41.0286 0   0.001508   0.001508   0.295867    0.053090   0.000000  -0.708395   0.000000   0.000000   0.000000   0.000000   0.028462
       40.7308 0   0.000138   0.000138   0.260504    0.072325   0.000000  -0.672285   0.000000   0.000000  -0.000000   0.000000   0.025538
       40.5548 0   0.001734   0.001734   0.374670    0.046672   0.000000  -0.716883   0.000000   0.000000   0.000000   0.000000   0.028036
       40.8100 0   0.000003   0.000003   0.375779    0.064863   0.000000  -0.692668   0.000000   0.000000   0.000000   0.000000   0.034843
       40.9985 0   0.001136   0.001136   0.339339    0.041790   0.000000  -0.690135   0.000000   0.000000  -0.000000   0.000000   0.033324
       41.1034 0   0.002655   0.002655   0.400294    0.043765   0.000000  -0.713040   0.000000   0.000000   0.000000   0.000000   0.026575
       40.9403 0   0.000568   0.000568   0.359558    0.063739   0.000000  -0.716635   0.000000   0.000000   0.000000   0.000000   0.030741
       40.7388 0   0.000108   0.000108   0.396298    0.073477   0.002774  -0.744305   0.000000   0.000000   0.000000   0.000000   0.030414
       40.7376 0   0.000112   0.000112   0.376255    0.040677   0.000000  -0.703065   0.000000   0.000000   0.000000   0.000000   0.026535
       40.8654 0   0.000123   0.000123   0.369187    0.046329   0.000000  -0.676663   0.000000   0.000000  -0.000047   0.000000   0.031563
       40.7044 0   0.000263   0.000263   0.379499    0.043790   0.000000  -0.683971   0.000000   0.000000   0.000000   0.000000   0.034414
       40.6595 0   0.000570   0.000570   0.344973    0.034781   0.000000  -0.625500   0.000000   0.000000   0.000000   0.000000   0.026410
       40.4243 0   0.004072   0.004072   0.328549    0.049292   0.000000  -0.622625   0.000195   0.000000   0.000000   0.000000   0.029076
       40.8408 0   0.000048   0.000048   0.331244    0.033779   0.000000  -0.628529   0.000000   0.000000   0.000000   0.000000   0.024641
       40.7944 0   0.000001   0.000001   0.307395    0.043358   0.000000  -0.599237   0.000000  -0.000000   0.000000   0.000000   0.030910
       40.9545 0   0.000688   0.000688   0.361032    0.064526   0.000092  -0.728097   0.000000   0.000000  -0.000001   0.000000   0.028029
       40.7220 0   0.000175   0.000175   0.355824    0.041998   0.000000  -0.673467   0.000000   0.000000   0.000000   0.000000   0.033239
       40.9403 0   0.000568   0.000568   0.349834    0.055919   0.000000  -0.653648   0.000000   0.000000   0.000000   0.000000   0.029712
       40.7974 0   0.000000   0.000000   0.346957    0.035106   0.000000  -0.643774   0.000000   0.000000  -0.000135   0.000000   0.032214
       40.5704 0   0.001521   0.001521   0.346604    0.044256   0.000000  -0.668591   0.000000   0.000000   0.000000   0.000000   0.027610
       40.7267 0   0.000155   0.000155   0.325175    0.051036   0.000000  -0.661971   0.001046   0.000000   0.000000  -0.000054   0.027671
       40.9170 0   0.000395   0.000395   0.348248    0.054486   0.000000  -0.642789   0.000000   0.000000   0.000000   0.000000   0.027809
       40.8690 0   0.000137   0.000137   0.334998    0.055849   0.000000  -0.625736   0.000000   0.000000   0.000000   0.000000   0.024781
