t = 7000000
b = 105 105 105
E = -0.210107959696369 -0.545105534822081 0.334997575125712
-4.81281769053464 -29.5351350384418 -6.50654978317123 0.259294476163352 -0.964846233764872 0.0428732996303025 0.844191130966431 0.247986455683726 0.475230525319503 -0.0315108078267326 0.509190691600112 0.175051444654229 0.017912642345489 -0.174986669639755 -0.151036661075705
-4.88492810433268 -29.0649499889003 -7.60309023562518 -0.635589191722115 0.560414274026332 0.531001149559399 0.768430471033681 0.525541041937463 0.365131790489586 -0.405108373431425 -0.051361185143482 0.38958835069434 -0.551376257212646 -0.127204080417467 -0.597148829035339
-4.50938149088042 -30.1238062840409 -8.33127794017719 0.966732435755002 -0.205496004688273 -0.152314771825891 -0.237776520826289 -0.941463643872931 -0.238973917843537 0.272554443874348 0.294053627396332 -0.726205735600478 -0.263850714241122 0.0620982839264299 0.440269681055296
-4.34316692551504 -30.6685221160792 -8.12233712827824 0.848367879461602 0.169795858499558 0.50143923613384 0.25809220751799 -0.959640565759359 -0.111706745397845 -0.141341656118469 -0.108656345590506 -0.119689154434147 -0.100802024414844 -0.144135942532865 -1.03060668184816
-4.9106514024106 -31.4645545849387 -8.68108032476289 0.480709429465187 -0.767160991402725 -0.424714560255546 -0.875015272795748 -0.451236554823395 -0.175310706933345 0.0181947426931832 -0.057253208417014 -0.698135499268809 0.432305776263357 0.0477358769382851 0.101989917323333
-5.3805716555254 -31.8495367342227 -8.94861964693249 0.833892465730724 -0.537900652001629 -0.123637551634886 -0.551799108909279 -0.817333384145808 -0.165782636509003 0.261193385627802 -0.26813709929648 -0.0984663225874699 0.22085263668608 -0.237007312237559 0.356506952448343
-5.33042555456566 -31.9188092612571 -9.74508300775384 -0.150296408954524 0.459925198064305 -0.875145588825867 0.925157089225691 0.37752177329161 0.0395179825698356 0.252087300777416 -0.285338163805623 0.369414655352523 -0.347133971586579 -0.269583312904699 -0.100853077406628
-4.78641709273034 -31.7840804191692 -9.92039274051069 -0.18514371416362 0.982617279611988 -0.0136046651379607 0.914918978298608 0.1774078354189 0.362559957911453 0.13005547494074 -0.0165510761288952 0.232620684672447 0.198885913060488 -0.0131162521846826 -0.245840515071703
-4.38871596887845 -31.5484411658385 -10.0512973767828 -0.236182182705711 0.531084985809634 0.813736268345004 0.950891159936279 -0.0460943094122949 0.306074037766474 0.271152626620329 0.112602981337643 0.142141809872192 0.179442952608695 -0.00661706073403936 -0.396824682842612
-3.40768973837156 -31.5507127216007 -10.9294836209951 0.598751714714985 0.78534170933845 -0.157272959212316 0.347954307838762 -0.0781911143305146 0.934245122704191 0.456852102323776 -0.318633995645172 -0.647165247263574 0.267923131460665 -0.416204893683517 0.0497568572473161
-2.98489504007951 -31.4679442034962 -10.507456448552 -0.267554448367598 0.961837894370286 0.0572929499369856 0.263090696473164 0.0157239024577185 0.964642962095747 0.00299008878881886 -0.385481693784341 -0.633537482177262 0.0862082482594231 -0.522208681847651 -0.0446251511738836
-2.54642206042144 -31.357806432073 -10.2287728403524 -0.693982835149797 0.625212890756238 0.357066752512642 0.489775097990838 0.0464306755818384 0.870611592935557 0.162729221438694 -0.536901058676894 0.250912642151145 -0.0337822519290601 -0.0769743126955721 0.26914370381962
-2.4925212514413 -31.9734530050285 -11.0277678099897 0.00592446028597935 -0.845926223108846 0.533267030508377 -0.896915679623321 0.231303460080807 0.376883235234174 0.450753675491402 0.210807372504042 -0.0514274522456263 -0.226477596705429 0.373464278527513 0.422121942966581
-1.91501358485035 -32.2659094044882 -11.5333876279865 0.350546952745482 -0.597897117223505 0.720857732937975 -0.407181454764275 -0.790443733971454 -0.45760459604485 -0.125743970253742 0.126956853011918 -0.353584806659297 -0.25035139849492 0.34005209268958 -0.00452994594544013
-1.86307184693877 -32.7013983069772 -11.8183034368649 -0.399874824848419 -0.241381039439035 0.884214520493767 -0.521990914675587 -0.732998049031075 -0.436164355619373 -0.0443140917632535 0.0919333633514094 -0.291608190352822 -0.35279229713019 -0.0459151335693612 0.0766474958287681
-2.42182240107867 -32.9099769659598 -12.7534138175954 -0.262062524800715 -0.415661730218171 -0.870946932440322 -0.912952997380729 -0.185735242723189 0.36334452546284 -0.481514763999439 0.0797206231058826 -0.107639908578198 -0.551122535033231 0.302766026422131 -0.323448154443617
-2.88731112417528 -32.9860281545078 -12.8985238973931 0.196526547327603 -0.945871033244484 -0.258273701069383 -0.945866607670685 -0.252279167827032 0.204185165900793 -0.487741741073947 -0.232719788495823 0.326836118473945 -0.277296272797326 -0.243454820723605 0.130525050220536
-3.38888577421731 -33.1989780983752 -13.0459202932407 0.423953252512402 -0.745133933531846 0.514819444838528 -0.905465675761052 -0.361197685399291 0.222863505493913 -0.0747049321043484 -0.0340951998698312 -0.452571944699198 -0.0326405153861889 -0.0247180653466549 -0.175025061942219
-3.74796424602701 -33.5946859422315 -13.0211680223028 0.443985768519178 -0.074583575797279 0.892924368339022 -0.808051760542824 -0.463961833225925 0.363031361721524 0.374079120349857 0.983188767349347 -0.323110182798981 0.514744283539722 0.369040556881198 0.50031668127887
-3.92844479597131 -34.0825795021359 -12.8707601657887 -0.0506148099665336 0.567772714783806 0.821627826548672 -0.91158215871255 -0.362341256801125 0.194233832111456 0.490402197524022 -0.335867839484092 -0.319567107725404 0.0115664594992757 -0.0355043277819103 0.451841586638204
-4.1663486009549 -34.3222501276374 -12.5679994426385 -0.393592182572033 0.870562871357717 0.295305741278007 -0.775083730343247 -0.486991041779333 0.402597734946626 -0.539667356150262 0.0302094342897954 -0.14362817018512 -0.147767383575159 -0.0958988005901622 0.359928947365983
-4.67620370862317 -34.4987274251376 -12.2315255264506 -0.542844876191668 0.758246513481411 -0.361084014027172 -0.833625938741919 -0.434311133816316 0.341235451411561 -0.270194381224486 0.186334604744987 -0.0394375176095889 0.266323742309563 0.494823246965275 0.0120716982291078
-4.80544269518817 -34.6868111349215 -11.7484904723574 -0.454321768113226 0.307262076846468 -0.836170883940988 -0.770181505872054 -0.607171477540274 0.195354152436985 -0.141022092862256 0.299223480374508 -0.36689857675227 -0.510311485692358 0.210338175067979 -0.312331503941554
-3.4966460734511 -34.4167279854378 -11.11639921544 0.833869155010077 0.492712600244768 -0.248790124165799 -0.537453108807374 0.827459236586781 -0.162651060926008 -0.638317048344948 -0.0611299907159305 -0.302258530064968 0.3930761512412 -0.0353173996862779 0.497311047658321
-3.70201305012817 -34.0890255720102 -10.8585501312034 0.449708383576585 0.401934908574281 -0.797628170898424 -0.529832030734742 0.838981264183075 0.124050221915676 -0.217270268062596 -0.303997356222512 -0.593533874169123 0.176760549565006 0.0432239106483635 -0.297001951099626
-3.65876490519193 -33.6359946686189 -10.7355400435187 -0.437411612198463 -0.000745226409732199 -0.899261100099092 -0.674177739172479 0.662047529882791 0.327379663663282 -0.111969948980388 -0.136013788011563 0.362078604508634 -0.00898064421805334 0.0828315949252854 0.19006363279669
-20.7759838658461 -65.45344905029 -20.1378362079774 -0.14276642988048 0.63926865732189 -0.755614538151149 0.843633041262828 -0.320639983249036 -0.430666103648547 -0.0347499181278714 -0.0905006334510846 0.254140503259162 -0.559952553246138 -0.667070116533221 -0.167450134029373
-20.9828418987767 -66.3540608911736 -20.5265957928418 0.274587770438074 -0.643879607234653 -0.714157270993653 0.0505196295084001 -0.732019256877842 0.679408253257526 -0.524148048808497 -0.00965412534428631 -0.31848331184187 -0.0609538205246974 0.0885882342563852 0.172051751679075
-20.7491817730738 -66.0328481851188 -19.7463939909733 0.977920775432111 0.166969200196039 0.125667192075948 0.00367715387261477 -0.615003083669958 0.788516128951044 -0.694926964867865 0.107263865096418 -0.564904713917212 0.736932711350819 0.286580883669796 0.470467165541597
-20.7020511634568 -66.1449422406205 -18.7448416513447 -0.0861937839823509 -0.354558873842594 0.931052434926284 0.932499054814582 -0.357709587642818 -0.04989352341512 -0.123453537410353 0.410640098641988 0.010697212570584 0.0513781569906883 0.253574703283401 -1.15064887845186
-20.2999922984198 -66.933022391451 -19.1449549438141 0.467265536438961 0.799551006020358 0.37733421157965 -0.747847487893949 0.129793515226582 0.651058966804128 0.253961177303191 -0.107304388340621 0.45859612385069 -0.475012924482597 -0.0785569834378739 0.0306962554511838
-20.8804458737957 -67.8558383180004 -19.9363069025712 -0.181284685795319 0.481144845617773 -0.857691961156011 0.982786478843996 0.0570737630052469 -0.175708060651541 -0.351329002929389 -0.134362951072125 -0.158258761014736 -0.1752619897392 -0.59712432923689 -0.444012129770826
-20.3537797337417 -68.3836936727869 -18.5791686311783 -0.477139910850746 -0.0833848706514605 0.874862542814548 -0.199947435152409 -0.959081040820956 -0.200460919669071 0.35277443909131 0.566155469484367 0.283763001615753 0.235609091423276 0.141383929939646 0.254580817338087
-20.3568169658984 -68.844520210684 -18.4506473001956 -0.896528964145948 0.232472316212516 0.377084126744077 -0.26669795832848 -0.962931557518584 -0.0404353132579986 -0.0649851437271342 -0.163737411177659 0.513641491721526 0.156637724925047 0.168291243605359 0.226224110352669
-18.9945089334696 -68.7811055495406 -18.7567984956489 0.244960251429816 0.639582349036956 0.728648676674815 0.253908566559517 -0.767635645588975 0.58844367228179 0.376737185703137 -0.0447034857683405 -0.136844724758602 -0.171064086015691 -0.455392776718385 0.158359547665914
-18.5027748171978 -68.9214055877596 -18.5229719389565 -0.687176138786404 0.313803242401649 0.655222465534295 0.290745722984551 -0.707734874691529 0.643877528503539 0.0247473798642543 -0.646052153604023 0.0622834585587093 0.616118336087782 -0.27872574500475 0.3789062853808
-18.2581400216251 -69.007852184729 -18.2581939891741 -0.889763699610825 -0.425260464473202 0.165753118254011 0.438865069256881 -0.697375390438583 0.566625992870804 -0.162120212442561 0.240668903406821 -0.273522217752061 -0.366860672282914 -0.0811303245513986 0.19609111163663
-18.114060468634 -69.1804087550052 -17.778507061197 -0.608582604793456 -0.715398647202518 -0.343266643767665 0.426621958483185 -0.65976035123293 0.61863558213302 -0.258654089014664 0.409144068030952 0.0197544186960871 -0.0817090048927199 -0.164586952662712 0.229911311495401
-18.0092405038139 -69.4954653285741 -17.4008677475273 -0.283017649116439 -0.601349210213351 -0.747181462340261 0.252373440202361 -0.798271318604897 0.54687343012202 -0.0498129025780397 0.324945137133406 -0.340124045272997 0.450085462952527 -0.262132452400315 -0.0207844875407051
-18.0841800344184 -69.9408226996305 -17.1713114890747 0.505974167111559 -0.139554429322937 -0.851184294657845 0.594728933879883 -0.658296412537444 0.461457829543093 -0.160287160435531 0.317608628708998 0.421282318078559 -0.324859576590434 0.290406824919905 0.119867472990248
-17.8102796037441 -70.44958821769 -17.314740263011 0.625717658327883 0.701776172184386 -0.340569546805301 0.77996213028381 -0.556328442553642 0.286631713753338 -0.324036441436776 -0.0195148582460877 -0.0571662487858994 -0.423409665462308 0.0785906166031237 -0.487287389595926
-17.4210477411357 -70.7950733549404 -17.3854558293826 0.382566924590303 0.790715603722796 0.4779240339623 0.733638381775083 -0.57440741914765 0.363085171294992 0.0753263396758815 0.162823776425878 -0.149429937421913 0.027350421080014 0.226770929067189 0.364010168010318
-16.9260136060353 -71.084939416674 -17.1931996825981 -0.0962070428541831 0.899196693998943 0.426836631987431 0.735571364361105 -0.224674523668214 0.63910572391932 -0.775447309479184 -0.766450488526375 -0.280485217065659 -0.287740320844787 0.476710060109081 -0.345436970552206
-16.2860370054048 -72.4295038465353 -16.7953620171189 0.249774954888838 -0.952472261520412 -0.174381945581112 0.714535867679772 0.302841357824558 -0.630654902295887 -0.391053799697565 -0.258230017043775 -0.130701559243608 0.018795182193667 -0.198524599273534 0.0695503293967118
-15.7751579764095 -72.5118628353674 -17.0214124593927 -0.35863536980913 -0.580747752016668 -0.730830158141762 0.770457912303162 0.257879440517849 -0.583003258590915 -0.383030111243138 0.297668296488418 -0.112242489658459 0.517253843216199 -0.397135637895067 0.422908191558429
-15.317047569501 -72.5485312038627 -17.4009391146914 -0.898139728092569 0.112105805434288 -0.425179158955032 0.429509811667137 0.430739486704429 -0.793715828414005 0.413271578034582 0.178994862316243 -0.131972622841236 -0.124193397008533 -0.0703482902225074 0.155473288994933
-14.7932645913731 -72.7868398016305 -17.842864635899 -0.734337435421255 -0.132693721388804 -0.665688295858568 0.676339987813899 -0.0598790924403664 -0.734151697656865 0.372778460263729 0.17765782558886 -0.236549178908518 -0.724733868912672 -0.0764562789017334 0.031815569373862
-14.6088116127512 -73.1180940340736 -18.091938398109 -0.57809464854296 0.505141822028418 -0.640810671699475 0.590128207715995 -0.283536991571889 -0.755880594319088 0.101073821069057 0.125047770315618 -0.016347869407276 -0.434747591859126 0.129594668323781 -0.0395704193633369
-14.4681113101216 -73.4544045203904 -18.4395120834574 -0.133211102558921 0.902844469086691 -0.408811285062129 0.421182978917367 -0.321816324868298 -0.847961762886993 -0.657496966448854 0.0510657681917896 0.307499111495759 -0.0437440174736399 0.126552941582975 0.373319443650163
-14.3972755994585 -73.5326000193295 -18.9618320396116 0.206203062025622 0.966552852370954 0.15249878945516 0.502697889838863 0.0290693189981702 -0.863973267088825 -0.0402033385546941 -0.172191463848851 -0.166732710182029 -0.436131874953698 0.19355424261936 0.472274780962001
-14.2748696760272 -73.3729449861446 -19.4139353442671 0.648629548931559 0.430181245234618 0.627872442858595 0.661538053596095 0.0892806600392908 -0.744577979386221 0.842034938791631 -0.846943414126102 0.330366763211619 -0.0662217957947605 0.562111042710161 -0.0808146948478398
-13.9157949261354 -73.0618836059578 -19.6086410658447 0.600723242272524 -0.420039184307587 0.680219574725383 0.735369642753425 -0.0434694003350308 -0.676270581757985 -0.152317325486135 0.116443213443887 -0.492293206194303 0.1183849430008 0.515769696822399 0.399592252097074
