       43.5022 0   0.000668   0.000668   0.293183    0.044051   0.000000  -0.611398   0.000000   0.000000  -0.000020   0.000000   0.030053
       43.2722 0   0.000175   0.000175   0.328403    0.054225   0.000000  -0.631564   0.000000   0.000000   0.000000   0.000000   0.029664
       43.1197 0   0.001531   0.001531   0.291948    0.050235   0.000000  -0.569613   0.000068   0.000000   0.000000   0.000000   0.032210
       43.1523 0   0.001127   0.001127   0.352872    0.056385   0.000423  -0.598428   0.000000   0.000000   0.000000   0.000000   0.032234
       43.3964 0   0.000062   0.000062   0.349092    0.059806   0.000000  -0.550175   0.000156   0.000000   0.000000   0.000000   0.032036
       43.4282 0   0.000177   0.000177   0.338711    0.058614   0.000000  -0.579901   0.000000   0.000000   0.000000   0.000000   0.030220
       43.4417 0   0.000243   0.000243   0.341000    0.050357   0.000000  -0.590182   0.000000   0.000000   0.000000   0.000000   0.032030
       43.4694 0   0.000412   0.000412   0.316456    0.036032   0.000000  -0.558641   0.000000   0.000000  -0.000512   0.000000   0.031248
       43.3488 0   0.000000   0.000000   0.316809    0.041856   0.000000  -0.592366   0.000000   0.000000   0.000000   0.000000   0.027371
       43.3542 0   0.000001   0.000001   0.351667    0.049500   0.000000  -0.610137   0.000000   0.000000   0.000000   0.000000   0.027262
       43.4104 0   0.000105   0.000105   0.314134    0.065296   0.000000  -0.581283   0.000000   0.000000   0.000000   0.000000   0.027616
       43.3070 0   0.000053   0.000053   0.350496    0.054607   0.000000  -0.605130   0.000000   0.000000   0.000000   0.000000   0.033348
       43.2700 0   0.000185   0.000185   0.346894    0.039873   0.000179  -0.575716   0.000000   0.000000   0.000000   0.000000   0.032440
       43.3597 0   0.000003   0.000003   0.342515    0.053206   0.000000  -0.555681   0.000000   0.000000  -0.000000   0.000000   0.028705
       43.5863 0   0.001611   0.001611   0.304831    0.060630   0.000000  -0.507779   0.000000   0.000000   0.000000   0.000000   0.030534
       43.4305 0   0.000187   0.000187   0.296194    0.057655   0.000000  -0.460494   0.000000   0.000000   0.000000   0.000000   0.033780
       43.0204 0   0.003133   0.003133   0.352067    0.055435   0.000000  -0.594121   0.000000   0.000000   0.000000   0.000000   0.028389
       43.5555 0   0.001218   0.001218   0.378728    0.043318   0.000000  -0.613993   0.000000   0.000000   0.000000   0.000000   0.026063
       43.3509 0   0.000000   0.000000   0.334791    0.044232   0.000000  -0.646593   0.000000   0.000000   0.000000   0.000000   0.034165
       43.4293 0   0.000181   0.000181   0.314494    0.038447   0.000000  -0.677798   0.000000   0.000000   0.000000   0.000000   0.031400
       43.4779 0   0.000472   0.000472   0.357258    0.054447   0.000552  -0.686106   0.000000   0.000000   0.000000   0.000000   0.030824
       43.1927 0   0.000713   0.000713   0.378317    0.055953   0.000000  -0.708270   0.000000   0.000000   0.000000   0.000000   0.026528
       43.1916 0   0.000724   0.000724   0.286056    0.050829   0.000000  -0.620420   0.000000   0.000000   0.000000   0.000000   0.026715
       43.3485 0   0.000000   0.000000   0.354728    0.039025   0.000000  -0.642828   0.000000   0.000000   0.000000   0.000000   0.029070
       43.2703 0   0.000183   0.000183   0.323336    0.040660   0.000379  -0.577971   0.000000   0.000000   0.000000   0.000000   0.026527
       43.5297 0   0.000931   0.000931   0.346075    0.063736   0.000000  -0.611510   0.000000   0.000000   0.000000   0.000000   0.031311
       43.1508 0   0.001144   0.001144   0.342915    0.037990   0.000000  -0.571804   0.000000   0.000000   0.000000   0.000000   0.029006
       43.0194 0   0.003153   0.003153   0.306984    0.057163   0.000000  -0.563094   0.000000   0.000000  -0.000000   0.000000   0.031644
       43.4681 0   0.000403   0.000403   0.410458    0.054087   0.004264  -0.653489   0.000000   0.000000   0.000000   0.000000   0.028793
       43.1250 0   0.001460   0.001460   0.312652    0.066761   0.000000  -0.632224   0.000000   0.000000   0.000000   0.000000   0.031120
       43.4647 0   0.000380   0.000380   0.332539    0.055631   0.000000  -0.625448   0.000000  -0.000781  -0.000899   0.000000   0.030327
       43.5660 0   0.001345   0.001345   0.325849    0.047603   0.000000  -0.538195   0.001475  -0.024785  -0.016692   0.000000   0.036466
       43.2711 0   0.000179   0.000179   0.357782    0.047513   0.000000  -0.587701   0.000360  -0.010784  -0.011714   0.000000   0.038278
       43.3725 0   0.000015   0.000015   0.348630    0.057712   0.000000  -0.596925   0.000000   0.000000   0.000000   0.000000   0.029244
       43.3967 0   0.000063   0.000063   0.277989    0.042828   0.000000  -0.488626   0.000000   0.000000   0.000000  -0.003502   0.027150
       43.3913 0   0.000049   0.000049   0.362284    0.043033   0.000000  -0.521841   0.000000   0.000000   0.000000   0.000000   0.031134
       43.2855 0   0.000120   0.000120   0.363761    0.049706   0.000000  -0.504331   0.000273   0.000000   0.000000  -0.003225   0.029072
       43.4044 0   0.000086   0.000086   0.349668    0.043802   0.000000  -0.545651   0.008533   0.000000   0.000000   0.000000   0.030977
       43.5352 0   0.000989   0.000989   0.353562    0.049959   0.000564  -0.537886   0.000000   0.000000   0.000000   0.000000   0.025967
       43.3601 0   0.000003   0.000003   0.356920    0.059273   0.001410  -0.560796   0.000000   0.000000   0.000000   0.000000   0.027911
       43.5235 0   0.000869   0.000869   0.351362    0.051953   0.000000  -0.578470   0.000000   0.000000   0.000000   0.000000   0.030509
       43.2097 0   0.000568   0.000568   0.323165    0.045490   0.000000  -0.565160   0.000000   0.000000   0.000000   0.000000   0.034164
       43.0154 0   0.003229   0.003229   0.371002    0.057144   0.000000  -0.564703   0.000082   0.000000  -0.000205   0.000000   0.033716
       43.6680 0   0.002917   0.002917   0.319689    0.031304   0.000000  -0.538500   0.000000   0.000000   0.000000   0.000000   0.021691
       43.0950 0   0.001876   0.001876   0.327722    0.046735   0.000338  -0.571789   0.000000   0.000000   0.000000   0.000000   0.030259
       43.5835 0   0.001573   0.001573   0.367029    0.040047   0.000000  -0.579578   0.000000   0.000000   0.000000   0.000000   0.029864
       43.1636 0   0.001002   0.001002   0.355434    0.069448   0.000000  -0.580698   0.000000   0.000000  -0.000471   0.000000   0.029068
       43.3085 0   0.000050   0.000050   0.297169    0.043497   0.000000  -0.573534   0.000000   0.000000   0.000000   0.000000   0.027733
       43.3781 0   0.000023   0.000023   0.312540    0.054226   0.000000  -0.607540   0.001574   0.000000   0.000000   0.000000   0.025338
       43.3189 0   0.000028   0.000028   0.376778    0.059879   0.000000  -0.643108   0.000000   0.000000   0.000000   0.000000   0.029121
       43.4280 0   0.000176   0.000176   0.328343    0.069528   0.000000  -0.634132   0.000000   0.000000   0.000000   0.000000   0.026119
       43.2471 0   0.000305   0.000305   0.355801    0.044548   0.000000  -0.685414   0.001587  -0.000000   0.000000   0.000000   0.033551
       43.1970 0   0.000675   0.000675   0.403338    0.067786   0.000000  -0.731790   0.000000   0.000000   0.000000   0.000000   0.029363
       43.4627 0   0.000367   0.000367   0.364483    0.043144   0.000000  -0.668887   0.000000   0.000000   0.000000   0.000000   0.029452
       43.3740 0   0.000017   0.000017   0.289359    0.058646   0.000000  -0.694265   0.000000   0.000000   0.000000   0.000000   0.029301
       43.4398 0   0.000233   0.000233   0.306386    0.054852   0.000000  -0.654935   0.000000   0.000000   0.000000   0.000000   0.025773
       43.3784 0   0.000023   0.000023   0.330112    0.060360   0.000000  -0.651661   0.000000   0.000000   0.000000   0.000000   0.031357
       43.2778 0   0.000151   0.000151   0.326084    0.043535   0.000000  -0.631226   0.000860   0.000000   0.000000   0.000000   0.028616
       43.2929 0   0.000094   0.000094   0.380600    0.063692   0.000000  -0.711751   0.000000   0.000000   0.000000   0.000000   0.023206
       43.4318 0   0.000193   0.000193   0.319814    0.054814   0.000000  -0.674147   0.000000   0.000000   0.000000   0.000000   0.028141
       43.2084 0   0.000578   0.000578   0.295934    0.045332   0.000000  -0.692910   0.000000   0.000000   0.000000   0.000000   0.025010
       43.4569 0   0.000330   0.000330   0.329962    0.069301   0.000000  -0.702155   0.000000   0.000000   0.000000   0.000000   0.026046
       43.3940 0   0.000056   0.000056   0.363574    0.042026   0.000000  -0.705600   0.000000   0.000000  -0.000030   0.000000   0.024182
       43.2703 0   0.000183   0.000183   0.382088    0.054095   0.000000  -0.730674   0.000000   0.000000   0.000000   0.000000   0.028107
       43.2877 0   0.000112   0.000112   0.341620    0.061013   0.000000  -0.685571   0.000000   0.000000   0.000000   0.000000   0.030616
       43.2097 0   0.000568   0.000568   0.396950    0.053692   0.000003  -0.756972   0.000000   0.000000   0.000000   0.000000   0.028506
       43.3654 0   0.000007   0.000007   0.305986    0.073079   0.000000  -0.782340   0.000000   0.000000   0.000000   0.000000   0.026820
       43.2601 0   0.000233   0.000233   0.330983    0.051778   0.000000  -0.802078   0.000000   0.000000   0.000000   0.000000   0.026996
       43.1615 0   0.001025   0.001025   0.334424    0.044662   0.000000  -0.787499   0.000000   0.000000   0.000000   0.000000   0.026475
       43.2488 0   0.000295   0.000295   0.340198    0.046812   0.000000  -0.790181   0.000000   0.000000   0.000000   0.000000   0.029562
       43.5376 0   0.001015   0.001015   0.362378    0.045707   0.000000  -0.787501   0.000000   0.000000  -0.000010   0.000000   0.028158
       43.2662 0   0.000203   0.000203   0.326842    0.039130   0.000000  -0.784204   0.000000   0.000000   0.000000   0.000000   0.027974
       43.7161 0   0.003866   0.003866   0.327807    0.047440   0.000000  -0.807231   0.000000   0.000000   0.000000   0.000000   0.030150
       43.1647 0   0.000991   0.000991   0.322806    0.057482   0.000000  -0.764100   0.000000   0.000000  -0.000399   0.000000   0.028870
       43.5554 0   0.001217   0.001217   0.304774    0.031249   0.000000  -0.739163   0.000000   0.000000   0.000000   0.000000   0.024514
       43.3487 0   0.000000   0.000000   0.330509    0.039573   0.000000  -0.770067   0.000000   0.000000   0.000000   0.000000   0.027166
       42.9097 0   0.005592   0.005592   0.335496    0.041104   0.000000  -0.783123   0.000000   0.000000   0.000000   0.000000   0.032598
       43.1961 0   0.000683   0.000683   0.322814    0.050455   0.000000  -0.737222   0.000000   0.000000   0.000000   0.000000   0.028405
       43.5213 0   0.000846   0.000846   0.301948    0.045275   0.000000  -0.741372   0.000000   0.000000   0.000000   0.000000   0.030919
       43.4119 0   0.000111   0.000111   0.296148    0.069348   0.000000  -0.720193   0.000000   0.000000   0.000000   0.000000   0.028834
       43.3727 0   0.000015   0.000015   0.330352    0.049596   0.000000  -0.739462   0.000000   0.000000   0.000000   0.000000   0.033332
       43.7566 0   0.004768   0.004768   0.298617    0.038232   0.000000  -0.662876   0.000000  -0.015791  -0.003834   0.000000   0.028650
       43.2729 0   0.000172   0.000172   0.284915    0.059258   0.000257  -0.669128   0.000000  -0.018480  -0.003560   0.000000   0.029267
       43.4217 0   0.000148   0.000148   0.350086    0.040770   0.000000  -0.686485   0.000000  -0.011799  -0.001481  -0.009598   0.028659
       43.8341 0   0.006759   0.006759   0.335364    0.046311   0.000178  -0.724209   0.000000   0.000000  -0.000147   0.000000   0.028329
       43.5596 0   0.001267   0.001267   0.315158    0.050623   0.000000  -0.716447   0.000000   0.000000   0.000000   0.000000   0.030735
       43.4450 0   0.000260   0.000260   0.314143    0.071324   0.000000  -0.730546   0.000000   0.000000  -0.000826   0.000000   0.028692
       43.2771 0   0.000153   0.000153   0.307021    0.057613   0.000000  -0.695785   0.000000   0.000000   0.000000   0.000000   0.026155
       43.4818 0   0.000501   0.000501   0.368229    0.058139   0.000002  -0.736746   0.000000   0.000000  -0.000152   0.000000   0.039894
       43.6587 0   0.002749   0.002749   0.329291    0.064743   0.000000  -0.690928   0.000000   0.000000  -0.000116   0.000000   0.031948
       43.3300 0   0.000011   0.000011   0.324084    0.050110   0.000000  -0.641029   0.000000   0.000000   0.000000   0.000000   0.025325
       43.3771 0   0.000021   0.000021   0.284244    0.060002   0.000000  -0.669783   0.000000   0.000000  -0.000176   0.000000   0.032751
       43.3691 0   0.000011   0.000011   0.352175    0.057662   0.000000  -0.694771   0.000000   0.000000  -0.000000   0.000000   0.028136
       43.7509 0   0.004637   0.004637   0.329956    0.041323   0.000000  -0.681674   0.000000   0.000000   0.000000   0.000000   0.030179
       43.0410 0   0.002755   0.002755   0.267714    0.040496   0.000000  -0.615611   0.000000   0.000000  -0.000000  -0.009741   0.027117
       43.1774 0   0.000860   0.000860   0.309579    0.047925   0.000000  -0.670805   0.000000   0.000000   0.000000   0.000000   0.032347
       43.2895 0   0.000106   0.000106   0.378242    0.046525   0.000000  -0.726448   0.000000   0.000000   0.000000   0.000000   0.026255
       43.5753 0   0.001465   0.001465   0.391149    0.046908   0.000000  -0.713524   0.000000   0.000000   0.000000   0.000000   0.027594
       43.6191 0   0.002089   0.002089   0.349882    0.060482   0.000000  -0.719936   0.000000   0.000000  -0.000000   0.000000   0.031585
       43.4057 0   0.000089   0.000089   0.311693    0.046343   0.000000  -0.734012   0.000000   0.000000   0.000000   0.000000   0.031339
       43.2356 0   0.000378   0.000378   0.359738    0.053974   0.000216  -0.791604   0.000000   0.000000   0.000000   0.000000   0.028816
       43.4038 0   0.000084   0.000084   0.332524    0.055066   0.000000  -0.773175   0.001092   0.000000   0.000000   0.000000   0.026059
       43.2922 0   0.000096   0.000096   0.360873    0.050965   0.000000  -0.786086   0.000000   0.000000   0.000000   0.000000   0.031102
       43.1475 0   0.001183   0.001183   0.365792    0.072059   0.000000  -0.794027   0.001576   0.000000   0.000000   0.000000   0.029028
       43.7940 0   0.005687   0.005687   0.307925    0.069596   0.000000  -0.745302   0.000000   0.000000   0.000000   0.000000   0.025283
       43.4211 0   0.000146   0.000146   0.312704    0.046625   0.000000  -0.694446   0.000000   0.000000   0.000000   0.000000   0.027134
       43.2438 0   0.000325   0.000325   0.342304    0.043042   0.000000  -0.722159   0.000000   0.000000  -0.000424   0.000000   0.028223
       43.2352 0   0.000380   0.000380   0.310793    0.049578   0.000000  -0.703076   0.000000   0.000000   0.000000   0.000000   0.026633
       43.5445 0   0.001091   0.001091   0.321643    0.048992   0.000000  -0.713429   0.000000   0.000000   0.000000   0.000000   0.032708
       43.3302 0   0.000011   0.000011   0.350208    0.045614   0.000000  -0.711770   0.000000   0.000000  -0.001549   0.000000   0.030063
       43.0619 0   0.002395   0.002395   0.288766    0.042501   0.000000  -0.608780   0.000000   0.000000   0.000000   0.000000   0.028553
       43.5195 0   0.000828   0.000828   0.352210    0.048460   0.000000  -0.612471   0.000000   0.000000   0.000000   0.000000   0.028044
       43.4188 0   0.000137   0.000137   0.340589    0.055024   0.000000  -0.629512   0.000000   0.000000   0.000000   0.000000   0.023671
       43.2449 0   0.000319   0.000319   0.331884    0.071522   0.000000  -0.658644   0.000000   0.000000   0.000000   0.000000   0.026694
       43.5354 0   0.000991   0.000991   0.379493    0.055901   0.000000  -0.624492   0.000000  -0.023139  -0.007734   0.000000   0.030702
       43.3578 0   0.000002   0.000002   0.352935    0.040648   0.000853  -0.633026   0.000000  -0.036922  -0.017527   0.000000   0.026552
       43.0977 0   0.001836   0.001836   0.333768    0.058258   0.000017  -0.669159   0.000000  -0.019702  -0.015354   0.000000   0.030344
       43.5749 0   0.001459   0.001459   0.347238    0.038694   0.000000  -0.658165   0.000018  -0.040295  -0.011122   0.000000   0.035894
       43.3720 0   0.000014   0.000014   0.298135    0.041878   0.000000  -0.580866   0.000000  -0.033975  -0.014812   0.000000   0.037449
       43.2983 0   0.000077   0.000077   0.353978    0.033667   0.000000  -0.625579   0.000000  -0.037043  -0.009964   0.000000   0.034764
       43.3967 0   0.000063   0.000063   0.339560    0.041839   0.000000  -0.638672   0.000000  -0.036587  -0.016707   0.000000   0.033641
       43.7147 0   0.003837   0.003837   0.305947    0.060893   0.000000  -0.683555   0.000000  -0.037596  -0.010870   0.000000   0.042411
       43.2749 0   0.000163   0.000163   0.305271    0.046925   0.000000  -0.655880   0.000000  -0.033557  -0.018354   0.000000   0.028948
       43.0807 0   0.002092   0.002092   0.337062    0.074148   0.000000  -0.632973   0.000000  -0.034805  -0.014007   0.000000   0.035816
       43.1183 0   0.001549   0.001549   0.329414    0.043487   0.000000  -0.622926   0.000000  -0.027976  -0.016193   0.000000   0.038876
       43.3937 0   0.000055   0.000055   0.349187    0.040827   0.002912  -0.624083   0.000000  -0.026026  -0.014205   0.000000   0.033555
       43.4037 0   0.000083   0.000083   0.307871    0.041039   0.000000  -0.617128   0.000000  -0.028637  -0.014937   0.000000   0.034847
       43.5466 0   0.001115   0.001115   0.317717    0.065182   0.000000  -0.672402   0.000000  -0.035230  -0.016299   0.000000   0.034071
       43.3026 0   0.000065   0.000065   0.332350    0.033370   0.000000  -0.671500   0.000000  -0.029548  -0.010566   0.000000   0.032688
       43.0057 0   0.003419   0.003419   0.356654    0.055296   0.000000  -0.735087   0.000000  -0.027914  -0.010126   0.000000   0.034254
       43.3811 0   0.000028   0.000028   0.295335    0.051999   0.000000  -0.621469   0.000000  -0.031551  -0.016317   0.000000   0.030165
       43.3018 0   0.000067   0.000067   0.361668    0.050573   0.000000  -0.675298   0.000000  -0.024247  -0.015972   0.000000   0.038157
       43.7395 0   0.004377   0.004377   0.333903    0.057306   0.000000  -0.664479   0.000000  -0.035823  -0.012961   0.000000   0.034494
       42.9310 0   0.005065   0.005065   0.353374    0.054192   0.000000  -0.666995   0.000000  -0.034170  -0.008451   0.000000   0.030590
       43.0009 0   0.003515   0.003515   0.346237    0.044625   0.000202  -0.657151   0.000000  -0.021390  -0.011954   0.000000   0.030816
       43.8149 0   0.006234   0.006234   0.323262    0.039710   0.000000  -0.631446   0.000237  -0.019277  -0.007782   0.000000   0.033193
       43.7457 0   0.004516   0.004516   0.359285    0.055744   0.000000  -0.610829   0.000000  -0.023656  -0.010289   0.000000   0.031666
       43.0904 0   0.001945   0.001945   0.343928    0.051907   0.000000  -0.636025   0.000000  -0.021398  -0.009693   0.000000   0.029148
       43.6199 0   0.002101   0.002101   0.371972    0.050339   0.000000  -0.621505   0.000000  -0.049035  -0.014036   0.000000   0.039386
       43.3492 0   0.000000   0.000000   0.325816    0.039713   0.000000  -0.621607   0.000000  -0.024409  -0.012637   0.000000   0.031543
       43.4840 0   0.000518   0.000518   0.307528    0.045015   0.000000  -0.629325   0.000047  -0.021508  -0.007786   0.000000   0.041188
       43.4098 0   0.000103   0.000103   0.346750    0.070097   0.000000  -0.666056   0.000000  -0.012060  -0.004127   0.000000   0.037981
       43.2135 0   0.000537   0.000537   0.349670    0.071471   0.000240  -0.663188   0.000000  -0.018447  -0.013961   0.000000   0.033559
       43.4132 0   0.000115   0.000115   0.394459    0.041419   0.000027  -0.681345   0.000000  -0.036242  -0.017612   0.000000   0.035219
       43.3223 0   0.000022   0.000022   0.391743    0.053118   0.000000  -0.678695   0.000000  -0.034720  -0.014742   0.000000   0.032660
       43.1937 0   0.000705   0.000705   0.358230    0.046251   0.000000  -0.682862   0.000000  -0.027721  -0.012882   0.000000   0.032467
       43.8369 0   0.006840   0.006840   0.314124    0.059978   0.000000  -0.659194   0.000000  -0.025501  -0.016497   0.000000   0.036544
       43.1228 0   0.001489   0.001489   0.334744    0.043388   0.000000  -0.654963   0.000000  -0.034121  -0.019116   0.000000   0.030796
       43.2584 0   0.000242   0.000242   0.323453    0.038112   0.000000  -0.625325   0.000000  -0.030109  -0.014868   0.000000   0.034692
       43.5949 0   0.001730   0.001730   0.324557    0.049880   0.001945  -0.621365   0.000000  -0.031867  -0.011616   0.000000   0.033168
       43.3425 0   0.000002   0.000002   0.295730    0.046094   0.000000  -0.656833   0.000000  -0.019551  -0.006157   0.000000   0.029937
       43.2987 0   0.000076   0.000076   0.355165    0.057250   0.000000  -0.681736   0.000000  -0.030263  -0.011467  -0.015376   0.039913
       43.3247 0   0.000018   0.000018   0.336180    0.066764   0.000000  -0.716794   0.000000  -0.036561  -0.013511   0.000000   0.038731
       43.3864 0   0.000038   0.000038   0.367898    0.037244   0.000000  -0.700151   0.000000  -0.032750  -0.016332   0.000000   0.036846
       43.7195 0   0.003939   0.003939   0.338905    0.060672   0.000000  -0.707694   0.000000  -0.037275  -0.017816   0.000000   0.034689
       43.3157 0   0.000034   0.000034   0.327788    0.079880   0.000000  -0.743556   0.000000  -0.025571  -0.008609   0.000000   0.033548
       42.9089 0   0.005612   0.005612   0.341994    0.038648   0.000000  -0.703723   0.000000  -0.020914  -0.007218   0.000000   0.031573
       43.2093 0   0.000571   0.000571   0.367861    0.043969   0.000546  -0.716156   0.000000  -0.008592  -0.001605   0.000000   0.028764
       43.0293 0   0.002967   0.002967   0.342509    0.045683   0.000000  -0.683193   0.000000  -0.019990  -0.010629   0.000000   0.027475
       43.9062 0   0.008922   0.008922   0.338967    0.062951   0.000064  -0.652776   0.000000  -0.021733  -0.006876   0.000000   0.030465
       43.5047 0   0.000690   0.000690   0.327963    0.060586   0.000800  -0.604464   0.000028  -0.019480  -0.005223  -0.009849   0.036439
       43.0383 0   0.002803   0.002803   0.327149    0.055636   0.000000  -0.610614   0.000283  -0.023393  -0.007110   0.000000   0.029694
       43.6817 0   0.003174   0.003174   0.351923    0.060085   0.005711  -0.655038   0.000000  -0.017619  -0.008741   0.000000   0.036699
       43.2214 0   0.000477   0.000477   0.320635    0.052427   0.000000  -0.629081   0.000000  -0.027803  -0.009220   0.000000   0.030234
       43.2535 0   0.000269   0.000269   0.361212    0.049517   0.000000  -0.660392   0.000000  -0.028466  -0.006788   0.000000   0.028073
       43.4443 0   0.000256   0.000256   0.342986    0.051605   0.000724  -0.649184   0.001190   0.000000   0.000000  -0.013815   0.028757
       43.7296 0   0.004157   0.004157   0.357033    0.054178   0.000000  -0.667150   0.000000   0.000000   0.000000   0.000000   0.028457
       43.5079 0   0.000719   0.000719   0.353654    0.066171   0.000000  -0.723583   0.000000   0.000000   0.000000   0.000000   0.028215
       43.2556 0   0.000257   0.000257   0.340353    0.068220   0.000000  -0.723803   0.000000   0.000000   0.000000   0.000000   0.027921
       43.3662 0   0.000008   0.000008   0.349049    0.062656   0.000000  -0.738173   0.000000   0.000000   0.000000   0.000000   0.022814
       43.1517 0   0.001135   0.001135   0.314657    0.044648   0.000000  -0.675215   0.000000   0.000000   0.000000   0.000000   0.028505
       43.3785 0   0.000023   0.000023   0.310683    0.060309   0.000000  -0.710025   0.000000   0.000000   0.000000   0.000000   0.025325
       43.1091 0   0.001674   0.001674   0.336512    0.047348   0.000000  -0.721556   0.000000   0.000000  -0.000022   0.000000   0.032011
       43.2688 0   0.000190   0.000190   0.314545    0.059086   0.000000  -0.757298   0.000000   0.000000   0.000000   0.000000   0.030439
       43.6050 0   0.001875   0.001875   0.341235    0.061541   0.000000  -0.729529   0.000000   0.000000   0.000000   0.000000   0.028091
       43.2597 0   0.000235   0.000235   0.323458    0.041536   0.000000  -0.736132   0.000000   0.000000   0.000000   0.000000   0.027468
       43.3624 0   0.000004   0.000004   0.340198    0.053253   0.000000  -0.695018   0.000000   0.000000  -0.000179   0.000000   0.027259
       43.3628 0   0.000005   0.000005   0.315453    0.028485   0.000000  -0.637411   0.000000   0.000000   0.000000   0.000000   0.031562
       43.3380 0   0.000004   0.000004   0.307155    0.063263   0.000000  -0.646379   0.000000   0.000000   0.000000   0.000000   0.025257
       43.3538 0   0.000000   0.000000   0.374121    0.034389   0.000000  -0.661278   0.000000   0.000000   0.000000   0.000000   0.025080
       43.3136 0   0.000038   0.000038   0.321755    0.055250   0.000023  -0.644038   0.000000   0.000000   0.000000   0.000000   0.028209
       43.3927 0   0.000053   0.000053   0.340183    0.049773   0.000000  -0.625016   0.000000   0.000000   0.000000   0.000000   0.031294
       43.2014 0   0.000637   0.000637   0.347112    0.041537   0.000042  -0.652783   0.000000   0.000000  -0.000000   0.000000   0.030683
       43.6478 0   0.002559   0.002559   0.333768    0.056506   0.000000  -0.635170   0.001728   0.000000   0.000000   0.000000   0.026647
       43.5984 0   0.001780   0.001780   0.348193    0.062574   0.000000  -0.657770   0.000000   0.000000  -0.000047   0.000000   0.025837
       43.0539 0   0.002528   0.002528   0.350847    0.056815   0.000000  -0.648860   0.000000   0.000000   0.000000   0.000000   0.029954
       43.5196 0   0.000829   0.000829   0.339882    0.052279   0.000000  -0.638565   0.000000   0.000000   0.000000  -0.000038   0.034829
       43.4862 0   0.000535   0.000535   0.290978    0.065465   0.000000  -0.599055   0.000000   0.000000   0.000000   0.000000   0.026607
       43.4597 0   0.000347   0.000347   0.326553    0.054242   0.000000  -0.613782   0.000000   0.000000   0.000000   0.000000   0.028198
       43.1336 0   0.001351   0.001351   0.324718    0.042640   0.000000  -0.604832   0.000000   0.000000   0.000000   0.000000   0.027748
       43.4239 0   0.000157   0.000157   0.362833    0.054787   0.000122  -0.619239   0.000000   0.000000   0.000000   0.000000   0.030569
       43.2907 0   0.000101   0.000101   0.353380    0.054023   0.000000  -0.614997   0.000000   0.000000   0.000000   0.000000   0.033121
       43.0593 0   0.002437   0.002437   0.334444    0.047273   0.000000  -0.603886   0.000000   0.000000   0.000000   0.000000   0.028199
       43.1433 0   0.001232   0.001232   0.338679    0.074391   0.000000  -0.603259   0.000106   0.000000   0.000000   0.000000   0.026078
       43.3337 0   0.000008   0.000008   0.353613    0.052014   0.000000  -0.589738   0.000000   0.000000   0.000000   0.000000   0.025530
       43.4726 0   0.000434   0.000434   0.368447    0.061146   0.000000  -0.653317   0.000000   0.000000   0.000000   0.000000   0.025167
       43.6012 0   0.001820   0.001820   0.361966    0.070736   0.000000  -0.656510   0.000000   0.000000   0.000000   0.000000   0.025826
       43.5325 0   0.000960   0.000960   0.296517    0.043299   0.000000  -0.584984   0.000000   0.000000   0.000000   0.000000   0.028992
       43.3947 0   0.000058   0.000058   0.326301    0.042575   0.000073  -0.620369   0.000000   0.000000   0.000000  -0.000010   0.029298
       43.2033 0   0.000621   0.000621   0.359095    0.039482   0.000000  -0.682428   0.000000   0.000000   0.000000   0.000000   0.031321
       43.1276 0   0.001427   0.001427   0.336263    0.066956   0.000000  -0.689925   0.000000   0.000000   0.000000   0.000000   0.038113
       43.5558 0   0.001222   0.001222   0.327483    0.059908   0.000031  -0.683853   0.000000   0.000000   0.000000   0.000000   0.029992
       43.4478 0   0.000276   0.000276   0.306824    0.072725   0.000000  -0.686298   0.000000   0.000000   0.000000   0.000000   0.030635
       43.3979 0   0.000066   0.000066   0.311578    0.043340   0.000454  -0.655353   0.000000   0.000000  -0.000000   0.000000   0.026392
       43.2397 0   0.000351   0.000351   0.340396    0.048649   0.000000  -0.684532   0.000000   0.000000   0.000000   0.000000   0.027579
       43.5884 0   0.001640   0.001640   0.303600    0.052695   0.000000  -0.659835   0.000000   0.000000   0.000000   0.000000   0.027928
       43.2014 0   0.000637   0.000637   0.340318    0.062343   0.000000  -0.709136   0.000000   0.000000   0.000000   0.000000   0.028350
       43.3326 0   0.000009   0.000009   0.343849    0.053917   0.000000  -0.716714   0.000000   0.000000   0.000000   0.000000   0.030210
       43.3643 0   0.000006   0.000006   0.346812    0.038830   0.000000  -0.674384   0.005268   0.000000   0.000000   0.000000   0.026845
       43.1806 0   0.000828   0.000828   0.361829    0.065195   0.000362  -0.710486   0.000000   0.000000   0.000000   0.000000   0.035334
       43.3773 0   0.000021   0.000021   0.339994    0.067228   0.000000  -0.689422   0.000000   0.000000   0.000000   0.000000   0.034572
       43.1650 0   0.000987   0.000987   0.307871    0.050361   0.000000  -0.631073   0.000000   0.000000   0.000000   0.000000   0.026129
       43.2934 0   0.000092   0.000092   0.313779    0.047743   0.000000  -0.654914   0.000000   0.000000   0.000000   0.000000   0.030097
       43.5624 0   0.001302   0.001302   0.338028    0.048550   0.000000  -0.661007   0.000000   0.000000   0.000000  -0.012174   0.026679
       43.1926 0   0.000715   0.000715   0.337275    0.043728   0.000000  -0.670448   0.000000   0.000000   0.000000   0.000000   0.026796
       43.4111 0   0.000108   0.000108   0.315430    0.041025   0.000000  -0.656003   0.000630   0.000000   0.000000   0.000000   0.029341
       43.5474 0   0.001124   0.001124   0.341893    0.037348   0.000000  -0.679933   0.000000   0.000000   0.000000   0.000000   0.027339
       42.8667 0   0.006739   0.006739   0.352588    0.044680   0.000000  -0.697990   0.000000   0.000000   0.000000   0.000000   0.025805
       43.1130 0   0.001620   0.001620   0.381386    0.058754   0.000000  -0.714116   0.000000   0.000000  -0.000000   0.000000   0.026438
       43.9046 0   0.008874   0.008874   0.338212    0.051516   0.000109  -0.646814   0.000000   0.000000   0.000000   0.000000   0.027471
       43.3775 0   0.000022   0.000022   0.341781    0.054909   0.000000  -0.654428   0.000029   0.000000   0.000000   0.000000   0.026946
       43.3787 0   0.000024   0.000024   0.362842    0.068138   0.000000  -0.740724   0.000000   0.000000   0.000000   0.000000   0.029502
       43.0878 0   0.001983   0.001983   0.320679    0.062622   0.000000  -0.700628   0.000000   0.000000  -0.000000   0.000000   0.028051
       43.3977 0   0.000066   0.000066   0.334718    0.057532   0.000000  -0.683490   0.000000  -0.009240  -0.005290   0.000000   0.031753
       43.3205 0   0.000025   0.000025   0.355484    0.029057   0.000000  -0.680610   0.000000   0.000000   0.000000   0.000000   0.024476
       43.4410 0   0.000239   0.000239   0.346015    0.046285   0.000000  -0.672115   0.000000   0.000000   0.000000   0.000000   0.026709
       43.5480 0   0.001131   0.001131   0.334566    0.058133   0.000000  -0.703155   0.000000   0.000000  -0.000000   0.000000   0.025774
       43.4849 0   0.000525   0.000525   0.367684    0.064238   0.000000  -0.698960   0.000000   0.000000   0.000000   0.000000   0.031677
       43.4310 0   0.000189   0.000189   0.327953    0.037259   0.000000  -0.672611   0.000196   0.000000  -0.000030   0.000000   0.029101
       43.3824 0   0.000030   0.000030   0.332590    0.051176   0.000000  -0.682881   0.000000   0.000000   0.000000   0.000000   0.027807
       43.2893 0   0.000106   0.000106   0.330798    0.032708   0.000000  -0.621298   0.000000   0.000000   0.000000   0.000000   0.030867
       43.2079 0   0.000583   0.000583   0.302748    0.053094   0.000000  -0.653843   0.000000   0.000000   0.000000   0.000000   0.029751
       43.3889 0   0.000044   0.000044   0.342407    0.057019   0.000000  -0.649361   0.000350   0.000000   0.000000   0.000000   0.030158
       43.2859 0   0.000118   0.000118   0.342114    0.046390   0.000000  -0.625847   0.000000   0.000000   0.000000   0.000000   0.027660
       43.6030 0   0.001847   0.001847   0.330155    0.048404   0.000000  -0.594033   0.002219   0.000000   0.000000   0.000000   0.027634
       43.4618 0   0.000360   0.000360   0.337390    0.046759   0.000000  -0.570285   0.000000   0.000000  -0.000000   0.000000   0.027671
       43.5972 0   0.001763   0.001763   0.326902    0.030825   0.000000  -0.583530   0.000000   0.000000   0.000000   0.000000   0.034061
       43.2619 0   0.000224   0.000224   0.315811    0.056561   0.000000  -0.570630   0.000000   0.000000   0.000000   0.000000   0.026094
       43.4074 0   0.000095   0.000095   0.344667    0.059859   0.000000  -0.624342   0.000000   0.000000   0.000000   0.000000   0.026244
       43.1168 0   0.001568   0.001568   0.395175    0.067722   0.000000  -0.613556   0.000000   0.000000  -0.000000   0.000000   0.028356
       43.2329 0   0.000396   0.000396   0.339361    0.052535   0.000678  -0.550293   0.000000   0.000000   0.000000   0.000000   0.030290
       43.4534 0   0.000309   0.000309   0.333583    0.053400   0.000000  -0.554851   0.000359   0.000000   0.000000   0.000000   0.033188
       43.1293 0   0.001405   0.001405   0.292333    0.069081   0.002627  -0.541129   0.000000   0.000000   0.000000   0.000000   0.029744
       43.1162 0   0.001576   0.001576   0.350548    0.034762   0.000000  -0.501896   0.000000   0.000000  -0.001130   0.000000   0.033748
       43.3198 0   0.000026   0.000026   0.353799    0.059260   0.000000  -0.575003   0.002392   0.000000   0.000000   0.000000   0.030846
       43.6530 0   0.002649   0.002649   0.372196    0.051178   0.000000  -0.581287   0.000942   0.000000   0.000000   0.000000   0.026854
       43.3413 0   0.000002   0.000002   0.438392    0.049795   0.000000  -0.667961   0.000000   0.000000   0.000000   0.000000   0.024956
       43.2508 0   0.000284   0.000284   0.398514    0.047375   0.000000  -0.614435   0.000000  -0.018378  -0.012054   0.000000   0.034673
       43.2033 0   0.000620   0.000620   0.392992    0.055801   0.000000  -0.568001   0.000000  -0.014647  -0.007278  -0.000246   0.032990
       43.1620 0   0.001020   0.001020   0.367631    0.061514   0.000000  -0.549418   0.000000  -0.010926  -0.004002   0.000000   0.030508
       43.2904 0   0.000102   0.000102   0.310823    0.059996   0.000000  -0.527291   0.000000  -0.016849  -0.008398   0.000000   0.032328
       43.3463 0   0.000000   0.000000   0.321911    0.066167   0.000000  -0.578395   0.000000   0.000000   0.000000   0.000000   0.026728
       43.5582 0   0.001250   0.001250   0.348235    0.040726   0.000000  -0.554900   0.000000   0.000000   0.000000   0.000000   0.025704
       43.3573 0   0.000002   0.000002   0.303106    0.040756   0.000000  -0.555723   0.000000   0.000000   0.000000   0.000000   0.029344
       43.3128 0   0.000040   0.000040   0.361549    0.053758   0.000000  -0.590901   0.000000   0.000000   0.000000   0.000000   0.023936
       43.3630 0   0.000005   0.000005   0.304473    0.056010   0.002027  -0.609268   0.000000   0.000000   0.000000   0.000000   0.031411
       43.2375 0   0.000365   0.000365   0.337423    0.041446   0.000000  -0.646431   0.000000   0.000000   0.000000   0.000000   0.025841
       43.3956 0   0.000060   0.000060   0.322478    0.048650   0.000000  -0.677337   0.000000   0.000000   0.000000   0.000000   0.025471
       43.4734 0   0.000439   0.000439   0.375050    0.064761   0.000000  -0.726412   0.000000   0.000000   0.000000   0.000000   0.028865
       43.3161 0   0.000033   0.000033   0.371330    0.032916   0.000000  -0.696861   0.000000   0.000000  -0.000062   0.000000   0.026869
       43.1513 0   0.001139   0.001139   0.338989    0.061776   0.000000  -0.697054   0.000000   0.000000   0.000000   0.000000   0.031510
       43.7329 0   0.004229   0.004229   0.362088    0.059906   0.000000  -0.727651   0.000000   0.000000   0.000000   0.000000   0.030138
       43.5668 0   0.001356   0.001356   0.334478    0.034744   0.000000  -0.647973   0.000000   0.000000  -0.000175  -0.007952   0.025169
       43.1479 0   0.001178   0.001178   0.360857    0.059011   0.000000  -0.696784   0.000000   0.000000   0.000000   0.000000   0.031680
       43.3524 0   0.000000   0.000000   0.327076    0.047159   0.001357  -0.669500   0.000000   0.000000   0.000000   0.000000   0.028338
       43.2783 0   0.000148   0.000148   0.339438    0.042265   0.000000  -0.668503   0.000000   0.000000   0.000000   0.000000   0.023916
       43.4440 0   0.000255   0.000255   0.340925    0.046926   0.000000  -0.686531   0.000000   0.000000   0.000000   0.000000   0.032628
       43.0837 0   0.002046   0.002046   0.309416    0.067158   0.000000  -0.690892   0.000468   0.000000   0.000000   0.000000   0.028470
       43.4378 0   0.000222   0.000222   0.419685    0.028939   0.000041  -0.733143   0.000000   0.000000   0.000000   0.000000   0.026152
       43.5070 0   0.000711   0.000711   0.334258    0.042733   0.000000  -0.686057   0.000000   0.000000   0.000000   0.000000   0.029810
       43.1027 0   0.001764   0.001764   0.328979    0.058859   0.000000  -0.712388   0.000000   0.000000   0.000000   0.000000   0.030763
       43.5681 0   0.001372   0.001372   0.308473    0.054754   0.000000  -0.694283   0.000741   0.000000   0.000000   0.000000   0.034405
       43.7851 0   0.005460   0.005460   0.310867    0.042647   0.000000  -0.695966   0.000000   0.000000   0.000000   0.000000   0.026378
       43.1087 0   0.001680   0.001680   0.350512    0.059559   0.000000  -0.787622   0.000000   0.000000   0.000000   0.000000   0.029501
       42.9846 0   0.003852   0.003852   0.327228    0.057348   0.000000  -0.759440   0.000000   0.000000   0.000000   0.000000   0.029655
       43.5226 0   0.000859   0.000859   0.344745    0.069483   0.000000  -0.772228   0.000000   0.000000   0.000000   0.000000   0.029588
       43.7261 0   0.004080   0.004080   0.367372    0.038423   0.000000  -0.825063   0.000000   0.000000   0.000000   0.000000   0.032876
       42.9440 0   0.004755   0.004755   0.325744    0.055310   0.000000  -0.824245   0.000000   0.000000   0.000000   0.000000   0.027107
       43.2897 0   0.000105   0.000105   0.303215    0.050934   0.000000  -0.790086   0.000000   0.000000   0.000000   0.000000   0.030431
       43.3109 0   0.000044   0.000044   0.352668    0.049427   0.000000  -0.816027   0.000000   0.000000   0.000000   0.000000   0.024743
       43.3333 0   0.000008   0.000008   0.301087    0.051345   0.000202  -0.796930   0.000000   0.000000   0.000000   0.000000   0.027877
       43.3690 0   0.000010   0.000010   0.326476    0.055343   0.000003  -0.775543   0.000000   0.000000  -0.000745   0.000000   0.025130
       43.3907 0   0.000048   0.000048   0.294110    0.044650   0.000000  -0.784299   0.000000   0.000000  -0.000018   0.000000   0.033825
       43.4241 0   0.000158   0.000158   0.288964    0.049662   0.000000  -0.794975   0.000000   0.000000   0.000000   0.000000   0.024935
       43.1294 0   0.001404   0.001404   0.306562    0.050118   0.000000  -0.825766   0.000000   0.000000   0.000000   0.000000   0.026453
       43.3382 0   0.000004   0.000004   0.313595    0.073261   0.000000  -0.853036   0.000000   0.000000   0.000000   0.000000   0.029382
       43.3140 0   0.000037   0.000037   0.294753    0.054444   0.000000  -0.790372   0.000000   0.000000   0.000000   0.000000   0.029711
       43.4771 0   0.000466   0.000466   0.377533    0.034418   0.000000  -0.862732   0.000000   0.000000   0.000000   0.000000   0.032241
       43.3171 0   0.000031   0.000031   0.292936    0.042684   0.000000  -0.789711   0.000000   0.000000   0.000000   0.000000   0.032504
       42.9802 0   0.003946   0.003946   0.310342    0.042894   0.000000  -0.779604   0.000000   0.000000   0.000000   0.000000   0.033014
       43.5396 0   0.001037   0.001037   0.375929    0.055848   0.000000  -0.813608   0.000000   0.000000   0.000000   0.000000   0.032301
       43.3021 0   0.000066   0.000066   0.374710    0.060632   0.000000  -0.749100   0.000000   0.000000   0.000000   0.000000   0.026156
       43.4812 0   0.000496   0.000496   0.322847    0.049598   0.000000  -0.745159   0.000000   0.000000   0.000000   0.000000   0.028055
       43.3788 0   0.000024   0.000024   0.335894    0.046780   0.000000  -0.680532   0.000000   0.000000  -0.000000   0.000000   0.030805
       43.4359 0   0.000213   0.000213   0.314523    0.051459   0.000000  -0.667073   0.000000   0.000000   0.000000   0.000000   0.026880
       43.2345 0   0.000385   0.000385   0.305545    0.065245   0.000000  -0.652468   0.000000   0.000000  -0.000849   0.000000   0.024767
       43.6199 0   0.002101   0.002101   0.352628    0.046590   0.000590  -0.639236   0.000000   0.000000   0.000000   0.000000   0.027067
       43.1544 0   0.001103   0.001103   0.356205    0.060225   0.000097  -0.645892   0.000000   0.000000  -0.000057   0.000000   0.027915
       43.3562 0   0.000001   0.000001   0.380981    0.048823   0.000000  -0.638714   0.000000   0.000000   0.000000   0.000000   0.026950
       43.5879 0   0.001633   0.001633   0.338420    0.051320   0.000000  -0.638546   0.000000   0.000000   0.000000   0.000000   0.027386
       43.2724 0   0.000174   0.000174   0.341533    0.047356   0.000000  -0.622480   0.000000   0.000000   0.000000   0.000000   0.029237
       43.0046 0   0.003440   0.003440   0.266564    0.054222   0.000000  -0.620711   0.000375   0.000000   0.000000   0.000000   0.037073
       43.3836 0   0.000033   0.000033   0.303978    0.048956   0.000000  -0.580639   0.000000   0.000000   0.000000  -0.014606   0.028952
       43.2185 0   0.000499   0.000499   0.331394    0.044583   0.000000  -0.547245   0.000000   0.000000   0.000000   0.000000   0.037026
       43.2509 0   0.000284   0.000284   0.312481    0.049522   0.007340  -0.539789   0.000000   0.000000   0.000000   0.000000   0.024004
       43.2342 0   0.000387   0.000387   0.325530    0.052782   0.000195  -0.564471   0.000000   0.000000   0.000000   0.000000   0.033526
       43.3122 0   0.000041   0.000041   0.368854    0.056541   0.000000  -0.589102   0.000000   0.000000   0.000000   0.000000   0.029755
       43.7036 0   0.003607   0.003607   0.349404    0.045405   0.000000  -0.559377   0.000000   0.000000  -0.000083   0.000000   0.030717
       43.3700 0   0.000012   0.000012   0.351484    0.047830   0.000000  -0.598272   0.000000   0.000000   0.000000   0.000000   0.025758
       43.3169 0   0.000032   0.000032   0.339185    0.041754   0.000000  -0.582257   0.000000   0.000000   0.000000   0.000000   0.030279
       43.3805 0   0.000027   0.000027   0.341535    0.041777   0.000000  -0.599948   0.000000   0.000000   0.000000   0.000000   0.042545
       43.5010 0   0.000658   0.000658   0.352491    0.052448   0.000000  -0.626963   0.000000   0.000000  -0.000000   0.000000   0.030799
       43.0953 0   0.001871   0.001871   0.334414    0.052403   0.000004  -0.576920   0.000000  -0.000003  -0.002488   0.000000   0.029361
       43.4850 0   0.000526   0.000526   0.356977    0.057326   0.000000  -0.632083   0.000000   0.000000   0.000000   0.000000   0.033125
       43.5655 0   0.001339   0.001339   0.357153    0.045736   0.000000  -0.647891   0.000000   0.000000   0.000000   0.000000   0.031236
       43.2653 0   0.000207   0.000207   0.333022    0.051200   0.000000  -0.630013   0.000369   0.000000   0.000000   0.000000   0.031896
       43.5102 0   0.000740   0.000740   0.299368    0.047804   0.000000  -0.665914   0.000000   0.000000   0.000000   0.000000   0.026414
       43.3822 0   0.000030   0.000030   0.367650    0.049234   0.000000  -0.703324   0.000000   0.000000   0.000000   0.000000   0.029531
       43.3429 0   0.000001   0.000001   0.333669    0.048311   0.000000  -0.676958   0.000000   0.000000   0.000000   0.000000   0.026927
       43.3715 0   0.000013   0.000013   0.322998    0.049821   0.000000  -0.628767   0.000000   0.000000  -0.000000   0.000000   0.027635
       43.0282 0   0.002987   0.002987   0.336181    0.053523   0.000000  -0.661901   0.000000   0.000000  -0.000000   0.000000   0.029695
       43.7128 0   0.003797   0.003797   0.380426    0.052255   0.000000  -0.696577   0.000000   0.000000   0.000000   0.000000   0.035229
       43.4371 0   0.000219   0.000219   0.352757    0.038428   0.000000  -0.693114   0.000000   0.000000   0.000000   0.000000   0.031519
       43.2022 0   0.000630   0.000630   0.335130    0.039463   0.000410  -0.691772   0.000000   0.000000  -0.000012   0.000000   0.028903
       43.3005 0   0.000071   0.000071   0.325494    0.040260   0.000000  -0.626749   0.000000   0.000000   0.000000   0.000000   0.027857
       43.4848 0   0.000524   0.000524   0.324303    0.067943   0.000000  -0.617486   0.000000   0.000000   0.000000   0.000000   0.032089
       43.3654 0   0.000007   0.000007   0.346368    0.051943   0.000000  -0.571451   0.000000   0.000000   0.000000   0.000000   0.031366
       42.9956 0   0.003623   0.003623   0.313913    0.047014   0.000000  -0.521512   0.000000   0.000000   0.000000   0.000000   0.031174
       43.2207 0   0.000482   0.000482   0.302757    0.064081   0.000000  -0.485793   0.000000   0.000000   0.000000   0.000000   0.030097
       43.3874 0   0.000040   0.000040   0.349007    0.050733   0.000000  -0.513361   0.002567   0.000000   0.000000   0.000000   0.027936
       43.1735 0   0.000899   0.000899   0.340753    0.036879   0.000000  -0.485213   0.001791   0.000000  -0.000000   0.000000   0.038456
       43.6445 0   0.002502   0.002502   0.383818    0.042930   0.000336  -0.537073   0.000581   0.000000   0.000000   0.000000   0.028763
       43.0192 0   0.003156   0.003156   0.381812    0.062292   0.000000  -0.578000   0.000000   0.000000   0.000000   0.000000   0.032194
       43.2895 0   0.000106   0.000106   0.329516    0.044001   0.005488  -0.566629   0.000000   0.000000   0.000000   0.000000   0.034101
       43.4720 0   0.000429   0.000429   0.370905    0.048182   0.000000  -0.495653   0.000000   0.000000  -0.000002   0.000000   0.032030
       43.1496 0   0.001159   0.001159   0.359785    0.023553   0.000000  -0.513213   0.000000   0.000000   0.000000   0.000000   0.031559
       43.4725 0   0.000433   0.000433   0.319699    0.037536   0.000000  -0.507970   0.002776   0.000000   0.000000   0.000000   0.030814
       43.3177 0   0.000030   0.000030   0.347363    0.055870   0.000000  -0.556228   0.000000   0.000000  -0.000004   0.000000   0.025003
       43.3322 0   0.000009   0.000009   0.354073    0.048518   0.000000  -0.568770   0.000000   0.000000   0.000000   0.000000   0.028231
       43.6455 0   0.002518   0.002518   0.329381    0.039486   0.000000  -0.565177   0.000000   0.000000   0.000000   0.000000   0.029952
       43.4608 0   0.000354   0.000354   0.366896    0.067348   0.000000  -0.545841   0.000000   0.000000   0.000000   0.000000   0.035068
       43.2765 0   0.000156   0.000156   0.335485    0.066746   0.000000  -0.533104   0.000000   0.000000   0.000000   0.000000   0.026282
       43.4213 0   0.000147   0.000147   0.317010    0.055962   0.000000  -0.554049   0.000000   0.000000   0.000000   0.000000   0.033908
       43.5171 0   0.000806   0.000806   0.307467    0.046437   0.000000  -0.584078   0.000206   0.000000   0.000000   0.000000   0.025469
       43.6018 0   0.001829   0.001829   0.334830    0.047018   0.000000  -0.607532   0.000000   0.000000   0.000000   0.000000   0.030415
       43.2735 0   0.000169   0.000169   0.370387    0.051815   0.000000  -0.616794   0.000000   0.000000   0.000000   0.000000   0.029809
       43.2653 0   0.000207   0.000207   0.373143    0.045067   0.000000  -0.568587   0.000000   0.000000   0.000000   0.000000   0.033330
       43.2370 0   0.000368   0.000368   0.340948    0.059625   0.000000  -0.583536   0.000000   0.000000   0.000000   0.000000   0.031407
       43.3090 0   0.000049   0.000049   0.354291    0.053891   0.000000  -0.622984   0.000000   0.000000  -0.000096   0.000000   0.029919
       43.3181 0   0.000029   0.000029   0.362372    0.045856   0.000000  -0.662498   0.000000   0.000000   0.000000   0.000000   0.030952
       43.6458 0   0.002523   0.002523   0.325536    0.031177   0.000000  -0.592133   0.000000   0.000000  -0.000000  -0.014107   0.030885
       43.4412 0   0.000240   0.000240   0.343796    0.055752   0.000000  -0.606167   0.000332   0.000000   0.000000  -0.009978   0.031155
       43.5529 0   0.001188   0.001188   0.432657    0.048617   0.000000  -0.698076   0.000000   0.000000   0.000000   0.000000   0.032421
       43.4167 0   0.000128   0.000128   0.364143    0.067754   0.000000  -0.646819   0.000000   0.000000   0.000000   0.000000   0.024156
       43.3266 0   0.000016   0.000016   0.328123    0.046802   0.000000  -0.622084   0.000000   0.000000   0.000000   0.000000   0.030239
       43.2341 0   0.000387   0.000387   0.349226    0.044047   0.000000  -0.616398   0.001875   0.000000   0.000000   0.000000   0.030328
       43.2951 0   0.000087   0.000087   0.336059    0.044655   0.000000  -0.631551   0.000000   0.000000   0.000000   0.000000   0.030292
       43.1977 0   0.000669   0.000669   0.339273    0.050745   0.000000  -0.628806   0.000000   0.000000   0.000000   0.000000   0.027999
       43.2949 0   0.000088   0.000088   0.289919    0.032726   0.000000  -0.547307   0.000000  -0.000104  -0.000116   0.000000   0.029905
       43.0977 0   0.001836   0.001836   0.317170    0.072269   0.000000  -0.593251   0.000000   0.000000   0.000000   0.000000   0.028590
       43.2891 0   0.000107   0.000107   0.361193    0.058747   0.000000  -0.595696   0.000000   0.000000   0.000000   0.000000   0.028066
       43.4780 0   0.000473   0.000473   0.316302    0.053899   0.000000  -0.576158   0.000000   0.000000  -0.000000   0.000000   0.029153
       43.1010 0   0.001788   0.001788   0.295811    0.049003   0.000000  -0.558255   0.000000   0.000000   0.000000   0.000000   0.027188
       43.3133 0   0.000039   0.000039   0.365301    0.044626   0.000000  -0.617341   0.000000   0.000000   0.000000   0.000000   0.025410
       43.3243 0   0.000019   0.000019   0.354273    0.064038   0.000000  -0.637905   0.000000   0.000000   0.000000   0.000000   0.026211
       43.5191 0   0.000825   0.000825   0.302176    0.030535   0.000000  -0.632293   0.000000   0.000000   0.000000  -0.000002   0.025726
       43.4556 0   0.000322   0.000322   0.343832    0.040176   0.000000  -0.661609   0.000000   0.000000   0.000000   0.000000   0.030489
       43.2246 0   0.000454   0.000454   0.280049    0.029615   0.000000  -0.641255   0.000000   0.000000  -0.000000   0.000000   0.029044
       43.5203 0   0.000836   0.000836   0.339149    0.061896   0.000000  -0.664384   0.000000   0.000000  -0.000208   0.000000   0.033963
       43.5220 0   0.000853   0.000853   0.359209    0.046189   0.000000  -0.650755   0.000000   0.000000   0.000000   0.000000   0.034495
       43.1198 0   0.001529   0.001529   0.373792    0.068514   0.000000  -0.681469   0.000000   0.000000   0.000000   0.000000   0.035678
       43.3591 0   0.000002   0.000002   0.307592    0.067305   0.000000  -0.595674   0.000000   0.000000   0.000000   0.000000   0.031059
       43.5038 0   0.000682   0.000682   0.388534    0.042069   0.000000  -0.645591   0.000000   0.000000   0.000000   0.000000   0.026110
       43.3780 0   0.000023   0.000023   0.310922    0.083232   0.000049  -0.590295   0.000000   0.000000   0.000000   0.000000   0.030079
       43.3513 0   0.000000   0.000000   0.347256    0.048459   0.000000  -0.596645   0.000000   0.000000   0.000000   0.000000   0.032297
       43.6002 0   0.001805   0.001805   0.337785    0.055522   0.001320  -0.570474   0.000175   0.000000  -0.000384  -0.000162   0.032922
       43.4689 0   0.000408   0.000408   0.290336    0.054432   0.000000  -0.511964   0.000000   0.000000   0.000000   0.000000   0.032066
       43.5212 0   0.000845   0.000845   0.340479    0.049538   0.000000  -0.521143   0.000000   0.000000   0.000000   0.000000   0.032657
       43.2934 0   0.000092   0.000092   0.342201    0.049685   0.000000  -0.535702   0.000000   0.000000   0.000000   0.000000   0.029864
       43.7918 0   0.005632   0.005632   0.306415    0.052686   0.000000  -0.525892   0.000000   0.000000   0.000000   0.000000   0.029468
       43.2237 0   0.000460   0.000460   0.346107    0.055004   0.000000  -0.527285   0.001825   0.000000  -0.000000   0.000000   0.026404
       43.1550 0   0.001097   0.001097   0.334053    0.045429   0.000000  -0.506876   0.008008   0.000000   0.000000   0.000000   0.032061
       43.3771 0   0.000021   0.000021   0.321942    0.051688   0.000000  -0.527762   0.000000  -0.001742  -0.002224   0.000000   0.031176
       43.3679 0   0.000009   0.000009   0.287436    0.046765   0.000000  -0.505231   0.000000   0.000000   0.000000   0.000000   0.032080
       43.4997 0   0.000647   0.000647   0.286924    0.048761   0.000000  -0.521789   0.000000   0.000000   0.000000   0.000000   0.032975
       43.3158 0   0.000034   0.000034   0.351240    0.058483   0.000000  -0.576726   0.000000   0.000000   0.000000   0.000000   0.030301
       43.4333 0   0.000200   0.000200   0.372310    0.037450   0.000000  -0.535522   0.000000   0.000000   0.000000   0.000000   0.036720
       43.4721 0   0.000430   0.000430   0.332481    0.054133   0.000000  -0.539158   0.000000   0.000000   0.000000   0.000000   0.029703
       43.2975 0   0.000080   0.000080   0.337585    0.064450   0.000000  -0.576776   0.000000   0.000000  -0.000001   0.000000   0.031152
       43.1628 0   0.001011   0.001011   0.339308    0.060106   0.000000  -0.574630   0.000000   0.000000   0.000000   0.000000   0.029868
       43.3309 0   0.000011   0.000011   0.337404    0.052043   0.000537  -0.583718   0.000000   0.000000   0.000000   0.000000   0.026970
       43.2283 0   0.000427   0.000427   0.370769    0.035202   0.000000  -0.607637   0.000000   0.000000   0.000000   0.000000   0.032613
       43.1523 0   0.001127   0.001127   0.342066    0.054758   0.000000  -0.651436   0.000000   0.000000   0.000000   0.000000   0.028595
       43.5321 0   0.000956   0.000956   0.297485    0.047585   0.000000  -0.624183   0.000044   0.000000   0.000000   0.000000   0.031708
       43.3984 0   0.000068   0.000068   0.327466    0.057469   0.000000  -0.610177   0.000000   0.000000   0.000000   0.000000   0.029490
       42.9783 0   0.003985   0.003985   0.328016    0.049841   0.000000  -0.594164   0.000000   0.000000   0.000000   0.000000   0.033199
       43.4069 0   0.000094   0.000094   0.338850    0.033980   0.000000  -0.582849   0.000000   0.000000   0.000000   0.000000   0.027439
       43.5810 0   0.001540   0.001540   0.346746    0.057074   0.000000  -0.647501   0.000000   0.000000   0.000000   0.000000   0.032487
       43.3766 0   0.000020   0.000020   0.343735    0.044136   0.000000  -0.650965   0.000000   0.000000   0.000000   0.000000   0.025237
       43.1921 0   0.000719   0.000719   0.300800    0.053107   0.000000  -0.599873   0.000000   0.000000   0.000000   0.000000   0.037432
       43.4058 0   0.000090   0.000090   0.324171    0.051720   0.000000  -0.586496   0.000000   0.000000   0.000000   0.000000   0.027984
       43.5268 0   0.000902   0.000902   0.407742    0.061782   0.000000  -0.716685   0.000000   0.000000   0.000000   0.000000   0.032590
       43.2898 0   0.000105   0.000105   0.337740    0.054467   0.000000  -0.668306   0.000018   0.000000   0.000000   0.000000   0.033169
       43.3951 0   0.000059   0.000059   0.359458    0.059132   0.000000  -0.673231   0.000000   0.000000   0.000000   0.000000   0.028340
       43.7698 0   0.005083   0.005083   0.324397    0.045819   0.000992  -0.652439   0.000000   0.000000   0.000000   0.000000   0.031295
       43.2807 0   0.000139   0.000139   0.320876    0.058757   0.000000  -0.682353   0.000000   0.000000   0.000000   0.000000   0.027809
       43.2490 0   0.000295   0.000295   0.343359    0.051616   0.000000  -0.653759   0.000000   0.000000   0.000000   0.000000   0.032411
       43.6046 0   0.001869   0.001869   0.335823    0.043385   0.000000  -0.672417   0.000000   0.000000  -0.000402   0.000000   0.024779
       43.3867 0   0.000039   0.000039   0.359692    0.062221   0.000000  -0.664162   0.000000   0.000000   0.000000   0.000000   0.028898
       43.1801 0   0.000833   0.000833   0.313575    0.052879   0.000000  -0.673653   0.000000   0.000000   0.000000   0.000000   0.030589
       43.5334 0   0.000970   0.000970   0.285255    0.049094   0.000000  -0.659073   0.000000   0.000000   0.000000   0.000000   0.026598
       43.3322 0   0.000009   0.000009   0.324060    0.043769   0.000000  -0.679342   0.000000   0.000000   0.000000   0.000000   0.026457
       43.5573 0   0.001240   0.001240   0.293472    0.046159   0.000000  -0.673448   0.000000   0.000000   0.000000   0.000000   0.025184
       43.2595 0   0.000236   0.000236   0.355899    0.039881   0.000000  -0.651435   0.000000   0.000000   0.000000   0.000000   0.031039
       43.3386 0   0.000004   0.000004   0.341415    0.044378   0.000000  -0.642935   0.000000   0.000000   0.000000   0.000000   0.032038
       43.6602 0   0.002776   0.002776   0.339544    0.050377   0.000000  -0.631608   0.000000   0.000000   0.000000   0.000000   0.030848
       43.0245 0   0.003056   0.003056   0.310472    0.042704   0.000000  -0.629430   0.000000   0.000000   0.000000   0.000000   0.030778
       43.4536 0   0.000310   0.000310   0.331400    0.068026   0.000000  -0.678486   0.000000   0.000000   0.000000   0.000000   0.024130
       43.2082 0   0.000580   0.000580   0.327265    0.049389   0.000000  -0.653865   0.000000   0.000000   0.000000   0.000000   0.029478
       43.2499 0   0.000289   0.000289   0.341251    0.050807   0.000000  -0.630057   0.000000   0.000000   0.000000   0.000000   0.034672
       43.2735 0   0.000169   0.000169   0.356506    0.040043   0.000000  -0.688164   0.000000   0.000000   0.000000   0.000000   0.030939
       43.2906 0   0.000102   0.000102   0.322988    0.057084   0.000000  -0.635309   0.000000   0.000000   0.000000   0.000000   0.025844
       43.5708 0   0.001406   0.001406   0.323082    0.041079   0.007389  -0.648321   0.000000   0.000000   0.000000   0.000000   0.032547
       43.4392 0   0.000229   0.000229   0.286216    0.051452   0.000000  -0.660417   0.000000  -0.005844  -0.000866   0.000000   0.029102
       43.5208 0   0.000841   0.000841   0.291123    0.055201   0.000000  -0.725323   0.000000   0.000000   0.000000   0.000000   0.029502
       43.2482 0   0.000299   0.000299   0.246230    0.066316   0.000000  -0.716442   0.000000   0.000000  -0.000009   0.000000   0.023844
       43.2684 0   0.000192   0.000192   0.295198    0.059240   0.000000  -0.708400   0.000000   0.000000   0.000000   0.000000   0.032057
       43.3937 0   0.000055   0.000055   0.335145    0.029276   0.000000  -0.725515   0.000000   0.000000   0.000000   0.000000   0.029488
       43.3927 0   0.000053   0.000053   0.359996    0.047398   0.000000  -0.717495   0.000000   0.000000   0.000000   0.000000   0.030483
       43.1201 0   0.001525   0.001525   0.314655    0.058372   0.000000  -0.737893   0.000000   0.000000   0.000000   0.000000   0.028413
       43.2300 0   0.000415   0.000415   0.371540    0.042706   0.000000  -0.772936   0.000000   0.000000   0.000000   0.000000   0.028176
       43.4263 0   0.000168   0.000168   0.353214    0.045113   0.000000  -0.749240   0.000000   0.000000   0.000000   0.000000   0.028370
       43.6441 0   0.002495   0.002495   0.401658    0.057503   0.000000  -0.744240   0.000000   0.000000   0.000000   0.000000   0.028990
       43.2418 0   0.000338   0.000338   0.390133    0.055793   0.000000  -0.720027   0.000000   0.000000   0.000000   0.000000   0.027421
       43.5844 0   0.001585   0.001585   0.368335    0.055795   0.000000  -0.728182   0.000000   0.000000   0.000000   0.000000   0.025047
       43.0553 0   0.002505   0.002505   0.334178    0.072058   0.000000  -0.694879   0.000000   0.000000   0.000000   0.000000   0.025360
       43.6336 0   0.002320   0.002320   0.342763    0.051443   0.000000  -0.689423   0.000000   0.000000   0.000000   0.000000   0.031153
       43.2192 0   0.000493   0.000493   0.339555    0.040352   0.000000  -0.721064   0.000000   0.000000   0.000000   0.000000   0.025317
       43.0179 0   0.003181   0.003181   0.317497    0.062812   0.000000  -0.761389   0.000000   0.000000   0.000000   0.000000   0.027450
       43.3758 0   0.000019   0.000019   0.308918    0.063350   0.001630  -0.742739   0.000000   0.000000   0.000000   0.000000   0.027603
       43.3607 0   0.000003   0.000003   0.323346    0.059613   0.000021  -0.716660   0.000000   0.000000   0.000000   0.000000   0.024125
       43.0279 0   0.002993   0.002993   0.346989    0.050739   0.000000  -0.737769   0.000000   0.000000   0.000000   0.000000   0.036399
       43.0723 0   0.002224   0.002224   0.361089    0.044856   0.001796  -0.732889   0.000000   0.000000   0.000000   0.000000   0.032789
       43.7379 0   0.004340   0.004340   0.328408    0.035030   0.000000  -0.683160   0.000000   0.000000   0.000000   0.000000   0.027218
       43.4110 0   0.000107   0.000107   0.341661    0.043943   0.000000  -0.716849   0.000000   0.000000   0.000000   0.000000   0.027835
       43.3526 0   0.000000   0.000000   0.323494    0.056071   0.000000  -0.691687   0.000000   0.000000   0.000000   0.000000   0.027207
       43.7280 0   0.004121   0.004121   0.322487    0.053140   0.000000  -0.684541   0.000000   0.000000  -0.000009   0.000000   0.027939
       43.6233 0   0.002155   0.002155   0.285456    0.030965   0.000000  -0.621469   0.000000   0.000000  -0.000161   0.000000   0.029710
       43.1410 0   0.001260   0.001260   0.317476    0.032929   0.000000  -0.653654   0.000000   0.000000   0.000000   0.000000   0.022642
       43.5244 0   0.000877   0.000877   0.311051    0.047053   0.000000  -0.637729   0.000000   0.000000   0.000000   0.000000   0.024428
       43.5170 0   0.000804   0.000804   0.327956    0.047262   0.000000  -0.641211   0.000000   0.000000  -0.000083   0.000000   0.026243
       43.4857 0   0.000531   0.000531   0.287748    0.052284   0.000000  -0.627583   0.000000   0.000000   0.000000   0.000000   0.030649
       43.1322 0   0.001368   0.001368   0.266989    0.054813   0.000000  -0.661024   0.000000  -0.011101  -0.005977   0.000000   0.032292
       43.2623 0   0.000222   0.000222   0.285869    0.032970   0.000000  -0.683276   0.000752   0.000000   0.000000   0.000000   0.033074
       43.4740 0   0.000444   0.000444   0.272634    0.038028   0.000000  -0.635990   0.000000   0.000000   0.000000   0.000000   0.030582
       43.2546 0   0.000263   0.000263   0.306692    0.036253   0.000000  -0.635910   0.000000   0.000000   0.000000   0.000000   0.031639
       43.6562 0   0.002705   0.002705   0.314318    0.061421   0.000000  -0.631883   0.000000   0.000000   0.000000   0.000000   0.024558
       43.2064 0   0.000595   0.000595   0.296977    0.055317   0.000327  -0.557162   0.000000   0.000000   0.000000   0.000000   0.033072
       43.6014 0   0.001824   0.001824   0.311742    0.056996   0.000000  -0.583731   0.000000   0.000000   0.000000   0.000000   0.034743
       43.4575 0   0.000333   0.000333   0.341644    0.075292   0.000242  -0.587327   0.000000   0.000000  -0.000000   0.000000   0.027632
       43.2433 0   0.000328   0.000328   0.366305    0.048095   0.000000  -0.578748   0.000000   0.000000  -0.000000   0.000000   0.029235
       43.0965 0   0.001854   0.001854   0.343325    0.046419   0.000000  -0.585127   0.000000   0.000000   0.000000   0.000000   0.041412
       43.1615 0   0.001025   0.001025   0.364359    0.060818   0.000000  -0.604075   0.000000  -0.000350  -0.000000   0.000000   0.028685
       43.3190 0   0.000028   0.000028   0.316380    0.052568   0.000582  -0.531095   0.000000   0.000000  -0.000000   0.000000   0.032135
       43.4624 0   0.000365   0.000365   0.336259    0.044200   0.000000  -0.548363   0.000000   0.000000   0.000000   0.000000   0.026377
       43.3802 0   0.000026   0.000026   0.378657    0.054183   0.000000  -0.595114   0.000000   0.000000   0.000000   0.000000   0.024652
       43.3610 0   0.000003   0.000003   0.325579    0.091790   0.000000  -0.608985   0.000000   0.000000   0.000000   0.000000   0.028741
       43.6877 0   0.003289   0.003289   0.336282    0.070522   0.000000  -0.616841   0.001258   0.000000   0.000000   0.000000   0.030384
       43.3623 0   0.000004   0.000004   0.310991    0.040458   0.000000  -0.623239   0.002404   0.000000   0.000000   0.000000   0.030826
       43.5272 0   0.000906   0.000906   0.297983    0.060543   0.000000  -0.628652   0.000003   0.000000   0.000000   0.000000   0.033633
       43.5814 0   0.001544   0.001544   0.319642    0.041195   0.000000  -0.633217   0.000000   0.000000   0.000000   0.000000   0.026135
       43.2790 0   0.000145   0.000145   0.358277    0.059065   0.000000  -0.661381   0.000000   0.000000  -0.000005   0.000000   0.031935
       43.3407 0   0.000002   0.000002   0.345299    0.065746   0.000000  -0.628195   0.000000   0.000000  -0.000000   0.000000   0.028002
       43.2945 0   0.000089   0.000089   0.378121    0.029544   0.000190  -0.663816   0.000000   0.000000  -0.000031   0.000000   0.031365
       43.0830 0   0.002056   0.002056   0.314534    0.030324   0.000000  -0.601843   0.000000   0.000000   0.000000  -0.003501   0.028792
       43.7648 0   0.004964   0.004964   0.337802    0.041483   0.000000  -0.611903   0.000000   0.000000   0.000000   0.000000   0.030853
       43.4711 0   0.000423   0.000423   0.294741    0.059867   0.000000  -0.621717   0.000000   0.000000  -0.000002   0.000000   0.029517
       43.4515 0   0.000297   0.000297   0.308486    0.059733   0.000000  -0.560770   0.000000   0.000000   0.000000   0.000000   0.028611
       43.2451 0   0.000317   0.000317   0.342585    0.045726   0.000000  -0.584426   0.000000   0.000000  -0.001445   0.000000   0.034328
       43.0970 0   0.001847   0.001847   0.339933    0.043311   0.000000  -0.584486   0.000000   0.000000  -0.000000   0.000000   0.028204
       43.5583 0   0.001251   0.001251   0.353553    0.052760   0.000000  -0.608957   0.000000   0.000000   0.000000   0.000000   0.027471
       43.5064 0   0.000706   0.000706   0.359966    0.046905   0.000000  -0.643905   0.000000   0.000000   0.000000   0.000000   0.035630
       43.4846 0   0.000523   0.000523   0.307388    0.034738   0.000000  -0.634156   0.000000   0.000000   0.000000   0.000000   0.029008
       43.2829 0   0.000130   0.000130   0.307381    0.051967   0.000000  -0.625785   0.000000   0.000000   0.000000   0.000000   0.031200
       43.3414 0   0.000002   0.000002   0.310079    0.060230   0.000000  -0.652944   0.000000   0.000000   0.000000   0.000000   0.025730
       43.5707 0   0.001405   0.001405   0.326556    0.047200   0.001377  -0.642851   0.000000   0.000000   0.000000   0.000000   0.029719
       43.5486 0   0.001138   0.001138   0.359718    0.051370   0.000000  -0.635769   0.000000   0.000000  -0.000093   0.000000   0.028873
       43.1184 0   0.001547   0.001547   0.301156    0.056190   0.000703  -0.619053   0.000000   0.000000   0.000000   0.000000   0.028012
       43.3317 0   0.000010   0.000010   0.328112    0.057316   0.000000  -0.628930   0.000000   0.000000   0.000000   0.000000   0.031618
       43.4441 0   0.000255   0.000255   0.324689    0.046196   0.000000  -0.610052   0.000000   0.000000  -0.000000   0.000000   0.028403
       43.2818 0   0.000134   0.000134   0.347321    0.052474   0.000000  -0.638556   0.000000   0.000000   0.000000   0.000000   0.026520
       43.3503 0   0.000000   0.000000   0.344051    0.052333   0.000000  -0.603773   0.000000   0.000000   0.000000  -0.002868   0.028298
       43.5195 0   0.000829   0.000829   0.367320    0.069909   0.000000  -0.636648   0.000000   0.000000   0.000000   0.000000   0.029220
       43.3519 0   0.000000   0.000000   0.294810    0.047436   0.000000  -0.604180   0.000000   0.000000   0.000000   0.000000   0.027144
       43.7766 0   0.005251   0.005251   0.279914    0.053216   0.000000  -0.635106   0.000000   0.000000   0.000000   0.000000   0.025804
       42.8902 0   0.006098   0.006098   0.297662    0.060507   0.000000  -0.621386   0.000000   0.000000   0.000000   0.000000   0.031377
       43.4787 0   0.000478   0.000478   0.362428    0.056372   0.000000  -0.661741   0.000000   0.000000   0.000000   0.000000   0.034600
       43.4931 0   0.000590   0.000590   0.327871    0.039191   0.000000  -0.632592   0.000000   0.000000   0.000000   0.000000   0.030887
       43.1352 0   0.001331   0.001331   0.348147    0.037269   0.000616  -0.689981   0.000000   0.000000  -0.001347   0.000000   0.027179
       43.9243 0   0.009515   0.009515   0.322820    0.054646   0.000000  -0.714873   0.000000   0.000000   0.000000   0.000000   0.026372
       43.4964 0   0.000619   0.000619   0.345281    0.035605   0.000038  -0.713106   0.000000   0.000000   0.000000   0.000000   0.031794
       43.1912 0   0.000728   0.000728   0.352769    0.028668   0.000000  -0.725753   0.000000   0.000000   0.000000   0.000000   0.026547
       43.2220 0   0.000473   0.000473   0.340250    0.038926   0.000000  -0.734885   0.000000   0.000000   0.000000   0.000000   0.027877
       43.4091 0   0.000101   0.000101   0.337652    0.047054   0.000000  -0.733703   0.000000   0.000000   0.000000   0.000000   0.027964
       43.6010 0   0.001818   0.001818   0.313407    0.043869   0.000000  -0.768558   0.000000  -0.000000   0.000000   0.000000   0.037053
       43.6030 0   0.001847   0.001847   0.308585    0.045309   0.000000  -0.744692   0.000000   0.000000   0.000000   0.000000   0.028601
       43.1489 0   0.001166   0.001166   0.354216    0.055205   0.000000  -0.791620   0.000000   0.000000   0.000000   0.000000   0.027293
       43.4041 0   0.000084   0.000084   0.312305    0.045229   0.000000  -0.748549   0.000000   0.000000   0.000000   0.000000   0.031059
       43.4176 0   0.000132   0.000132   0.334703    0.037626   0.000000  -0.717173   0.000000   0.000000   0.000000   0.000000   0.026895
       43.4304 0   0.000187   0.000187   0.323505    0.049967   0.000000  -0.768519   0.000000   0.000000   0.000000   0.000000   0.025229
       43.3903 0   0.000047   0.000047   0.339880    0.050604   0.000000  -0.778165   0.000000   0.000000   0.000000   0.000000   0.027735
       43.3181 0   0.000029   0.000029   0.318365    0.050352   0.000000  -0.759885   0.000000   0.000000   0.000000   0.000000   0.028287
       43.3327 0   0.000009   0.000009   0.320463    0.032540   0.000000  -0.776849   0.000000   0.000000   0.000000   0.000000   0.027604
       43.4397 0   0.000232   0.000232   0.358353    0.050352   0.000802  -0.774886   0.000000   0.000000   0.000000   0.000000   0.029831
       43.6807 0   0.003154   0.003154   0.325901    0.067549   0.000000  -0.734869   0.000000   0.000000   0.000000   0.000000   0.029277
       43.1602 0   0.001040   0.001040   0.295966    0.038595   0.000000  -0.710377   0.000000   0.000000   0.000000   0.000000   0.026974
       43.5694 0   0.001388   0.001388   0.338663    0.050305   0.000000  -0.769988   0.000000   0.000000   0.000000   0.000000   0.031778
       43.6412 0   0.002445   0.002445   0.351370    0.057275   0.000022  -0.783264   0.000000   0.000000   0.000000   0.000000   0.034669
       43.2573 0   0.000248   0.000248   0.342292    0.048711   0.000000  -0.724418   0.000000   0.000000   0.000000   0.000000   0.027750
       43.1941 0   0.000701   0.000701   0.285204    0.048154   0.000000  -0.676637   0.000000   0.000000  -0.000000   0.000000   0.024411
       43.3024 0   0.000065   0.000065   0.319436    0.042564   0.000065  -0.674940   0.000000   0.000000   0.000000   0.000000   0.030877
       43.2416 0   0.000339   0.000339   0.319612    0.041534   0.000000  -0.677351   0.000000   0.000000   0.000000   0.000000   0.025555
       43.2877 0   0.000112   0.000112   0.325538    0.056101   0.000000  -0.733276   0.000000   0.000000   0.000000   0.000000   0.030864
       43.8493 0   0.007190   0.007190   0.321515    0.038108   0.000304  -0.719608   0.000000   0.000000   0.000000   0.000000   0.028182
       43.2921 0   0.000097   0.000097   0.329190    0.053225   0.000000  -0.727139   0.000000   0.000000  -0.000000   0.000000   0.023778
       43.4970 0   0.000623   0.000623   0.318619    0.037924   0.000000  -0.733319   0.000000   0.000000   0.000000   0.000000   0.024994
       42.7387 0   0.010781   0.010781   0.315273    0.036079   0.000000  -0.725544   0.000000   0.000000   0.000000   0.000000   0.030357
       43.4977 0   0.000629   0.000629   0.281088    0.056633   0.000000  -0.716886   0.000000   0.000000   0.000000   0.000000   0.030304
       43.3510 0   0.000000   0.000000   0.343010    0.041945   0.000000  -0.720177   0.000000   0.000000   0.000000   0.000000   0.025559
       42.8560 0   0.007040   0.007040   0.319566    0.051641   0.000000  -0.726221   0.000000   0.000000   0.000000   0.000000   0.026091
       43.2440 0   0.000324   0.000324   0.288502    0.056875   0.000922  -0.722088   0.000000   0.000000   0.000000   0.000000   0.029882
       43.7126 0   0.003792   0.003792   0.330160    0.047278   0.000000  -0.707841   0.000332   0.000000   0.000000   0.000000   0.031085
       43.3065 0   0.000055   0.000055   0.320348    0.049621   0.000000  -0.699180   0.000000   0.000000  -0.000027   0.000000   0.034287
       43.3042 0   0.000060   0.000060   0.331008    0.040824   0.000000  -0.721875   0.000000   0.000000   0.000000   0.000000   0.027358
       43.4482 0   0.000278   0.000278   0.328788    0.037697   0.000000  -0.686292   0.000000   0.000000   0.000000   0.000000   0.032209
       43.1529 0   0.001121   0.001121   0.348080    0.056592   0.001938  -0.719314   0.000000   0.000000   0.000000   0.000000   0.030187
       43.5428 0   0.001073   0.001073   0.313768    0.055577   0.000000  -0.725641   0.000000   0.000000   0.000000   0.000000   0.027088
       43.5180 0   0.000814   0.000814   0.357872    0.050932   0.000000  -0.797251   0.000000   0.000000   0.000000   0.000000   0.025713
       43.2112 0   0.000556   0.000556   0.312535    0.056570   0.000000  -0.722452   0.000000   0.000000   0.000000   0.000000   0.026460
       43.0296 0   0.002962   0.002962   0.354042    0.053563   0.000000  -0.804129   0.000000   0.000000   0.000000   0.000000   0.028391
       43.6920 0   0.003374   0.003374   0.331839    0.048567   0.004679  -0.792685   0.000000   0.000000   0.000000   0.000000   0.028957
       43.3045 0   0.000060   0.000060   0.298642    0.048854   0.000000  -0.776794   0.000000   0.000000   0.000000   0.000000   0.033066
       43.2171 0   0.000509   0.000509   0.360707    0.040020   0.000000  -0.770887   0.000000   0.000000   0.000000   0.000000   0.030806
       43.3187 0   0.000028   0.000028   0.323639    0.054760   0.000398  -0.734460   0.000000   0.000000   0.000000   0.000000   0.028961
       43.0897 0   0.001955   0.001955   0.345879    0.042935   0.000000  -0.720394   0.000027   0.000000   0.000000   0.000000   0.024933
       43.2548 0   0.000262   0.000262   0.320397    0.054769   0.000000  -0.641959   0.000000   0.000000   0.000000   0.000000   0.029901
       43.2516 0   0.000279   0.000279   0.350852    0.047962   0.000000  -0.627530   0.000000   0.000000   0.000000   0.000000   0.025986
       43.7258 0   0.004075   0.004075   0.369631    0.048251   0.000000  -0.647997   0.000037   0.000000   0.000000   0.000000   0.030184
       43.0670 0   0.002311   0.002311   0.334836    0.055539   0.000000  -0.621457   0.000000   0.000000   0.000000   0.000000   0.030553
       43.4324 0   0.000196   0.000196   0.307369    0.054665   0.000000  -0.619194   0.000000   0.000000  -0.000018   0.000000   0.033831
       43.4092 0   0.000101   0.000101   0.267134    0.068949   0.000000  -0.614080   0.000000   0.000000   0.000000   0.000000   0.031279
       43.1633 0   0.001005   0.001005   0.344158    0.042213   0.000000  -0.635532   0.000000   0.000000   0.000000   0.000000   0.028057
       43.3362 0   0.000005   0.000005   0.335192    0.056775   0.000000  -0.647749   0.000005   0.000000   0.000000   0.000000   0.035897
       43.5331 0   0.000967   0.000967   0.348626    0.055474   0.000000  -0.633779   0.000000   0.000000   0.000000   0.000000   0.038479
       43.1901 0   0.000738   0.000738   0.308107    0.060067   0.000000  -0.645627   0.000000   0.000000   0.000000   0.000000   0.029774
       43.2860 0   0.000118   0.000118   0.318081    0.044736   0.000000  -0.588425   0.000000   0.000000   0.000000   0.000000   0.030344
       43.3908 0   0.000048   0.000048   0.387276    0.034438   0.000000  -0.650346   0.000000   0.000000   0.000000   0.000000   0.026031
       43.6185 0   0.002080   0.002080   0.370014    0.041282   0.000000  -0.564472   0.000000   0.000000  -0.001442   0.000000   0.028482
       43.0017 0   0.003499   0.003499   0.306935    0.044025   0.000000  -0.559490   0.000000   0.000000   0.000000   0.000000   0.029369
       43.0665 0   0.002318   0.002318   0.309839    0.053462   0.000000  -0.555334   0.000000   0.000000   0.000000   0.000000   0.031738
       43.0275 0   0.003000   0.003000   0.285344    0.042900   0.000000  -0.522379   0.000000   0.000000   0.000000   0.000000   0.027417
       43.5473 0   0.001123   0.001123   0.358073    0.038884   0.000000  -0.565534   0.000000   0.000000   0.000000   0.000000   0.033274
       43.5347 0   0.000984   0.000984   0.346367    0.063592   0.000000  -0.606550   0.000000   0.000000  -0.000068   0.000000   0.037883
       43.2823 0   0.000132   0.000132   0.388622    0.050269   0.000000  -0.667164   0.000000   0.000000  -0.000055   0.000000   0.028061
       43.4176 0   0.000132   0.000132   0.330110    0.045528   0.000000  -0.606132   0.000000   0.000000   0.000000   0.000000   0.030188
       43.4546 0   0.000316   0.000316   0.374765    0.065124   0.000000  -0.659859   0.000000   0.000000   0.000000   0.000000   0.026552
       43.2149 0   0.000527   0.000527   0.380909    0.054688   0.000000  -0.611315   0.000000   0.000000  -0.000773   0.000000   0.031589
       43.6682 0   0.002920   0.002920   0.300350    0.056053   0.000000  -0.556483   0.000000   0.000000   0.000000   0.000000   0.029428
       43.3019 0   0.000067   0.000067   0.356928    0.038411   0.000000  -0.604108   0.000000   0.000000  -0.000000   0.000000   0.027105
       42.9482 0   0.004657   0.004657   0.389045    0.043196   0.002292  -0.590095   0.000000   0.000000  -0.000000   0.000000   0.026753
       43.7179 0   0.003903   0.003903   0.340935    0.044471   0.000000  -0.579219   0.000000   0.000000   0.000000   0.000000   0.032202
       43.4170 0   0.000130   0.000130   0.334336    0.050684   0.004872  -0.532278   0.000000   0.000000   0.000000   0.000000   0.029256
       43.3449 0   0.000001   0.000001   0.307218    0.037326   0.000000  -0.494301   0.000000   0.000000   0.000000   0.000000   0.034021
       43.0261 0   0.003027   0.003027   0.284870    0.053223   0.000000  -0.433386   0.000000   0.000000   0.000000   0.000000   0.026410
       43.4498 0   0.000288   0.000288   0.330115    0.042987   0.000000  -0.471012   0.000000   0.000000   0.000000   0.000000   0.026911
       43.2453 0   0.000316   0.000316   0.378798    0.040520   0.001185  -0.471442   0.000000   0.000000   0.000000   0.000000   0.030213
       43.2339 0   0.000389   0.000389   0.372646    0.041946   0.000000  -0.504843   0.000000   0.000000  -0.000012   0.000000   0.035585
       43.3895 0   0.000045   0.000045   0.359356    0.067353   0.000000  -0.534262   0.000000   0.000000  -0.000026   0.000000   0.029815
       43.4460 0   0.000266   0.000266   0.353598    0.040782   0.000000  -0.526740   0.000000   0.000000   0.000000   0.000000   0.027366
       43.4437 0   0.000253   0.000253   0.376060    0.059402   0.000000  -0.558660   0.000000   0.000000   0.000000  -0.010097   0.027779
       43.3551 0   0.000001   0.000001   0.320844    0.045900   0.000000  -0.518635   0.000000   0.000000  -0.003742   0.000000   0.031328
       43.3871 0   0.000040   0.000040   0.326871    0.030408   0.000000  -0.529632   0.000000   0.000000  -0.000004   0.000000   0.032627
       43.3498 0   0.000000   0.000000   0.368012    0.041458   0.000000  -0.534649   0.000000   0.000000   0.000000   0.000000   0.032037
       43.2653 0   0.000207   0.000207   0.363702    0.036758   0.000000  -0.567574   0.000000   0.000000  -0.000002   0.000000   0.034909
       43.6032 0   0.001850   0.001850   0.320127    0.045076   0.000000  -0.584084   0.001492   0.000000  -0.000053   0.000000   0.034901
       43.3187 0   0.000028   0.000028   0.362224    0.060612   0.000000  -0.647030   0.000000   0.000000   0.000000   0.000000   0.032356
       43.5230 0   0.000863   0.000863   0.331868    0.056367   0.000000  -0.603811   0.000288   0.000000   0.000000   0.000000   0.031189
       43.5076 0   0.000717   0.000717   0.352237    0.067316   0.000000  -0.628342   0.000000   0.000000   0.000000   0.000000   0.027882
       43.4527 0   0.000304   0.000304   0.325247    0.040771   0.000000  -0.579415   0.000000   0.000000   0.000000   0.000000   0.032838
       43.2456 0   0.000315   0.000315   0.378892    0.051200   0.000000  -0.662819   0.000000   0.000000   0.000000   0.000000   0.030477
       43.3166 0   0.000032   0.000032   0.339256    0.047018   0.000000  -0.638204   0.000000   0.000000  -0.000016   0.000000   0.028510
       43.2954 0   0.000086   0.000086   0.347913    0.048536   0.000000  -0.652977   0.000000   0.000000   0.000000   0.000000   0.031209
       43.4828 0   0.000509   0.000509   0.297203    0.063810   0.000000  -0.626667   0.000000   0.000000   0.000000   0.000000   0.035108
       43.3358 0   0.000006   0.000006   0.349641    0.050510   0.000000  -0.681207   0.000000   0.000000   0.000000   0.000000   0.028848
       43.4221 0   0.000150   0.000150   0.311560    0.041216   0.000556  -0.651736   0.000000   0.000000   0.000000   0.000000   0.032554
       43.7971 0   0.005765   0.005765   0.295170    0.068039   0.000000  -0.629663   0.000000   0.000000   0.000000   0.000000   0.031064
       43.0841 0   0.002040   0.002040   0.369282    0.061404   0.000000  -0.671962   0.000000   0.000000   0.000000   0.000000   0.032610
       43.2945 0   0.000089   0.000089   0.314744    0.042243   0.000000  -0.649049   0.000000   0.000000   0.000000   0.000000   0.026343
       43.3320 0   0.000009   0.000009   0.308869    0.088780   0.000000  -0.699323   0.000000   0.000000   0.000000   0.000000   0.023597
       43.3086 0   0.000049   0.000049   0.323055    0.058865   0.000000  -0.696744   0.000000   0.000000   0.000000   0.000000   0.030294
       43.3943 0   0.000057   0.000057   0.289555    0.065946   0.000000  -0.695957   0.000000   0.000000   0.000000   0.000000   0.033650
       43.5364 0   0.001002   0.001002   0.369445    0.047120   0.000000  -0.732944   0.000000   0.000000   0.000000   0.000000   0.028203
       43.6764 0   0.003073   0.003073   0.315659    0.056922   0.000000  -0.753036   0.000000   0.000000   0.000000   0.000000   0.035848
       43.3911 0   0.000049   0.000049   0.361657    0.055703   0.000000  -0.774421   0.000000   0.000000   0.000000   0.000000   0.027128
       43.4524 0   0.000302   0.000302   0.356062    0.042543   0.000000  -0.759054   0.000000   0.000000   0.000000   0.000000   0.034643
       43.3013 0   0.000068   0.000068   0.340859    0.044354   0.000609  -0.743695   0.000000   0.000000   0.000000   0.000000   0.027454
       43.4777 0   0.000470   0.000470   0.312788    0.049484   0.000000  -0.677842   0.000000   0.000000   0.000000   0.000000   0.030287
       43.5515 0   0.001171   0.001171   0.322262    0.059152   0.000000  -0.668095   0.000000   0.000000   0.000000   0.000000   0.029489
       43.3222 0   0.000022   0.000022   0.294013    0.039597   0.000000  -0.671734   0.000000   0.000000   0.000000   0.000000   0.029693
       43.2605 0   0.000231   0.000231   0.298465    0.040892   0.000000  -0.638238   0.000000   0.000000  -0.000016   0.000000   0.029716
       43.5716 0   0.001417   0.001417   0.337951    0.045309   0.000000  -0.742515   0.000000   0.000000   0.000000   0.000000   0.030318
       43.1086 0   0.001681   0.001681   0.302454    0.043715   0.000000  -0.697452   0.000000   0.000000   0.000000   0.000000   0.026381
       43.1820 0   0.000814   0.000814   0.324001    0.060706   0.000000  -0.715912   0.000000   0.000000   0.000000   0.000000   0.028710
       43.3925 0   0.000052   0.000052   0.324787    0.068703   0.000000  -0.722337   0.000000   0.000000   0.000000   0.000000   0.030564
       43.0692 0   0.002274   0.002274   0.342010    0.043659   0.000000  -0.675688   0.000000   0.000000   0.000000   0.000000   0.024346
       43.4849 0   0.000525   0.000525   0.344177    0.073622   0.000000  -0.683891   0.000000   0.000000  -0.000003   0.000000   0.028539
       43.5304 0   0.000939   0.000939   0.321319    0.066157   0.002144  -0.669566   0.000000   0.000000   0.000000   0.000000   0.032360
       43.0110 0   0.003314   0.003314   0.359395    0.054355   0.000000  -0.670382   0.001400   0.000000   0.000000   0.000000   0.026125
       43.3989 0   0.000069   0.000069   0.324132    0.049036   0.000000  -0.651378   0.000000   0.000000  -0.000066   0.000000   0.032802
       43.1277 0   0.001426   0.001426   0.336866    0.041303   0.000000  -0.693999   0.000967   0.000000   0.000000   0.000000   0.031479
       43.6590 0   0.002754   0.002754   0.292364    0.038065   0.000000  -0.692159   0.000000   0.000000   0.000000   0.000000   0.029497
       43.6056 0   0.001884   0.001884   0.334069    0.048194   0.000000  -0.740927   0.000000   0.000000   0.000000   0.000000   0.028855
       43.0832 0   0.002054   0.002054   0.298166    0.043969   0.000000  -0.716611   0.000000   0.000000   0.000000   0.000000   0.026907
       43.6146 0   0.002020   0.002020   0.334836    0.043165   0.000000  -0.715623   0.000000   0.000000  -0.000002   0.000000   0.027346
       43.2117 0   0.000552   0.000552   0.348128    0.044770   0.000791  -0.754278   0.000000   0.000000   0.000000   0.000000   0.029433
       43.3488 0   0.000000   0.000000   0.362222    0.058705   0.000000  -0.799108   0.000000   0.000000   0.000000   0.000000   0.029323
       43.6450 0   0.002510   0.002510   0.327728    0.060272   0.000000  -0.779799   0.000000   0.000000   0.000000   0.000000   0.031147
       43.5009 0   0.000657   0.000657   0.313042    0.065876   0.000000  -0.765746   0.000000   0.000000   0.000000   0.000000   0.026729
       43.3915 0   0.000050   0.000050   0.330669    0.061175   0.000000  -0.770238   0.000565   0.000000  -0.001126   0.000000   0.034329
       43.3653 0   0.000007   0.000007   0.359642    0.057957   0.000236  -0.795391   0.000000   0.000000   0.000000   0.000000   0.035454
       43.2712 0   0.000179   0.000179   0.313373    0.044567   0.000000  -0.779624   0.000000   0.000000   0.000000   0.000000   0.029247
       43.3681 0   0.000009   0.000009   0.281881    0.039575   0.000000  -0.715330   0.000000   0.000000  -0.000000   0.000000   0.038794
       43.6688 0   0.002931   0.002931   0.347049    0.042475   0.000000  -0.750933   0.000000   0.000000   0.000000   0.000000   0.029305
       43.1733 0   0.000901   0.000901   0.359372    0.058469   0.000000  -0.791110   0.000331   0.000000   0.000000   0.000000   0.027622
       43.7134 0   0.003810   0.003810   0.310782    0.058012   0.000000  -0.705460   0.000000   0.000000   0.000000   0.000000   0.030939
       43.5705 0   0.001402   0.001402   0.293789    0.040477   0.000000  -0.701187   0.000000   0.000000   0.000000   0.000000   0.029252
       43.0645 0   0.002352   0.002352   0.341120    0.080365   0.000000  -0.781718   0.000000   0.000000  -0.003991   0.000000   0.026499
       43.0865 0   0.002003   0.002003   0.359995    0.065487   0.000000  -0.762881   0.000000   0.000000   0.000000   0.000000   0.028377
       43.4095 0   0.000102   0.000102   0.315631    0.043016   0.000000  -0.722542   0.000000   0.000000  -0.000000   0.000000   0.029225
       42.9721 0   0.004119   0.004119   0.296859    0.062867   0.000000  -0.716309   0.000000   0.000000   0.000000   0.000000   0.027105
       43.3837 0   0.000033   0.000033   0.296394    0.035152   0.000000  -0.693577   0.002036   0.000000   0.000000  -0.008723   0.034732
       43.3648 0   0.000006   0.000006   0.282939    0.039312   0.000000  -0.699650   0.000000   0.000000   0.000000   0.000000   0.027285
       43.3467 0   0.000000   0.000000   0.287209    0.038044   0.000000  -0.678389   0.000000   0.000000   0.000000   0.000000   0.024548
       43.3326 0   0.000009   0.000009   0.343895    0.070694   0.000154  -0.758842   0.000000   0.000000   0.000000   0.000000   0.033407
       43.2838 0   0.000127   0.000127   0.328315    0.048135   0.000000  -0.747760   0.000000   0.000000   0.000000   0.000000   0.032894
       43.5798 0   0.001523   0.001523   0.338609    0.050450   0.000000  -0.671062   0.000000   0.000000   0.000000   0.000000   0.028103
       43.3239 0   0.000020   0.000020   0.300509    0.054726   0.000000  -0.651578   0.000000   0.000000   0.000000   0.000000   0.033163
       43.2323 0   0.000400   0.000400   0.258983    0.051376   0.000060  -0.655604   0.000000   0.000000   0.000000   0.000000   0.031225
       43.3599 0   0.000003   0.000003   0.295634    0.047975   0.000000  -0.703371   0.000000   0.000000   0.000000   0.000000   0.024931
       43.4014 0   0.000076   0.000076   0.295358    0.050672   0.000000  -0.742059   0.000000   0.000000   0.000000   0.000000   0.031475
       43.1318 0   0.001374   0.001374   0.338417    0.038353   0.000000  -0.764859   0.000000   0.000000   0.000000   0.000000   0.031956
       43.3040 0   0.000061   0.000061   0.284220    0.064846   0.000000  -0.708327   0.000000   0.000000   0.000000   0.000000   0.026786
       43.8720 0   0.007861   0.007861   0.313072    0.072336   0.000000  -0.749281   0.000000   0.000000   0.000000  -0.006689   0.037136
       43.4728 0   0.000435   0.000435   0.338960    0.034303   0.000000  -0.729987   0.000000   0.000000   0.000000   0.000000   0.029271
       43.2024 0   0.000629   0.000629   0.377609    0.042268   0.000391  -0.744609   0.000000   0.000000  -0.000000   0.000000   0.030421
       43.5212 0   0.000846   0.000846   0.360981    0.050863   0.000000  -0.737633   0.000000   0.000000   0.000000   0.000000   0.025179
       43.2431 0   0.000330   0.000330   0.323895    0.045378   0.000000  -0.712952   0.001798   0.000000  -0.000000   0.000000   0.028112
       43.3771 0   0.000021   0.000021   0.295592    0.043025   0.000000  -0.674039   0.000000   0.000000   0.000000   0.000000   0.025243
       43.7034 0   0.003603   0.003603   0.332683    0.045034   0.003191  -0.693102   0.000000   0.000000   0.000000   0.000000   0.030394
       43.4864 0   0.000537   0.000537   0.356991    0.042575   0.000000  -0.632428   0.000000   0.000000   0.000000   0.000000   0.029414
       43.1580 0   0.001063   0.001063   0.305103    0.048959   0.000000  -0.641101   0.000000   0.000000   0.000000   0.000000   0.026745
       43.5016 0   0.000663   0.000663   0.357993    0.063401   0.000010  -0.698770   0.000000   0.000000  -0.000033   0.000000   0.027680
       43.3463 0   0.000000   0.000000   0.393589    0.062024   0.000429  -0.686957   0.000000   0.000000  -0.000002   0.000000   0.025463
       43.2819 0   0.000134   0.000134   0.327397    0.062815   0.000000  -0.668592   0.000000   0.000000  -0.000010   0.000000   0.036405
       43.5987 0   0.001784   0.001784   0.346194    0.050770   0.000000  -0.726527   0.000000   0.000000  -0.000506   0.000000   0.028255
       42.9145 0   0.005471   0.005471   0.353747    0.051020   0.000000  -0.744672   0.000000   0.000000   0.000000   0.000000   0.026959
       43.5247 0   0.000880   0.000880   0.353141    0.045260   0.000000  -0.774310   0.000000   0.000000   0.000000   0.000000   0.027289
       42.9792 0   0.003966   0.003966   0.378403    0.063998   0.000000  -0.804790   0.000000   0.000000   0.000000   0.000000   0.027475
       43.0701 0   0.002259   0.002259   0.364182    0.047816   0.000000  -0.751354   0.000000   0.000000   0.000000   0.000000   0.027860
       43.3337 0   0.000008   0.000008   0.296593    0.039943   0.000000  -0.710014   0.000000   0.000000   0.000000   0.000000   0.028629
       43.2439 0   0.000325   0.000325   0.329631    0.048846   0.000485  -0.734690   0.000000   0.000000  -0.000003   0.000000   0.027787
       43.7048 0   0.003631   0.003631   0.333925    0.064450   0.000000  -0.749308   0.000000   0.000000   0.000000   0.000000   0.025064
       43.4155 0   0.000124   0.000124   0.332739    0.039221   0.000000  -0.775130   0.000000   0.000000   0.000000   0.000000   0.030113
       43.2336 0   0.000391   0.000391   0.301731    0.045701   0.000000  -0.761320   0.001121   0.000000   0.000000   0.000000   0.030794
       43.5453 0   0.001100   0.001100   0.307703    0.041406   0.000000  -0.777009   0.000000   0.000000   0.000000   0.000000   0.028346
       43.4710 0   0.000422   0.000422   0.323463    0.050767   0.000000  -0.819847   0.000000   0.000000   0.000000   0.000000   0.027841
       43.5554 0   0.001217   0.001217   0.297146    0.070875   0.000000  -0.754773   0.000000   0.000000  -0.000000   0.000000   0.028807
       43.1585 0   0.001057   0.001057   0.322588    0.030824   0.000000  -0.714698   0.000000   0.000000   0.000000   0.000000   0.027457
       43.4607 0   0.000354   0.000354   0.309121    0.055659   0.000000  -0.779147   0.000000   0.000000   0.000000   0.000000   0.028368
       43.7833 0   0.005416   0.005416   0.310073    0.049173   0.000000  -0.733955   0.000000   0.000000  -0.000011   0.000000   0.025198
       43.3318 0   0.000010   0.000010   0.338485    0.048502   0.000000  -0.735854   0.000000   0.000000   0.000000   0.000000   0.027360
       43.5610 0   0.001284   0.001284   0.313597    0.037994   0.000000  -0.751950   0.000000   0.000000   0.000000   0.000000   0.030926
       43.3344 0   0.000007   0.000007   0.319683    0.052961   0.000000  -0.770997   0.000000   0.000000   0.000000   0.000000   0.030805
       43.5516 0   0.001172   0.001172   0.316638    0.055223   0.000000  -0.802852   0.000000   0.000000   0.000000   0.000000   0.026954
       43.2898 0   0.000105   0.000105   0.330101    0.036292   0.000000  -0.756207   0.000000   0.000000   0.000000   0.000000   0.025362
       43.4802 0   0.000489   0.000489   0.335347    0.050151   0.000000  -0.765269   0.000000   0.000000   0.000000   0.000000   0.038225
       43.2005 0   0.000645   0.000645   0.330053    0.061355   0.000000  -0.785167   0.000000   0.000000   0.000000   0.000000   0.027477
       43.5226 0   0.000860   0.000860   0.339374    0.056284   0.000000  -0.787827   0.000000   0.000000  -0.000001   0.000000   0.025298
       43.3253 0   0.000018   0.000018   0.344968    0.054050   0.000000  -0.784611   0.000000   0.000000   0.000000   0.000000   0.024755
       43.0749 0   0.002183   0.002183   0.299981    0.034589   0.000000  -0.706668   0.000000   0.000000  -0.000000   0.000000   0.028021
       43.0713 0   0.002241   0.002241   0.322764    0.058776   0.002536  -0.752195   0.000000   0.000000   0.000000   0.000000   0.028757
       43.3768 0   0.000021   0.000021   0.312731    0.041119   0.000000  -0.771754   0.000000   0.000000   0.000000   0.000000   0.029128
       43.4187 0   0.000136   0.000136   0.321610    0.039351   0.000000  -0.798793   0.000000   0.000000   0.000000   0.000000   0.028262
       43.2903 0   0.000103   0.000103   0.324593    0.065458   0.000000  -0.786641   0.000000   0.000000   0.000000   0.000000   0.031145
       43.9136 0   0.009162   0.009162   0.368936    0.049934   0.000000  -0.740225   0.000000   0.000000   0.000000   0.000000   0.029364
       43.4040 0   0.000084   0.000084   0.353571    0.037853   0.000000  -0.696695   0.000000   0.000000   0.000000   0.000000   0.032221
       43.2476 0   0.000303   0.000303   0.330097    0.056593   0.000000  -0.732782   0.000000   0.000000   0.000000   0.000000   0.022990
       43.3231 0   0.000021   0.000021   0.333923    0.050291   0.000292  -0.768170   0.000000   0.000000   0.000000   0.000000   0.030712
       43.0258 0   0.003032   0.003032   0.309652    0.061947   0.003877  -0.723331   0.000000   0.000000   0.000000   0.000000   0.031665
       43.5323 0   0.000959   0.000959   0.339280    0.058714   0.000000  -0.767645   0.000000   0.000000   0.000000   0.000000   0.031420
       43.2166 0   0.000514   0.000514   0.337733    0.068378   0.000000  -0.783206   0.000000   0.000000   0.000000   0.000000   0.029652
