t = 7000000
b = 105 105 105
E = -0.347442119717825 -0.685174976137375 0.33773285641955
45.212393983016 97.3363619923265 -86.9263227112706 -0.462254521945192 0.886679497093323 -0.0109647788649753 0.789676622350093 0.405995684640674 -0.459976451752789 0.320222289737818 -0.395673220597043 0.227033933903537 0.0912519792981154 -0.641621065179554 -0.0947622139876254
45.3535983698722 97.5446914517882 -87.3920594618781 -0.0488163016665854 0.815886537056508 0.57614766105699 0.644437037619453 0.466435401025989 -0.605919896697685 -0.410669211896114 0.529380241095967 -0.177399062337673 0.257298368307487 0.497022580521326 -0.167449247546517
45.3168102949689 97.9960104063418 -87.721855779193 0.619619224251185 0.210060634803115 0.756271476815077 0.647231432832102 0.4083383834583 -0.64370120160599 0.305690684185953 -0.742578437682689 -0.0514401106039681 -0.115653668279168 0.363079212107186 -0.111852324357037
45.877483659716 97.9373946585519 -88.5780687462806 -0.0334182040082644 0.589234839210963 -0.807270418076199 0.982632089994409 -0.12814544246466 -0.134212224811681 -0.550885237040543 -0.296849194218122 -0.322823312006678 0.151994903520274 -0.159063462112781 -0.164440681607993
45.8676080229651 96.910903880135 -88.5371423108939 -0.787830341320148 -0.545101543737857 -0.286683903123643 0.524517111749885 -0.349856281213033 -0.776197385963844 0.117174752609767 -0.0588437085361437 0.0247080758280162 0.438489542754836 0.231528845790428 0.00820488832658354
45.9123314911905 96.49281588956 -88.7554993584546 -0.613357505073172 0.426974973871307 -0.664443332917167 0.459177946059481 -0.491709755262817 -0.739849397128944 -0.137668919185683 -0.0651144664145482 0.0467054061870962 0.019857894434488 0.143213928367183 0.0585068410166396
45.7961636514165 96.2761531687232 -89.1558300861902 0.0844758800263961 0.859678949642096 -0.503801478000713 0.435624930763774 -0.486592908444258 -0.757270269553404 0.0629761746142517 0.523051787360521 0.106039018680987 0.412576101742206 0.486686022017513 0.216444269603436
46.4057178793803 95.4069943488288 -88.6963125352948 0.989192735463215 0.12130297636701 0.0823609132499525 0.134882475586308 -0.97309260987623 -0.186808699968925 -0.262934738153997 0.401524181871114 0.107677561843326 -0.106706996081923 -0.325276914263895 -0.0325492032528778
46.4659781602941 94.9999137243433 -89.0904169397688 0.602315587934543 0.0113569551008726 0.798177268595156 0.0108564189143852 -0.999922854824599 0.00603511126527486 -0.152051101768488 -0.34318260063218 -0.393546453323918 -0.206620038147658 0.338871181567822 -0.143670796023568
46.7798949684499 94.7208330106213 -89.2381619621772 -0.284570032412734 -0.227614765990831 0.931241867054658 0.18474436212898 -0.96621645745653 -0.179708870124887 -0.298200464983561 -0.288422927197119 0.900973317289662 0.228618754800809 -0.564701173423913 0.020940633860988
47.3125208571381 94.2711376550161 -89.961626837569 0.915896206296164 -0.186994591126918 0.355200171989484 0.0180024064457273 -0.864844962559307 -0.50171615889639 0.44616314189748 -0.259411019899007 0.0685506923171831 0.103924834460589 -0.266050911503418 -0.377743875451399
47.5077084660215 93.9456359709102 -90.2787748009278 0.386402506681432 -0.4499205940716 0.805148782437336 0.0200991534501175 -0.868635807260895 -0.495043289394753 0.140838021919936 -0.321476132394088 -0.755262573948683 0.0373767230913587 0.763717558705292 0.229611517762581
47.4586460486554 92.7852458651504 -90.6017688252642 0.889011724895015 -0.453963255249827 -0.0597956175847282 -0.135813207234804 -0.386146107634465 0.91238476329861 0.367238911756689 0.0730322137304473 0.250944459092214 0.380734330052605 -0.317178778279988 0.591932934374395
46.4129067201625 92.9982644120194 -89.7110277466655 -0.86697191012074 -0.496773897996651 0.0396913256387834 0.477497502016253 -0.850845927359776 -0.219219851892509 -0.0650876850731636 0.359895595756954 -0.239026971432961 -0.0720361519148079 -0.352157430731275 0.28709160212027
46.4354282904505 92.6140952882489 -89.4081901315086 -0.519011280813426 -0.307837171267375 -0.79741053816386 0.541191352950323 -0.840439906000734 -0.027797192180954 -0.482283166046016 0.279627562502804 -0.186323641203943 0.443203414431563 0.20752993485956 -0.00449163829080663
46.6117824062291 92.1787759142817 -89.5189971779144 -0.695011527356097 -0.0819272751018333 -0.714315685419776 0.298944428389939 -0.936469504629044 -0.183458702803581 -0.267143561328335 -0.0178665226399188 -0.786628811833397 0.623625926081014 -0.820365323080198 -0.560867747948824
47.0896209333147 92.1145011895468 -89.9881054473423 -0.761909201597555 0.475344486174993 -0.439934072314988 0.0577384350837429 -0.626689319867495 -0.777127254365883 0.118012431775698 0.019394132448938 0.235574748000999 -0.130484040924383 0.287561484517255 0.539845691745832
46.8783298483295 91.7138243852843 -90.2180280358531 -0.20157016474181 0.767388766592985 -0.608673927150451 -0.149269606729466 -0.638237865729259 -0.75522911176414 -0.314359972379417 -0.616753807450072 0.37690315651148 -0.0596785766324859 -0.611392104761597 -0.132817626956652
46.6452883488667 91.4714026200705 -90.6493002122682 0.527308279468591 0.726329122553956 -0.440899063430307 -0.113039358372727 -0.454322688232852 -0.883636236477191 -0.127347195046114 -0.0716933927713302 0.186667480698298 0.00388411167114337 -0.278390376050405 0.00768796235791635
46.437778722253 91.4893253072338 -91.0810222879679 0.962992745754596 0.150290164012793 -0.22373609057268 -0.129716129362887 -0.469216870965649 -0.873504009026096 0.0129333450681922 -0.0229064280792202 0.573372925933378 0.174633224621195 0.320564830302654 0.0461954321950799
46.5003685857522 91.4433322292856 -91.5660568957931 0.791222218134429 -0.423056322799872 0.441577568802869 0.084569734200112 -0.639452925685606 -0.764164848635224 0.0594833709199649 -0.188501447000807 -0.0733234382430163 0.562923250085814 -0.0241854869429686 0.305879039328165
46.0910968040381 90.159589414099 -91.6062589430249 -0.648671677108393 -0.758925525314125 -0.0570710289353418 0.497377937637267 -0.365971439476557 -0.786562198836838 0.229090280939849 0.246953942554225 -0.251214187847476 -0.541800205597195 0.260698730012895 -0.0475652406693616
46.3136420673391 89.8433752492286 -91.8441482011425 -0.927713553008959 -0.317039001087366 -0.197063023808824 0.364571995798248 -0.656061302381193 -0.660810734929346 0.134485915650606 0.109026486670893 -0.337001280693202 -0.624153305000775 0.188855227433499 -0.196528751695578
46.3039585616441 89.3286196166877 -92.0022871848239 -0.657169050936916 0.430333347519014 -0.618823115682938 0.200765248636827 -0.691404270328122 -0.694012571868645 0.0524305914477839 -0.916094153347435 -0.565023295121031 -0.0111295839795687 -0.296991187211707 -0.495444052618124
46.0919971710052 89.032616584858 -92.2816907304896 0.262918140376048 0.721371821405433 -0.640700200361447 0.106736126421293 -0.681734105856025 -0.723772069251817 -0.272602851075123 0.162099272112737 0.391093638549543 -0.0988048910048163 0.196931045486604 -0.179731884109914
45.7083426516084 88.4538733033692 -91.028625968672 -0.992215574696786 0.092352816296609 0.0835416701484794 -0.11542953496872 -0.430276407975859 -0.895286677660475 0.276334988217971 0.00690131496458289 0.433986085362959 -0.431192468729838 -0.439306241938748 0.0355793270427477
42.57954430063 134.416600984149 -68.6958024381771 -0.692615147595018 0.679859817266532 0.240987315409711 -0.401798621567873 -0.0861831685546848 -0.91166349557497 -0.092392806689881 0.101420467491983 -0.00120564923520488 -0.545478753478904 -0.0254206877183598 -0.11546282810014
42.1185360228961 134.302754574139 -68.9640817588387 0.105204289559841 0.994348261318088 -0.0142685903910698 -0.427685962949543 0.032287338281374 -0.90335056588406 -0.342908361089848 -0.321584870637371 -0.293538159538639 0.197414391021807 -0.15170566771169 -0.312037022716911
42.9805939354304 132.942110326626 -69.1439100131877 0.695498312822978 -0.668354801971175 0.263787709232115 -0.559293562174433 -0.273092098712951 0.782694970553995 0.00719397517428761 -0.656684779248636 -0.267947155533504 -0.0395062615905771 -0.105029371624955 -0.0336691249423181
42.7648398874574 132.638127298502 -68.7985317218025 0.89360010709903 0.0903523821036548 0.439676353287705 -0.394092161584873 -0.310979622913133 0.864860128754914 -0.60649307776406 -0.391328178460405 -0.246222043950042 0.586304816389793 -0.518680418409236 0.355418444617158
42.6713827453644 132.276558456008 -68.3598001667321 0.667289854295385 0.641381858244904 0.378620604654595 -0.173554932834848 -0.360455792212019 0.916488028917702 0.0142993466593741 -0.0638179886570119 -0.12877838001958 -0.543884536727906 0.254397133533279 0.679292157621202
42.7352587611749 131.967824058151 -67.9461680831087 0.179142569720878 0.961151003989426 0.209992112338074 -0.198904437714504 -0.173653716418594 0.964510970094 -0.254797716967762 0.539735573927874 0.170388900024414 -0.0594110434037941 0.0389883206100346 0.0232732651865702
43.0212951940096 132.027652282965 -67.4994655715744 -0.621636106979749 0.777475565199869 0.0953954716759211 -0.0815413924959456 -0.185354021428038 0.979282843743566 -0.101260561502231 -0.0858044363391938 -0.155072679896159 0.187171252860043 0.351007479667572 0.62585107041586
43.1558182339743 132.16874965946 -67.0435684650529 -0.932280071417341 0.361468763705176 0.013935612789868 -0.0452947158221532 -0.154869157672506 0.986896110399042 0.185054574151881 -0.0340941893997643 0.332733123254338 0.671343074258485 -0.0724402149163709 0.0931534601872279
43.1419105706741 130.724500849798 -66.98009060777 0.285803306716926 -0.610673935078683 -0.73850782994128 0.305536885100585 -0.672363120092567 0.674221808148134 -0.170939819036502 0.117441167055883 0.885492657380126 0.0287473064968414 -0.0258215620626787 -0.151227936333281
42.9300608820345 130.333178325793 -66.7983129214197 0.843164429621046 -0.239683146882387 -0.481275112303181 0.227035450864391 -0.652693331691181 0.722804481735233 0.540312694134022 0.494454071845086 0.234817649338193 -0.0987228071580291 0.30544981166163 -0.037662127901369
42.9755496028134 129.952169428305 -66.7018656888996 0.793138062296693 0.433542950041426 0.427752877963124 -0.0720034803816412 -0.630663553471775 0.772708859231936 -0.47371457918559 -0.0437668860894563 0.502736429233724 -0.23576674142663 -0.232626603101448 -0.539737088023771
43.259805921159 129.584034723593 -66.4858231685265 -0.100745096449507 0.64871740114659 0.754331597502723 -0.160294813865675 -0.758867363878316 0.631209867388415 -0.10061211132539 0.112777214995468 -0.0892859315764502 -0.131107745098643 0.501082584815972 0.374081307741594
43.4643308251887 129.362078249607 -66.0488905745582 -0.90643440150898 0.391815859638104 0.157661053838671 -0.274291981121176 -0.829984743208134 0.485684295746148 -0.0537293185705059 -0.114806861059732 -0.562822241370515 0.43975848051786 0.662233288267141 0.435696078842503
43.3280054614256 129.189202459318 -65.5438966804613 -0.780047797398644 -0.107563552406047 -0.616405317926021 -0.0912840582977941 -0.95501200554605 0.282168903254488 0.311000690999005 -0.0973597111728507 -0.112749984505375 0.00697141182489805 -0.793701695514071 0.0851354522714305
43.0569104110164 128.87451039176 -65.2787445381389 -0.213531365524644 -0.237639193053979 -0.947592723622239 -0.194812537132776 -0.940125091496631 0.279665671318507 -0.353573558676342 0.579892473263942 0.156126244456028 -0.556217543014515 0.27649473807503 -0.285628442322887
43.920888681202 128.237852812286 -64.6769237029733 0.694840709036776 0.290510456655075 0.657875416503474 -0.571212832407274 0.778723587160901 0.259432987287536 0.0503633978332997 0.273438960857812 0.238696520113278 -0.259157358897209 0.266642615153962 0.0530849993925323
43.4156388712779 127.928658437983 -64.7555346879153 -0.19720073642589 -0.176743401621419 0.964299559025038 0.0274099394038206 -0.984224147025194 -0.174789941455412 -0.412820595163867 -0.312415158047887 -0.270680776399105 0.100410218548959 0.632451113246234 0.293028274457496
42.2126355226524 127.20175231481 -65.1310961819358 -0.340904796279341 -0.674629713077277 0.65472029914069 -0.934640371543927 0.318152060117981 -0.158828972554276 0.317274475254081 -0.00528864458322949 0.237309035852987 0.332893845582702 0.670546273071519 -0.13201511103624
41.794584814472 127.004087486276 -65.2017438192085 -0.0626818282852116 0.475753736639392 0.87734221970487 -0.827978669046272 0.466034627844986 -0.311870244258339 -0.108028319553113 -0.454421731510833 0.402693163228932 0.403655023346726 0.511479131394629 0.584978492316862
41.3364491735424 127.062014000133 -65.1798624771034 0.416109132781746 0.850114310089738 0.322736501493461 -0.787095598364525 0.514458930986853 -0.340312396722571 0.2433498957969 0.143031591759055 -0.144298379484492 0.134168346636353 0.720537170789432 -0.0105012025820598
41.0036250055168 127.41157520253 -64.9257052737467 0.418961186155228 0.642896324939662 -0.641214347839497 -0.894155621278107 0.41497823612693 -0.168162981888267 -0.0293007490182812 -0.0567570650928115 0.143384755314949 0.190213809326045 -0.317293088964958 -0.190004742303322
39.7209486364416 126.871854511983 -65.5297105861547 -0.215585698228504 0.499360063522592 -0.839143809890729 0.205258162249717 -0.816977936718103 -0.538902716401744 0.262747493367293 0.189489525744397 0.567670740298014 -0.130764141685817 0.270622165537499 -0.310328115422098
39.6081483968061 126.581887824016 -65.8907654219938 0.558036404732909 0.689178705293833 -0.462199181265359 0.308866188947854 -0.689473662906576 -0.655154749264136 -0.207642231730667 -0.146209847031725 0.478029732036342 -0.16149897852662 -0.228501057131432 0.384496611694546
38.9185033134301 126.221427925714 -65.8000879707426 -0.992617262705676 -0.0925344550692017 0.0784113793007187 0.114014960981099 -0.491365706221274 0.863458355349289 0.193263599990622 -0.357283012201928 -0.136296707564171 -0.188275393270463 0.142285943795259 -0.105155367011292
39.0172763106376 126.132861933702 -65.3265310685826 -0.571122402684293 0.771510835344199 -0.280339494361498 -0.579102402161047 -0.136645449819292 0.803721611538852 0.121810239759575 -0.0157478918060858 -0.257704629383416 0.0234886217238846 0.315971813227113 0.0546605631801677
38.8851769313973 126.298559441731 -64.880105125224 -0.811865697177424 0.207899342042509 -0.545574883333879 -0.575479166592055 -0.127337846778434 0.807842064760428 0.181382923425636 -0.43465679041977 0.356520682368016 0.369474727384235 -0.261369682877696 -0.59550160742103
