        0.1434 26   0.002227   0.002227   0.310090    0.011449   0.000000  -1.051915   0.000000  -0.455232  -0.172689   0.000000   0.061308
        0.1836 26   0.005847   0.005847   0.297733    0.046490   0.000000  -1.122982   0.000000  -0.317366  -0.104862   0.000000   0.057629
        0.1771 26   0.012922   0.012922   0.319169    0.049985   0.000000  -1.108626   0.000000  -0.339509  -0.122585   0.000000   0.056346
        0.2685 25   0.018019   0.018019   0.294818    0.051617   0.000000  -1.108797   0.000000  -0.310148  -0.102673   0.000000   0.057593
        0.1949 25   0.033434   0.033434   0.321295    0.035394   0.000000  -1.115325   0.000000  -0.310818  -0.109746   0.000000   0.058559
        0.2458 25   0.044222   0.044222   0.334362    0.052381   0.000000  -1.127144   0.000000  -0.292282  -0.109135   0.000000   0.058032
        0.2753 25   0.058266   0.058266   0.331114    0.044992   0.000000  -1.100636   0.000000  -0.314457  -0.107480   0.000000   0.058249
        0.2518 26   0.079225   0.079225   0.336215    0.040053   0.000000  -1.066728   0.000000  -0.315522  -0.113258   0.000000   0.058239
        0.2287 26   0.103361   0.103361   0.329912    0.042911   0.000000  -1.070744   0.000000  -0.307004  -0.106768   0.000000   0.057108
        0.2637 25   0.123659   0.123659   0.313364    0.045747   0.000000  -1.077579   0.000000  -0.293023  -0.099718   0.000000   0.059431
        0.3462 24   0.139678   0.139678   0.349745    0.047191   0.000000  -1.094528   0.000000  -0.284583  -0.100046   0.000000   0.056582
        0.2420 25   0.182783   0.182783   0.354034    0.048293   0.000000  -1.088146   0.003828  -0.288872  -0.100480   0.000000   0.059329
        0.2510 24   0.213532   0.213532   0.295215    0.039416   0.000000  -1.064533   0.000000  -0.278031  -0.108184   0.000000   0.054105
        0.3504 25   0.231665   0.231665   0.361546    0.047449   0.000000  -1.057767   0.000000  -0.292570  -0.102592   0.000000   0.055826
        0.2870 25   0.278965   0.278965   0.366786    0.072548   0.000000  -1.098657   0.000000  -0.300777  -0.098007   0.000000   0.058440
        0.2790 24   0.319932   0.319932   0.365992    0.046646   0.000000  -1.058084   0.000000  -0.292157  -0.105631   0.000000   0.058123
        0.2944 25   0.358940   0.358940   0.357432    0.053762   0.000000  -1.112962   0.000000  -0.304685  -0.104963   0.000000   0.059116
        0.4277 25   0.375245   0.375245   0.314974    0.051190   0.000000  -1.048075   0.000000  -0.298413  -0.096483   0.000000   0.057920
        0.5056 24   0.403789   0.403789   0.320374    0.041193   0.000000  -0.973418   0.000000  -0.286082  -0.079860   0.000000   0.053479
        0.3750 22   0.481257   0.481257   0.325433    0.069634   0.000000  -1.060159   0.000000  -0.248877  -0.083560   0.000000   0.058058
        0.5405 24   0.492392   0.492392   0.365345    0.065489   0.000000  -1.022037   0.000000  -0.294530  -0.092873   0.000000   0.054913
        0.3775 25   0.585980   0.585980   0.337994    0.045747   0.000000  -1.083157   0.000000  -0.306088  -0.098812   0.000000   0.056769
        0.5053 23   0.608214   0.608214   0.338609    0.038813   0.000000  -1.043716   0.000000  -0.302600  -0.093732   0.000000   0.056175
        0.5497 23   0.653572   0.653572   0.305380    0.042568   0.000000  -1.016114   0.000000  -0.302391  -0.100403   0.000000   0.057234
        4.5661 14   0.026371   0.026371   0.438239    0.079090   0.000000  -0.689786   0.000000  -0.163450  -0.055745   0.000000   0.045363
        4.9530 13   0.017627   0.017627   0.343598    0.080547   0.000000  -0.619103   0.000000  -0.141071  -0.049486   0.000000   0.045261
        4.9996 12   0.025905   0.025905   0.394685    0.085303   0.000000  -0.679938   0.000000  -0.149667  -0.044468   0.000000   0.040582
        5.6934 10   0.006274   0.006274   0.341420    0.039592   0.000000  -0.614015   0.000000  -0.118144  -0.031847   0.000000   0.039256
        5.6067 13   0.016911   0.016911   0.381621    0.041426   0.000000  -0.587893   0.000000  -0.154253  -0.057450   0.000000   0.037525
        6.2855 12   0.002586   0.002586   0.383958    0.064898   0.000000  -0.580987   0.000000  -0.159243  -0.051490   0.000000   0.035634
        6.3911 10   0.004761   0.004761   0.351091    0.061372   0.000000  -0.611623   0.000000  -0.136791  -0.048682   0.000000   0.037070
        6.3927 11   0.010989   0.010989   0.346788    0.067076   0.000000  -0.579452   0.000000  -0.130818  -0.049805   0.000000   0.036113
        6.6797 10   0.008500   0.008500   0.319837    0.067160   0.000000  -0.627197   0.000000  -0.129334  -0.041781   0.000000   0.033855
        6.7281 11   0.014416   0.014416   0.310735    0.076944   0.000000  -0.620629   0.000000  -0.131339  -0.042296   0.000000   0.034754
        7.4753 9   0.000856   0.000856   0.388099    0.045544   0.000000  -0.602897   0.000000  -0.123726  -0.043118   0.000000   0.034467
        7.4109 8   0.005820   0.005820   0.333021    0.032734   0.000054  -0.601516   0.000000  -0.095568  -0.034618  -0.005360   0.033136
        7.8482 9   0.001453   0.001453   0.335648    0.058033   0.000000  -0.646089   0.000000  -0.112119  -0.035386   0.000000   0.031877
        8.0215 9   0.002006   0.002006   0.306214    0.048987   0.000869  -0.621593   0.000000  -0.102802  -0.034409   0.000000   0.031873
        8.1845 9   0.002829   0.002829   0.326167    0.051640   0.000000  -0.610513   0.000000  -0.124364  -0.039875   0.000000   0.033541
        8.3884 9   0.002987   0.002987   0.376408    0.064457   0.000000  -0.670666   0.000000  -0.117839  -0.036541   0.000000   0.031413
        8.4640 9   0.006070   0.006070   0.419811    0.050644   0.000000  -0.637514   0.000000  -0.113006  -0.040767   0.000000   0.031093
        8.5600 8   0.009546   0.009546   0.332048    0.047692   0.000000  -0.606164   0.000000  -0.081395  -0.027060   0.000000   0.031925
        8.8104 7   0.008332   0.008332   0.339021    0.049572   0.000000  -0.612743   0.000000  -0.090243  -0.035133  -0.012709   0.034759
        9.1776 8   0.004226   0.004226   0.334029    0.057769   0.000000  -0.573023   0.001037  -0.106404  -0.034114   0.000000   0.030664
        9.5649 7   0.001248   0.001248   0.342380    0.080466   0.000000  -0.646561   0.003044  -0.084602  -0.029600   0.000000   0.031257
        9.4689 6   0.007696   0.007696   0.316842    0.047206   0.000000  -0.623105   0.000000  -0.074738  -0.029569   0.000000   0.031352
       10.0188 7   0.000926   0.000926   0.376667    0.052585   0.000848  -0.656137   0.000000  -0.087737  -0.031403   0.000000   0.028746
       10.2282 6   0.000959   0.000959   0.335997    0.085572   0.000000  -0.644358   0.000000  -0.085533  -0.032152   0.000000   0.029048
       10.3267 6   0.002534   0.002534   0.332929    0.046000   0.000953  -0.607503   0.000000  -0.085893  -0.030148   0.000000   0.026978
       10.2673 7   0.009318   0.009318   0.343996    0.045542   0.004431  -0.628761   0.000000  -0.083997  -0.028902   0.000000   0.028443
       10.3629 7   0.013545   0.013545   0.307887    0.061021   0.000000  -0.626331   0.000000  -0.072152  -0.026223   0.000000   0.028093
       10.5334 7   0.015259   0.015259   0.351190    0.051993   0.000000  -0.606467   0.000000  -0.079579  -0.027962   0.000000   0.029759
       10.8947 7   0.009655   0.009655   0.326235    0.065340   0.000000  -0.600407   0.000000  -0.084147  -0.024341   0.000000   0.028418
       10.7003 7   0.028011   0.028011   0.291990    0.061447   0.000324  -0.604824   0.000000  -0.093808  -0.035425   0.000000   0.026660
       10.9563 7   0.025599   0.025599   0.284347    0.048854   0.000000  -0.567715   0.000000  -0.094169  -0.025509   0.000000   0.026186
       11.2520 7   0.021279   0.021279   0.307682    0.075707   0.000000  -0.549723   0.000000  -0.094916  -0.029281   0.000000   0.024899
       11.9102 6   0.004923   0.004923   0.294068    0.061828   0.000000  -0.536516   0.000000  -0.075536  -0.021868   0.000000   0.023953
       12.0970 5   0.005557   0.005557   0.322112    0.056363   0.000000  -0.577251   0.000000  -0.063836  -0.027903   0.000000   0.026174
       12.0417 6   0.014408   0.014408   0.385839    0.048287   0.000738  -0.593948   0.000000  -0.075556  -0.024810   0.000000   0.025897
       12.6162 5   0.003430   0.003430   0.328050    0.075512   0.005588  -0.575967   0.000000  -0.062832  -0.019214   0.000000   0.023695
       12.8837 4   0.002424   0.002424   0.338773    0.071799   0.000000  -0.584132   0.000000  -0.048590  -0.025429   0.000000   0.023213
       13.2674 5   0.000406   0.000406   0.342214    0.060751   0.000000  -0.555465   0.000000  -0.064563  -0.021450   0.000000   0.022734
       12.9532 4   0.012017   0.012017   0.315187    0.063635   0.000263  -0.585395   0.000000  -0.050198  -0.016976   0.000000   0.024034
       13.2469 4   0.009182   0.009182   0.351100    0.050453   0.000000  -0.570488   0.000000  -0.040218  -0.015925   0.000000   0.023921
       13.4840 4   0.008403   0.008403   0.360700    0.062343   0.000000  -0.548713   0.000000  -0.043551  -0.019006   0.000000   0.022488
       14.0922 3   0.000598   0.000598   0.306590    0.072187   0.000000  -0.561946   0.000000  -0.030802  -0.014049   0.000000   0.022448
       13.8352 3   0.010860   0.010860   0.291982    0.057143   0.000000  -0.540020   0.000000  -0.025038  -0.006075   0.000000   0.022869
       14.3661 4   0.002513   0.002513   0.345021    0.069901   0.000000  -0.611110   0.000000  -0.044301  -0.016374   0.000000   0.020217
       14.7555 2   0.000404   0.000404   0.320320    0.044184   0.000000  -0.568350   0.000000  -0.024122  -0.007103   0.000000   0.022662
       14.6289 3   0.006038   0.006038   0.369911    0.075731   0.000000  -0.598940   0.000000  -0.027052  -0.011962   0.000000   0.020950
       14.6716 3   0.011351   0.011351   0.348462    0.056238   0.000000  -0.562558   0.000000  -0.035505  -0.012193   0.000000   0.021427
       15.4352 0   0.000168   0.000168   0.326022    0.054689   0.000000  -0.603031   0.006353   0.000000   0.000000   0.000000   0.029930
       15.9401 0   0.001348   0.001348   0.378862    0.049568   0.000000  -0.677825   0.000000   0.000000   0.000000   0.000000   0.028797
       15.8236 0   0.000367   0.000367   0.303718    0.049102   0.000000  -0.628058   0.002521   0.000000   0.000000   0.000000   0.027331
       16.3331 0   0.000977   0.000977   0.350974    0.039070   0.000000  -0.616629   0.000000   0.000000   0.000000   0.000000   0.031057
       16.4606 0   0.000283   0.000283   0.291991    0.035870   0.000000  -0.598873   0.000000   0.000000   0.000000   0.000000   0.028347
       16.5529 0   0.000013   0.000013   0.309947    0.044837   0.000000  -0.633780   0.000000  -0.000000   0.000000   0.000000   0.032143
       16.6367 0   0.000649   0.000649   0.370958    0.052089   0.000000  -0.675101   0.003652   0.000000   0.000000   0.000000   0.030221
       17.2156 0   0.001351   0.001351   0.373217    0.050548   0.000000  -0.694935   0.000000   0.000000   0.000000   0.000000   0.030154
       17.0860 0   0.000456   0.000456   0.356725    0.052613   0.000000  -0.669527   0.000000   0.000000   0.000000   0.000000   0.028744
       17.3854 0   0.000043   0.000043   0.358049    0.044035   0.000000  -0.616785   0.000000   0.000000   0.000000   0.000000   0.024640
       17.6313 0   0.000001   0.000001   0.361208    0.037935   0.000000  -0.638544   0.000000   0.000000   0.000000   0.000000   0.028031
       17.5373 0   0.002808   0.002808   0.402125    0.037010   0.000000  -0.674986   0.000000   0.000000  -0.000000   0.000000   0.027884
       18.0293 0   0.000031   0.000031   0.352472    0.047847   0.000000  -0.676887   0.000000   0.000000   0.000000   0.000000   0.032017
       18.6222 0   0.003489   0.003489   0.352623    0.043920   0.000000  -0.666493   0.000000   0.000000   0.000000   0.000000   0.031264
       18.5259 0   0.000044   0.000044   0.329595    0.037802   0.000000  -0.626652   0.000000   0.000000   0.000000   0.000000   0.028644
       18.7137 0   0.000006   0.000006   0.349479    0.055609   0.000000  -0.679098   0.000000   0.000000  -0.002291   0.000000   0.031198
       19.0384 0   0.000461   0.000461   0.362252    0.070344   0.000000  -0.705119   0.000061   0.000000   0.000000   0.000000   0.032423
       18.8502 0   0.002171   0.002171   0.387859    0.047747   0.000000  -0.677243   0.000000   0.000000   0.000000  -0.000989   0.029637
       19.3464 0   0.000003   0.000003   0.341751    0.056026   0.000000  -0.645245   0.000000   0.000000   0.000000   0.000000   0.028963
       19.5905 0   0.000048   0.000048   0.350445    0.045236   0.000000  -0.628174   0.000000   0.000000  -0.000000   0.000000   0.036768
       19.4628 0   0.002585   0.002585   0.351997    0.043127   0.000000  -0.629703   0.000000   0.000000   0.000000   0.000000   0.031882
       20.0557 0   0.000189   0.000189   0.371024    0.059630   0.000000  -0.669963   0.000000   0.000000   0.000000   0.000000   0.031942
       20.3413 0   0.000685   0.000685   0.341407    0.051714   0.000000  -0.676610   0.000000   0.000000   0.000000   0.000000   0.029444
       20.2364 0   0.000770   0.000770   0.339798    0.045668   0.000000  -0.701507   0.000000   0.000000   0.000000   0.000000   0.026526
       20.7961 0   0.000974   0.000974   0.354459    0.038061   0.000000  -0.675805   0.000000   0.000000   0.000000   0.000000   0.028575
       20.8972 0   0.000151   0.000151   0.316601    0.047985   0.000000  -0.601939   0.000000   0.000000   0.000000   0.000000   0.029896
       21.1465 0   0.000343   0.000343   0.389985    0.030935   0.004660  -0.602511   0.000000   0.000000   0.000000   0.000000   0.035316
       21.1380 0   0.000362   0.000362   0.392045    0.057361   0.000000  -0.629281   0.000000   0.000000   0.000000   0.000000   0.030472
       21.6419 0   0.000929   0.000929   0.333205    0.043416   0.000000  -0.613341   0.000000   0.000000   0.000000   0.000000   0.032827
       21.7674 0   0.000246   0.000246   0.345001    0.059163   0.000000  -0.600638   0.000000   0.000000   0.000000  -0.001377   0.026714
