t = 1000000
b = 105 105 105
E = -0.171136540168349 -0.516138000224281 0.345001460055932
9.3972954432325 -17.6202631670694 -20.9083259089205 0.585357412585961 -0.279419505252881 -0.761105406375997 -0.284549897065295 0.808224631381304 -0.515562121677535 -0.236055705789947 0.0449827210221342 -0.0519215902131871 0.146228123315232 -0.230199338353376 -0.00574720733102277
8.6010095037616 -18.7129674501955 -21.2887877080024 -0.438623941555922 -0.823631797389839 -0.359499235357076 -0.84717320723746 0.512435451866535 -0.140383277527681 -0.306596069491021 -0.514589703635884 -0.0218249125520334 -0.0768698166454834 0.231369883863992 0.171019545999333
8.30839251835084 -18.520581670773 -21.6420427526833 -0.534660574972511 -0.588554583725142 0.606416994770215 -0.78878110712621 0.605077733340246 -0.108191042404882 -0.305655811349137 0.0533679494728572 -0.295959560730744 0.263780606805065 0.616113281632967 0.200870475746703
7.84471382919239 -18.4817835387441 -21.8804202956732 -0.177173337591406 -0.00147764621216959 0.984178553418261 -0.819492460345579 0.553997134126072 -0.146694522109092 -0.372556450538675 -0.012575931644455 0.306399186633749 -0.357179846645768 -0.0554393997059914 0.140443143190027
7.61752969250113 -17.8355793142558 -21.932778911538 -0.0641901579518472 0.745053643804166 0.66390864693584 -0.173829919292236 -0.663457826307347 0.72774093733301 0.0309165623325373 -0.838613004488615 -0.207406426868048 0.0589472684105961 0.374177512631292 -0.288645564094491
6.90294591794942 -17.7285149818814 -22.6354132279938 0.942303279687991 0.134409450349959 -0.306591958058131 -0.330883619539389 0.234983005252156 -0.913946944610647 -0.0467834682218795 -0.342696911649053 -0.217829702182945 0.5303143862553 0.516465617800516 -0.215366288790606
5.7144295169137 -17.4233291164403 -23.0865903180963 -0.596565540652561 0.764357554761405 0.244677510582558 0.774376952848413 0.628298975100121 -0.0747043023208967 0.289319187204121 0.00206388042929309 0.0453665706367847 0.284354637152629 0.566731482463115 -0.750913212953834
5.42591812671106 -17.7970589098153 -23.8523202792601 -0.762856954227238 0.1837840320324 -0.619897327754336 -0.197611500351141 0.846602140130043 0.494180646379456 0.226405214928234 0.461312152130966 0.516243010919835 0.0252853777544786 -0.083710598744725 -0.980211577291277
5.41523977878425 -17.2024469438761 -23.8763633050359 -0.941629999608155 -0.282724015073346 -0.182756874394748 -0.333276982358127 0.859524772746977 0.387483700385372 -0.555106081156546 0.307407818379409 0.21412693987938 0.14581713535207 -0.836110323539693 -0.377660087724923
5.08194039714334 -16.9157371877241 -24.0743223160182 -0.644542804018657 -0.211177302952541 0.734825639526552 -0.154562535817644 0.97724431221007 0.145272078441593 -0.23269366314061 0.519876341495025 0.510406648081111 0.221347814427019 -0.205338542341849 0.239438438646386
5.12912936907333 -16.1256947119614 -24.0255258928508 -0.731475275957044 -0.672989719303092 0.109675696378135 -0.263782215087173 0.427611225924061 0.864619906356264 -0.234215210294983 -0.165726810134706 0.271426188792925 0.10030740864235 0.267045555264007 -0.931037281513262
4.79815747988067 -15.9341066769501 -23.6673347283774 -0.316416913979762 -0.948229787991521 0.0272140719664214 -0.387854940464457 0.155498274715153 0.908509125830803 -0.0191290683902837 0.138852489631465 -0.188906738867542 0.0424963920556086 -0.148923757163203 0.135488867261047
4.44477574698465 -15.8044368352088 -23.3879377819042 0.484409997044661 -0.822301938259274 0.298607563699253 -0.350053033456804 0.130624157910727 0.927577599523473 0.528706585550614 -0.368090555326161 -0.0833052098629528 0.66664754694374 0.0708736767734276 0.466469814118747
4.19015598471952 -15.9656831667938 -22.9755898181668 0.961213175557401 0.0087537296154291 0.275667559485438 -0.269653453775876 0.239771044829721 0.932629004978982 -0.397080214394318 -0.332590124201841 -0.316437576282966 -0.0475080630390382 -0.37530563831869 -0.112219927484255
2.87893881059982 -14.9246676965995 -22.6393124476182 -0.201043352014629 0.370416975766221 0.906847746137634 0.135811568272389 0.927348846725147 -0.348682282889325 0.572936044377375 0.544815044911962 0.457148932071373 0.324687236089676 -0.560766228162168 -0.223542059366835
2.33034170978898 -15.7697526794541 -23.0534908791995 -0.198230789085134 -0.702822090119976 -0.683187868670178 0.285976081073721 -0.708164560596801 0.645539027610755 0.266031503824088 0.40731881850392 0.10934117963398 -0.285068248041481 -0.235189296833698 -0.0910925894618895
1.92851152648429 -15.748142484005 -23.3828277194645 -0.228811059840964 -0.888898324307112 0.396869333582854 0.153749018831451 0.369569357437353 0.916394963567408 0.158740024535031 -0.00901665843611805 -0.273396069481872 0.196295348617792 0.782747173617351 -0.322000399356163
2.0832507088298 -15.9961797973113 -24.249659464893 -0.465041640054657 -0.864137261622195 0.192361810377083 -0.123588466144366 0.278529148983232 0.952442861384768 -0.686042307678262 -0.482664762443306 -0.373262404211015 0.0613686775828379 -0.341487081854447 0.152056087389103
1.68881022359219 -15.9366191232941 -23.9249442404052 0.548516370248391 -0.760176400364504 0.348226408961836 -0.183776921236026 0.296678376601173 0.937127517511985 -0.139399961029902 0.109082385768954 0.141722428553839 0.127265287817493 0.126735994393599 0.0512729672415426
1.46870387105991 -14.9252962719873 -24.8149216656174 0.172296291669784 -0.406484124039035 -0.897265091698738 -0.368393531453991 -0.871378023149253 0.324016275448404 0.54945331550585 -0.432951609549007 0.0214915838874311 -0.84988053746268 -0.429384666240085 0.415293008734487
1.14939850347607 -14.6852432889325 -24.0539875346561 0.354665515352059 -0.651917234580373 0.670235996852746 0.92711258028024 0.152329594643548 -0.342429493592349 0.0257938741267073 0.14353710524011 -0.149257023085685 0.162343244850868 0.413587553508459 -0.0738032965317078
0.257286456722099 -14.9253403271313 -24.4223021448708 0.161132467670994 0.965563014744923 0.204265494930003 -0.19984949184519 0.234604365128716 -0.951325902344665 0.270521319307789 -0.203178837188663 -0.322346715879474 0.523617398184912 0.0516942280422737 -0.322845576024503
0.101296323920408 -15.7825452513764 -24.345022081656 0.944668191837814 -0.326826375964021 0.0280450941172338 -0.0653512724360348 -0.103730126588921 0.992456181414892 0.385271826889607 0.153840953743614 0.309089630140404 -0.0426203569068376 -0.165889414166004 -0.0638521585042418
-0.718740442622023 -16.1816689197642 -23.7168931950535 -0.796115391145742 -0.514351274445544 0.318815072506298 0.520031071847698 -0.850915926275628 -0.0742278298447161 0.347486865187459 -0.014148414169729 -0.430257396559153 0.00291579589687296 -0.0637002937075129 0.432814085221751
-0.403659672281605 -16.5891970590566 -23.3625016106985 -0.753270677796088 -0.388278661548291 -0.530870009473866 0.527500893851959 -0.838755897364492 -0.135023522475024 0.0899503932473681 -0.240353764590924 0.290382191396952 0.508539401642907 0.517563354561596 -0.144383853977548
0.534877490033583 -15.935457958981 -23.4557558989047 -0.819285146189123 0.362493855676443 -0.444263495946571 -0.327000205668707 0.341070829363301 0.881329424704577 -0.302920523502576 0.0687167254395037 -0.360194316077628 -0.0302254381067398 0.00844899298801983 -0.0934807671930252
-16.8783389203438 -17.7716265507941 -11.5670547531371 0.920175059545347 0.39133955210082 0.0114549007948784 0.208775044648044 -0.51523356906599 0.8312324284096 -0.61940032399689 -0.194381030639743 0.744223311970338 0.076714079453368 -0.0885786717335977 -0.0696202302814125
-16.8356953358367 -17.6824471867243 -11.789280060111 0.223941723088694 -0.974191891422428 0.0282889262227273 0.744853544595956 0.152359415816099 -0.649599727151274 -0.866401419286825 0.650778949729228 -0.430352950798276 -0.537990788233173 -0.319144909272791 0.126296797837246
-16.3777917459922 -17.4865110515474 -11.957279300254 -0.33042238912057 -0.917138075477976 -0.222887404929893 0.63136513237026 -0.039244529363913 -0.774492050664106 -0.0353229394198278 0.220610502197727 -0.0597385423529018 0.564267582429412 -0.2803607095045 -0.081188797213223
-15.9435595774353 -17.6966152076377 -12.1416117771049 -0.82561679201317 -0.437271478334032 -0.356581781617415 0.429972723428756 -0.0783747779773829 -0.899433628059637 0.665647539585767 0.147903872358921 0.266299688937006 -0.265078175425939 -0.382730351983104 -0.232015118117591
-15.773663079695 -18.1147030429118 -12.5162585322731 -0.772228315470803 0.209463333280381 -0.599823758112664 0.563940743669075 -0.20885970753298 -0.798967120850026 0.107285779790725 0.483711518005806 -0.227887020957084 0.649604084043792 0.149425276681741 0.0961578496451278
-15.7495793296683 -18.4374156208452 -12.9786375223886 -0.224646419782506 0.881970335529175 -0.414321509609867 0.610941333832964 -0.203761955199908 -0.765004413207858 -0.414813144012919 0.621010522257423 0.307500690644673 -0.329281916006317 -0.488240581981948 0.182584241900701
-14.9984381311864 -19.3287268478704 -12.4386980631546 0.0065978216082689 -0.672179173234333 0.740359120846065 0.721110241065511 -0.509736720931864 -0.469221158478642 0.315792686881172 0.146544507371968 -0.0160160657970974 -0.530211913543962 -0.198380240257499 -0.338305130714882
-14.5632189622482 -19.5094080015183 -12.2553163611568 -0.378672148348054 -0.883271364066719 0.276476222277941 0.924596695142198 -0.374435456282098 0.0701358710700507 -0.150970358573762 0.0920863131773943 0.0978773355111426 0.0293731156185862 -0.203596401798565 -0.0336848554904369
-14.2595976822531 -19.7513833849232 -11.9685606083759 -0.146436405640549 -0.685101825416086 -0.713576812904206 0.925965455389697 -0.348740784615488 0.144802764375038 0.498241049291879 -0.263173141537212 -0.00371315923752751 0.358018150692808 0.208246356341853 -0.318741701762697
-14.054851499876 -20.192627499917 -11.9201244437333 0.193245717546171 -0.0515947454565909 -0.979792873464194 0.717801879897706 -0.673364907762564 0.177031528856708 -0.166653838109318 0.455421122090391 -0.463854068577731 0.196026909577872 0.010595392344521 0.102264282483929
-13.9142643446891 -20.6405910949401 -11.9307835090905 0.692058371825849 0.359914169968149 -0.625713193277914 0.541741205530557 -0.831833073178144 0.120707102514198 0.31727673323733 -0.210553694300571 -0.039459959866028 -0.110359037020525 0.02175187217396 0.12461455241738
-13.7038457395299 -20.4313770742884 -10.8244219494625 -0.340639842820103 0.0808843078592856 0.936708186270204 0.443454607538811 0.892331913717429 0.0842126285905455 0.292858680557206 0.244413730283575 -0.0998452509608932 0.127971337863105 -0.496090683799454 0.0208648451128248
-12.9054910918657 -21.5305324599089 -10.582616628178 0.542578474133456 -0.72659066327958 0.421514658632382 0.451052177279599 0.67532984389034 0.583507956520246 -0.292243790728158 -0.589280660409834 -0.240110910557451 -0.146720101509014 -0.569122177777926 -0.133661225582204
-12.7688325923754 -21.4284896855258 -10.1244946889163 0.868020164177094 -0.421517937168394 -0.262418793586238 0.494000751777052 0.679870302779081 0.541977516731711 -0.402490377688488 -0.0910695226706192 0.142696385207773 -1.0763803578915 -0.126767295866413 0.0532856117695645
-12.4150102281083 -21.3557500240794 -9.73098719866696 0.563436773586364 0.136833716000586 -0.814748756572336 0.647072966715176 0.540053575225823 0.538180928343124 0.0149877642715534 -0.0607496981175689 0.212406984687767 0.208276569407205 -0.0607131219439928 -0.652673662631917
-11.988560631743 -21.3995263796685 -9.47966318705268 0.137767945294121 0.63528655072366 -0.759888802206675 0.460417664328848 0.638198276675497 0.617023933103253 0.162722490436963 0.245776992149409 0.0779734012983024 -0.128636398962365 -0.504840709584279 -0.289045830765852
-11.5981156557688 -21.1481355803533 -9.39642324153047 -0.64893389419353 0.738392247674994 -0.183471222648298 0.37234024159591 0.518494713911836 0.769757089044096 0.484007412849163 0.162400510181532 0.00567495892228795 0.122395627854065 0.429360278510122 0.114079943610121
-11.3151797230793 -20.7714682483967 -9.38899377221974 -0.884461316513237 0.0887928943353725 0.458087329564158 0.449718216284489 0.42399593207627 0.786117660102254 -0.261845805466156 0.514924295711301 0.860852218721665 0.203257387228124 -0.177734575836123 0.0697058398071022
-11.2437582811995 -20.3435455525099 -8.98916289609848 -0.576945104122602 -0.675939806103172 0.45851905669683 0.224161340890228 0.4087812148388 0.884674862107643 -0.0716020494361937 -0.454233432063972 0.56123686723691 0.377078682456243 0.209694001066378 0.475001850926655
-11.5570762999877 -20.1122428202285 -8.66547932926029 0.260441274417902 -0.8192812971284 0.510831184203999 0.19146204370091 0.562408484606876 0.80438733348067 -0.0655346606922627 -0.514129847033165 0.0924759477341461 0.371342458783619 0.134753106135197 -0.703557813624118
-10.4993277944327 -19.0833683064173 -8.35195886959748 0.438707026715242 0.870467035271571 0.223211301720888 -0.893390137671225 0.449264958377355 0.00388060379429683 0.321892009830883 0.114728385306197 -0.199089751001624 0.224728654863091 -0.444654355981885 0.27077291673626
-10.7679314082106 -18.87844839092 -8.02859589115855 0.128041345087034 0.769405840607675 -0.62579554679392 -0.947967184465991 0.280396846784828 0.150784035920618 -0.0315084562923953 0.461660318367826 0.382437774047817 -0.125838582963089 0.0495912516347478 -0.115677792589159
-11.1090562897544 -18.4944234728549 -7.88649149693513 -0.0162023092676444 0.23772299808629 -0.971197848718369 -0.82242215950585 0.549245121942072 0.14816068161518 0.0714183518109088 0.346856015283202 -0.0212920550627059 0.167011246305513 -0.678469774436907 -0.0103213284163526
-11.2335776537611 -17.9331243639279 -7.91866877655267 -0.146183148923117 -0.20801668527959 -0.967139879033141 -0.822304127925844 0.569045092083045 0.00189851851082341 0.00481469365145682 0.356192818089732 0.193066697639149 -0.304645798778525 -0.141281650268705 -0.221589807491467
-12.1248167534594 -17.8285289659142 -7.90208269992818 -0.261080508430191 -0.876425869074586 -0.404616687909465 -0.962685948676028 0.205466772273046 0.176122598530962 0.325586277755514 0.11066304011454 -0.385415552062256 0.10725753145173 -0.144051509734479 0.114451798406778
-12.6507890453153 -17.6477899439563 -8.30763417581425 -0.630964581855308 -0.737760473662291 0.239985791132901 -0.732604572618728 0.668392458820528 0.128615944462507 -0.0866839720152068 -0.390929903977633 -0.292353776172446 0.370766519283709 0.00176332664220794 -0.0457349640749629
