t = 7000000
b = 105 105 105
E = -0.398726690694983 -0.70094799674892 0.302221306053937
44.8013423619887 19.6853947795114 -50.2098898837027 0.057999064378999 0.425986411270248 -0.902868587306096 -0.10158591275368 0.902214885508729 0.419152242861929 0.0278909789180912 -0.28619172123555 -0.114607056952581 -0.153812215595973 -0.380609783676545 0.0216229740143315
44.9808334807314 20.0676618341966 -49.9736677538026 -0.169077332617766 0.364092924693155 -0.915887109737436 0.418003479372331 0.86804289388592 0.267907867757819 0.0337276387015469 0.681528491892146 -0.562500769305033 -0.298065560798817 -0.614650760146337 0.124568159967418
45.339349505732 20.5678614200051 -50.1323468540504 -0.582563195612832 0.22734677637336 -0.780341954780144 0.479596446666841 0.871280313683199 -0.104201071649439 -0.257644936278098 0.386191233423115 -0.0961537340608946 0.502327104168034 -0.169180565839913 0.221659768989912
45.5059657367638 20.9486737419948 -50.4600937962999 -0.917090656225776 0.396995740677153 0.0365938539574369 0.369291024966579 0.880490661066877 -0.29725466296254 0.243629506003156 0.621590957200178 0.15778115850045 -0.347021764112437 0.317195113289236 0.577116629961519
45.4941805892229 21.2448171468088 -50.8362012056722 -0.442507756125249 0.436783424803389 0.78320311898398 0.47131695649493 0.856290557458888 -0.211250580419 -0.0785170256030867 -0.812844158497939 -0.449336665053243 0.161252097523021 -0.170220545333071 -0.383588842046581
45.5498005139843 21.7600324172738 -50.8832041652116 0.235224425551269 -0.0977890737379893 0.967009186451557 0.543192365115863 0.838271441441851 -0.047360795419697 -0.42990311039036 -0.0497656819799054 0.415862123563969 -0.132947519405836 -0.169422585468891 -0.10477180333863
45.7070521001361 22.2050853038064 -50.6967099688886 0.660906257885833 -0.586875240357801 0.467739639694892 0.653418281905582 0.756551043182859 0.0259820694052938 -0.176898118068382 -0.108928148879735 0.207410854991907 0.146660714493021 0.167437211299125 0.692519122078254
45.092356371018 22.8122759474346 -50.4547121467905 0.822775723600393 0.198922544119061 0.532418942276434 0.217872293685833 0.754810578873114 -0.618702395069866 0.312560466551287 0.0961455383318026 0.166406055792583 -0.213652173679008 0.245382789745442 0.127688343964374
45.1229840202915 23.3867772606117 -50.4682207662699 0.897483827996389 -0.431887675100704 -0.0894193188360358 0.209509021197592 0.595882468609026 -0.77526128088636 -0.0848708743461211 0.17327066212057 -0.592724596463621 0.348883979144356 -0.464422584480535 0.1147989908446
44.7532818194612 23.6408874021322 -50.0689089098837 -0.91469474226357 0.382607947783561 -0.130171758720584 -0.193058074261249 -0.696624948322731 -0.690971968560896 -0.0946334407158539 0.213518268213893 0.713015831770723 -0.14649943459849 0.222259345211043 0.287014350765741
45.7066120597657 24.1325260794736 -50.725885967885 -0.830705915999529 0.160820022716897 -0.532977111531662 0.268416349094935 0.954440933528576 -0.130365516696523 0.133556778439437 0.526840014352208 -0.21889432807738 0.259832587211555 0.00523308236498143 -0.457895559393485
46.7691593415477 24.0538162484249 -50.6370661268988 0.128531895516915 -0.717676503964357 -0.684412147388104 0.705934486863303 0.550924726104135 -0.445127449641412 0.408639221017078 -0.262312849049229 0.171943753912211 0.120601727201411 0.322575675161241 -0.0583499840962008
47.2395487790065 24.0112569195268 -50.6701376745632 -0.378349635140956 0.0522704312045578 -0.92418577981414 0.737485516623259 0.620417908219744 -0.266827157409739 0.00916181395265782 0.340511143030168 -0.255841655778186 -0.371574703328034 0.376257551933922 0.0614973655641782
47.6570316194256 24.1495738386132 -50.9318768830215 -0.739660422561866 0.54081574186409 -0.400525645430966 0.646310583232653 0.736729305178619 -0.198777666986251 -0.30363289134803 0.0781627805523483 0.0511234532147365 -0.290257215561644 -0.324638426642187 -0.469387432164092
47.8687727906182 24.5919915747689 -51.216782902169 -0.827858307514863 0.436293744543421 0.352559769615683 0.487115438175407 0.870827904303972 0.0661612498097318 0.286280696566411 -0.359342365179745 0.486754169436049 -0.129355552934035 0.136689669772279 0.454729272361285
47.8199285780468 25.0057917202735 -51.3999595222124 -0.282330648445506 0.34295480601844 0.895919307737841 0.354154135737419 0.90520421743504 -0.23490460378217 -0.0390362692528924 0.204759980677544 0.230415077409456 0.0256754547738488 -0.433831999370888 -0.413069852072982
47.7392377264916 25.4196298977376 -51.4713435549501 0.470479653951021 0.133529874599101 0.872249200519686 0.354771353427911 0.876450890357615 -0.325532062288191 0.223975959610438 0.00519702247771743 -0.178400028209234 0.398289783727566 0.329879746498645 -0.487948643017037
48.4474514424577 25.9592980222621 -52.3034645924622 -0.155594207601146 0.845352770151438 0.511047098179643 0.933055627439036 -0.0440948119321203 0.357019388360141 0.193729348811395 -0.260284970353432 0.366555675980131 -0.390297017696313 0.335446621968261 -0.331890058793899
48.8751092654555 26.1019967758252 -52.2930592110615 -0.392046892233106 0.0513858669223239 0.918508969455902 0.918252662717332 -0.0386796670043004 0.394101421937129 -0.244270831850684 0.666985023764641 0.230551902398546 0.098078856490718 -0.173313438484589 0.245768284178875
49.2622556897204 26.2750926786062 -52.1005838838685 -0.317778688313344 -0.586620787222725 0.744911241190286 0.877346638916842 0.115999234487446 0.46562544258152 0.283953267533619 0.347609304155007 -0.0155942002768404 0.580173836416752 0.0575930483737367 -0.215067190468465
50.3707895012511 25.9954180914881 -53.2742338789914 0.824765091022126 -0.565469682126795 0.00256577996731627 -0.281073615425458 -0.41388829648836 -0.865848774753145 0.0714574989615492 0.295145885937001 -0.219795686867748 -0.388793638267816 0.000224359810219201 -0.275750271301972
50.544121239382 25.9199906733211 -53.7299141841094 0.126350526330747 -0.922423075303178 0.364926313992297 -0.255603869580045 -0.385726249565178 -0.886499815144909 -0.362188748936074 -0.00436439601807252 -0.168840059341369 -0.052578973876634 -0.0911758287187139 -0.771986152498766
50.8105894097093 25.8138691365421 -54.026639247786 -0.532849259571282 -0.814096723777599 0.23090732103761 0.00889842257627646 -0.278247814152426 -0.960468100456734 -0.481620882973921 -0.187626393802664 0.363952442655374 -0.413453367531604 -0.189703462269217 -0.476262025479319
51.0140006524233 26.5534072674618 -53.5736165275906 -0.449781392623009 -0.200795784101221 0.870274526765821 0.599460692523402 0.654443435808523 0.460815220502027 -0.0496101499535688 0.496338220723943 0.0399948769049269 -0.0146929019522408 0.233289508292996 -0.533168879641217
51.7751211681695 26.2475331700338 -53.2292381574265 0.784015933440845 -0.602262087994966 -0.150330946496578 0.161202359361596 -0.036328136029375 0.986252536558938 0.378219088343861 0.136059274335449 -0.162268230981943 0.336477858429404 0.802987482010961 -0.204648445010262
51.8358666652295 26.0645162827578 -52.6641638282994 0.918488410089272 0.042683571400164 -0.393137575492874 0.395412988224877 -0.0859206736699854 0.914475919081116 0.101494142553645 0.0797612419952695 -0.0846482740298488 0.187247119596986 -0.127514441427755 0.125923134419977
52.6343190549985 42.6945961468863 -56.925445942849 0.148326305153383 -0.274516436887044 0.950073698761583 -0.699128363953092 -0.708577574706299 -0.0955894938802128 0.0410556916896349 0.154334404026412 0.02860677465839 0.291192332316418 0.349338859104213 0.559981451035719
52.6567627771794 43.0190629975614 -56.3258166187793 -0.306427588393135 -0.836793361368842 0.453738915501384 0.921126548719633 -0.140456896578409 0.363039586612592 -0.230181254407593 -0.0587873074872043 -0.0778795303393073 0.558932283862211 -0.123842106413074 0.358595057612001
52.3534096795968 43.8377619186331 -56.5218163871056 -0.569756894933283 -0.165430573367445 -0.804990562721687 -0.749955534177309 -0.295904088589241 0.591614289138586 0.322966595433967 -0.252166103379636 -0.192407131356387 -0.517873424654647 0.374147667647526 0.409526173643953
52.0101454373269 44.1073169436993 -56.3339675851447 -0.410625694973454 -0.819807632396401 -0.399126526920641 -0.547747712890364 -0.128159686376159 0.826769337730373 0.315086117250042 0.303537337531578 -0.283584270624852 0.393924821314933 -0.44686121635256 0.190659090867278
51.5733093009132 44.1376560058578 -56.1792409057254 0.341380015424378 -0.928379039019764 0.146874248858502 -0.343926466340266 0.0220457155520831 0.938737754741134 -0.619818485682201 -0.468026937811517 0.254314415572669 -0.239116671131431 -0.2611334398653 0.0125048978272146
51.3102041830651 43.9712570018158 -55.7789341116582 0.6161468174006 -0.775327395652472 0.138674182738037 -0.563949250874104 -0.311363861142962 0.764861940753151 -0.229458311525728 0.257717968657003 -0.095065588473348 0.451023679977084 0.502811124083333 -0.301681043072508
50.9060799629944 43.7590243713215 -55.5242914594918 0.876262498626646 -0.295925474761402 0.380252740802492 -0.464624681602898 -0.309917193063227 0.829503007040427 0.322494299896796 0.341119718374197 -0.276721654587667 -0.0401297919981237 0.0719725295129221 -0.659953604089434
49.9313515812742 43.9143470289685 -55.9704961190239 0.532404478176779 -0.178839984414377 -0.827382457870285 -0.136531957552759 -0.98277201613297 0.124572022832212 -0.110053940055151 -0.260030411115502 0.0240823733438194 0.0642577565759001 0.822075875452571 0.428038845204565
49.7334217235555 43.4846339065935 -56.1562088425074 0.982527719361841 -0.141837744440429 -0.120504501735312 -0.091857651635171 -0.9326734123464 0.348830156005402 0.226667725639832 -0.330331305271272 0.0621761000015667 -0.000690684293564184 0.0492252434990345 0.0959517540598314
49.8284225717241 43.0270790304846 -56.2929198109831 0.764749104111839 0.147742566833653 0.627161017367375 -0.146754860235361 -0.907833586355629 0.392811902164067 0.297366273392981 0.150039704619354 -0.296364104563801 -0.487819794621635 0.616702227058891 -0.0259682735977366
50.0071806906404 42.6235033902527 -56.2992159113948 0.0825997201574858 0.263135325756359 0.961216461869589 -0.112639610030273 -0.955866811479911 0.271350247766828 0.314113299283281 0.024794805977426 -0.499995721086104 -0.0499893266930093 0.580831423403212 -0.251401826843078
49.5410264379645 41.7606827396628 -56.6796015302669 0.430683437171399 -0.383657281660351 -0.816895872908701 -0.150079620515484 -0.922987579462028 0.354358625780491 0.0794664695699833 -0.254783526548054 -0.185792493097704 -0.0188112832355499 -0.408373785002596 0.293314147293132
49.1691966171769 41.7855652185218 -56.0379164512848 0.262985127271827 0.912015233534999 0.314749164627735 -0.936124935644697 0.162263628474335 0.311994582866472 -0.335905090711403 -0.208896809905361 -0.549392140477404 0.225872394706969 -0.0554870272699354 -0.111592936524331
48.9639631180918 41.8994428902603 -55.6350008269846 -0.232133821168685 0.836375878238189 -0.49657756631837 -0.800311152183904 0.125924998397907 0.586212380003109 0.161533527805433 -0.0522661406844149 -0.326071842235265 0.226597309984197 0.0963507489701902 -0.115541068895348
48.7086900564466 42.1254370043193 -55.2228125848627 -0.394350858341901 0.330507237732463 -0.857468580375551 -0.867381789051397 0.174336147393743 0.466107004596399 0.0828908266274265 -0.156615516520391 0.184887785006794 -0.263792109752137 0.0710571611793905 -0.16735606258311
48.3989453643927 42.4196297953052 -55.160341681175 -0.582674675740308 -0.536316425111606 -0.61061846877222 -0.805957436984775 0.284702039274647 0.519015759492323 -0.461727418514432 0.503298253026714 0.172960389047329 0.0225676731121592 -0.0329267787410738 -0.617155975752093
47.9669955278451 42.6207703815595 -55.1226967366412 -0.172642650840118 -0.984851118238436 -0.0162107993582731 -0.942460768603759 0.16038337453371 0.293334063510384 -0.317635927109178 0.243480076192055 0.341083280201816 -0.255594906067166 -0.407495999357624 0.0750458811362872
47.5214297274449 42.3297583124533 -55.0554584382528 0.314491984800626 -0.329500582400218 0.890238258947676 -0.913838069171846 0.148708616078215 0.377869991976842 -0.12670704411491 0.447345108947945 0.0970168735593065 0.164846764874394 0.212963922382369 -0.245788672525402
47.0916169179202 42.2093794041468 -54.7364328954408 0.369652885086748 0.374449826111046 0.850378781645304 -0.928275425890266 0.188972967363457 0.320302905535416 -0.109716776249161 0.261518557502079 0.424569260957747 0.0393639551811509 -0.084877722485376 0.0737226746568462
46.716757791656 42.1758646023478 -54.4362701870194 0.375461428006345 0.921420382105876 -0.100065955845096 -0.925094195628436 0.365944687693632 -0.101416047858814 0.1373372076008 -0.234907204962927 0.0167427647624237 -0.0355862056619301 0.27140820433372 -0.352630814933761
46.2929270501335 42.5187447055701 -54.2710655213564 0.541809864803652 0.49142476380636 -0.681867855173638 -0.806246035060853 0.533119762674561 -0.256418894768908 -0.357960250284766 -0.180832153333275 0.0909416957385526 -0.111169371542043 -0.688573171042357 -0.167587057156934
46.1890977265336 42.9731281247057 -54.3029347437551 -0.101452021089688 -0.530452404258081 -0.841622085162669 -0.848757574919329 0.487460529972582 -0.204921474560218 0.251677131857379 0.224263054886106 0.30557710573878 0.00793424919961398 -0.132896665779922 -0.00360488561748783
47.2365816226877 42.9272220289212 -53.6155077422282 0.988388863981724 0.00311853026836002 -0.151913555436744 -0.0727225220432852 0.887552081617808 -0.454931574199311 0.299725035023867 0.525757260112998 0.668449993842519 0.390959937453744 0.688826028316591 0.319428595777985
47.1627009454951 43.452095701055 -53.5791748917103 0.580436562973311 -0.376222981666902 -0.722183954702334 -0.127005147964036 0.834191669952391 -0.536650677977185 -0.0722409368514163 0.251617900495959 0.418723393933178 0.0136701117744056 -0.0891061775661382 -0.502742142479125
47.4363784892229 43.8277100742884 -53.7569792923788 -0.320309598622916 -0.473286825514566 -0.820610347134395 -0.0361018015203126 0.871719972552973 -0.488672640301132 -0.407524637975664 0.534373340446096 -0.298007703055726 0.64305102423941 -0.062593142029357 0.0832043224418366
47.6901684595094 43.9499504342632 -54.2697686858099 -0.930325660925662 -0.0129782646070633 -0.366504746587312 0.234068657617614 0.748332917178954 -0.620652647289559 0.356711261216216 0.0770243500192783 -0.343064219587426 0.290737904172178 -0.200597154461267 -0.170957436360483
