0.999999238518982 
0.9999963767591571 
0.9999972965257442 
0.9999972144655869 
0.9999385874610142 
0.9995889336010162 
0.9999941179043085 
0.999991910334423 
0.9999944517846745 
0.9615364402095881 
0.9615345713726864 
0.9230739656081041 
0.8076905229586415 
0.46152825696552335 
0.46153745466881063 
0.4230730335297444 
0.46153819410967617 
0.42307631272793383 
0.3330976957034901 
0.34615325393037943 
0.3461533263396793 
0.34613778063403006 
0.3461437341055135 
0.3076425287588783 
0.30768662689305 
0.3073292937151893 
0.19230758502401174 
0.1538449869028682 
0.1538459193521495 
0.115384527770416 
0.1152450108725985 
0.11538459567318501 
0.11538338537989846 
0.11524927908533034 
0.11538094264223729 
0.07692288338176026 
0.038461204803920374 
3.9143372930640915e-168 
1.2011910939503978e-212 
0.0 
0.0 
0.0 
0.0 
0.0 
0.0 
0.0 
0.0 
0.0 
0.0 
0.0 
0.0 
0.0 
0.0 
0.0 
0.0 
0.0 
0.0 
0.0 
0.0 
0.0 
0.0 
0.0 
0.0 
0.0 
0.0 
0.0 
0.0 
0.0 
0.0 
0.0 
0.0 
0.0 
0.0 
0.0 
0.0 
0.0 
0.0 
0.0 
0.0 
0.0 
0.0 
0.0 
0.0 
0.0 
0.0 
0.0 
0.0 
0.0 
0.0 
0.0 
0.0 
0.0 
0.0 
0.0 
0.0 
0.0 
0.0 
0.0 
0.0 
0.0 
0.0 
