t = 100000000
b = 105 105 105
E = -0.359720163968577 -0.681921187495365 0.322201023526788
299.661050819848 183.3208374068 120.259723346303 -0.520309113626552 -0.470090357167204 -0.712947040373162 -0.789948666958173 -0.0522313803852779 0.610944339916383 0.00647326702319065 -0.267056047273483 -0.0888623411295045 0.275746469834451 -0.144837441689087 -0.204643829655295
299.296686822556 183.596331909929 120.222471021306 -0.225209834012732 -0.974157424786721 0.0172581109952747 -0.712097046215875 0.17666342411875 0.679490861858133 0.0167897173364102 -0.8867237654635 -0.0341947477233933 -0.351148549968995 -0.443023156295539 -0.0832240904713624
298.786253072652 183.586237842926 120.355734308484 0.389144623080348 -0.726986407283943 0.565736003760677 -0.69683076395866 0.169361483712552 0.696953064586878 0.126606961130178 0.249173881352324 0.125579657169994 0.13140299010277 0.552684296781849 0.564513109088517
298.472162823052 183.341578913556 120.654251006519 0.725612721160262 0.131757164461588 0.675371178317653 -0.683458640412124 0.251848375253129 0.685169090610423 0.618297570795203 -0.797820442328016 -0.473079620377451 0.039240719793993 -0.319354987382524 0.0113203941636053
298.348762576866 183.108226792606 121.066716603749 0.319056982199186 0.936885261611415 0.142998771622521 -0.77160417002637 0.169177397662521 0.613193291644301 0.513757470648671 0.123366861929956 -0.370600113116893 -0.0195115046930377 0.595712686071444 -0.00905007713762722
298.344410614077 183.205787477215 121.608915765085 0.127505684026404 0.192537480336491 0.972970513019443 0.562798842370546 0.793712986048091 -0.230818454212911 0.378815154264548 0.123903105140453 -0.108371804347662 0.0948581052069389 0.181795941734014 -0.443659175139537
299.08213608611 182.192516911016 121.754676601277 0.183142381515717 -0.475053109515299 -0.860687754782785 0.982031080535037 0.128959559643654 0.137783848256243 0.0151029623281378 0.282802239718308 -0.324341507315215 -0.00582197700531459 0.02782106541934 -0.430857821898999
299.506350344178 181.84741448706 121.698651946648 0.131651144640684 0.433819426450048 -0.891329726503082 0.984367269343099 0.0489135645225399 0.169199711148329 0.161472944711836 -0.366409798462822 -0.0154027168012847 0.0437759707539832 -0.56514982182982 -0.129976242580819
300.080849005314 181.827145255218 121.831240315175 -0.768039911488226 -0.565052426144337 0.301380905283878 -0.551632801048754 0.344688616684154 -0.759533416208479 -0.654992929122005 -0.224472280658066 0.310432564221434 0.145964640864957 -0.726130827611273 0.290254593389378
300.578936429506 182.344119621219 122.432753479851 -0.518556599780293 -0.748655402209681 0.413054647192796 0.547573119672593 0.0802579441682812 0.83289995858426 -0.194957903592188 -0.0204590864128064 -0.104231543842247 -0.481816324509735 -0.0997570518807574 -0.118778223195749
300.375777542963 182.420718002483 122.900867209109 0.0766353955786452 -0.988018246029762 0.133966270595544 0.391171904170629 0.153382568560744 0.90744604745877 -0.415696354238964 -0.475770311429244 0.348387482385779 -0.308151432399149 -0.00861019259923101 0.225669370890345
300.301470316011 182.510614543639 123.372429396823 0.659801317825652 -0.744336371092402 -0.103080491191136 0.323246037647319 0.157306192746206 0.933148841754746 -0.270676468936074 -0.443565033641793 -0.625756742327713 -0.509562163223699 0.08235098196936 0.19472883766589
300.393813703847 182.21749880374 123.811008075029 0.950406902209718 0.120207890050257 -0.286839298917115 0.249603430875158 0.255396640092555 0.934061391732132 0.195785202135544 0.356491604980373 -0.475471218130117 0.284960867089469 0.00355620105686223 -0.216861958497718
300.740247492387 182.208056480622 124.202721123423 0.273032350151573 0.783001226699202 -0.55889392084391 0.203686193209337 0.520743575295068 0.829058540444096 -0.0633684216967267 -0.292961021416776 0.0206155046516581 -0.162071537985907 -0.00507097807855609 0.42624187459062
300.947487358271 182.477437784318 124.649112146346 0.241908772218585 0.67072861895367 -0.701144254515883 0.532178408075515 0.512506796552192 0.673886433655884 0.0900709747718613 -0.729061139954433 0.164000320508509 0.0845648906555528 0.22911763889453 -0.267697933239866
301.438509004086 181.729578122885 125.457808417612 0.148100004662736 -0.955644165370356 -0.254579295726458 0.807696448485452 0.265422833817261 -0.526476178371642 -0.257602244867256 0.406981492170891 -0.127481346690302 0.0484059557769542 0.111748350727845 -0.205715016433562
301.900965579506 181.537148198655 125.334486823472 -0.484956306653067 -0.512220124845038 -0.708835611650625 0.754650636499946 0.164498577423299 -0.635171342911922 -0.0539303820109229 -0.82314389306601 0.116150602652767 -0.388605373767803 -0.532121442122492 -0.171592074626895
302.200478445522 181.26654816013 125.126675632062 -0.503724967363778 0.419111351017303 -0.75538522139652 0.853724581762571 0.107936922736829 -0.509415311121359 0.147818522679038 0.243966864388379 -0.0119625466648267 -0.0521953937472057 -0.219811504160355 0.303791599443285
302.644129738352 181.296069234989 124.743109194509 -0.655801517431656 0.66355026389998 -0.360035299677541 0.662318805945667 0.276832529865299 -0.69620223333514 0.0502719871362009 -0.345343289898724 0.368972509553158 0.42017674326595 0.181107975044944 0.333798468561061
302.828694976673 181.319415026401 124.2652771973 -0.0924268983244258 0.955849173862015 0.27894376725793 0.872625423765576 0.212681535734161 -0.439649217166371 -0.270967331399652 -0.0181951601483223 -0.125391121304997 0.374983545608026 0.276086880480298 -0.279618660413443
303.124029360237 181.694184847323 123.930748142052 0.104362473795468 0.41733459584701 0.90274044396648 0.913441604055518 0.318790941974043 -0.252975831448555 -0.0776678050398136 0.180182100057401 0.106661408732535 -0.274311656659928 -0.0765903812195402 -0.118515038859117
302.781887334822 180.651042071441 123.706651360299 -0.152418728567223 -0.529193584223404 0.834699156342231 -0.675001564192365 -0.561162025054021 -0.479030343479893 0.271103973249322 -0.427219077204471 -0.304419385622725 0.0195698501063431 0.129877342571143 -0.25535766478714
302.713371992271 180.224932725043 123.529834664563 -0.821693581235607 0.258939337307652 0.507710624421713 -0.552256622179274 -0.581868743048601 -0.597027125951855 0.902921032254472 0.327406929580252 0.459750285513712 0.240552052977584 -0.13539100172242 -0.220953442776252
302.600992878087 180.150548336992 122.25092259365 -0.445692012787697 -0.0814802276910085 -0.891470471878867 0.103170902754613 -0.993888503315694 0.0392607667260804 -0.126900012669751 0.0698499987396001 0.311210353989874 0.235786828613228 -0.154323878344373 -0.454128829333497
303.994563002863 179.637992044212 122.602974403088 0.0559697270488047 -0.546073993155412 -0.835865170738181 0.42513849432217 0.770524921133384 -0.474919579041803 0.190588493879393 0.0925215447704586 0.3074541399133 0.0241856697668329 0.0778379959967143 0.0200327048911081
304.307261443673 180.017102881511 122.413637136265 -0.638925351901013 -0.295763357337804 -0.710139726500724 0.21663368945683 0.816598406697372 -0.535011109016423 -0.0551662511838431 0.0712865169602111 -1.26633482964949 0.0790740198218773 0.458144157630488 0.637842197484563
292.636779086616 184.801108364743 128.072079768795 -0.0620618228182532 0.539906358550221 -0.839434008213441 0.912759223117779 0.370939624616014 0.171097619803632 -0.632117665608432 -0.0667950700302491 0.252169483206378 0.0408073361528806 -0.424390815968079 0.365470381617547
293.108453177077 184.889146631527 128.035966069487 -0.486009455143141 0.812154834806876 -0.322799215940045 0.861790066967782 0.506765419984783 -0.0225097663896038 -0.403155963657625 0.144888502639137 0.123519799819374 0.221996134134216 0.0731042646978099 -0.260113239015079
293.438920080571 185.09991094854 127.712207510583 -0.355619020930033 0.720042219169896 0.59588112452674 0.86145543481944 0.499820807810016 -0.0898537361457326 -0.138118346943508 -0.256056101767997 -0.559307886277263 0.094618299885247 0.370800909572044 0.279466380205172
294.651358026393 185.097896722017 127.596480564701 0.523495577315385 -0.547474705206334 -0.652858198762149 0.214829728957347 0.826296673578932 -0.520655351253848 -0.211438785662732 -0.331238859457356 -0.24229889330824 0.285966360199695 0.154467463116985 0.546399465149018
294.944998265063 185.328660074778 127.32098984764 -0.642828692147206 -0.537324398155739 -0.545943004077626 -0.301061871856237 0.83257882240601 -0.464945430987874 -0.7908672563313 0.226581644585732 0.250476297795184 -0.130324065991335 0.260151035690645 -0.0785733262896909
295.135356305461 185.589346049816 127.008564364215 -0.912921938636841 -0.394840490762146 0.103317572617227 -0.406473629923833 0.856780396112529 -0.317342939129937 0.27084730962517 -0.101046017183023 -0.0504475653747318 1.07375739632329 -0.0820898891322745 0.500146531467291
296.295267342233 185.18601874006 127.021487025109 0.841249814563841 -0.232893664761615 0.487913199666564 -0.0847902659212829 -0.948127894740526 -0.306372495533967 0.115615416951974 -0.0338430377367194 0.103952989117947 0.257601953192716 -0.265408187767133 0.214637354554755
296.38782530371 184.800726330119 126.709265806508 0.241669071926678 -0.331109343985092 0.912119872603899 -0.20869937277997 -0.935720081211624 -0.28438090902675 0.47825734764096 -0.322410260434716 -0.590217325047413 0.122441026218025 0.295461905815003 0.258288526623943
296.61644596641 184.410584533529 126.504879695727 -0.456828079606791 -0.226309080031033 0.860286176791683 -0.0775119529514338 -0.95329189808898 -0.291935702148807 -0.11638653560213 -0.132754745326681 0.0980895946997105 -0.418257559454513 -0.433187260818775 -0.175297925352988
296.901936630726 184.044680199717 126.591810166484 -0.973387224573228 -0.0848205979524288 0.212891468118439 0.00697577547907887 -0.939517633351597 -0.342429489351233 -0.0292328936216465 -0.273384490629474 0.233271048029904 0.633115995745026 -0.0791416949724327 -0.17962348309448
296.964747901241 183.565925860486 126.715807645435 -0.982298450056706 -0.0551207306648484 -0.179029215682032 0.0457371298017187 -0.997375437335169 0.0561279962039415 0.0666612725486799 -0.0854276682008028 -0.119215532186497 -0.272501077998177 -0.0123814411912521 -0.0117178423424354
296.951947205451 183.133940471095 126.885080354722 -0.583621064087669 -0.0534116167776992 -0.810267642662531 -0.0323267275711575 -0.995515188642768 0.0889072093006558 0.0495081123891116 0.0686968071990003 0.326507453420965 -0.418582241847532 0.0494197623911086 -0.451014463374525
297.430354469376 182.044657504899 127.04125813407 -0.986763518994095 -0.161930793106389 0.00872787634156797 0.0434324237359826 -0.315753532288749 -0.947846681386836 -0.0182041816733097 0.0174682882559856 -0.605653970801973 0.53905222353017 -0.0491140469714017 -0.0668366360270364
297.268776629904 181.637446091398 126.819543042078 -0.485349983425532 0.662757321880216 -0.570252685993201 0.240876746246465 -0.525624225476536 -0.815902915002153 0.313197376635421 -0.0399680228065765 -0.584115901164467 -0.257744290807931 0.0733757636425665 0.240210844023908
298.662041288238 181.227105140934 127.32850941822 0.821470664836127 -0.459366278311112 0.337888397500721 -0.221893517431922 -0.803320515342404 -0.552665736727017 0.0746735672495491 0.0361857469938631 0.321063427764888 0.0334058105798108 0.289857152429782 0.435580841557472
298.538415658859 180.492204717397 127.461691478274 0.798197055294196 0.212932634275908 0.563507900725051 -0.134543673883843 -0.848797294514957 0.511313164942683 0.140980482686105 0.263880748576066 0.15410419042097 -0.0142600184477573 0.507176237921639 0.364370595604492
298.724408637 180.02178824481 127.484864781072 0.18575080272254 0.298147530313859 0.936271696387049 0.00682017500691456 -0.953222583345417 0.302192309320059 -0.766437126606033 -0.181461222481997 -0.0635328597809992 0.246813598119816 0.428600217873428 0.314223727778051
299.062004064578 179.696646902386 127.746813764475 -0.715748255514008 0.182156997696647 0.674183404510855 -0.0474307997683455 -0.97583372642992 0.213304612221 -0.219052083042649 -0.194465439120923 -0.462238482675555 -0.45739846252928 -0.161368217289436 0.27932494861161
300.105305802302 179.314478338482 126.908666735931 0.819694789548841 0.306226522530598 0.484072069929647 0.261581773620153 -0.951950588468985 0.15926409772428 0.392239313296641 -0.0170019733659678 -0.310589921433764 0.0667751913828962 0.71957497765404 0.324922158790796
300.449018548106 179.017151798636 126.803617597851 0.0525690555210309 0.0290461493780671 0.998194778390807 0.186595776323914 -0.982257729682529 0.0187554988506887 0.0203972576501638 -0.54910711141984 -0.232121176606576 -0.0823730926265185 -0.253339937733717 0.219338247068417
300.785309537303 178.701583758998 126.930643330037 -0.632516480839956 -0.135609665756668 0.76258305778448 0.108356144091486 -0.990364294732353 -0.0862409981138502 0.510160624018324 0.2055767271675 -0.022556666321198 0.193941993216648 1.01257031131596 0.212961791359369
300.943828597541 178.272847352787 127.123469617385 -0.993438055136727 -0.0829880348296563 0.078700804832208 0.0613623938856003 -0.967436762414583 -0.245562145590363 -0.0990714907162834 -0.466501905001552 -0.272289978387798 0.0473897444180219 0.360191959082943 0.444746436364191
302.218587511919 177.705114980124 126.525110050652 0.367697998580118 -0.676740709848092 -0.637824578919586 0.307219361085203 0.735763225818062 -0.603546799931488 -0.247384858835893 0.316387966205875 -0.656137690278063 0.380752747168712 0.390605653241327 -0.0824016574042554
302.551979116803 177.922999001402 126.271432527009 -0.508863601203795 -0.421945096505265 -0.750346700469501 0.248258007676404 0.762675082068926 -0.597239215736983 -0.13049935624096 0.121769166816384 -0.333651474326259 0.130862892070259 -0.117755103408621 -0.00918966108668543
302.771495548295 178.134929552637 125.885226070217 -0.906005587462001 -0.206323555214027 -0.369573356795384 0.195513229788835 0.570415309401338 -0.797747423548517 0.0775570953557579 0.0765243228787696 -0.357518744662037 -0.010482255682325 -0.383764578914494 -0.404978924424382
303.523038642802 177.912991427815 126.30342552538 -0.360066099238702 -0.0106836306530039 -0.932865619591382 0.50835864094042 0.836194435778326 -0.205792025488101 -0.208205049124202 0.30742134015899 -0.0736652728378371 -0.111804275326785 -0.00483586810986335 0.0764751748995759
