0.999999238518982 
0.9999980589970293 
0.9999963114492149 
0.9999803514003205 
0.9999681796662657 
0.9999939867159019 
0.9999985925695232 
0.9999980513117033 
0.9999933922652151 
0.9999950180788171 
0.9999973561617577 
0.9999905263057894 
0.9999967576159446 
0.9999969753722964 
0.9999966187886448 
0.9615345642283922 
0.9228334378555316 
0.3107722434978137 
0.2307675967297787 
0.23076759071369107 
0.23076820771785675 
0.23076904064981388 
0.23076882742541366 
0.23076843286358173 
0.23076865211150335 
0.23076886128101728 
0.23076761580666327 
0.23076146125512187 
0.23076887758919035 
0.23076854086960336 
0.23076670416640413 
0.19230707130815683 
0.19227982867977195 
0.19230752969341378 
0.11538456699846737 
0.11538299233809741 
0.11538415166943693 
2.3923276015386055e-120 
3.6520901770303366e-291 
6.442944877522832e-292 
1.767350109147063e-287 
1.506410298001743e-289 
0.0 
0.0 
1.0008379571260534e-280 
0.0 
0.0 
0.0 
0.0 
0.0 
0.0 
0.0 
0.0 
0.0 
0.0 
0.0 
0.0 
0.0 
0.0 
0.0 
0.0 
0.0 
0.0 
0.0 
0.0 
0.0 
0.0 
0.0 
0.0 
0.0 
0.0 
0.0 
0.0 
0.0 
0.0 
0.0 
0.0 
0.0 
0.0 
0.0 
0.0 
0.0 
0.0 
0.0 
0.0 
0.0 
0.0 
0.0 
0.0 
0.0 
0.0 
0.0 
0.0 
0.0 
0.0 
0.0 
0.0 
0.0 
0.0 
0.0 
0.0 
