        8.5858 4   0.000841   0.000841   0.330826    0.060564   0.000000  -0.676338   0.000000  -0.055604  -0.021189   0.000000   0.029691
        8.3555 5   0.000102   0.000102   0.373839    0.042961   0.000000  -0.707881   0.000000  -0.073218  -0.023547   0.000000   0.029229
        7.8997 5   0.007661   0.007661   0.355417    0.052220   0.000000  -0.734026   0.000000  -0.069535  -0.021673   0.000000   0.029263
        7.8640 5   0.008759   0.008759   0.344180    0.036293   0.000000  -0.721222   0.000000  -0.065147  -0.022341   0.000000   0.037104
        8.1348 5   0.002265   0.002265   0.295477    0.048479   0.000000  -0.714410   0.000000  -0.057299  -0.021479   0.000000   0.031155
        8.2908 5   0.000445   0.000445   0.335802    0.041603   0.000000  -0.720942   0.000000  -0.070014  -0.026050   0.000000   0.029853
        7.9426 5   0.006438   0.006438   0.309445    0.049976   0.000000  -0.716329   0.000000  -0.057506  -0.022012   0.000000   0.034568
        8.0990 4   0.002880   0.002880   0.306045    0.061002   0.000000  -0.702503   0.006571  -0.059880  -0.024729   0.000000   0.032220
        8.3426 4   0.000151   0.000151   0.344212    0.061368   0.000000  -0.680020   0.000000  -0.058140  -0.022206   0.000000   0.032433
        8.0088 4   0.004759   0.004759   0.334058    0.057042   0.000000  -0.717206   0.000000  -0.054430  -0.012815   0.000000   0.034575
        7.9787 5   0.005491   0.005491   0.308903    0.063968   0.000000  -0.702808   0.000000  -0.056689  -0.020280   0.000000   0.032728
        8.2594 5   0.000698   0.000698   0.331315    0.055297   0.000000  -0.715316   0.000000  -0.067614  -0.019909   0.000000   0.034961
        8.1953 5   0.001393   0.001393   0.331987    0.042307   0.000000  -0.733075   0.000000  -0.058756  -0.025781   0.000000   0.031856
        8.4328 5   0.000009   0.000009   0.342127    0.038359   0.000000  -0.734863   0.000000  -0.053472  -0.015573   0.000000   0.033338
        8.1230 5   0.002460   0.002460   0.327786    0.049849   0.000000  -0.703265   0.000000  -0.065230  -0.025036   0.000000   0.029596
        8.0099 5   0.004734   0.004734   0.321231    0.058443   0.000000  -0.679252   0.000000  -0.064935  -0.013860   0.000000   0.032769
        8.3486 4   0.000127   0.000127   0.340711    0.061479   0.000000  -0.709974   0.000000  -0.053887  -0.015088   0.000000   0.034181
        7.9328 5   0.006707   0.006707   0.339290    0.035692   0.000000  -0.693408   0.000000  -0.057797  -0.020791   0.000000   0.033351
        8.1252 4   0.002423   0.002423   0.297420    0.072884   0.000000  -0.626536   0.000000  -0.056434  -0.021453   0.000000   0.031822
        8.4998 5   0.000207   0.000207   0.334515    0.046579   0.000000  -0.664546   0.000000  -0.064098  -0.017487   0.000000   0.031158
        8.0919 3   0.003011   0.003011   0.369998    0.049824   0.000000  -0.703539   0.000000  -0.043654  -0.018068   0.000000   0.032529
        8.3189 5   0.000267   0.000267   0.352278    0.064570   0.000000  -0.686920   0.000000  -0.052130  -0.017740   0.000000   0.031676
        8.4277 4   0.000005   0.000005   0.327942    0.052197   0.000000  -0.639151   0.000000  -0.048596  -0.018194   0.000000   0.031125
        8.3368 3   0.000177   0.000177   0.358070    0.046261   0.000000  -0.668760   0.001944  -0.039114  -0.017916   0.000000   0.033804
        8.3312 4   0.000203   0.000203   0.312547    0.048626   0.000000  -0.602227   0.000000  -0.054725  -0.017609   0.000000   0.030057
        8.2047 4   0.001276   0.001276   0.338493    0.044375   0.000000  -0.622045   0.000000  -0.047683  -0.015263   0.000000   0.027635
        8.5265 3   0.000359   0.000359   0.314437    0.056736   0.000000  -0.623809   0.000000  -0.046310  -0.018036   0.000000   0.029579
        8.3944 3   0.000012   0.000012   0.350582    0.036829   0.000000  -0.622692   0.000000  -0.047437  -0.022942   0.000000   0.030923
        8.3068 3   0.000338   0.000338   0.343558    0.047503   0.000000  -0.599578   0.000000  -0.038857  -0.014813   0.000000   0.033596
        8.0698 4   0.003437   0.003437   0.321922    0.047499   0.000000  -0.581068   0.000000  -0.042801  -0.016156   0.000000   0.028665
        8.2297 3   0.000990   0.000990   0.326204    0.066015   0.000000  -0.584997   0.000000  -0.045171  -0.015019   0.000000   0.030973
        8.0903 4   0.003040   0.003040   0.358864    0.041612   0.000000  -0.596591   0.000000  -0.048997  -0.009175   0.000000   0.033176
        8.1842 3   0.001536   0.001536   0.348713    0.065762   0.000241  -0.605897   0.000000  -0.024835  -0.011638   0.000000   0.031395
        8.4700 3   0.000087   0.000087   0.374289    0.047869   0.000118  -0.559855   0.000000  -0.049042  -0.013667   0.000000   0.034741
        8.2103 4   0.001209   0.001209   0.358999    0.062133   0.000000  -0.576278   0.000000  -0.053901  -0.013590   0.000000   0.031578
        8.1299 4   0.002345   0.002345   0.347609    0.024075   0.000000  -0.541367   0.000000  -0.061430  -0.017135   0.000000   0.031874
        8.7166 4   0.002623   0.002623   0.317785    0.047705   0.000000  -0.559517   0.000000  -0.061935  -0.015211   0.000000   0.031043
        8.1800 4   0.001593   0.001593   0.319732    0.048653   0.000000  -0.563926   0.000000  -0.050582  -0.014668   0.000000   0.034205
        8.0826 3   0.003187   0.003187   0.343487    0.048854   0.000000  -0.588269   0.000000  -0.048137  -0.016359   0.000000   0.030296
        8.6660 3   0.001817   0.001817   0.329724    0.058099   0.000000  -0.570843   0.000000  -0.042190  -0.011418   0.000000   0.034459
        8.3803 3   0.000035   0.000035   0.323238    0.049908   0.000000  -0.547930   0.000000  -0.041822  -0.013433   0.000000   0.029447
        7.8671 2   0.008659   0.008659   0.341132    0.038090   0.000000  -0.573571   0.000000  -0.032425  -0.009419  -0.006203   0.034960
        8.3152 3   0.000287   0.000287   0.306754    0.059059   0.000000  -0.539872   0.000311  -0.036319  -0.015417   0.000000   0.035141
        8.4193 3   0.000001   0.000001   0.339500    0.054474   0.000000  -0.574324   0.000000  -0.041428  -0.011578   0.000000   0.030111
        8.1674 3   0.001768   0.001768   0.351654    0.059601   0.000000  -0.659091   0.003999  -0.038025  -0.015952   0.000000   0.033751
        8.3764 2   0.000043   0.000043   0.310699    0.047054   0.000000  -0.633980   0.000000  -0.037234  -0.012961  -0.006063   0.032953
        8.3554 3   0.000103   0.000103   0.320064    0.057014   0.000000  -0.699063   0.000000  -0.028127  -0.003708   0.000000   0.029007
        8.0519 3   0.003803   0.003803   0.311915    0.040226   0.000000  -0.660118   0.000000  -0.042314  -0.011667   0.000000   0.030532
        8.4592 2   0.000056   0.000056   0.340206    0.052530   0.000000  -0.717741   0.000000  -0.028100  -0.009818   0.000000   0.026779
        8.4091 2   0.000001   0.000001   0.288929    0.064059   0.000000  -0.675049   0.000000  -0.016226  -0.006404   0.000000   0.037038
        8.5624 2   0.000627   0.000627   0.340042    0.060496   0.000000  -0.653355   0.000000  -0.034243  -0.007701   0.000000   0.031175
        8.3088 2   0.000326   0.000326   0.349638    0.047009   0.000000  -0.632036   0.000000  -0.026207  -0.009995   0.000000   0.027352
        8.3360 2   0.000180   0.000180   0.327609    0.049280   0.000000  -0.637480   0.002179  -0.030923  -0.009992   0.000000   0.025823
        7.9920 2   0.005162   0.005162   0.321785    0.073035   0.000000  -0.701699   0.000000  -0.028344  -0.005897   0.000000   0.029448
        8.3162 2   0.000282   0.000282   0.331479    0.033512   0.000000  -0.611120   0.000000  -0.032144  -0.009004   0.000000   0.027767
        8.5135 2   0.000280   0.000280   0.334937    0.053963   0.000000  -0.626012   0.000000  -0.030973  -0.012419   0.000000   0.032421
        8.3170 3   0.000277   0.000277   0.349299    0.048557   0.000000  -0.697349   0.000000  -0.046518  -0.012482   0.000000   0.030423
        8.2942 3   0.000421   0.000421   0.337404    0.038096   0.000967  -0.703448   0.000000  -0.045521  -0.014601   0.000000   0.028021
        8.1217 3   0.002482   0.002482   0.348115    0.057020   0.000000  -0.768249   0.000000  -0.033253  -0.013648   0.000000   0.028803
        8.4291 3   0.000006   0.000006   0.314991    0.062290   0.000000  -0.760748   0.000000  -0.031572  -0.015318   0.000000   0.032016
        8.2783 6   0.000539   0.000539   0.387660    0.048206   0.000000  -0.754169   0.000000  -0.069783  -0.016925   0.000000   0.032206
        8.0899 6   0.003049   0.003049   0.356269    0.045148   0.000000  -0.691505   0.000000  -0.053513  -0.015967   0.000000   0.038028
        8.3170 5   0.000277   0.000277   0.382054    0.037653   0.000000  -0.692580   0.000000  -0.060495  -0.019626   0.000000   0.031500
        8.1685 5   0.001752   0.001752   0.345465    0.064178   0.000000  -0.704013   0.000000  -0.054346  -0.020171   0.000000   0.035192
        8.0759 5   0.003317   0.003317   0.332662    0.070325   0.000000  -0.672255   0.000000  -0.059997  -0.018970   0.000000   0.029686
        8.4543 5   0.000045   0.000045   0.319722    0.052313   0.000000  -0.697098   0.000000  -0.053197  -0.018634   0.000000   0.034301
        8.1686 3   0.001751   0.001751   0.339796    0.034363   0.000000  -0.684253   0.000000  -0.042493  -0.023709   0.000000   0.034401
        8.7305 4   0.002872   0.002872   0.338600    0.066197   0.000000  -0.737206   0.000000  -0.045218  -0.026583   0.000000   0.031468
        8.8798 5   0.006233   0.006233   0.321507    0.060505   0.000000  -0.741820   0.000000  -0.047457  -0.016886   0.000000   0.030739
        8.2243 5   0.001049   0.001049   0.352128    0.059465   0.000000  -0.744029   0.000000  -0.050825  -0.018271   0.000000   0.033868
        8.5010 4   0.000213   0.000213   0.358130    0.049501   0.000000  -0.760670   0.000000  -0.048154  -0.019438   0.000000   0.033118
        8.4856 5   0.000144   0.000144   0.332453    0.052122   0.000000  -0.739022   0.000000  -0.058421  -0.017215   0.000000   0.031419
        8.1908 5   0.001450   0.001450   0.326233    0.043150   0.000109  -0.707839   0.000000  -0.051591  -0.020731   0.000000   0.032206
        8.2805 4   0.000522   0.000522   0.292910    0.055447   0.000000  -0.724376   0.003014  -0.048395  -0.017510   0.000000   0.032491
        8.1817 5   0.001570   0.001570   0.336296    0.047686   0.000000  -0.789764   0.000626  -0.054796  -0.024055   0.000000   0.034602
        8.2875 5   0.000469   0.000469   0.380858    0.038782   0.000271  -0.756945   0.000000  -0.064813  -0.021676   0.000000   0.031251
        8.6670 5   0.001832   0.001832   0.323536    0.048459   0.000000  -0.684562   0.000000  -0.061714  -0.020129   0.000000   0.029674
        8.2777 5   0.000544   0.000544   0.337506    0.061075   0.000000  -0.733423   0.000000  -0.060398  -0.019786   0.000000   0.031190
        8.3183 5   0.000270   0.000270   0.324937    0.055374   0.000000  -0.752623   0.000000  -0.045286  -0.017398   0.000000   0.031153
        8.3928 5   0.000014   0.000014   0.355199    0.042948   0.000000  -0.718260   0.000000  -0.068194  -0.018403   0.000000   0.030882
        8.2193 5   0.001105   0.001105   0.330926    0.038010   0.000000  -0.699153   0.000000  -0.063927  -0.019407   0.000000   0.036539
        8.2546 5   0.000742   0.000742   0.394973    0.058922   0.000000  -0.701919   0.000000  -0.053855  -0.020673   0.000000   0.033845
        8.4422 5   0.000021   0.000021   0.376354    0.047674   0.000000  -0.678234   0.000000  -0.057937  -0.015992   0.000000   0.031810
        8.6148 4   0.001151   0.001151   0.387606    0.029113   0.000000  -0.682950   0.000000  -0.048672  -0.020087   0.000000   0.030844
        8.5017 5   0.000217   0.000217   0.329181    0.041244   0.000000  -0.637815   0.000000  -0.060951  -0.021853   0.000000   0.031697
        8.5506 5   0.000530   0.000530   0.317975    0.053147   0.000000  -0.698549   0.000000  -0.035249  -0.014408   0.000000   0.026167
        8.4035 5   0.000004   0.000004   0.350671    0.045672   0.000000  -0.683927   0.000000  -0.050700  -0.016358   0.000000   0.032302
        8.3530 4   0.000111   0.000111   0.298468    0.050142   0.000000  -0.660787   0.000000  -0.048960  -0.021838   0.000000   0.032486
        8.2419 5   0.000864   0.000864   0.341029    0.048686   0.000000  -0.658709   0.000000  -0.071999  -0.025615   0.000000   0.031070
        8.1591 1   0.001890   0.001890   0.324467    0.046626   0.000000  -0.707749   0.000308  -0.029970  -0.016859   0.000000   0.037372
        8.5539 5   0.000557   0.000557   0.344541    0.040216   0.000384  -0.675971   0.000000  -0.061475  -0.025672   0.000000   0.037209
        8.4811 5   0.000126   0.000126   0.332488    0.061808   0.000000  -0.742253   0.000000  -0.051983  -0.020598   0.000000   0.030611
        8.1596 3   0.001882   0.001882   0.321653    0.049446   0.000000  -0.744999   0.000000  -0.030642  -0.021104   0.000000   0.029363
        8.4271 5   0.000004   0.000004   0.361441    0.041049   0.000000  -0.752857   0.000000  -0.055265  -0.021284   0.000000   0.032808
        8.2647 5   0.000652   0.000652   0.300371    0.065412   0.000000  -0.689538   0.000000  -0.053059  -0.019743   0.000000   0.032791
        8.3360 4   0.000180   0.000180   0.294547    0.061484   0.000000  -0.757668   0.000000  -0.032733  -0.020724   0.000000   0.033923
        8.6973 5   0.002299   0.002299   0.344876    0.034530   0.000000  -0.757739   0.000000  -0.064813  -0.023204   0.000000   0.031156
        8.2021 5   0.001307   0.001307   0.311417    0.048987   0.000000  -0.720426   0.000000  -0.059683  -0.022577   0.000000   0.036964
        8.2780 4   0.000541   0.000541   0.305035    0.057023   0.000000  -0.702918   0.000000  -0.042875  -0.024629   0.000000   0.035811
        7.8498 6   0.009216   0.009216   0.305661    0.051924   0.000000  -0.698836   0.000000  -0.063032  -0.016341   0.000000   0.032669
        8.3739 6   0.000049   0.000049   0.331630    0.044727   0.000000  -0.685434   0.000000  -0.084309  -0.023146   0.000000   0.033498
        8.3013 6   0.000373   0.000373   0.342560    0.044304   0.000000  -0.700340   0.000000  -0.077781  -0.021948   0.000000   0.034790
        8.4106 5   0.000001   0.000001   0.326657    0.059722   0.000000  -0.684742   0.000000  -0.071414  -0.019842   0.000000   0.033623
        8.3514 5   0.000117   0.000117   0.284329    0.071631   0.000000  -0.701419   0.000000  -0.061079  -0.017906  -0.007500   0.035700
        8.7345 6   0.002945   0.002945   0.361001    0.057865   0.000000  -0.729148   0.000000  -0.071720  -0.018199   0.000000   0.031040
        8.3764 6   0.000043   0.000043   0.355482    0.035544   0.000000  -0.732900   0.000000  -0.077797  -0.022974   0.000000   0.034509
        8.4073 6   0.000002   0.000002   0.339864    0.052278   0.000000  -0.740174   0.000000  -0.076564  -0.021486   0.000000   0.033062
        8.7097 6   0.002505   0.002505   0.304500    0.062360   0.000000  -0.761716   0.000000  -0.064350  -0.018926   0.000000   0.029896
        8.3311 6   0.000203   0.000203   0.330258    0.044433   0.000000  -0.707042   0.000000  -0.078863  -0.024984   0.000000   0.032254
        8.3352 6   0.000184   0.000184   0.318287    0.083163   0.000000  -0.763881   0.000000  -0.066293  -0.022974   0.000000   0.032934
        8.4686 6   0.000083   0.000083   0.373679    0.046159   0.000000  -0.760333   0.000000  -0.080903  -0.021410   0.000000   0.030623
        8.2603 6   0.000690   0.000690   0.328519    0.058583   0.000000  -0.758367   0.000000  -0.060526  -0.018831   0.000000   0.031360
        8.0202 5   0.004497   0.004497   0.385278    0.043889   0.000000  -0.815886   0.000000  -0.067878  -0.021461   0.000000   0.034013
        8.2610 6   0.000684   0.000684   0.313632    0.051251   0.000000  -0.751411   0.000000  -0.066257  -0.021343   0.000000   0.035604
        8.4747 6   0.000103   0.000103   0.322494    0.034103   0.000000  -0.760118   0.000000  -0.064758  -0.019759   0.000000   0.033733
        8.3754 6   0.000045   0.000045   0.356187    0.044544   0.000000  -0.798120   0.000000  -0.074009  -0.020754   0.000000   0.031354
        8.5217 6   0.000328   0.000328   0.380066    0.051556   0.000000  -0.815797   0.000000  -0.069416  -0.018836   0.000000   0.033063
        8.0701 5   0.003432   0.003432   0.301510    0.043520   0.000000  -0.822419   0.000000  -0.055540  -0.019533   0.000000   0.035557
        8.5030 6   0.000223   0.000223   0.361771    0.045527   0.000000  -0.858741   0.000000  -0.066654  -0.021398   0.000000   0.031828
        8.4319 6   0.000008   0.000008   0.333975    0.038149   0.000000  -0.845920   0.000000  -0.072833  -0.027003   0.000000   0.034699
        7.9481 6   0.006289   0.006289   0.343505    0.040595   0.000000  -0.855527   0.000000  -0.073882  -0.026175   0.000000   0.031850
        8.1705 6   0.001725   0.001725   0.326252    0.047610   0.000000  -0.798431   0.000000  -0.060216  -0.021919   0.000000   0.030131
        8.8647 6   0.005834   0.005834   0.341885    0.060276   0.000000  -0.788787   0.000000  -0.070389  -0.025736   0.000000   0.029860
        8.5552 6   0.000567   0.000567   0.331498    0.032034   0.000000  -0.727947   0.000000  -0.077493  -0.031100   0.000000   0.033906
        8.6120 6   0.001120   0.001120   0.284648    0.038888   0.001651  -0.689037   0.000000  -0.077395  -0.025817   0.000000   0.031390
        8.3892 6   0.000019   0.000019   0.356120    0.048528   0.000000  -0.730254   0.000000  -0.079180  -0.022929   0.000000   0.031974
        8.2619 6   0.000676   0.000676   0.353431    0.039624   0.000000  -0.738323   0.000000  -0.073362  -0.022438   0.000000   0.029590
        8.1854 6   0.001521   0.001521   0.331495    0.043567   0.000000  -0.724813   0.000000  -0.077935  -0.021629   0.000000   0.031659
        8.1349 6   0.002264   0.002264   0.321998    0.047484   0.004620  -0.751481   0.000000  -0.060929  -0.020316   0.000000   0.034038
        8.5068 6   0.000243   0.000243   0.344848    0.043973   0.000000  -0.728193   0.000000  -0.060962  -0.018213   0.000000   0.034875
        8.5893 6   0.000876   0.000876   0.280439    0.041820   0.000000  -0.632130   0.000000  -0.070668  -0.023581   0.000000   0.029918
        8.2506 6   0.000779   0.000779   0.322306    0.044437   0.000000  -0.654714   0.000000  -0.083335  -0.024451   0.000000   0.034910
        8.0894 5   0.003058   0.003058   0.286561    0.055150   0.000000  -0.647761   0.000000  -0.057843  -0.018179   0.000000   0.036222
        8.3882 6   0.000021   0.000021   0.314365    0.050311   0.000000  -0.659809   0.000000  -0.069389  -0.023148   0.000000   0.032066
        8.4750 6   0.000104   0.000104   0.346191    0.064647   0.000656  -0.678280   0.000000  -0.082878  -0.025605   0.000000   0.033845
        8.3991 6   0.000007   0.000007   0.369918    0.050834   0.000000  -0.738856   0.000000  -0.060255  -0.021443   0.000000   0.028893
        8.6472 4   0.001556   0.001556   0.362621    0.063637   0.000000  -0.772890   0.000000  -0.054542  -0.018048   0.000000   0.030415
        8.3439 5   0.000146   0.000146   0.315652    0.036183   0.000260  -0.747455   0.000000  -0.057404  -0.023197   0.000000   0.033766
        8.1275 5   0.002384   0.002384   0.320416    0.043908   0.000000  -0.740001   0.000000  -0.049132  -0.017931   0.000000   0.033134
        8.3277 5   0.000220   0.000220   0.340800    0.041275   0.000000  -0.701790   0.001310  -0.065174  -0.022925   0.000000   0.033334
        8.0062 5   0.004820   0.004820   0.307767    0.050370   0.000000  -0.678919   0.000000  -0.064796  -0.026146   0.000000   0.031869
        8.1615 3   0.001854   0.001854   0.327065    0.048258   0.000000  -0.742634   0.000000  -0.037191  -0.012068   0.000000   0.033625
        8.4212 5   0.000001   0.000001   0.291618    0.046939   0.000000  -0.687822   0.000000  -0.064063  -0.019250   0.000000   0.035260
        8.6181 5   0.001190   0.001190   0.292973    0.057169   0.000000  -0.711414   0.000000  -0.063769  -0.019161   0.000000   0.030975
        8.4150 5   0.000000   0.000000   0.365792    0.041542   0.000000  -0.770531   0.000000  -0.060987  -0.021085   0.000000   0.032316
        8.5280 5   0.000368   0.000368   0.327613    0.050905   0.000000  -0.724202   0.000000  -0.058147  -0.024151   0.000000   0.032239
        8.3771 5   0.000042   0.000042   0.321843    0.059449   0.000000  -0.680935   0.000000  -0.057805  -0.018320   0.000000   0.031522
        8.2754 5   0.000562   0.000562   0.377982    0.047619   0.000000  -0.681140   0.000000  -0.065557  -0.021431   0.000000   0.030499
        8.2316 4   0.000970   0.000970   0.333176    0.044913   0.000000  -0.721176   0.000000  -0.055268  -0.020328   0.000000   0.030373
        8.1951 5   0.001395   0.001395   0.344331    0.052631   0.000000  -0.736800   0.000000  -0.055999  -0.019498   0.000000   0.033864
        8.3516 4   0.000116   0.000116   0.349655    0.047315   0.001602  -0.711820   0.000000  -0.056840  -0.021852   0.000000   0.033710
        8.1087 5   0.002706   0.002706   0.347573    0.048215   0.000000  -0.697322   0.000000  -0.063102  -0.023393   0.000000   0.035877
        8.1801 5   0.001592   0.001592   0.356634    0.046567   0.000000  -0.717790   0.000000  -0.063785  -0.020458   0.000000   0.034344
        8.2442 5   0.000841   0.000841   0.358163    0.035023   0.000000  -0.711839   0.000000  -0.057926  -0.022300   0.000000   0.031095
        8.1992 5   0.001344   0.001344   0.335216    0.062019   0.000000  -0.736888   0.000000  -0.057367  -0.016809   0.000000   0.032204
        8.6360 5   0.001408   0.001408   0.336425    0.035712   0.000000  -0.760497   0.000000  -0.060499  -0.023001   0.000000   0.033211
        8.4134 5   0.000000   0.000000   0.339111    0.039433   0.000000  -0.767202   0.000000  -0.055662  -0.019550   0.000000   0.032398
        8.5152 6   0.000290   0.000290   0.330009    0.042507   0.000000  -0.776717   0.000000  -0.075225  -0.024818   0.000000   0.033672
        8.1664 6   0.001782   0.001782   0.291189    0.048536   0.000000  -0.762020   0.000000  -0.079524  -0.028533   0.000000   0.030444
        8.0659 6   0.003516   0.003516   0.283345    0.051857   0.000000  -0.737313   0.000000  -0.077120  -0.025983   0.000000   0.036580
        8.3380 6   0.000171   0.000171   0.318261    0.035747   0.000000  -0.771457   0.000000  -0.077646  -0.019536   0.000000   0.035384
        8.5663 5   0.000660   0.000660   0.312133    0.043876   0.000000  -0.767583   0.000000  -0.073582  -0.021625  -0.000000   0.032653
        8.4288 5   0.000005   0.000005   0.321448    0.047892   0.000000  -0.816606   0.000000  -0.057628  -0.026013   0.000000   0.028970
        8.1951 6   0.001395   0.001395   0.350566    0.039827   0.000000  -0.838687   0.000000  -0.074079  -0.021608   0.000000   0.034003
        8.4159 6   0.000000   0.000000   0.348797    0.053524   0.000000  -0.810452   0.000000  -0.069990  -0.026659   0.000000   0.030076
        8.5151 6   0.000289   0.000289   0.314096    0.062569   0.000000  -0.824041   0.000000  -0.072817  -0.028843   0.000000   0.032924
        8.3032 6   0.000360   0.000360   0.293122    0.069413   0.000000  -0.791735   0.000000  -0.079689  -0.025321   0.000000   0.032505
        8.4872 5   0.000151   0.000151   0.320678    0.045449   0.000000  -0.840431   0.000000  -0.060189  -0.021370   0.000000   0.032163
        8.2369 6   0.000915   0.000915   0.317763    0.050618   0.000000  -0.798603   0.000000  -0.067590  -0.022038   0.000000   0.036476
        8.5942 6   0.000926   0.000926   0.309210    0.045386   0.000000  -0.801881   0.000000  -0.071372  -0.026726   0.000000   0.032384
        8.2599 6   0.000694   0.000694   0.316615    0.041284   0.000000  -0.791402   0.000000  -0.081044  -0.021311   0.000000   0.030142
        8.5671 6   0.000667   0.000667   0.358594    0.053503   0.000000  -0.808369   0.000000  -0.072196  -0.025345   0.000000   0.032174
        8.2655 6   0.000644   0.000644   0.341882    0.033611   0.000000  -0.808423   0.000000  -0.078937  -0.029552   0.000000   0.031871
        8.1472 5   0.002069   0.002069   0.331951    0.050225   0.000000  -0.845483   0.000000  -0.066025  -0.015699   0.000000   0.034797
        8.2715 6   0.000594   0.000594   0.337830    0.042079   0.000000  -0.808182   0.000000  -0.060820  -0.023032   0.000000   0.033958
        8.1995 5   0.001340   0.001340   0.311428    0.051784   0.000000  -0.818692   0.000000  -0.045118  -0.018420   0.000000   0.031600
        7.9026 5   0.007572   0.007572   0.302803    0.057454   0.000000  -0.785786   0.000000  -0.065698  -0.024696   0.000000   0.030670
        8.3334 5   0.000192   0.000192   0.360527    0.035444   0.000000  -0.810319   0.000000  -0.061621  -0.017431   0.000000   0.030689
        8.2433 5   0.000850   0.000850   0.322060    0.053710   0.000000  -0.746078   0.000000  -0.061849  -0.021348   0.000000   0.028841
        8.3980 5   0.000008   0.000008   0.307092    0.052981   0.000000  -0.803327   0.000000  -0.062881  -0.017728   0.000000   0.027263
        8.3039 5   0.000356   0.000356   0.278675    0.068138   0.000049  -0.779601   0.000000  -0.042601  -0.018324   0.000000   0.033332
        8.2867 5   0.000475   0.000475   0.367860    0.038460   0.000000  -0.807828   0.000000  -0.058972  -0.020723   0.000000   0.033429
        8.1471 6   0.002070   0.002070   0.341707    0.046830   0.000000  -0.801433   0.000000  -0.067243  -0.022827   0.000000   0.030611
        8.4959 6   0.000189   0.000189   0.308944    0.053755   0.000013  -0.758262   0.000000  -0.078554  -0.023249   0.000000   0.031548
        8.5441 6   0.000481   0.000481   0.352672    0.042592   0.000000  -0.737895   0.000000  -0.076764  -0.024180   0.000000   0.035460
        8.6208 6   0.001221   0.001221   0.324079    0.054246   0.000000  -0.724072   0.000000  -0.074610  -0.029319   0.000000   0.032117
        8.3530 6   0.000111   0.000111   0.311548    0.065032   0.000000  -0.688539   0.000000  -0.061950  -0.023705   0.000000   0.032388
        8.0567 5   0.003704   0.003704   0.349463    0.073490   0.000000  -0.737674   0.000000  -0.070802  -0.019172   0.000000   0.037040
        8.4499 6   0.000035   0.000035   0.343404    0.055709   0.000000  -0.701962   0.000000  -0.064935  -0.017222   0.000000   0.033334
        8.7282 2   0.002830   0.002830   0.317374    0.052342   0.000000  -0.712481   0.000200  -0.033633  -0.010240   0.000000   0.037186
        8.1860 6   0.001513   0.001513   0.332872    0.074933   0.000000  -0.734526   0.000000  -0.069000  -0.015772   0.000000   0.038972
        8.4042 6   0.000003   0.000003   0.335574    0.051009   0.000000  -0.709129   0.000000  -0.083256  -0.029032   0.000000   0.036269
        8.3567 6   0.000098   0.000098   0.285925    0.043027   0.000000  -0.699797   0.000100  -0.082911  -0.025897   0.000000   0.035085
        8.2882 6   0.000464   0.000464   0.344624    0.055765   0.000000  -0.708419   0.000000  -0.074227  -0.022444   0.000000   0.035612
        8.2867 6   0.000475   0.000475   0.314868    0.059529   0.000000  -0.684462   0.000000  -0.053862  -0.015149   0.000000   0.033439
        8.3759 7   0.000044   0.000044   0.341968    0.064189   0.000000  -0.697129   0.000000  -0.089477  -0.020419   0.000000   0.035108
        8.2854 7   0.000484   0.000484   0.330375    0.057668   0.000000  -0.726130   0.000000  -0.076091  -0.025001   0.000000   0.032284
        8.1209 7   0.002495   0.002495   0.374261    0.061682   0.000000  -0.783020   0.000000  -0.094499  -0.027199   0.000000   0.032441
        8.4751 7   0.000104   0.000104   0.286905    0.045023   0.000000  -0.749111   0.000000  -0.070666  -0.025801   0.000000   0.031313
        8.2095 6   0.001218   0.001218   0.331334    0.045752   0.003576  -0.786988   0.000000  -0.083334  -0.025289   0.000000   0.032758
        8.4255 6   0.000003   0.000003   0.304868    0.042847   0.000000  -0.786089   0.000080  -0.082756  -0.028281   0.000000   0.034995
        8.3300 6   0.000208   0.000208   0.344365    0.045956   0.000000  -0.802049   0.000000  -0.088191  -0.031074   0.000000   0.032138
        8.1412 7   0.002163   0.002163   0.349178    0.059169   0.000100  -0.856241   0.000000  -0.082526  -0.028743   0.000000   0.036079
        7.9476 6   0.006302   0.006302   0.322313    0.041118   0.000000  -0.760822   0.000000  -0.080773  -0.031604   0.000000   0.035934
        8.5785 7   0.000771   0.000771   0.338490    0.063135   0.000000  -0.791336   0.000000  -0.084572  -0.030016   0.000000   0.030512
        8.0930 7   0.002990   0.002990   0.331246    0.060315   0.000000  -0.778096   0.000000  -0.099735  -0.032532   0.000000   0.033330
        8.3522 6   0.000114   0.000114   0.397721    0.045956   0.000000  -0.796770   0.000000  -0.091837  -0.026812   0.000000   0.035748
        8.6491 7   0.001581   0.001581   0.338503    0.047532   0.000000  -0.740645   0.000000  -0.086051  -0.029455   0.000000   0.031174
        8.1962 7   0.001381   0.001381   0.336977    0.060251   0.000222  -0.735431   0.000000  -0.095878  -0.026953   0.000000   0.033827
        8.3660 7   0.000069   0.000069   0.336653    0.044673   0.000000  -0.739787   0.000000  -0.072671  -0.020074   0.000000   0.035006
        8.2172 5   0.001129   0.001129   0.314632    0.040699   0.000000  -0.648462   0.000000  -0.056802  -0.019348   0.000000   0.033466
        8.2433 7   0.000851   0.000851   0.316927    0.048627   0.000000  -0.633844   0.000000  -0.091995  -0.025671   0.000000   0.032937
        8.2544 7   0.000744   0.000744   0.321952    0.046280   0.000047  -0.637604   0.000000  -0.100899  -0.028720   0.000000   0.032765
        8.3221 7   0.000249   0.000249   0.337541    0.044089   0.000000  -0.625728   0.001066  -0.099169  -0.032791   0.000000   0.036607
        7.9592 7   0.005993   0.005993   0.332696    0.061204   0.000000  -0.654001   0.000351  -0.089245  -0.025759   0.000000   0.040188
        8.2224 7   0.001070   0.001070   0.300052    0.057685   0.000000  -0.643105   0.000000  -0.085105  -0.029299   0.000000   0.033114
        8.5110 7   0.000266   0.000266   0.325063    0.031878   0.000000  -0.667294   0.000000  -0.089522  -0.026519   0.000000   0.033609
        8.1859 7   0.001514   0.001514   0.311486    0.039311   0.001984  -0.678432   0.000000  -0.074601  -0.021065   0.000000   0.033473
        8.0647 7   0.003539   0.003539   0.312062    0.045866   0.000000  -0.696550   0.000000  -0.086344  -0.027293   0.000000   0.035850
        8.3886 6   0.000020   0.000020   0.351831    0.050676   0.000000  -0.747623   0.000000  -0.068605  -0.025989   0.000000   0.031658
        8.0563 7   0.003711   0.003711   0.348323    0.048933   0.000000  -0.700820   0.000000  -0.099432  -0.027118   0.000000   0.031603
        8.2569 7   0.000721   0.000721   0.367229    0.055411   0.000215  -0.688513   0.000000  -0.077354  -0.021664   0.000000   0.035167
        8.3087 6   0.000326   0.000326   0.303728    0.075233   0.000000  -0.709248   0.000000  -0.061693  -0.020254   0.000000   0.035753
        8.5048 6   0.000232   0.000232   0.334997    0.048244   0.000000  -0.735905   0.000000  -0.067938  -0.023988   0.000000   0.034526
        8.5569 6   0.000581   0.000581   0.400489    0.054778   0.000000  -0.755560   0.000000  -0.076740  -0.027215   0.000000   0.032860
        8.5087 6   0.000253   0.000253   0.355639    0.053220   0.000000  -0.750202   0.000000  -0.069661  -0.022256   0.000000   0.032517
        8.3935 7   0.000013   0.000013   0.377439    0.060959   0.000273  -0.802752   0.000000  -0.074773  -0.028034   0.000000   0.032840
        8.2749 7   0.000566   0.000566   0.412760    0.051213   0.000000  -0.818030   0.000000  -0.078911  -0.025884   0.000000   0.033701
        8.3661 7   0.000069   0.000069   0.320492    0.064386   0.000000  -0.764282   0.000000  -0.081568  -0.022410   0.000000   0.034253
        8.3198 7   0.000261   0.000261   0.326875    0.062284   0.000000  -0.766134   0.000000  -0.093853  -0.030828   0.000000   0.029750
        8.3443 7   0.000144   0.000144   0.313914    0.063450   0.000000  -0.766261   0.000000  -0.080839  -0.023032   0.000000   0.033090
        7.9773 6   0.005527   0.005527   0.345840    0.056686   0.000000  -0.799737   0.000000  -0.080505  -0.021934   0.000000   0.032391
        8.1391 6   0.002196   0.002196   0.323684    0.031510   0.000000  -0.774813   0.000000  -0.075040  -0.023521   0.000000   0.034695
        8.0271 6   0.004339   0.004339   0.315328    0.064261   0.000000  -0.792764   0.000000  -0.079094  -0.028629   0.000000   0.033815
        8.0869 6   0.003106   0.003106   0.305448    0.041313   0.000000  -0.774596   0.000000  -0.089806  -0.022600   0.000000   0.032658
        8.3135 5   0.000297   0.000297   0.331422    0.042908   0.000000  -0.833413   0.000000  -0.055248  -0.020338   0.000000   0.035107
        7.9619 6   0.005922   0.005922   0.306205    0.049078   0.000075  -0.769498   0.000000  -0.072561  -0.025324   0.000000   0.035697
        8.6548 7   0.001659   0.001659   0.331795    0.051674   0.000000  -0.805245   0.000000  -0.088194  -0.032781   0.000000   0.033135
        8.5912 7   0.000896   0.000896   0.295523    0.045511   0.000000  -0.795026   0.000000  -0.081469  -0.023477   0.000000   0.030505
        8.5622 7   0.000625   0.000625   0.295498    0.059532   0.002803  -0.813835   0.000000  -0.095547  -0.029842   0.000000   0.033260
        8.4167 6   0.000000   0.000000   0.328947    0.041842   0.000000  -0.808576   0.000000  -0.087372  -0.030181   0.000000   0.029770
        8.0788 7   0.003260   0.003260   0.278833    0.040678   0.000000  -0.679801   0.000000  -0.081601  -0.023777   0.000000   0.033235
        8.3150 6   0.000288   0.000288   0.335077    0.055893   0.000000  -0.735488   0.000000  -0.087652  -0.027559   0.000000   0.031499
        8.2308 7   0.000979   0.000979   0.323272    0.044403   0.000000  -0.704756   0.000000  -0.088277  -0.032433   0.000000   0.033092
        8.2536 5   0.000751   0.000751   0.326030    0.056292   0.000672  -0.712515   0.000000  -0.066587  -0.029265   0.000000   0.032404
        8.4392 7   0.000017   0.000017   0.307449    0.040890   0.000000  -0.691408   0.000000  -0.077442  -0.021394   0.000000   0.038453
        8.3091 7   0.000324   0.000324   0.296887    0.066063   0.000000  -0.690633   0.000000  -0.083598  -0.026303   0.000000   0.034350
        8.2149 6   0.001155   0.001155   0.361791    0.047982   0.000000  -0.691400   0.000000  -0.071303  -0.029620   0.000000   0.033302
        8.4077 7   0.000002   0.000002   0.366854    0.038606   0.000434  -0.663409   0.000000  -0.077244  -0.020000   0.000000   0.028800
        8.2484 6   0.000800   0.000800   0.376819    0.032716   0.000000  -0.585582   0.000000  -0.065556  -0.026610   0.000000   0.036675
        8.0649 6   0.003536   0.003536   0.348563    0.058751   0.000000  -0.608447   0.000000  -0.067987  -0.020766   0.000000   0.033181
        8.3051 5   0.000348   0.000348   0.325465    0.049629   0.000000  -0.601839   0.000000  -0.053794  -0.021523   0.000000   0.033693
        8.4382 5   0.000016   0.000016   0.304404    0.041499   0.000000  -0.553802   0.000000  -0.061616  -0.028087   0.000000   0.033542
        8.1734 5   0.001684   0.001684   0.295671    0.052164   0.000024  -0.609839   0.000000  -0.062043  -0.022978   0.000000   0.031616
        8.5730 5   0.000720   0.000720   0.361438    0.041219   0.000000  -0.747512   0.000000  -0.047024  -0.022390   0.000000   0.035855
        8.3075 4   0.000333   0.000333   0.331945    0.042281   0.000000  -0.733809   0.000000  -0.053776  -0.026053   0.000000   0.034716
        8.3426 5   0.000151   0.000151   0.368372    0.051990   0.000000  -0.827146   0.000000  -0.044806  -0.010027   0.000000   0.033094
        8.2603 5   0.000691   0.000691   0.372602    0.040389   0.000000  -0.819430   0.000000  -0.055647  -0.020587   0.000000   0.035817
        8.3442 2   0.000145   0.000145   0.352176    0.046451   0.000000  -0.798751   0.000000  -0.024469  -0.013328   0.000000   0.035551
        8.0897 5   0.003053   0.003053   0.341623    0.060232   0.000000  -0.710711   0.000000  -0.057969  -0.019834   0.000000   0.031057
        8.4711 4   0.000091   0.000091   0.346649    0.050823   0.000000  -0.713097   0.000000  -0.043680  -0.016760   0.000000   0.030132
        8.4621 4   0.000064   0.000064   0.296888    0.047101   0.000000  -0.642746   0.000000  -0.059530  -0.015488   0.000000   0.035798
        8.1474 2   0.002065   0.002065   0.305911    0.056591   0.004603  -0.643405   0.000000  -0.030222  -0.016918   0.000000   0.032717
        8.0117 5   0.004691   0.004691   0.390163    0.062155   0.000000  -0.694106   0.000000  -0.064183  -0.025137   0.000000   0.034034
        8.3608 6   0.000085   0.000085   0.335561    0.062230   0.000000  -0.664509   0.000000  -0.071547  -0.021572   0.000000   0.036003
        8.4188 6   0.000000   0.000000   0.331980    0.044642   0.000000  -0.647911   0.000000  -0.081863  -0.025400   0.000000   0.034762
        8.0482 6   0.003881   0.003881   0.383805    0.044808   0.000000  -0.741458   0.000000  -0.072847  -0.024678   0.000000   0.031393
        8.3214 6   0.000253   0.000253   0.330661    0.044987   0.000000  -0.738573   0.000000  -0.061635  -0.022836   0.000000   0.032222
        8.5632 6   0.000634   0.000634   0.334768    0.049056   0.000000  -0.718029   0.000000  -0.077249  -0.025315   0.000000   0.031079
        8.3519 6   0.000115   0.000115   0.334633    0.053309   0.000000  -0.736126   0.000000  -0.068357  -0.024401   0.000000   0.033659
        8.4757 6   0.000106   0.000106   0.405145    0.063251   0.000000  -0.816117   0.000000  -0.078690  -0.025098   0.000000   0.033111
        8.4367 6   0.000014   0.000014   0.333883    0.049039   0.000000  -0.779189   0.000000  -0.072247  -0.020549   0.000000   0.031475
        8.6816 5   0.002050   0.002050   0.369509    0.050697   0.000000  -0.797718   0.000000  -0.062064  -0.020642   0.000000   0.029608
        7.8877 5   0.008021   0.008021   0.350436    0.061015   0.000000  -0.812963   0.000000  -0.062528  -0.023211   0.000000   0.033560
        8.5930 6   0.000914   0.000914   0.331880    0.041402   0.000000  -0.778745   0.000000  -0.057326  -0.019632   0.000000   0.031911
        8.2893 6   0.000456   0.000456   0.341289    0.041930   0.000000  -0.810643   0.000000  -0.073511  -0.027183   0.000000   0.034314
        8.1488 6   0.002044   0.002044   0.318541    0.054294   0.000000  -0.848927   0.000000  -0.079777  -0.026910   0.000000   0.030208
        8.4613 5   0.000062   0.000062   0.345179    0.037938   0.000000  -0.843065   0.000000  -0.055944  -0.028794   0.000000   0.030211
        8.2567 6   0.000723   0.000723   0.329885    0.038891   0.000000  -0.813778   0.000000  -0.072676  -0.019964   0.000000   0.031513
        8.5006 6   0.000211   0.000211   0.348994    0.034800   0.000000  -0.845425   0.000000  -0.086393  -0.026876   0.000000   0.033985
        8.3617 6   0.000082   0.000082   0.323992    0.034293   0.000000  -0.867646   0.000000  -0.069291  -0.023461   0.000000   0.031191
        8.4806 6   0.000124   0.000124   0.332081    0.050233   0.000000  -0.871335   0.000000  -0.075015  -0.025742   0.000000   0.029578
        8.3212 6   0.000254   0.000254   0.321886    0.053557   0.000000  -0.839137   0.000000  -0.079805  -0.026591   0.000000   0.029342
        8.3243 6   0.000237   0.000237   0.315921    0.044962   0.000000  -0.796843   0.000000  -0.077176  -0.026863   0.000000   0.034005
        8.1201 6   0.002508   0.002508   0.304818    0.045854   0.000000  -0.828463   0.000000  -0.074623  -0.023722   0.000000   0.032767
        8.0539 6   0.003761   0.003761   0.305247    0.059108   0.000000  -0.846325   0.000000  -0.075039  -0.019682   0.000000   0.031967
        8.1916 6   0.001440   0.001440   0.322970    0.059783   0.000000  -0.803480   0.000000  -0.077837  -0.027832   0.000000   0.030204
        8.2155 6   0.001148   0.001148   0.335951    0.047017   0.000000  -0.813085   0.000000  -0.066664  -0.022614   0.000000   0.035201
        8.3131 5   0.000300   0.000300   0.322440    0.037323   0.000000  -0.808859   0.000000  -0.044411  -0.015704   0.000000   0.031365
        8.2693 6   0.000612   0.000612   0.322536    0.048717   0.000000  -0.821157   0.000000  -0.068320  -0.019900   0.000000   0.033980
        8.0774 5   0.003288   0.003288   0.311649    0.057851   0.000000  -0.844363   0.000000  -0.050433  -0.020419   0.000000   0.035043
        8.2126 6   0.001182   0.001182   0.300250    0.052992   0.000000  -0.804944   0.000000  -0.069942  -0.020178   0.000000   0.031439
        8.1479 6   0.002057   0.002057   0.350457    0.050406   0.000000  -0.825703   0.000000  -0.078053  -0.027249   0.000000   0.033604
        8.5030 6   0.000224   0.000224   0.347170    0.044305   0.000000  -0.817928   0.000000  -0.064168  -0.021935   0.000000   0.033312
        8.5568 6   0.000580   0.000580   0.360029    0.042120   0.000000  -0.848058   0.000000  -0.054862  -0.021907   0.000000   0.031281
        8.5117 5   0.000270   0.000270   0.330376    0.059681   0.000000  -0.850105   0.000000  -0.051718  -0.022150   0.000000   0.031246
        8.0345 5   0.004177   0.004177   0.325364    0.037228   0.001631  -0.816878   0.000000  -0.060208  -0.023182   0.000000   0.034718
        8.1666 4   0.001780   0.001780   0.333530    0.038074   0.000000  -0.812436   0.000000  -0.049367  -0.023134   0.000000   0.033570
        8.3622 4   0.000080   0.000080   0.324780    0.037277   0.000000  -0.807685   0.000000  -0.047531  -0.021585   0.000000   0.034196
        8.2943 4   0.000420   0.000420   0.310175    0.045628   0.000000  -0.825009   0.000000  -0.040252  -0.023497   0.000000   0.031640
        8.1899 5   0.001461   0.001461   0.318142    0.054643   0.000000  -0.829681   0.000000  -0.053094  -0.017864   0.000000   0.032682
        8.4623 4   0.000065   0.000065   0.300496    0.031811   0.000000  -0.815606   0.000000  -0.048772  -0.013325   0.000000   0.032004
        7.9246 5   0.006938   0.006938   0.310505    0.052634   0.000000  -0.841178   0.000000  -0.056854  -0.018895   0.000000   0.032961
        8.1981 4   0.001357   0.001357   0.295480    0.044403   0.000000  -0.801850   0.000000  -0.046739  -0.013747   0.000000   0.032520
        8.2807 2   0.000520   0.000520   0.321937    0.042511   0.001329  -0.817006   0.000001  -0.030001  -0.008289   0.000000   0.034077
        8.4497 3   0.000035   0.000035   0.318090    0.043157   0.000000  -0.803973   0.000000  -0.035392  -0.015732   0.000000   0.031608
        8.1802 6   0.001590   0.001590   0.351097    0.049175   0.000000  -0.784441   0.000000  -0.084975  -0.025887   0.000000   0.031517
        8.2869 6   0.000474   0.000474   0.336625    0.040226   0.000000  -0.773977   0.000000  -0.071394  -0.026532   0.000000   0.033085
        8.1279 6   0.002378   0.002378   0.335573    0.035577   0.000000  -0.804267   0.000000  -0.062617  -0.026645   0.000000   0.035908
        8.1588 4   0.001893   0.001893   0.292011    0.038287   0.000000  -0.815088   0.000000  -0.049482  -0.014366   0.000000   0.032798
        8.2600 6   0.000693   0.000693   0.326299    0.044968   0.000000  -0.832485   0.000000  -0.063072  -0.022154   0.000000   0.033332
        8.3419 5   0.000154   0.000154   0.324534    0.042561   0.000000  -0.817584   0.000000  -0.069489  -0.029029   0.000000   0.033262
        8.0934 7   0.002984   0.002984   0.319880    0.047101   0.000000  -0.799241   0.000000  -0.089416  -0.028424   0.000000   0.034842
        8.2142 6   0.001163   0.001163   0.299924    0.066876   0.000364  -0.831185   0.000000  -0.061703  -0.027845   0.000000   0.029550
        8.2066 7   0.001252   0.001252   0.365612    0.051399   0.000003  -0.855193   0.000000  -0.085551  -0.025694   0.000000   0.035624
        8.2187 7   0.001112   0.001112   0.295242    0.056442   0.000000  -0.822121   0.000000  -0.078053  -0.020584   0.000000   0.032969
        8.0509 7   0.003825   0.003825   0.286847    0.057408   0.000000  -0.844564   0.000000  -0.091345  -0.031433   0.000000   0.032740
        8.1200 7   0.002510   0.002510   0.288384    0.072009   0.000000  -0.883708   0.000747  -0.093004  -0.026974   0.000000   0.037445
        8.1449 4   0.002105   0.002105   0.268089    0.041614   0.002625  -0.866500   0.000000  -0.055953  -0.019784   0.000000   0.033505
        8.0157 7   0.004600   0.004600   0.306735    0.040612   0.000000  -0.843907   0.000000  -0.089631  -0.028402   0.000000   0.031266
        8.1414 7   0.002160   0.002160   0.328829    0.046946   0.000000  -0.876238   0.000000  -0.073475  -0.030720   0.000000   0.033773
        8.3702 7   0.000058   0.000058   0.316001    0.035101   0.000000  -0.820658   0.000000  -0.089653  -0.028321  -0.002117   0.033757
        8.5598 7   0.000605   0.000605   0.326701    0.055983   0.000000  -0.882573   0.000000  -0.095805  -0.029817   0.000000   0.032405
        8.2644 7   0.000654   0.000654   0.304601    0.047633   0.000000  -0.821755   0.000000  -0.101031  -0.027503   0.000000   0.033816
        7.9937 7   0.005121   0.005121   0.288299    0.065010   0.000000  -0.834524   0.000000  -0.084155  -0.027296   0.000000   0.032275
        7.9503 7   0.006229   0.006229   0.300056    0.036677   0.000000  -0.825341   0.000000  -0.096566  -0.032634   0.000000   0.031612
        8.2860 7   0.000480   0.000480   0.271489    0.045245   0.000000  -0.838404   0.000000  -0.079473  -0.027601   0.000000   0.030550
        8.1917 6   0.001438   0.001438   0.314652    0.046019   0.000000  -0.847803   0.000000  -0.087542  -0.024701   0.000000   0.032713
        8.3610 7   0.000084   0.000084   0.319104    0.054321   0.000000  -0.863937   0.000000  -0.083993  -0.023419   0.000000   0.032749
        7.9944 7   0.005104   0.005104   0.339508    0.055568   0.000000  -0.905745   0.000000  -0.101086  -0.030543   0.000000   0.031064
        7.8936 6   0.007842   0.007842   0.330706    0.054960   0.000000  -0.851212   0.000000  -0.075106  -0.025335   0.000000   0.032961
        7.9724 7   0.005651   0.005651   0.335757    0.050928   0.000000  -0.849970   0.000000  -0.073438  -0.026968   0.000000   0.032804
        7.9729 6   0.005638   0.005638   0.352885    0.051589   0.000000  -0.834945   0.000000  -0.083939  -0.023558   0.000000   0.030630
        8.3271 7   0.000223   0.000223   0.325919    0.038844   0.000000  -0.833516   0.000000  -0.080117  -0.028252   0.000000   0.031870
        8.0255 7   0.004375   0.004375   0.305446    0.046802   0.000000  -0.819839   0.000000  -0.092653  -0.021152   0.000000   0.033092
        8.0235 7   0.004422   0.004422   0.287240    0.065562   0.000763  -0.860722   0.000000  -0.066690  -0.020687   0.000000   0.034923
        8.2265 6   0.001025   0.001025   0.298187    0.049140   0.000000  -0.795768   0.000000  -0.080478  -0.027500   0.000000   0.030320
        8.6834 7   0.002078   0.002078   0.311975    0.041737   0.000000  -0.783777   0.000000  -0.087545  -0.026483   0.000000   0.032595
        8.7841 6   0.003929   0.003929   0.297442    0.058091   0.000000  -0.823508   0.000000  -0.081371  -0.028234   0.000000   0.030948
        8.2083 7   0.001233   0.001233   0.311442    0.040685   0.000000  -0.843209   0.000000  -0.093956  -0.027248   0.000000   0.031892
        8.2301 7   0.000986   0.000986   0.324825    0.041051   0.000000  -0.851038   0.000000  -0.087430  -0.030021   0.000000   0.032011
        8.4049 7   0.000003   0.000003   0.333280    0.057629   0.000000  -0.828041   0.000000  -0.091614  -0.027027   0.000000   0.033679
        8.3346 7   0.000186   0.000186   0.239366    0.059512   0.000000  -0.743698   0.000000  -0.087527  -0.027018   0.000000   0.034114
        8.5856 7   0.000839   0.000839   0.323489    0.048170   0.000000  -0.801676   0.000000  -0.090654  -0.025231   0.000000   0.031575
        8.2032 7   0.001294   0.001294   0.318549    0.058926   0.000000  -0.763922   0.000000  -0.088124  -0.030663   0.000000   0.032174
        8.1271 7   0.002392   0.002392   0.331920    0.064160   0.000000  -0.760501   0.000000  -0.091964  -0.022585   0.000000   0.033486
        8.4396 7   0.000017   0.000017   0.308883    0.036668   0.000000  -0.685096   0.000000  -0.097607  -0.031977   0.000000   0.029494
        8.1707 7   0.001721   0.001721   0.305375    0.034054   0.000000  -0.726128   0.000000  -0.087331  -0.028135   0.000000   0.031817
        8.4738 7   0.000100   0.000100   0.320725    0.046973   0.000000  -0.727016   0.000000  -0.088682  -0.033106   0.000000   0.032335
        8.2880 7   0.000465   0.000465   0.396914    0.049212   0.000000  -0.758242   0.001404  -0.086566  -0.029102   0.000000   0.035354
        8.2290 7   0.000998   0.000998   0.373881    0.039725   0.000000  -0.726749   0.000000  -0.089008  -0.027696   0.000000   0.033714
        8.4196 7   0.000001   0.000001   0.364177    0.068202   0.000039  -0.744046   0.000000  -0.094270  -0.026660   0.000000   0.034409
        8.2499 7   0.000786   0.000786   0.340154    0.041225   0.000000  -0.706073   0.000000  -0.080331  -0.026935   0.000000   0.031630
        8.0446 7   0.003958   0.003958   0.387411    0.034519   0.000000  -0.686088   0.000000  -0.092650  -0.029572   0.000000   0.031658
        8.1362 6   0.002242   0.002242   0.350210    0.057673   0.000000  -0.691151   0.000000  -0.077268  -0.030023   0.000000   0.033861
        8.7100 7   0.002510   0.002510   0.373380    0.070546   0.000000  -0.695228   0.000000  -0.078500  -0.018753   0.000000   0.031844
        8.4449 7   0.000026   0.000026   0.348881    0.064851   0.000000  -0.746228   0.000000  -0.085031  -0.031569   0.000000   0.031213
        8.3502 7   0.000121   0.000121   0.309296    0.062897   0.000000  -0.692961   0.000000  -0.099316  -0.019198  -0.010594   0.034631
        8.1090 7   0.002700   0.002700   0.346300    0.055848   0.000000  -0.728510   0.000000  -0.079223  -0.024746   0.000000   0.034668
        8.2769 6   0.000550   0.000550   0.365696    0.046149   0.000000  -0.718514   0.000000  -0.075839  -0.029656   0.000000   0.032056
        8.4208 7   0.000001   0.000001   0.345423    0.063623   0.000000  -0.732424   0.000000  -0.082917  -0.024659   0.000000   0.034547
        8.3794 6   0.000037   0.000037   0.338412    0.043721   0.000000  -0.706454   0.000000  -0.075133  -0.024551   0.000000   0.030574
        8.6421 6   0.001488   0.001488   0.394140    0.041040   0.000000  -0.716062   0.000000  -0.070906  -0.024993   0.000000   0.033145
        8.2834 7   0.000500   0.000500   0.352532    0.052086   0.000000  -0.678965   0.000000  -0.074648  -0.030409   0.000000   0.030792
        8.4198 7   0.000001   0.000001   0.365007    0.043810   0.001075  -0.670494   0.000000  -0.091519  -0.024451   0.000000   0.035276
        8.3088 6   0.000325   0.000325   0.293110    0.053052   0.000000  -0.650355   0.000000  -0.052705  -0.020376   0.000000   0.033211
        8.1486 6   0.002047   0.002047   0.314480    0.089296   0.000000  -0.662539   0.000000  -0.072025  -0.022919   0.000000   0.032353
        8.2016 5   0.001313   0.001313   0.350345    0.050823   0.000000  -0.667760   0.000000  -0.064993  -0.024268   0.000000   0.040200
        8.4354 5   0.000012   0.000012   0.327298    0.047310   0.000000  -0.706849   0.000000  -0.058433  -0.018221   0.000000   0.036168
        8.4849 6   0.000141   0.000141   0.333679    0.069053   0.000000  -0.647385   0.000000  -0.072399  -0.021196   0.000000   0.032164
        8.1988 6   0.001349   0.001349   0.297069    0.049752   0.000000  -0.645162   0.000000  -0.071310  -0.025975   0.000000   0.031047
        8.2529 6   0.000758   0.000758   0.362547    0.042658   0.000000  -0.666234   0.000000  -0.061347  -0.019147   0.000000   0.033850
        8.2835 6   0.000499   0.000499   0.347570    0.056036   0.000000  -0.681160   0.000017  -0.060463  -0.022723   0.000000   0.035833
        8.5135 6   0.000280   0.000280   0.356732    0.061305   0.000000  -0.669567   0.000849  -0.065731  -0.028448   0.000000   0.032583
        8.4025 6   0.000005   0.000005   0.346458    0.031308   0.000000  -0.645537   0.000000  -0.087541  -0.027373   0.000000   0.032807
        8.4084 6   0.000001   0.000001   0.334720    0.050419   0.000607  -0.701498   0.000000  -0.075618  -0.014807   0.000000   0.033046
        8.3916 5   0.000016   0.000016   0.324152    0.046716   0.000000  -0.685146   0.000000  -0.061580  -0.021482   0.000000   0.031353
        8.0748 6   0.003339   0.003339   0.354798    0.033934   0.000000  -0.714773   0.000000  -0.080569  -0.028626   0.000000   0.035456
        8.3701 5   0.000058   0.000058   0.334289    0.052598   0.000240  -0.723944   0.001804  -0.065608  -0.019973   0.000000   0.033691
        7.9840 5   0.005358   0.005358   0.351929    0.050604   0.000000  -0.717268   0.000000  -0.061541  -0.023890   0.000000   0.039144
        8.6445 6   0.001519   0.001519   0.304519    0.040799   0.002397  -0.663546   0.000000  -0.069790  -0.022727   0.000000   0.033964
        8.3812 6   0.000033   0.000033   0.316456    0.057000   0.000000  -0.615346   0.000000  -0.074521  -0.025092   0.000000   0.032137
        7.8151 6   0.010381   0.010381   0.362103    0.057975   0.000000  -0.651933   0.000000  -0.070602  -0.021659   0.000000   0.037665
        8.0818 5   0.003203   0.003203   0.322514    0.049889   0.000000  -0.609348   0.000000  -0.073032  -0.023941   0.000000   0.033609
        8.1963 6   0.001380   0.001380   0.372238    0.041484   0.000000  -0.546033   0.000000  -0.079206  -0.023798   0.000000   0.034362
        8.3203 4   0.000259   0.000259   0.381883    0.040981   0.000278  -0.569000   0.000000  -0.052398  -0.018429   0.000000   0.032335
        8.5534 6   0.000553   0.000553   0.339673    0.066033   0.000000  -0.563973   0.000000  -0.067430  -0.017824   0.000000   0.030129
        8.2335 5   0.000950   0.000950   0.333884    0.040599   0.000212  -0.586518   0.000000  -0.060545  -0.021224   0.000000   0.035536
        8.2150 5   0.001154   0.001154   0.376768    0.052208   0.000024  -0.576806   0.000000  -0.070994  -0.028548   0.000000   0.032174
        8.4055 4   0.000003   0.000003   0.328475    0.053593   0.000000  -0.531269   0.000000  -0.049083  -0.021378   0.000000   0.035500
        8.5626 3   0.000628   0.000628   0.324382    0.048341   0.000000  -0.524066   0.000000  -0.049779  -0.017902   0.000000   0.032113
        8.3203 4   0.000259   0.000259   0.392077    0.041206   0.000000  -0.600982   0.000000  -0.043164  -0.013421   0.000000   0.030551
        8.6778 5   0.001992   0.001992   0.358737    0.047516   0.000000  -0.622880   0.000000  -0.062721  -0.020601   0.000000   0.032010
        8.4099 4   0.000001   0.000001   0.372717    0.045676   0.005115  -0.621925   0.000000  -0.055836  -0.020826   0.000000   0.031359
        8.3551 3   0.000104   0.000104   0.317329    0.052908   0.000000  -0.662515   0.000000  -0.036143  -0.021838   0.000000   0.039494
        8.3397 5   0.000164   0.000164   0.362087    0.046385   0.000021  -0.597654   0.000000  -0.065429  -0.020596   0.000000   0.030204
        8.3485 5   0.000128   0.000128   0.312136    0.057593   0.000000  -0.586856   0.000000  -0.039795  -0.012913   0.000000   0.029774
        8.5608 5   0.000614   0.000614   0.307716    0.066562   0.000000  -0.578198   0.000000  -0.038024  -0.020596   0.000000   0.035874
        8.5454 3   0.000490   0.000490   0.333995    0.054020   0.000000  -0.584801   0.000000  -0.020673  -0.011084   0.000000   0.036074
        8.2770 5   0.000549   0.000549   0.356404    0.044728   0.000000  -0.561607   0.000000  -0.053891  -0.022889   0.000000   0.034500
        8.2076 3   0.001241   0.001241   0.360557    0.048395   0.000000  -0.644492   0.000324  -0.032769  -0.021903   0.000000   0.034025
        8.1903 5   0.001457   0.001457   0.371491    0.061189   0.000000  -0.686377   0.000000  -0.055683  -0.017667   0.000000   0.030505
        8.5076 4   0.000247   0.000247   0.338658    0.063525   0.000000  -0.679297   0.000118  -0.048994  -0.019461   0.000000   0.035377
        8.3621 2   0.000081   0.000081   0.328840    0.044460   0.000000  -0.662386   0.000000  -0.034699  -0.011044   0.000000   0.034347
        8.6161 4   0.001166   0.001166   0.330030    0.071497   0.000000  -0.664909   0.000000  -0.038862  -0.010525   0.000000   0.033276
        8.1092 2   0.002698   0.002698   0.309543    0.037118   0.000000  -0.651974   0.000000  -0.032636  -0.012409   0.000000   0.034148
        8.2649 4   0.000649   0.000649   0.334082    0.051369   0.000000  -0.672625   0.000382  -0.047417  -0.013259   0.000000   0.033362
        8.3658 4   0.000070   0.000070   0.336027    0.062995   0.000000  -0.758810   0.000000  -0.046124  -0.018659   0.000000   0.031097
        8.3482 2   0.000129   0.000129   0.361688    0.059781   0.000000  -0.771929   0.000000  -0.032880  -0.009559   0.000000   0.027723
        8.0956 2   0.002943   0.002943   0.310204    0.064893   0.000000  -0.782714   0.000000  -0.030404  -0.012005   0.000000   0.034285
        8.3790 3   0.000037   0.000037   0.289324    0.046351   0.000000  -0.769280   0.000000  -0.042762  -0.012753   0.000000   0.028833
        8.2671 2   0.000631   0.000631   0.342551    0.046989   0.000000  -0.800180   0.000000  -0.027646  -0.007641   0.000000   0.037192
        8.3572 2   0.000096   0.000096   0.356308    0.049546   0.000000  -0.785328   0.000000  -0.026074  -0.013300   0.000000   0.033538
        8.3056 3   0.000345   0.000345   0.369440    0.051999   0.000019  -0.771294   0.000000  -0.040674  -0.013439   0.000000   0.030215
        8.3930 3   0.000014   0.000014   0.319122    0.057045   0.000000  -0.767809   0.000000  -0.036210  -0.008072   0.000000   0.033426
        8.3147 3   0.000290   0.000290   0.336941    0.058906   0.000000  -0.744144   0.000000  -0.042341  -0.013735   0.000000   0.029346
        8.2791 2   0.000532   0.000532   0.354015    0.057551   0.000000  -0.808210   0.000448  -0.022913  -0.008246   0.000000   0.028097
        8.4050 3   0.000003   0.000003   0.301589    0.057644   0.000000  -0.793864   0.000000  -0.036664  -0.014681   0.000000   0.031598
        8.2291 3   0.000997   0.000997   0.293766    0.047068   0.000000  -0.781283   0.000000  -0.033221  -0.014735   0.000000   0.033933
        8.6755 3   0.001958   0.001958   0.340929    0.058153   0.000975  -0.745042   0.000000  -0.036224  -0.011870   0.000000   0.031187
        8.4845 2   0.000139   0.000139   0.291498    0.052185   0.000000  -0.749195   0.000000  -0.031324  -0.012558   0.000000   0.029070
        8.1540 2   0.001965   0.001965   0.308543    0.043026   0.000000  -0.729357   0.000000  -0.030647  -0.011030   0.000000   0.031715
        8.5428 2   0.000471   0.000471   0.316966    0.039276   0.000000  -0.747431   0.000000  -0.028085  -0.009640   0.000000   0.030233
        8.6652 3   0.001806   0.001806   0.285879    0.077045   0.000000  -0.751081   0.000000  -0.035966  -0.007027  -0.000384   0.031894
        8.5117 2   0.000270   0.000270   0.361191    0.047713   0.000000  -0.771209   0.000000  -0.024661  -0.004414   0.000000   0.029077
        8.5798 2   0.000783   0.000783   0.357405    0.055242   0.000000  -0.754930   0.000000  -0.030072  -0.011754   0.000000   0.030648
        8.5173 3   0.000302   0.000302   0.367980    0.044323   0.000000  -0.780411   0.000000  -0.018944  -0.007313   0.000000   0.033635
        8.6573 2   0.001694   0.001694   0.314396    0.052250   0.000000  -0.739322   0.000000  -0.031322  -0.008922   0.000000   0.032322
        8.3126 2   0.000303   0.000303   0.336668    0.051754   0.000000  -0.696566   0.000000  -0.043065  -0.020464   0.000000   0.033524
        8.3890 3   0.000019   0.000019   0.297048    0.040295   0.000000  -0.660187   0.000040  -0.042637  -0.009974   0.000000   0.036368
        8.4364 2   0.000013   0.000013   0.302453    0.051332   0.000000  -0.697666   0.000000  -0.032862  -0.009618   0.000000   0.033666
        8.4593 3   0.000056   0.000056   0.330844    0.061780   0.002778  -0.711669   0.000000  -0.037286  -0.006040   0.000000   0.032553
        8.3269 3   0.000224   0.000224   0.327421    0.045198   0.000000  -0.619462   0.000000  -0.045226  -0.012124   0.000000   0.029447
        8.3164 3   0.000280   0.000280   0.286889    0.058824   0.000000  -0.617954   0.000000  -0.049164  -0.011162   0.000000   0.033728
        8.4027 3   0.000004   0.000004   0.335081    0.046985   0.000611  -0.692736   0.000000  -0.044439  -0.009256   0.000000   0.031799
        8.3883 2   0.000021   0.000021   0.355434    0.041253   0.000000  -0.671474   0.000000  -0.035419  -0.012412   0.000000   0.032710
        8.3987 3   0.000008   0.000008   0.352361    0.071637   0.000000  -0.689733   0.000000  -0.034880  -0.014662   0.000000   0.032682
        8.6603 3   0.001735   0.001735   0.372484    0.052934   0.000000  -0.654690   0.000000  -0.031020  -0.010156   0.000000   0.029694
        8.3019 4   0.000369   0.000369   0.361876    0.064779   0.000000  -0.667375   0.000000  -0.041547  -0.017121   0.000000   0.035218
        8.5736 3   0.000725   0.000725   0.301989    0.056146   0.000000  -0.596897   0.001598  -0.032811  -0.017352   0.000000   0.029945
        8.5552 4   0.000567   0.000567   0.335546    0.052859   0.000404  -0.627290   0.000000  -0.048718  -0.014982   0.000000   0.031634
        8.2991 3   0.000388   0.000388   0.349791    0.051025   0.000000  -0.629597   0.000000  -0.027268  -0.011736   0.000000   0.031599
        8.4844 2   0.000139   0.000139   0.388168    0.052118   0.000000  -0.657712   0.000000  -0.032981  -0.016171   0.000000   0.036069
        8.5181 4   0.000307   0.000307   0.352530    0.054508   0.000601  -0.677466   0.000000  -0.046040  -0.017949   0.000000   0.031001
        8.3157 3   0.000285   0.000285   0.361802    0.038019   0.000000  -0.659519   0.000000  -0.033087  -0.018963   0.000000   0.028024
        8.5642 3   0.000642   0.000642   0.311187    0.035638   0.000000  -0.630563   0.000000  -0.030596  -0.012424   0.000000   0.032123
        8.6675 2   0.001839   0.001839   0.326236    0.042540   0.000000  -0.654617   0.000000  -0.018619  -0.013298   0.000000   0.033040
        8.4797 0   0.000121   0.000121   0.336888    0.061628   0.000000  -0.661478   0.000000   0.000000   0.000000   0.000000   0.037249
        8.5414 0   0.000461   0.000461   0.326014    0.058772   0.000000  -0.674890   0.000000   0.000000   0.000000   0.000000   0.026430
        8.1722 0   0.001701   0.001701   0.357387    0.058983   0.000000  -0.753192   0.000000   0.000000   0.000000   0.000000   0.029333
        8.4157 0   0.000000   0.000000   0.294098    0.054400   0.000008  -0.708111   0.000000   0.000000  -0.000024   0.000000   0.024878
        8.2721 0   0.000589   0.000589   0.376310    0.049045   0.000000  -0.702526   0.000000   0.000000   0.000000   0.000000   0.025376
        8.7570 0   0.003374   0.003374   0.361332    0.074476   0.000000  -0.763670   0.000000   0.000000   0.000000  -0.000069   0.028432
        8.4149 0   0.000000   0.000000   0.357436    0.053710   0.000000  -0.692076   0.000000   0.000000   0.000000   0.000000   0.023903
        8.0068 0   0.004807   0.004807   0.315411    0.046379   0.000000  -0.660304   0.000543   0.000000   0.000000   0.000000   0.028901
        8.3854 0   0.000025   0.000025   0.370606    0.047746   0.000000  -0.700537   0.000000   0.000000  -0.000017   0.000000   0.026087
        8.3742 0   0.000048   0.000048   0.352813    0.046122   0.000000  -0.658904   0.000000   0.000000   0.000000   0.000000   0.034483
        8.3424 0   0.000152   0.000152   0.324600    0.036586   0.000000  -0.631207   0.000000   0.000000   0.000000   0.000000   0.032828
        8.3948 0   0.000012   0.000012   0.330396    0.048733   0.000000  -0.653033   0.000000   0.000000   0.000000   0.000000   0.028981
        8.7824 0   0.003893   0.003893   0.310209    0.056849   0.000000  -0.682441   0.000000   0.000000   0.000000   0.000000   0.031227
        8.2638 0   0.000659   0.000659   0.310283    0.057039   0.000000  -0.689441   0.000000   0.000000   0.000000   0.000000   0.030175
        7.9625 0   0.005906   0.005906   0.320084    0.030688   0.000000  -0.687634   0.000000   0.000000   0.000000   0.000000   0.032744
        8.4924 0   0.000173   0.000173   0.302757    0.049314   0.000000  -0.713798   0.000053   0.000000   0.000000   0.000000   0.031940
        8.7276 0   0.002819   0.002819   0.256921    0.050266   0.000000  -0.686299   0.000000   0.000000   0.000000   0.000000   0.033937
        8.1533 0   0.001975   0.001975   0.340628    0.048294   0.000000  -0.746609   0.000000   0.000000   0.000000   0.000000   0.025060
        8.3778 0   0.000040   0.000040   0.311940    0.053857   0.000000  -0.759299   0.000000   0.000000   0.000000   0.000000   0.031292
        8.5341 0   0.000409   0.000409   0.342250    0.053585   0.000000  -0.747812   0.000000   0.000000   0.000000   0.000000   0.027039
        8.1689 0   0.001746   0.001746   0.345243    0.060032   0.000000  -0.743705   0.000000   0.000000  -0.002029   0.000000   0.030682
        8.4397 0   0.000018   0.000018   0.342234    0.055531   0.000000  -0.682360   0.000000   0.000000   0.000000   0.000000   0.028436
        8.6345 0   0.001389   0.001389   0.338449    0.050747   0.000000  -0.666770   0.000641   0.000000   0.000000   0.000000   0.028660
        8.0972 0   0.002914   0.002914   0.332375    0.039233   0.000000  -0.687909   0.000000   0.000000   0.000000   0.000000   0.028437
        8.4079 0   0.000001   0.000001   0.324482    0.044288   0.000000  -0.701742   0.000000   0.000000  -0.000077   0.000000   0.028313
        8.4647 0   0.000071   0.000071   0.323166    0.046859   0.000000  -0.707554   0.000000   0.000000  -0.000201   0.000000   0.032321
        8.5003 0   0.000210   0.000210   0.304248    0.038871   0.000000  -0.732451   0.000002   0.000000   0.000000   0.000000   0.028527
        8.3328 0   0.000195   0.000195   0.330123    0.052967   0.000702  -0.735816   0.000000   0.000000   0.000000   0.000000   0.029881
        8.6555 0   0.001669   0.001669   0.337468    0.047473   0.000000  -0.753852   0.000000   0.000000   0.000000   0.000000   0.034529
        8.7101 0   0.002512   0.002512   0.311045    0.052451   0.000000  -0.729573   0.000269   0.000000   0.000000   0.000000   0.028956
        8.2761 0   0.000556   0.000556   0.372137    0.043774   0.000000  -0.827288   0.000000   0.000000   0.000000   0.000000   0.026833
        8.2278 0   0.001011   0.001011   0.320524    0.037824   0.000022  -0.763563   0.000000   0.000000   0.000000  -0.000105   0.030705
        8.6399 0   0.001459   0.001459   0.357077    0.057463   0.000000  -0.783718   0.000000   0.000000   0.000000   0.000000   0.031738
        8.4500 0   0.000035   0.000035   0.315001    0.047917   0.000000  -0.787299   0.000000   0.000000   0.000000   0.000000   0.030804
        8.5642 0   0.000642   0.000642   0.300876    0.038385   0.000000  -0.755293   0.000000   0.000000   0.000000   0.000000   0.030371
        8.3061 0   0.000342   0.000342   0.333333    0.064457   0.000000  -0.807617   0.001734   0.000000   0.000000   0.000000   0.028822
        7.9278 0   0.006846   0.006846   0.340045    0.045710   0.000000  -0.833650   0.000000   0.000000   0.000000   0.000000   0.026440
        8.3397 0   0.000163   0.000163   0.317206    0.051091   0.000000  -0.803907   0.000000   0.000000   0.000000   0.000000   0.026827
        8.7103 0   0.002516   0.002516   0.344634    0.049878   0.000000  -0.813427   0.000000   0.000000   0.000000   0.000000   0.027814
        8.6583 0   0.001707   0.001707   0.349982    0.046467   0.000000  -0.770421   0.000000   0.000000   0.000000   0.000000   0.035116
        8.3280 0   0.000218   0.000218   0.320640    0.065641   0.000000  -0.791169   0.000000   0.000000   0.000000   0.000000   0.030674
        8.4772 0   0.000112   0.000112   0.319389    0.043842   0.000000  -0.749060   0.000000   0.000000   0.000000   0.000000   0.031888
        8.5480 0   0.000510   0.000510   0.325256    0.042093   0.000000  -0.743736   0.000000   0.000000   0.000000   0.000000   0.027325
        8.4202 0   0.000001   0.000001   0.354558    0.056484   0.000000  -0.787503   0.000000  -0.000000  -0.000522   0.000000   0.029930
        8.2304 0   0.000983   0.000983   0.333497    0.045895   0.000000  -0.785496   0.000000   0.000000   0.000000   0.000000   0.030302
        9.0197 0   0.010549   0.010549   0.296640    0.039124   0.000000  -0.755837   0.000000   0.000000   0.000000   0.000000   0.025153
        8.4129 0   0.000000   0.000000   0.339563    0.051434   0.000000  -0.772332   0.000000   0.000000   0.000000   0.000000   0.034406
        8.2105 0   0.001206   0.001206   0.341735    0.050365   0.000000  -0.698406   0.000000   0.000000   0.000000   0.000000   0.032402
        8.6220 0   0.001236   0.001236   0.329150    0.043320   0.000000  -0.692773   0.000000   0.000000   0.000000   0.000000   0.028029
        8.3667 0   0.000067   0.000067   0.312560    0.045692   0.000000  -0.699921   0.000000   0.000000   0.000000   0.000000   0.032617
        8.3099 0   0.000319   0.000319   0.332347    0.043157   0.000000  -0.698179   0.000000   0.000000   0.000000  -0.002478   0.030295
        8.7807 0   0.003857   0.003857   0.327196    0.043346   0.000000  -0.655815   0.000000   0.000000   0.000000   0.000000   0.028092
        8.4566 0   0.000050   0.000050   0.316105    0.045304   0.000000  -0.637609   0.000000   0.000000   0.000000   0.000000   0.029925
        8.1379 0   0.002215   0.002215   0.333237    0.051827   0.000000  -0.648368   0.000000  -0.006425  -0.002815   0.000000   0.029941
        8.5611 0   0.000615   0.000615   0.306206    0.041340   0.000000  -0.656224   0.010844  -0.017950  -0.008302   0.000000   0.035893
        8.6336 0   0.001378   0.001378   0.326599    0.041010   0.000000  -0.674564   0.000000  -0.016086  -0.006183   0.000000   0.027713
        8.8777 0   0.006176   0.006176   0.338451    0.071015   0.000000  -0.640402   0.000000  -0.017101  -0.005199   0.000000   0.032894
        8.4010 0   0.000006   0.000006   0.286512    0.046355   0.000000  -0.612822   0.000000  -0.019962  -0.003238   0.000000   0.029764
        8.4258 0   0.000003   0.000003   0.331646    0.049658   0.000000  -0.697935   0.000000  -0.016329  -0.002455   0.000000   0.029059
        8.6166 0   0.001172   0.001172   0.310675    0.057973   0.000000  -0.682926   0.000000  -0.017320  -0.011910   0.000000   0.036475
        8.0426 0   0.004000   0.004000   0.294937    0.051531   0.000000  -0.666924   0.000000   0.000000   0.000000   0.000000   0.027103
        8.7346 0   0.002946   0.002946   0.296126    0.040701   0.000000  -0.640777   0.000000   0.000000   0.000000   0.000000   0.029044
        8.5212 0   0.000325   0.000325   0.346202    0.061165   0.000000  -0.727340   0.000000   0.000000   0.000000   0.000000   0.029423
        8.4078 0   0.000001   0.000001   0.365407    0.048065   0.000000  -0.705440   0.000000   0.000000   0.000000   0.000000   0.030456
        8.3021 0   0.000368   0.000368   0.369556    0.066036   0.000000  -0.662477   0.000000   0.000000   0.000000   0.000000   0.027182
        8.4056 0   0.000003   0.000003   0.377732    0.065825   0.000000  -0.691547   0.000000   0.000000   0.000000   0.000000   0.034246
        8.2794 0   0.000530   0.000530   0.326502    0.038027   0.000000  -0.559190   0.000000   0.000000   0.000000   0.000000   0.028152
        8.3348 0   0.000186   0.000186   0.369466    0.056876   0.000000  -0.595273   0.000000   0.000000  -0.000116  -0.000000   0.029826
        8.5884 0   0.000867   0.000867   0.324980    0.059477   0.000000  -0.588323   0.000000   0.000000  -0.000029   0.000000   0.033817
        8.6917 0   0.002208   0.002208   0.297520    0.044579   0.000000  -0.537143   0.000495   0.000000   0.000000   0.000000   0.032099
        8.0593 0   0.003649   0.003649   0.320613    0.063317   0.000000  -0.580752   0.000346   0.000000   0.000000   0.000000   0.029840
        8.3830 0   0.000030   0.000030   0.312335    0.052709   0.000000  -0.564162   0.000000   0.000000   0.000000   0.000000   0.024714
        8.7407 0   0.003059   0.003059   0.316053    0.058844   0.000096  -0.535026   0.000000   0.000000   0.000000   0.000000   0.028585
        8.1130 0   0.002632   0.002632   0.352798    0.054225   0.000000  -0.592501   0.000000   0.000000  -0.000553   0.000000   0.024113
        8.8493 0   0.005440   0.005440   0.408502    0.059310   0.000000  -0.613419   0.000000   0.000000   0.000000   0.000000   0.030655
        8.6236 0   0.001255   0.001255   0.343055    0.055983   0.002160  -0.556620   0.000000  -0.011818  -0.005683   0.000000   0.034834
        8.1884 0   0.001481   0.001481   0.350556    0.058931   0.000000  -0.619643   0.000000   0.000000   0.000000   0.000000   0.035971
        8.3118 0   0.000307   0.000307   0.369337    0.053064   0.000000  -0.647763   0.000000   0.000000   0.000000  -0.000014   0.032803
        8.3674 0   0.000065   0.000065   0.373151    0.055580   0.000000  -0.633017   0.000000   0.000000   0.000000   0.000000   0.031271
        8.5951 0   0.000936   0.000936   0.344703    0.040857   0.000000  -0.593078   0.000000   0.000000  -0.000000   0.000000   0.030544
        8.3387 0   0.000168   0.000168   0.305773    0.056053   0.000293  -0.589555   0.000000   0.000000   0.000000   0.000000   0.029395
        7.9968 0   0.005045   0.005045   0.394116    0.047990   0.000000  -0.560377   0.000000   0.000000  -0.000020   0.000000   0.035064
        8.6470 0   0.001553   0.001553   0.368794    0.047103   0.000000  -0.515627   0.000000   0.000000   0.000000   0.000000   0.034477
        8.7255 0   0.002781   0.002781   0.332604    0.060223   0.000000  -0.543515   0.000000   0.000000  -0.003169   0.000000   0.036445
        8.2315 0   0.000971   0.000971   0.340212    0.052306   0.000000  -0.542489   0.000000   0.000000   0.000000   0.000000   0.030724
        8.4063 0   0.000002   0.000002   0.328762    0.055668   0.000000  -0.543682   0.000000   0.000000   0.000000   0.000000   0.029005
        8.5971 0   0.000956   0.000956   0.326773    0.059140   0.000000  -0.548746   0.000000   0.000000  -0.000000   0.000000   0.031091
        8.3223 0   0.000248   0.000248   0.334104    0.057295   0.000000  -0.598324   0.000000   0.000000   0.000000   0.000000   0.028730
        8.4042 0   0.000003   0.000003   0.318265    0.048891   0.000000  -0.606772   0.000000   0.000000   0.000000   0.000000   0.027861
        8.5045 0   0.000231   0.000231   0.316791    0.052209   0.000000  -0.645028   0.000000   0.000000  -0.000009   0.000000   0.028199
        8.2515 0   0.000771   0.000771   0.308997    0.058851   0.000000  -0.679097   0.000000   0.000000   0.000000   0.000000   0.027109
        8.5645 0   0.000645   0.000645   0.329786    0.037088   0.000000  -0.684433   0.000000   0.000000  -0.000003   0.000000   0.034142
        8.3629 0   0.000078   0.000078   0.290952    0.059224   0.000000  -0.674054   0.000000   0.000000   0.000000   0.000000   0.030020
        8.0706 0   0.003422   0.003422   0.335681    0.056851   0.000000  -0.683209   0.000000   0.000000  -0.000000   0.000000   0.035561
        8.5605 0   0.000611   0.000611   0.357968    0.047759   0.000000  -0.628664   0.000000   0.000000   0.000000   0.000000   0.035918
        8.5646 0   0.000646   0.000646   0.365892    0.058639   0.000335  -0.603906   0.000000   0.000000   0.000000   0.000000   0.034561
        8.1582 0   0.001902   0.001902   0.339373    0.050875   0.000011  -0.592867   0.001830   0.000000  -0.000000   0.000000   0.032818
        8.4979 0   0.000198   0.000198   0.310336    0.036116   0.000000  -0.560358   0.000000   0.000000   0.000000   0.000000   0.029744
        8.4355 0   0.000012   0.000012   0.301692    0.044446   0.000000  -0.575414   0.000000   0.000000   0.000000   0.000000   0.029874
        8.3804 0   0.000034   0.000034   0.349517    0.052810   0.000000  -0.646665   0.000000   0.000000   0.000000   0.000000   0.029627
        8.5746 0   0.000735   0.000735   0.416312    0.076545   0.000000  -0.787548   0.000000   0.000000   0.000000   0.000000   0.026322
        8.5684 0   0.000679   0.000679   0.362628    0.048966   0.000000  -0.710456   0.000000   0.000000   0.000000   0.000000   0.025885
        8.1757 0   0.001652   0.001652   0.355630    0.044611   0.000000  -0.710108   0.000000   0.000000  -0.000059   0.000000   0.029779
        8.2143 0   0.001162   0.001162   0.376200    0.040567   0.000000  -0.735109   0.000000   0.000000   0.000000   0.000000   0.024836
        8.7551 0   0.003336   0.003336   0.298336    0.061007   0.000000  -0.771204   0.000000   0.000000   0.000000   0.000000   0.035827
        8.3190 0   0.000266   0.000266   0.336283    0.048571   0.000000  -0.741767   0.000000   0.000000   0.000000   0.000000   0.030843
        8.6719 0   0.001904   0.001904   0.333003    0.048263   0.000000  -0.710120   0.000000   0.000000  -0.000018   0.000000   0.028837
        8.2834 0   0.000499   0.000499   0.330736    0.060545   0.000000  -0.724072   0.000000   0.000000   0.000000   0.000000   0.027093
        8.1818 0   0.001568   0.001568   0.325580    0.045944   0.000120  -0.704473   0.000000   0.000000   0.000000   0.000000   0.033350
        8.7043 0   0.002414   0.002414   0.334861    0.037773   0.000000  -0.702428   0.000000   0.000000   0.000000   0.000000   0.026068
        8.5325 0   0.000398   0.000398   0.306901    0.049702   0.000000  -0.721933   0.000000   0.000000   0.000000   0.000000   0.036755
        8.3155 0   0.000286   0.000286   0.352020    0.049490   0.000000  -0.756894   0.000000   0.000000  -0.000002   0.000000   0.028956
        8.4573 0   0.000052   0.000052   0.377209    0.048496   0.000000  -0.739163   0.000000   0.000000   0.000000   0.000000   0.026950
        8.4536 0   0.000043   0.000043   0.313617    0.041798   0.000000  -0.687781   0.000000   0.000000   0.000000   0.000000   0.026333
        8.3763 0   0.000043   0.000043   0.323084    0.053095   0.000000  -0.699401   0.000000   0.000000   0.000000   0.000000   0.026902
        8.1210 0   0.002493   0.002493   0.308943    0.049520   0.000000  -0.696553   0.000000   0.000000   0.000000   0.000000   0.026651
        8.4063 0   0.000002   0.000002   0.321161    0.054368   0.000000  -0.670454   0.000000   0.000000   0.000000   0.000000   0.029869
        8.6983 0   0.002315   0.002315   0.321627    0.072414   0.000000  -0.664400   0.000000   0.000000   0.000000   0.000000   0.028693
        8.4215 0   0.000001   0.000001   0.332280    0.081144   0.000000  -0.661689   0.000000   0.000000   0.000000   0.000000   0.025846
        8.3416 0   0.000155   0.000155   0.371708    0.059542   0.000000  -0.709304   0.000000   0.000000   0.000000   0.000000   0.039224
        8.2885 0   0.000461   0.000461   0.318075    0.044394   0.000000  -0.671883   0.000000   0.000000  -0.000003   0.000000   0.024457
        8.3627 0   0.000079   0.000079   0.352277    0.041766   0.000000  -0.689919   0.000000   0.000000   0.000000   0.000000   0.031499
        8.5455 0   0.000491   0.000491   0.320365    0.048903   0.000000  -0.708781   0.000000   0.000000   0.000000   0.000000   0.028840
        8.2851 0   0.000486   0.000486   0.330757    0.050438   0.000000  -0.725427   0.000000   0.000000  -0.000000   0.000000   0.027392
        9.0203 0   0.010570   0.010570   0.332655    0.048323   0.000000  -0.721221   0.000000   0.000000   0.000000   0.000000   0.030584
        8.1415 0   0.002157   0.002157   0.367492    0.034765   0.000000  -0.714310   0.000000   0.000000   0.000000   0.000000   0.028248
        8.1131 0   0.002630   0.002630   0.324810    0.048370   0.000000  -0.706517   0.000000   0.000000   0.000000   0.000000   0.033999
        8.5666 0   0.000663   0.000663   0.338319    0.057128   0.000000  -0.716229   0.000000   0.000000   0.000000   0.000000   0.027861
        8.2727 0   0.000584   0.000584   0.345204    0.062731   0.003377  -0.724330   0.000000   0.000000   0.000000   0.000000   0.032499
        8.4319 0   0.000008   0.000008   0.317656    0.048804   0.000000  -0.706067   0.000284   0.000000   0.000000   0.000000   0.029114
        8.4013 0   0.000005   0.000005   0.355589    0.049859   0.000000  -0.729036   0.005166   0.000000   0.000000   0.000000   0.028303
        8.4161 0   0.000000   0.000000   0.306008    0.044215   0.000000  -0.689766   0.000000   0.000000   0.000000   0.000000   0.025770
        8.3081 0   0.000329   0.000329   0.321570    0.053842   0.000000  -0.748801   0.000000   0.000000   0.000000   0.000000   0.025167
        8.7638 0   0.003509   0.003509   0.340675    0.050773   0.000000  -0.737495   0.000000   0.000000   0.000000   0.000000   0.025634
        8.1896 0   0.001466   0.001466   0.336628    0.042459   0.000000  -0.741942   0.000000   0.000000   0.000000   0.000000   0.035778
        8.2616 0   0.000679   0.000679   0.338338    0.048209   0.000000  -0.756418   0.000000   0.000000   0.000000   0.000000   0.029724
        8.3912 0   0.000016   0.000016   0.349472    0.038769   0.000235  -0.707879   0.000000   0.000000   0.000000   0.000000   0.029066
        8.5592 0   0.000599   0.000599   0.293968    0.036201   0.000000  -0.617008   0.000000   0.000000  -0.000135   0.000000   0.028262
        8.6062 0   0.001054   0.001054   0.339667    0.049286   0.000000  -0.666212   0.000000   0.000000   0.000000   0.000000   0.035684
        8.1497 0   0.002030   0.002030   0.308525    0.065647   0.000000  -0.663635   0.000000   0.000000   0.000000   0.000000   0.028834
        8.4272 0   0.000004   0.000004   0.335780    0.052262   0.000000  -0.641475   0.000000   0.000000   0.000000   0.000000   0.031968
        8.6294 0   0.001325   0.001325   0.321701    0.035470   0.000000  -0.683021   0.000000   0.000000   0.000000   0.000000   0.037483
        8.5979 0   0.000965   0.000965   0.377615    0.062128   0.000000  -0.709704   0.000000   0.000000   0.000000   0.000000   0.024987
        8.5036 0   0.000227   0.000227   0.318411    0.061795   0.009527  -0.686766   0.000000   0.000000  -0.000001   0.000000   0.025596
        8.4489 0   0.000033   0.000033   0.335187    0.043320   0.000000  -0.653915   0.000000   0.000000   0.000000   0.000000   0.030263
        8.7209 0   0.002700   0.002700   0.318495    0.054655   0.000000  -0.653493   0.000000   0.000000   0.000000   0.000000   0.033342
        8.6943 0   0.002251   0.002251   0.296430    0.046188   0.000000  -0.594427   0.000000   0.000000   0.000000   0.000000   0.031438
        8.3864 0   0.000024   0.000024   0.367592    0.049232   0.000000  -0.641260   0.000000   0.000000   0.000000   0.000000   0.027134
        8.6750 0   0.001951   0.001951   0.320000    0.046139   0.000000  -0.624686   0.000000   0.000000  -0.000001   0.000000   0.033230
        8.4459 0   0.000028   0.000028   0.360164    0.064477   0.000000  -0.661595   0.000000   0.000000   0.000000   0.000000   0.034955
        8.2693 0   0.000612   0.000612   0.355099    0.061786   0.000000  -0.653393   0.000000   0.000000   0.000000   0.000000   0.030810
        8.5315 0   0.000391   0.000391   0.356183    0.046067   0.000000  -0.621340   0.000000   0.000000   0.000000   0.000000   0.025344
        8.4860 0   0.000145   0.000145   0.283685    0.057792   0.000000  -0.585825   0.001356   0.000000  -0.000005   0.000000   0.027159
        8.5360 0   0.000422   0.000422   0.320369    0.050735   0.003845  -0.616774   0.000000   0.000000  -0.000000  -0.006490   0.026094
        8.3338 0   0.000190   0.000190   0.317199    0.049007   0.000000  -0.646124   0.000000   0.000000   0.000000   0.000000   0.030713
        8.2241 0   0.001051   0.001051   0.339600    0.044353   0.000000  -0.695636   0.000000   0.000000   0.000000   0.000000   0.030597
        8.6317 0   0.001355   0.001355   0.356558    0.037054   0.000000  -0.686479   0.000000   0.000000  -0.001224   0.000000   0.031887
        8.2644 0   0.000654   0.000654   0.346462    0.037482   0.000000  -0.636855   0.000000  -0.015741  -0.005900   0.000000   0.030838
        8.5431 0   0.000473   0.000473   0.323931    0.047694   0.000000  -0.651246   0.000000   0.000000   0.000000   0.000000   0.032685
        8.3322 0   0.000198   0.000198   0.323482    0.037849   0.000000  -0.645918   0.000000   0.000000   0.000000   0.000000   0.031464
        8.2843 0   0.000492   0.000492   0.339031    0.046882   0.000000  -0.677458   0.000000   0.000000   0.000000   0.000000   0.028258
        8.2153 0   0.001150   0.001150   0.313099    0.056126   0.000000  -0.645639   0.000000   0.000000   0.000000   0.000000   0.025964
        8.6959 0   0.002277   0.002277   0.394403    0.042023   0.000332  -0.689296   0.000000   0.000000   0.000000   0.000000   0.028751
        8.3826 0   0.000030   0.000030   0.362571    0.048833   0.000000  -0.685310   0.000000   0.000000   0.000000   0.000000   0.036919
        8.2065 0   0.001254   0.001254   0.306906    0.040221   0.002160  -0.667951   0.000000   0.000000   0.000000   0.000000   0.033112
        8.2687 0   0.000617   0.000617   0.302158    0.073896   0.000000  -0.730516   0.000000   0.000000  -0.000011  -0.002643   0.028181
        8.4555 0   0.000047   0.000047   0.357230    0.039132   0.000000  -0.715666   0.000000   0.000000   0.000000   0.000000   0.026909
        8.7405 0   0.003056   0.003056   0.341701    0.060974   0.000000  -0.685596   0.000000   0.000000   0.000000   0.000000   0.031098
        8.6924 0   0.002220   0.002220   0.379711    0.051370   0.000000  -0.665379   0.000000   0.000000   0.000000   0.000000   0.027901
        8.3250 0   0.000233   0.000233   0.312571    0.043190   0.000000  -0.557237   0.000000   0.000000   0.000000   0.000000   0.025127
        7.9243 0   0.006947   0.006947   0.295289    0.057233   0.002208  -0.577506   0.000000   0.000000   0.000000   0.000000   0.025235
        8.9165 0   0.007255   0.007255   0.312481    0.056404   0.000000  -0.611312   0.000000   0.000000   0.000000   0.000000   0.030903
        8.5595 0   0.000602   0.000602   0.297325    0.046665   0.000000  -0.575528   0.002505   0.000000   0.000000   0.000000   0.028111
        8.3775 0   0.000041   0.000041   0.323313    0.045937   0.000000  -0.572110   0.000000   0.000000   0.000000   0.000000   0.029302
        8.5385 0   0.000440   0.000440   0.265508    0.050343   0.000000  -0.533697   0.000000   0.000000   0.000000   0.000000   0.028450
        7.9327 0   0.006710   0.006710   0.308935    0.040615   0.000000  -0.559316   0.000000   0.000000   0.000000   0.000000   0.029250
        8.2539 0   0.000748   0.000748   0.336864    0.057814   0.000000  -0.578369   0.000000   0.000000   0.000000   0.000000   0.029946
        8.6507 0   0.001602   0.001602   0.377585    0.047140   0.000000  -0.588068   0.000000   0.000000   0.000000   0.000000   0.030134
        8.5980 0   0.000966   0.000966   0.366596    0.070123   0.000000  -0.610531   0.000000   0.000000   0.000000   0.000000   0.032097
        8.2514 0   0.000772   0.000772   0.362010    0.059343   0.000000  -0.566440   0.000000   0.000000  -0.000000   0.000000   0.026739
        8.4901 0   0.000162   0.000162   0.343188    0.053185   0.000000  -0.611459   0.000000   0.000000   0.000000   0.000000   0.029618
        8.2384 0   0.000900   0.000900   0.308476    0.063402   0.000000  -0.598001   0.000000   0.000000   0.000000   0.000000   0.030975
        8.6968 0   0.002290   0.002290   0.323730    0.053011   0.000000  -0.637763   0.000000   0.000000   0.000000   0.000000   0.028435
        8.3869 0   0.000023   0.000023   0.339876    0.039634   0.000000  -0.677548   0.000000   0.000000   0.000000   0.000000   0.032796
        8.2841 0   0.000494   0.000494   0.313434    0.049634   0.000000  -0.608659   0.000000   0.000000  -0.000032   0.000000   0.030999
        8.4084 0   0.000001   0.000001   0.359331    0.039105   0.000000  -0.626844   0.003034   0.000000   0.000000   0.000000   0.028289
        8.4140 0   0.000000   0.000000   0.341966    0.060497   0.000576  -0.597995   0.000000   0.000000   0.000000   0.000000   0.027380
        8.6195 0   0.001207   0.001207   0.335918    0.040194   0.000000  -0.588510   0.000000   0.000000   0.000000   0.000000   0.032808
        8.7638 0   0.003510   0.003510   0.383384    0.038325   0.000030  -0.607828   0.000026   0.000000   0.000000   0.000000   0.027358
        8.0266 0   0.004351   0.004351   0.338434    0.067299   0.007403  -0.611821   0.000000   0.000000   0.000000   0.000000   0.031266
        8.4417 0   0.000021   0.000021   0.330154    0.055995   0.000000  -0.590117   0.000035   0.000000   0.000000   0.000000   0.030102
        8.7633 0   0.003499   0.003499   0.325157    0.065921   0.000000  -0.579330   0.000000   0.000000  -0.000002   0.000000   0.031420
        8.3541 0   0.000107   0.000107   0.354361    0.059978   0.000000  -0.510102   0.000000   0.000000  -0.000001   0.000000   0.029221
        8.1936 0   0.001414   0.001414   0.363172    0.042151   0.000000  -0.475256   0.000000   0.000000   0.000000   0.000000   0.032584
        8.3433 0   0.000148   0.000148   0.378984    0.062346   0.000000  -0.503818   0.000000   0.000000   0.000000   0.000000   0.031787
        8.3020 0   0.000368   0.000368   0.373913    0.051813   0.000000  -0.525813   0.000586   0.000000   0.000000   0.000000   0.030734
        8.6065 0   0.001058   0.001058   0.323583    0.074993   0.000000  -0.502268   0.000000   0.000000  -0.000640   0.000000   0.033162
        8.4433 0   0.000023   0.000023   0.351184    0.037723   0.000788  -0.494874   0.000000   0.000000   0.000000   0.000000   0.027669
        8.4243 0   0.000003   0.000003   0.374221    0.047638   0.000000  -0.587010   0.000000   0.000000  -0.000007   0.000000   0.028640
        8.6414 0   0.001478   0.001478   0.373938    0.055940   0.000000  -0.588328   0.000000   0.000000   0.000000   0.000000   0.029816
        8.3854 0   0.000025   0.000025   0.327551    0.035627   0.000119  -0.573449   0.000000   0.000000   0.000000   0.000000   0.033091
        8.3954 0   0.000011   0.000011   0.357741    0.038752   0.000000  -0.626531   0.000000   0.000000   0.000000   0.000000   0.028584
        8.5676 0   0.000672   0.000672   0.358384    0.055790   0.000000  -0.640026   0.000000  -0.000000   0.000000   0.000000   0.027342
        8.2672 0   0.000630   0.000630   0.324144    0.045189   0.000000  -0.554296   0.000000   0.000000   0.000000   0.000000   0.031409
        8.4252 0   0.000003   0.000003   0.340547    0.053515   0.000000  -0.604307   0.000000   0.000000  -0.000128   0.000000   0.032186
        8.8103 0   0.004508   0.004508   0.321307    0.056185   0.000010  -0.536093   0.000000   0.000000   0.000000   0.000000   0.030390
        8.4529 0   0.000041   0.000041   0.324257    0.065483   0.000000  -0.502355   0.000000   0.000000  -0.000006  -0.002255   0.037967
        8.1673 0   0.001770   0.001770   0.360030    0.038074   0.000287  -0.468929   0.000000   0.000000  -0.000834   0.000000   0.027444
        8.5522 0   0.000543   0.000543   0.382117    0.051276   0.000000  -0.544648   0.001190   0.000000  -0.000000   0.000000   0.030956
        8.4377 0   0.000015   0.000015   0.324048    0.048414   0.000000  -0.491589   0.000000   0.000000   0.000000   0.000000   0.026851
        8.3382 0   0.000170   0.000170   0.383396    0.041122   0.000000  -0.499897   0.000000   0.000000   0.000000   0.000000   0.028669
        8.7366 0   0.002983   0.002983   0.383913    0.065019   0.000000  -0.527634   0.000000   0.000000   0.000000  -0.015142   0.034641
        8.5528 0   0.000547   0.000547   0.352048    0.050286   0.000000  -0.516592   0.000000   0.000000   0.000000   0.000000   0.032684
        8.0839 0   0.003162   0.003162   0.373110    0.054404   0.000000  -0.503956   0.001210   0.000000   0.000000   0.000000   0.030549
        8.7735 0   0.003707   0.003707   0.387738    0.068735   0.000000  -0.461164   0.000000   0.000000   0.000000  -0.009092   0.032161
        8.2625 0   0.000671   0.000671   0.375105    0.053283   0.000088  -0.496831   0.000000   0.000000   0.000000   0.000000   0.033838
        8.4756 0   0.000106   0.000106   0.326957    0.041638   0.000000  -0.492056   0.000000   0.000000   0.000000   0.000000   0.026053
        8.1798 0   0.001596   0.001596   0.341712    0.063640   0.000117  -0.524173   0.000000  -0.000039  -0.001238   0.000000   0.033959
        8.4088 0   0.000001   0.000001   0.329730    0.052528   0.000000  -0.551915   0.000000   0.000000   0.000000  -0.000291   0.032681
        8.3922 0   0.000015   0.000015   0.381821    0.039052   0.000000  -0.599711   0.000000   0.000000   0.000000   0.000000   0.031662
        8.6652 0   0.001806   0.001806   0.332863    0.056526   0.000000  -0.599744   0.000000   0.000000   0.000000   0.000000   0.027762
        8.3791 0   0.000037   0.000037   0.327283    0.047568   0.000000  -0.640344   0.000000   0.000000   0.000000   0.000000   0.034051
        8.3715 0   0.000055   0.000055   0.281279    0.054044   0.000000  -0.606190   0.000000   0.000000   0.000000   0.000000   0.029393
        8.4205 0   0.000001   0.000001   0.341929    0.031719   0.000000  -0.651467   0.000000   0.000000   0.000000   0.000000   0.028086
        8.5397 0   0.000448   0.000448   0.340136    0.053331   0.000000  -0.663107   0.000000   0.000000   0.000000   0.000000   0.030715
        8.4718 0   0.000093   0.000093   0.317622    0.044182   0.001251  -0.676397   0.000000   0.000000   0.000000   0.000000   0.028728
        8.4090 0   0.000001   0.000001   0.361803    0.041223   0.000000  -0.650262   0.000000   0.000000   0.000000   0.000000   0.028421
        8.2675 0   0.000627   0.000627   0.322594    0.054578   0.000000  -0.649297   0.000000  -0.000000  -0.004829   0.000000   0.030641
        8.4950 0   0.000185   0.000185   0.327356    0.051859   0.000000  -0.639516   0.000000   0.000000   0.000000   0.000000   0.028045
        8.4060 0   0.000002   0.000002   0.299921    0.050082   0.000000  -0.604605   0.000000   0.000000  -0.000000   0.000000   0.029234
        8.5378 0   0.000435   0.000435   0.291816    0.044960   0.000000  -0.542487   0.000000   0.000000   0.000000   0.000000   0.026629
        8.3925 0   0.000015   0.000015   0.357282    0.043236   0.000000  -0.629509   0.000169   0.000000   0.000000   0.000000   0.033515
        8.2810 0   0.000518   0.000518   0.329276    0.050853   0.000000  -0.607382   0.000000   0.000000   0.000000   0.000000   0.029920
        8.6597 0   0.001727   0.001727   0.327948    0.043962   0.000000  -0.586482   0.000000   0.000000   0.000000   0.000000   0.027716
        8.7337 0   0.002930   0.002930   0.305085    0.061911   0.000000  -0.586264   0.000000   0.000000   0.000000   0.000000   0.027874
        8.2427 0   0.000857   0.000857   0.357440    0.037201   0.000000  -0.596444   0.000000   0.000000   0.000000   0.000000   0.031506
        8.3067 0   0.000338   0.000338   0.351978    0.049269   0.000000  -0.632453   0.000000   0.000000   0.000000   0.000000   0.033699
        8.2799 0   0.000526   0.000526   0.331344    0.068741   0.002495  -0.656806   0.000000   0.000000   0.000000   0.000000   0.026650
        8.5044 0   0.000231   0.000231   0.299354    0.074258   0.000000  -0.679136   0.000000   0.000000   0.000000   0.000000   0.029334
        8.6584 0   0.001709   0.001709   0.303793    0.079169   0.000000  -0.677292   0.000000   0.000000   0.000000   0.000000   0.024658
        8.2095 0   0.001218   0.001218   0.372376    0.053948   0.000000  -0.738383   0.000000   0.000000   0.000000   0.000000   0.025899
        8.2558 0   0.000731   0.000731   0.321489    0.035361   0.000000  -0.705085   0.000000   0.000000   0.000000   0.000000   0.029896
        8.6498 0   0.001590   0.001590   0.313935    0.038169   0.000000  -0.708039   0.000000   0.000000   0.000000   0.000000   0.024478
        8.4253 0   0.000003   0.000003   0.331235    0.033387   0.000000  -0.732614   0.000000   0.000000  -0.000000   0.000000   0.035548
        8.3661 0   0.000069   0.000069   0.366882    0.061655   0.003527  -0.721808   0.000000   0.000000   0.000000   0.000000   0.028764
        8.7086 0   0.002486   0.002486   0.386640    0.059781   0.000000  -0.670649   0.000000   0.000000  -0.003392   0.000000   0.028071
        8.3676 0   0.000065   0.000065   0.329464    0.036485   0.000489  -0.622826   0.000000   0.000000   0.000000   0.000000   0.031309
        8.4066 0   0.000002   0.000002   0.350278    0.038052   0.000000  -0.624874   0.000000   0.000000   0.000000   0.000000   0.030391
        8.5104 0   0.000262   0.000262   0.287530    0.049698   0.000000  -0.611749   0.000000   0.000000   0.000000   0.000000   0.028502
        8.4568 0   0.000050   0.000050   0.353941    0.047787   0.000418  -0.700126   0.000000   0.000000  -0.000000   0.000000   0.028807
        8.5128 0   0.000276   0.000276   0.320323    0.051717   0.000000  -0.689955   0.000000   0.000000   0.000000   0.000000   0.026687
        8.2440 0   0.000843   0.000843   0.311893    0.060380   0.000000  -0.711879   0.000000   0.000000   0.000000   0.000000   0.028244
        8.6239 0   0.001258   0.001258   0.324700    0.046039   0.000000  -0.685721   0.000000   0.000000   0.000000   0.000000   0.026793
        8.5332 0   0.000403   0.000403   0.354412    0.068247   0.000000  -0.742395   0.000000   0.000000   0.000000   0.000000   0.028015
