t = 1000000
b = 105 105 105
E = -0.213793061027498 -0.523189654243003 0.309396593215505
-15.6835931145637 28.9352004125741 20.9736847104694 -0.355675051824492 -0.355228821108256 0.864469630561838 0.774405226629459 -0.629857780282857 0.0597973376176446 0.0113046772023076 -0.608707584759299 -0.298846898936723 0.122340040110079 0.212840553168033 0.0678596730483595
-14.7659450560773 28.6830228365844 19.9556386285266 0.643889216280958 0.484845142279715 -0.591888389111502 0.762020492252131 -0.336824326441431 0.553058896054684 0.374917803435661 0.0221002757428162 0.0920166540876493 0.3121820900961 -0.164853348081869 -0.0545135739881159
-15.3249528115986 28.6335414726111 21.1054114857212 -0.33589410665321 0.148103702799542 0.930183015504327 0.817172385681777 -0.445291505607647 0.365984654204172 0.154971396282437 -0.00598038169689657 0.283203992705633 0.256634509792471 0.251874103252983 0.533863346335479
-14.7813551597075 28.144975423449 19.8737607643651 0.775951520055787 -0.025157779539526 -0.6302906667974 -0.49618517188853 -0.641307249826491 -0.585256598867583 0.272061374132382 0.0772644170291252 0.335279054647245 0.0136584960358031 0.10954409494123 0.346639276849501
-15.9160053413728 27.4889682890658 20.5170876929714 -0.92621931907444 0.365324289042485 0.0930372871962319 -0.376569382927226 -0.908166868984919 -0.182834454958316 -0.0693629649858785 0.153841276758737 -0.576767487120435 0.28738518027622 0.171619404572482 0.603789475154066
-16.3531521005439 27.1271034774548 20.7205195138015 -0.465128777037139 0.521819236376818 -0.715094333161003 -0.526953338656422 -0.812294759248067 -0.249994805899904 0.78293655627563 0.0986966918322762 0.121394157270271 -0.582142676337509 0.130845799833749 0.182958611535609
-16.1394282837272 26.4599592177894 21.3789505717035 0.598855922438237 -0.783422558031064 0.166194704273671 -0.272094469524085 -0.0038579452811104 0.962262810209577 -0.197722280583317 0.214010870344508 0.0246400814167404 -0.327071960477451 0.552482868619673 0.196721642106557
-16.3184388507972 26.0812167689125 21.6340363508912 0.917063809159637 0.050277132605397 0.395558061309147 -0.395392827280631 -0.0136146579898594 0.918411211398659 -0.448736847049627 -0.313525114413596 0.118673702535966 0.18194786729453 -0.00938394245879759 0.435286675820494
-16.2320945198261 26.7919187132411 22.5199668620323 0.11967899632904 0.986412299680817 0.112550934585733 -0.605437246127831 -0.0173346731406569 0.7957042478888 -0.442137061411416 -0.33095253315014 -0.262475852040303 -0.103069853301474 0.413363901894614 0.0169455850218257
-16.3420779996831 26.8726895941729 22.9791280617572 -0.425412341108764 0.817018861665571 -0.389235815046772 -0.514091623675325 0.135798056104451 0.846917168573826 -0.717699664435176 0.628613228320217 0.278200734147179 0.00792341909419409 -0.75439724301792 0.620651100925085
-16.0700189434795 25.5265430570995 23.0224101849376 0.896854612683645 -0.428016935346336 -0.111594385005421 -0.38182608227713 -0.876504302582272 0.293170684836292 -0.486822975203917 0.438892457920141 0.0665680503173444 0.248090263233125 -0.0166449262134194 0.322256682509175
-15.901335663665 25.0885683403809 23.1671924057943 0.688246196417269 0.378218963670555 0.619086091458264 -0.671114124733891 0.0078136038599685 0.741312875362043 0.13498277388585 0.484811943198863 0.0039855798716025 0.135599360594902 -0.0798564723982169 0.0233884606928324
-16.5838601338329 24.3948879102265 22.5820327519728 -0.245797397644593 -0.0153758231934092 0.969199269176504 -0.866394697570678 0.451862673761533 -0.212556703216977 0.199683309466165 -0.112259385354811 0.458880740388664 0.188917204156821 -0.25920299598017 -0.120494881143611
-16.3339656598591 24.6745523529531 21.5309037123992 0.739903930272987 0.667836609109627 -0.0808482374549783 0.197762771919067 -0.101067137536407 0.975025804660036 0.192836334793417 0.190022167024994 -0.116336726464177 -0.0179878997002819 0.564673976734401 -0.299824317946371
-17.6338264363202 24.0764814375102 21.0430538416207 0.125401331024673 -0.844181578077848 -0.521183239764195 0.0838945283672747 -0.514425433084544 0.853421456201807 -0.304319664546335 -0.161431636619876 0.246740393357934 -0.294380437019616 0.399482117565676 -0.302424036600281
-17.8065527406291 23.8054098583626 21.3183719159204 0.749390552493713 -0.591110877468755 -0.298331577898428 -0.184586473213837 -0.619208341917522 0.763222682581002 -0.0655513205586955 0.0338172592960479 -0.58485049954399 0.0485459325735804 -0.390053216292637 -0.440543336062339
-17.7195682607498 23.2706252864301 21.5290129934025 0.981963847850149 0.103758102741114 0.158054603320808 -0.0476131380699743 -0.673313975598157 0.737821983507718 -0.390862258873294 0.124959897194817 0.0146176337641048 0.21023951226784 -0.289124797011083 0.339822992912956
-17.5774339424184 22.8633849345497 21.6951593266732 0.488468065359759 0.579141600454801 0.652682124579967 -0.0282966391499432 -0.737082828100031 0.675209748695038 0.319189007041676 0.111071793587839 -0.026004180621149 -0.152693224784882 -0.301431694042497 0.116962789013131
-17.3466984327796 22.5026611460382 22.047209462139 -0.184486731411559 0.781140601516348 0.596476325260122 -0.117326157012967 -0.620057506550007 0.775734014628356 -0.175078277044369 -0.209240476597929 0.00928944273027715 -0.279811608730083 -0.0795714366312397 0.555317335740432
-17.2804973059157 22.2474742614309 22.5057360130027 -0.420115122037843 0.865694434930077 0.272169854256882 -0.0448806117151183 -0.319375342004898 0.946564906179883 -0.0363859898406677 -0.275876165004695 0.133677784279107 0.427696937003503 0.24761362616339 0.202681235654841
-17.0463008318013 22.3474365691436 23.0039167780729 -0.95519864729001 0.256819216494594 0.147103481448967 0.088812812232679 -0.225401082474949 0.970209583751057 -0.136039899393974 0.0512213092448302 0.081672361590251 0.0507342951679668 0.529007464715153 0.0718141269613984
-15.9896699824393 21.8807467589891 23.5034333408033 0.551354474521958 -0.831874817917607 -0.0631864759183445 0.821984908852461 0.528724078482267 0.211640398912222 0.348772359685422 -0.160641083551764 0.064418628163489 -0.220219952105721 0.304953355962788 0.328523489993615
-15.0725419573682 22.6980165238349 23.3936576269162 0.0843397172262254 0.479594478303338 0.873427700773884 0.774270586993049 -0.583289643885993 0.245516291624073 -0.0433755574426385 -0.179283872138216 0.354335818571815 -0.0578527258146636 0.3624341292112 0.170967785542008
-14.5582515083538 22.7257496542717 23.3414799783422 -0.211148461373105 -0.143375120755439 0.966881534629845 0.816412826127125 -0.569800409651125 0.0937954716205014 -0.0186745133398 -0.152375251878397 0.693189743614226 -0.460662524138061 0.266394997196441 -0.0724801521570215
-14.0184583334722 23.0362489275838 23.2822880572748 0.371204625254591 -0.918162808379999 0.138506979959914 0.181720570993764 -0.07444699723582 -0.980528061138607 0.149083177929637 0.0653465184880181 -0.257282921854773 -0.064922557012586 -0.210318748571922 -0.213124547840267
-14.4265794980175 23.9762590711383 23.6059055822873 0.171206464609425 0.934559645458863 -0.311908024192301 0.0893655696141711 -0.330007802301851 -0.939738604819084 0.518977424016595 0.618202883729679 0.096691383003087 0.324809321324974 0.266899104334692 0.229893544866582
7.66133364292676 -6.90266959568344 21.2343292892852 0.392356459648564 0.187058346155532 0.900591796379204 -0.103655036291326 0.981857876620478 -0.158778914122093 0.26613091716471 -0.38204591697703 0.46710676942832 0.531492331221101 -0.274394994429395 0.639118612273802
8.56195419967048 -6.98600464334588 20.5958167661363 -0.0942327196231447 0.298837741454014 -0.949640036453373 0.927263852747292 0.373536814471021 0.025534204965046 -0.18590982248965 -0.125869300452101 0.555060513520189 -0.434340797393683 0.127553239842734 0.402387325424916
7.74333862804071 -5.89450928117018 20.7576233813528 -0.466635037445279 0.122251428710283 -0.875960233119419 -0.879087007666002 -0.173009764236723 0.444154989200343 -0.169690401031578 0.531059727132086 0.426634998486362 -0.0198056143039105 -0.624393684184727 0.290977015462286
7.32402149668225 -5.7682636314262 20.7732832627302 -0.0549496148638409 -0.790915531071597 -0.609453166811079 -0.888568173455527 -0.239676458615471 0.391154440480356 0.646374371163182 0.0382256559432021 0.728071541706079 0.0879820670471226 0.313028496353991 0.0614076288374516
6.86300401646507 -5.82467159587473 20.7576296451727 0.306016231272862 -0.952021805125516 -0.00292382679929502 -0.886674349974342 -0.286126619869012 0.363235673495597 -0.25246230799794 -0.016691171621247 -0.115396150743436 -0.218612273381267 0.0904052045697339 0.119059312167774
6.51666310239563 -6.11156145916887 20.6713722542619 0.542757915176989 -0.357530574877089 0.759990614113639 -0.838881946174887 -0.275070664263308 0.469694805212583 -0.272282732680473 -0.341628276274375 -0.0385892605567814 -0.276554343585799 0.112506280067839 0.324900265864323
5.55152431298537 -5.4482560373125 20.4408393622438 -0.0198097711410914 -0.764108539050687 0.644783462502865 -0.706766424578953 0.466852639291255 0.531535355620703 -0.655714922321685 0.495389970386189 -0.0285978128911614 -0.275945938112692 0.279547537176604 -0.301172522052795
5.0916174299712 -5.45871356063197 20.6473456321174 0.593174427218267 -0.271111665745302 0.758051821177917 -0.688864184740228 0.316400929727004 0.652193672654137 -0.234746916499274 -0.18863682731999 0.0886075302798809 -0.0866879072179783 0.342836085458618 -0.252969237939483
4.75918441403778 -5.44391217002715 21.1109217985253 0.831890851274163 -0.0811117383251599 0.548979505512017 -0.553193226034349 -0.0427958388742257 0.831952985958165 -0.46866436012519 0.576503560730884 -0.0838345262955265 -0.116288054184903 0.911104845449787 0.782120326375741
4.61784666502853 -5.63917225921443 21.578504307981 0.636738420068261 0.739658053339968 0.217876452463999 -0.564814158647079 0.255044613458999 0.784816673712581 0.523371748022634 -0.405716587128279 0.0360450750183144 0.725980879734377 -0.33627271283119 -0.0653231033127228
4.49039725834883 -5.577293424045 22.1248751614398 0.162275398511426 0.986541176664731 -0.0200798850283642 -0.382266667559096 0.0816132417190762 0.920440912633285 -0.463494291234257 -0.0903656134302126 0.399643856101145 -0.591996473625905 0.207332985232208 0.257875287818132
4.5236967456714 -5.3233450777725 22.605502431465 -0.595241576786358 0.596275232647198 -0.53864952631232 -0.583097398835248 0.140710884029061 0.800123659559744 -0.216165705488038 0.285415237401707 0.176174966726997 0.469700078805372 -0.179207267647714 -0.231343877196862
4.28019676454486 -4.94775932232455 22.9272604469619 -0.673676724133264 0.00702722904562619 -0.73899275328857 -0.719963439262758 0.219411373957094 0.658415746396775 0.407185126662586 -0.160977144080647 0.0766692749727446 0.325780686114124 0.34615185156743 -0.015830358382417
3.90294469922294 -4.53955472249003 23.1005819770711 -0.56171467546499 -0.698952900998042 -0.442652759568645 -0.779415568635356 0.267629891832791 0.566467662242612 0.197663176130904 0.0040183355791077 0.319913257433119 0.62860922888702 -0.127000455717781 0.340056477296008
3.37208889618505 -4.39123150236655 23.0812160538076 -0.0537152193641486 -0.982688045924477 0.177310122682332 -0.745461233009662 0.15760563278953 0.647648063837661 -0.230107712557007 -0.343462210228791 0.351319197847225 0.566447478395571 -0.270046023114256 0.150385715464823
2.89119513911217 -4.49169080221709 23.2191489972025 0.438852964120968 -0.731494683096152 0.521846341832818 -0.795135227254954 -0.0456329701538066 0.604712826400445 -0.490313153692178 -0.115287577725991 0.578623328512487 0.63975052449719 -0.140532654655268 -0.0932822139043519
2.30068719715135 -3.38978877695535 24.0137230350914 0.0141802058157959 0.979406536851027 0.201399496862878 0.0653712044151217 0.200080757863942 -0.977596182462956 0.089083244101985 0.192696268336793 0.0102497175532219 -0.0912388964745654 0.352352281664723 0.0342444104492902
1.57892575913188 -3.21339891203227 24.3325699213112 -0.761927688205715 -0.0946571466613102 0.640707595188054 0.631822417369059 -0.326080994401808 0.703186758976563 -0.0275198520997462 -0.17238674983791 -0.578813537069522 0.393065941850442 0.0162676147931448 0.374455988653475
2.23055731382882 -3.05170865122648 23.0333783982013 0.0401287014285972 -0.525321737939826 -0.849956915948952 -0.856764723178856 0.419614819559939 -0.299795951143009 0.0515723180876231 -0.244095610697939 -0.0259291156713802 -0.125530970649313 -0.0468004469039284 0.750292412212893
2.08066882485302 -2.68066923552491 22.7501513853578 -0.466983186516514 -0.845093904393175 -0.260274847552266 -0.857195204287327 0.504906103034347 -0.101420948849516 0.33052609181304 0.19119846965938 0.442506504310584 -0.215785906248141 0.0548422685643081 0.0744980175533119
1.66728308903155 -2.58136041000348 22.4952509131484 -0.37201240752081 -0.66139687192634 0.651276397896064 -0.85126599626014 0.522826725676763 0.0447036746717099 -0.446693300396517 0.386783988169592 0.727521292483153 -0.0212784367697576 -0.0705207916711774 0.148905883646764
1.20855248085494 -2.58690886202424 22.4975831005596 0.33636061262668 0.254790391182664 0.906610939066065 -0.633197566513981 0.773793292512786 0.0174580131459928 -0.227216010957666 -0.240837850707884 -0.0818930343635614 -0.00639525973178453 0.406152000861463 0.17406646467322
1.01011794391586 -2.09829240766758 21.6742503782969 0.00944308136619536 -0.811420890023342 -0.584385974718781 -0.517701848925575 0.496024889788634 -0.697096911719834 0.166888500275732 -0.279974943382961 0.228799874386086 -0.440483749011661 0.270163020627808 0.280110670002067
1.0339120050517 -1.76758066546925 21.2172765012619 -0.514129221146917 -0.836164102934842 -0.191051660359187 -0.526777817424682 0.483613245156599 -0.699015994222046 0.0981171282268109 -0.358730692749683 -0.0891424277031316 -0.229561533029159 -0.558882222612931 0.310370574626364
0.811622419749463 -0.969568703929673 20.7807724760502 -0.116445411581276 0.291081142471663 -0.949585296126255 0.221632426578897 0.939596243243697 0.260840884776962 -0.221486461056773 0.0354754033326959 -0.13406220716163 -0.0983579944576669 0.0010034568947265 -0.529538257685814
0.248370300794997 -1.09644476173238 20.6948004724569 -0.972614668106528 0.0089922053030639 -0.232249537411276 -0.19627302158857 -0.566989938788222 0.799999568943237 -0.210266359658182 -0.0555379222149363 0.248508641110251 -0.106623484685167 -0.286863812134218 -0.118072715880408
