t = 0
b = 20 20 20
E = 0 0 0
0.29558563232421875 -2.9891014099121094 4.281431198120117 -0.9192509889507388 -0.10307306932300989 -0.3799388920516333 0.2265743638548013 0.6507225121796134 -0.7247235816409212 0 0 0 0 0 0
0.32349586486816406 -2.83306884765625 3.7368011474609375 -0.8984329782561146 0.4249669287909213 0.11054995710474091 0.13670230931615404 0.5099357458329971 -0.8492808803625429 0 0 0 0 0 0
0.16501235961914062 -2.7782936096191406 3.228731155395508 -0.3741112622372077 0.834672900914511 0.40418054375023815 0.02429902449054772 0.4445015331819057 -0.895448459939344 0 0 0 0 0 0
-0.15476608276367188 -2.5007171630859375 2.8379573822021484 0.10382187990225998 0.8099470388296549 0.5772406877071595 -0.12396385858262429 0.5863892606911741 -0.8004877242727496 0 0 0 0 0 0
-0.4224224090576172 -2.1457901000976562 2.547677993774414 0.6830058494523229 0.583174728336585 0.4397843174141856 -0.053322391638479384 0.6403074617125165 -0.7662656700030526 0 0 0 0 0 0
-0.6356582641601562 -1.6216907501220703 2.5680694580078125 0.9802377389869864 0.1976583017861885 0.008072843407411396 -0.11950215367104054 0.6241755958770431 -0.7720907076111726 0 0 0 0 0 0
-0.6441707611083984 -1.092050552368164 2.3930912017822266 0.924495221991044 -0.3076930059399224 -0.22501910721399912 0.0735764473035017 0.7232366762781831 -0.6866696560124684 0 0 0 0 0 0
-0.3112678527832031 -0.6011981964111328 2.238279342651367 0.417035735798292 -0.752446736287523 -0.5098088897983557 0.12612332659850828 0.6033964402545524 -0.7874043703052839 0 0 0 0 0 0
-0.0022068023681640625 -0.3823814392089844 1.8312530517578125 -0.23981551577358998 -0.8599035857282396 -0.45061551420913504 0.1651466151896315 0.42126088068135487 -0.891776802736524 0 0 0 0 0 0
0.21924591064453125 -0.2732067108154297 1.3856849670410156 -0.6666796458384422 -0.6715767583835994 -0.3233000269466517 0.17863320190103113 0.2771512156850206 -0.9440748819997813 0 0 0 0 0 0
0.43907737731933594 -0.4420356750488281 0.8675327301025391 -0.950265654912189 -0.27854940661540223 -0.13930331355899686 0.06712106226339055 0.2536051084409568 -0.9649762753421893 0 0 0 0 0 0
0.41211891174316406 -0.6317367553710938 0.3818092346191406 -0.9496533442820588 0.3075166518178837 0.059933584479989144 0.0036807298048253385 0.20223359623339307 -0.9793303961292189 0 0 0 0 0 0
0.1095428466796875 -0.8055381774902344 -0.10686683654785156 -0.3527687821265525 0.8883521022824624 0.29391279102359313 -0.03762037554286392 0.3003872836639182 -0.953075121465788 0 0 0 0 0 0
-0.07777214050292969 -0.6007843017578125 -0.5580825805664062 0.08970749088949757 0.9357798312119934 0.3409819255842812 -0.1358454444654234 0.3506589840810504 -0.9265982366167319 0 0 0 0 0 0
-0.29166412353515625 -0.3879127502441406 -1.0259437561035156 0.5112158187637751 0.6987983119486286 0.5003391908130226 -0.23841633735164286 0.6746175585567339 -0.6986048953240875 0 0 0 0 0 0
-0.5707244873046875 0.09393692016601562 -1.1563053131103516 0.905538261310736 0.3550102898441095 0.23231046340432188 -0.14040201665431304 0.7674619171047484 -0.6255313577378089 0 0 0 0 0 0
-0.5850105285644531 0.6321754455566406 -1.242391586303711 0.9534940457658863 -0.2265407858507691 -0.19881744650587924 0.06238546739732674 0.7936662915020049 -0.6051461568836671 0 0 0 0 0 0
-0.3848705291748047 1.1040782928466797 -1.1860504150390625 0.5830208895459456 -0.47487868754695567 -0.6592244492331389 0.1892609847044203 0.8684565155344919 -0.4582178087922839 0 0 0 0 0 0
-0.0617828369140625 1.470245361328125 -1.421377182006836 0.15830528852643033 -0.5866198231991036 -0.7942396481254358 0.3527131208957599 0.7849072026238875 -0.5094253013122892 0 0 0 0 0 0
0.3374042510986328 1.7119483947753906 -1.7763080596923828 -0.489758999317775 -0.5681366516572383 -0.661329621014327 0.2532881742791031 0.6330971684647886 -0.7314595518907561 0 0 0 0 0 0
0.6633281707763672 1.8770751953125 -2.137725830078125 -0.785318098178028 -0.4038169804631781 -0.4692625394847177 0.20931276194511386 0.5401612356832822 -0.8151159470603048 0 0 0 0 0 0
0.9255542755126953 2.001039505004883 -2.7108154296875 -0.9953984352514696 -0.06360505927070699 -0.07166834401669735 0.022044035875517523 0.5758672126324793 -0.8172459935033135 0 0 0 0 0 0
0.8098430633544922 1.9680328369140625 -3.2703285217285156 -0.7447149827870251 0.49636380369332034 0.4461194557465744 0.0042636920090646305 0.6719861934970873 -0.7405514004306164 0 0 0 0 0 0
0.5410442352294922 2.085113525390625 -3.702423095703125 -0.13238458140658427 0.7355610257759203 0.6643976971402591 -0.1264322904538238 0.6522908380820165 -0.747349676179003 0 0 0 0 0 0
0.1258678436279297 2.4527740478515625 -3.927112579345703 0.20909297771224547 0.7435269993544521 0.6351753520897918 -0.4260385015406549 0.6539118644458437 -0.6252123389233086 0 0 0 0 0 0
-0.31274986267089844 2.8046226501464844 -3.9947433471679688 0.7705376674053454 0.5841664857368557 0.2549925882283269 -0.30052559794065686 0.6857591161077357 -0.6628867170622351 0 0 0 0 0 0
-0.5398213863372803 3.291229724884033 -3.97637939453125 0.9537673271718875 0.21862684603354718 -0.20622848448460618 -0.30052557922640355 0.6857592974109794 -0.6628865379874861 0 0 0 0 0 0
-0.5494815707206726 3.8276727199554443 -4.005025386810303 0.7746450945839813 -0.22997209248418715 -0.5890991547400312 -0.3005253091461504 0.6857593143918396 -0.6628866428639552 0 0 0 0 0 0
-0.38256147503852844 4.3116936683654785 -4.167956352233887 0.30122162611406367 -0.5912015231270561 -0.7481619417034312 -0.30052512515201496 0.6857593160099862 -0.662886724605254 0 0 0 0 0 0
-0.14697787165641785 4.660950183868408 -4.501430988311768 -0.28664052054581024 -0.7278229588254389 -0.6229855155521761 -0.30052510208581346 0.6857594119610584 -0.6628866358006736 0 0 0 0 0 0
0.023266049101948738 4.84429931640625 -4.97691535949707 -0.765603123613602 -0.5879330702363237 -0.2611255675639327 -0.3005262870361224 0.6857591046317744 -0.6628864165261721 0 0 0 0 0 0
0.018990712240338326 4.89362907409668 -5.511923313140869 -0.953700449563887 -0.22467613555121166 0.19994020760070633 -0.30052561798267313 0.6857592753807737 -0.6628865432073341 0 0 0 0 0 0
-0.20268067717552185 4.891744136810303 -6.001354694366455 -0.7794709920138967 0.22393702516733482 0.5850445977599285 -0.3005254140703291 0.6857598909073 -0.6628859988871881 0 0 0 0 0 0
-0.602032482624054 4.940905570983887 -6.357425689697266 -0.30910731019975557 0.5874738370446425 0.7478817831509983 -0.3005241229717458 0.6857603338570747 -0.6628861259826581 0 0 0 0 0 0
-1.0718454122543335 5.123981475830078 -6.5430169105529785 0.2786911070977101 0.7278201475296214 0.6265852692767462 -0.3005258750771054 0.6857587971936387 -0.6628869213377754 0 0 0 0 0 0
-1.478130578994751 5.472964286804199 -6.585777759552002 0.7606101451631821 0.5916545780291161 0.2672397189267184 -0.3005255224622496 0.6857590123052622 -0.6628868586651147 0 0 0 0 0 0
-1.7110346555709839 5.956814289093018 -6.567621231079102 0.953560731655425 0.23071049726883233 -0.19363521759932747 -0.30052623595322797 0.6857602038394616 -0.6628853025477672 0 0 0 0 0 0
-1.7265745401382446 6.493255138397217 -6.593604564666748 0.7842382818705852 -0.2178860547043786 -0.5809440458547048 -0.3005252297870699 0.6857584446531297 -0.6628875785895745 0 0 0 0 0 0
0.6127567291259766 3.5331459045410156 -3.7076759338378906 -0.7901677300263259 -0.5798727735987053 -0.19845030829905033 0.24036232659213413 -0.5910468110487684 0.7699932591291289 0 0 0 0 0 0
0.42722320556640625 3.3135204315185547 -3.178974151611328 -0.2430058041755346 -0.7535030058008351 -0.610885749863351 0.06911526045893554 -0.6416120204771765 0.7639090887997662 0 0 0 0 0 0
0.1972179412841797 2.910371780395508 -2.869518280029297 0.3619990561867431 -0.6188606966449735 -0.697114138049147 -0.04363330646298913 -0.7582628201119312 0.6504872252419781 0 0 0 0 0 0
-0.1358184814453125 2.5281639099121094 -2.800445556640625 0.8684546305603352 -0.41709931171688946 -0.2679826838129823 -0.11164274689613729 -0.69119107248678 0.713996357399714 0 0 0 0 0 0
-0.2935676574707031 2.0871353149414062 -2.793018341064453 0.9849819315619407 -0.15086223876628024 0.08397130111493126 -0.16924378860721453 -0.7473955970888796 0.6424611750682168 0 0 0 0 0 0
-0.3701457977294922 1.4875526428222656 -2.639881134033203 0.917165975595822 0.25520887258628594 0.3060637263097354 0.0070367498997360774 -0.7782809024020506 0.6278768359376689 0 0 0 0 0 0
-0.1250152587890625 1.0072135925292969 -2.599437713623047 0.439247053842404 0.563467610304821 0.699690129863315 -0.026196821236041487 -0.7704822673682966 0.636922917022253 0 0 0 0 0 0
0.20015335083007812 0.6590938568115234 -2.3007850646972656 -0.15773261275637182 0.6987556175615566 0.697754261756398 0.052956120458085135 -0.6995972283534513 0.7125723594037296 0 0 0 0 0 0
0.4418754577636719 0.44750404357910156 -1.9226150512695312 -0.69867152580754 0.5711938462035299 0.43080818131156967 0.023812841206458032 -0.5832565570129249 0.8119388753441388 0 0 0 0 0 0
0.5218544006347656 0.29685020446777344 -1.4691333770751953 -0.9260008976403404 0.35048091607171444 0.14030490026658313 0.038118599449720736 -0.28294627955350676 0.9583779918501993 0 0 0 0 0 0
0.5413112640380859 0.4101142883300781 -0.9700393676757812 -0.9525008435682567 -0.27131067711959045 -0.13832085700525643 -0.06296750137027105 -0.2689296514846215 0.9610993373858631 0 0 0 0 0 0
0.30190086364746094 0.49107933044433594 -0.5192031860351562 -0.38960946043199846 -0.8563092086827165 -0.3390265586455831 -0.20176108351330752 -0.2798137969973391 0.9386142467432871 0 0 0 0 0 0
0.010562896728515625 0.41126441955566406 0.013418197631835938 -0.16914370070427842 -0.7793570668191638 -0.6033182998311014 -0.2039075054049155 -0.5712230198779107 0.7950635136900098 0 0 0 0 0 0
-0.3606224060058594 0.17015457153320312 0.2734413146972656 0.5014809248892895 -0.7751382187371931 -0.3842884643404147 -0.3143497284378309 -0.5770679752203588 0.7537750328885519 0 0 0 0 0 0
-0.7047653198242188 -0.2118701934814453 0.4250144958496094 0.9331575762980953 -0.3593527847243051 0.009083716659587076 -0.20490016174465098 -0.5109767025252848 0.8348165865586299 0 0 0 0 0 0
-0.7763538360595703 -0.6064548492431641 0.7986850738525391 0.9890058111479356 0.12930904438433105 0.07174034120371195 -0.005521040578755411 -0.45250949001332413 0.8917424962167102 0 0 0 0 0 0
-0.5926361083984375 -1.0807838439941406 1.0330123901367188 0.6806589279434667 0.6779838616809528 0.2775631587783813 0.07716149265651821 -0.44311254813203405 0.8931390562163061 0 0 0 0 0 0
-0.3194160461425781 -1.377593994140625 1.300985336303711 0.2667465083966096 0.8480899606800771 0.45780969720166764 0.35095085814130444 -0.5278831744762759 0.773416349241941 0 0 0 0 0 0
0.11091041564941406 -1.5006465911865234 1.5462779998779297 -0.29477690549407887 0.7514691542152714 0.5902547638522874 0.35648727903533795 -0.4866247811438729 0.7975670142769565 0 0 0 0 0 0
0.3744621276855469 -1.554800033569336 2.029500961303711 -0.8467818096497209 0.4189014825615514 0.32784465033621973 0.10581174336352714 -0.47135702383743733 0.8755720593106455 0 0 0 0 0 0
0.5146980285644531 -1.4519195556640625 2.5966835021972656 -0.985965852923799 -0.14869214976748701 -0.07590771677351844 0.008693530755632088 -0.49979298666796246 0.8661012602464674 0 0 0 0 0 0
0.35990142822265625 -1.4704322814941406 3.091350555419922 -0.7021660214815488 -0.5251355932208854 -0.4808279182923156 -0.2765991874788773 -0.42108789330068574 0.8638158806143907 0 0 0 0 0 0
0.016378402709960938 -1.5421009063720703 3.569812774658203 -0.0795696430841823 -0.7625181737207263 -0.6420550651190785 -0.199554167990211 -0.6188742863012103 0.7597188636547749 0 0 0 0 0 0
-0.3608512878417969 -1.8180675506591797 3.7388038635253906 0.4607722236190609 -0.7841915904804866 -0.4156110048601106 -0.4251846804419594 -0.6060921815088237 0.6722129536325107 0 0 0 0 0 0
-0.6684551239013672 -2.2233009338378906 3.8582592010498047 0.8863414613844204 -0.4604251089598979 -0.049066616657318395 -0.2923530749462948 -0.6386493200295663 0.7117982337679819 0 0 0 0 0 0
-0.8373508453369141 -2.6545372009277344 3.883251190185547 0.8819388376913279 -0.04824637838059244 0.4688882313993671 -0.3628322575500413 -0.7044789029081074 0.609969038754042 0 0 0 0 0 0
-0.7723891735076904 -3.1837360858917236 3.9496867656707764 0.5379717916604461 0.37611897387002813 0.7544010000474592 -0.36283246738661645 -0.7044786175510652 0.6099692435061623 0 0 0 0 0 0
-0.5847967863082886 -3.6271984577178955 4.1880879402160645 -0.010379697969927998 0.6575897856305597 0.7533046765448941 -0.36283137973888685 -0.7044794738465495 0.6099689015070067 0 0 0 0 0 0
-0.3995704650878906 -3.9207634925842285 4.598205089569092 -0.5547875242444353 0.6892319886555413 0.46601509498798194 -0.3628324446712574 -0.7044791034385124 0.6099686958462286 0 0 0 0 0 0
-0.34080806374549866 -4.057217597961426 5.1145501136779785 -0.8884229625021841 0.45902268184273015 0.0016784673814576687 -0.3628314004663073 -0.7044783960705828 0.6099701339454886 0 0 0 0 0 0
-0.48456162214279175 -4.089037895202637 5.631278038024902 -0.8845308270751472 0.05442379894604051 -0.4632960889777047 -0.3628323637580183 -0.7044794191847653 0.6099683793073742 0 0 0 0 0 0
-0.8299440741539001 -4.108451843261719 6.042397499084473 -0.544591007080034 -0.3708528846236845 -0.7522557895914438 -0.36283209525680143 -0.7044786480315779 0.6099694296595194 0 0 0 0 0 0
-1.2994661331176758 -4.212401866912842 6.282040119171143 0.0022479885041045236 -0.6552348557706777 -0.7554218889672608 -0.3628310367682749 -0.7044795703721067 0.6099689940365746 0 0 0 0 0 0
-1.7684756517410278 -4.465712547302246 6.349484443664551 0.5482329420052545 -0.690682937693636 -0.4715906284895324 -0.36283118668246483 -0.7044792537957085 0.6099692704899456 0 0 0 0 0 0
-2.112515449523926 -4.87646484375 6.30942964553833 0.8859353930771084 -0.46372904361323103 -0.008593800257600905 -0.36283172476578796 -0.7044791005540461 0.6099691274040399 0 0 0 0 0 0
-2.2546064853668213 -5.392923831939697 6.267416000366211 0.8870556879660306 -0.06059763731401902 0.4576681470225677 -0.3628325612154909 -0.7044797296183214 0.6099679033184484 0 0 0 0 0 0
-2.194492816925049 -5.923196315765381 6.329728126525879 0.5511691987251264 0.3655578563772725 0.750053310117058 -0.362832342326623 -0.7044784562219747 0.6099695042220385 0 0 0 0 0 0
-2.0087404251098633 -6.3701395988464355 6.563014507293701 0.005884170770154838 0.6528294350429912 0.7574820824783889 -0.36283103853795523 -0.7044799784001922 0.6099685217343054 0 0 0 0 0 0
