        0.0000  -1.126147   0.322672  -0.803476 
      500.0000  -1.099445   0.303624  -0.795821 
     1000.0000  -1.095212   0.335303  -0.759910 
     1500.0000  -1.109408   0.334021  -0.775387 
     2000.0000  -1.137933   0.341476  -0.796457 
     2500.0000  -1.216231   0.346072  -0.870159 
     3000.0000  -1.113355   0.314202  -0.799153 
     3500.0000  -1.190481   0.319025  -0.871456 
     4000.0000  -1.105668   0.353364  -0.752304 
     4500.0000  -1.084222   0.330413  -0.753808 
     5000.0000  -1.056025   0.304921  -0.751104 
     5500.0000  -1.101966   0.313048  -0.788918 
     6000.0000  -1.058214   0.363006  -0.695208 
     6500.0000  -1.122628   0.342272  -0.780356 
     7000.0000  -1.169740   0.337535  -0.832205 
     7500.0000  -1.107876   0.323042  -0.784834 
     8000.0000  -1.113857   0.332302  -0.781555 
     8500.0000  -1.148633   0.348308  -0.800325 
     9000.0000  -1.103459   0.344905  -0.758554 
     9500.0000  -1.082711   0.329100  -0.753610 
    10000.0000  -1.115090   0.319096  -0.795994 
    10500.0000  -1.133661   0.374177  -0.759484 
    11000.0000  -1.118119   0.324747  -0.793372 
    11500.0000  -1.128060   0.328928  -0.799132 
    12000.0000  -1.137372   0.333723  -0.803648 
    12500.0000  -1.107714   0.314077  -0.793637 
    13000.0000  -1.105166   0.328824  -0.776342 
    13500.0000  -1.177036   0.322156  -0.854879 
    14000.0000  -1.173927   0.334061  -0.839865 
    14500.0000  -1.150778   0.318838  -0.831941 
    15000.0000  -1.116898   0.336680  -0.780218 
    15500.0000  -1.068682   0.342256  -0.726426 
    16000.0000  -1.119167   0.329682  -0.789485 
    16500.0000  -1.166175   0.317521  -0.848654 
    17000.0000  -1.136988   0.325085  -0.811903 
    17500.0000  -1.063010   0.322585  -0.740425 
    18000.0000  -1.094522   0.339588  -0.754934 
    18500.0000  -1.123020   0.361718  -0.761302 
    19000.0000  -1.139427   0.311159  -0.828267 
    19500.0000  -1.061097   0.315499  -0.745598 
    20000.0000  -1.148197   0.338939  -0.809258 
    20500.0000  -1.220268   0.336395  -0.883873 
    21000.0000  -1.132733   0.348949  -0.783784 
    21500.0000  -1.200592   0.319696  -0.880896 
    22000.0000  -1.147102   0.339628  -0.807474 
    22500.0000  -1.223945   0.311561  -0.912384 
    23000.0000  -1.147387   0.330241  -0.817146 
    23500.0000  -1.004103   0.320524  -0.683579 
    24000.0000  -1.093459   0.333017  -0.760442 
    24500.0000  -1.121016   0.320789  -0.800227 
    25000.0000  -1.100245   0.363365  -0.736880 
    25500.0000  -1.080954   0.338421  -0.742532 
    26000.0000  -1.057186   0.356638  -0.700548 
    26500.0000  -1.116915   0.322132  -0.794783 
    27000.0000  -1.109206   0.325213  -0.783993 
    27500.0000  -1.147082   0.326009  -0.821072 
    28000.0000  -1.100420   0.328347  -0.772073 
    28500.0000  -1.129792   0.331764  -0.798029 
    29000.0000  -1.043046   0.347614  -0.695432 
    29500.0000  -1.147239   0.330859  -0.816380 
    30000.0000  -1.106499   0.350349  -0.756149 
    30500.0000  -1.182554   0.311001  -0.871553 
    31000.0000  -1.187967   0.319948  -0.868019 
    31500.0000  -1.134361   0.338053  -0.796308 
    32000.0000  -1.142554   0.294147  -0.848407 
    32500.0000  -1.091418   0.340684  -0.750733 
    33000.0000  -1.150268   0.323238  -0.827030 
    33500.0000  -1.143033   0.333184  -0.809849 
    34000.0000  -1.146270   0.340868  -0.805402 
    34500.0000  -1.136263   0.347716  -0.788547 
    35000.0000  -1.178648   0.362962  -0.815686 
    35500.0000  -1.118758   0.322186  -0.796572 
    36000.0000  -1.127065   0.338162  -0.788903 
    36500.0000  -1.209999   0.359365  -0.850634 
    37000.0000  -1.143431   0.325558  -0.817874 
    37500.0000  -1.213846   0.376440  -0.837406 
    38000.0000  -1.131219   0.318370  -0.812849 
    38500.0000  -1.071715   0.309990  -0.761725 
    39000.0000  -1.131603   0.332182  -0.799421 
    39500.0000  -1.035489   0.348805  -0.686684 
    40000.0000  -1.052684   0.344011  -0.708673 
    40500.0000  -1.123769   0.344605  -0.779164 
    41000.0000  -1.175042   0.325488  -0.849554 
    41500.0000  -1.127523   0.342230  -0.785293 
    42000.0000  -1.077607   0.317415  -0.760192 
    42500.0000  -1.091764   0.338374  -0.753390 
    43000.0000  -1.090215   0.343894  -0.746321 
    43500.0000  -1.037735   0.341866  -0.695869 
    44000.0000  -1.125603   0.318185  -0.807418 
    44500.0000  -1.129358   0.339697  -0.789662 
    45000.0000  -1.132686   0.358740  -0.773946 
    45500.0000  -1.091967   0.360152  -0.731815 
    46000.0000  -1.097582   0.300493  -0.797089 
    46500.0000  -1.113572   0.319268  -0.794304 
    47000.0000  -1.082029   0.342243  -0.739785 
    47500.0000  -1.064588   0.338521  -0.726067 
    48000.0000  -1.159442   0.325056  -0.834386 
    48500.0000  -1.153861   0.350867  -0.802994 
    49000.0000  -1.116293   0.297886  -0.818407 
    49500.0000  -1.131584   0.311735  -0.819849 
    50000.0000  -1.164239   0.328379  -0.835860 
