        0.1434 26   0.002227   0.002227   0.350330    0.011449   0.000000  -1.051915   0.000000  -0.455232  -0.172689   0.000000   0.061308
        0.1744 25   0.011184   0.011184   0.305513    0.045443   0.000000  -1.116075   0.000000  -0.333173  -0.115348   0.000000   0.059234
        0.2569 26   0.024198   0.024198   0.303255    0.052904   0.000000  -1.098084   0.000000  -0.328563  -0.108397   0.000000   0.057211
        0.2879 26   0.045843   0.045843   0.321013    0.052271   0.000000  -1.129285   0.000000  -0.331167  -0.104369   0.000000   0.055037
        0.2002 26   0.085740   0.085740   0.334099    0.039994   0.000000  -1.092083   0.000000  -0.319766  -0.119022   0.000000   0.056510
        0.3528 25   0.109374   0.109374   0.345875    0.057105   0.000000  -1.107636   0.000000  -0.296599  -0.095588   0.000000   0.058613
        0.1996 25   0.176857   0.176857   0.290720    0.062889   0.000000  -1.094924   0.000000  -0.318585  -0.106832   0.000000   0.057045
        0.3559 24   0.209598   0.209598   0.343617    0.042340   0.000000  -1.090634   0.000000  -0.297609  -0.103934   0.000000   0.056441
        0.3354 26   0.275746   0.275746   0.328008    0.044189   0.000000  -1.121448   0.000000  -0.277315  -0.101543   0.000000   0.057646
        0.3095 26   0.352043   0.352043   0.300360    0.062008   0.000000  -1.072199   0.000383  -0.309026  -0.109133   0.000000   0.055331
        0.4192 25   0.407696   0.407696   0.318436    0.054799   0.000000  -1.061721   0.001710  -0.293917  -0.095664   0.000000   0.056220
        0.3679 25   0.505571   0.505571   0.338197    0.067973   0.000000  -1.099797   0.000000  -0.310332  -0.096684   0.000000   0.056248
        0.4121 25   0.588819   0.588819   0.343089    0.050274   0.000000  -1.058621   0.000000  -0.313844  -0.103608   0.000000   0.055179
        0.8680 22   0.568119   0.568119   0.383102    0.045099   0.000000  -1.033615   0.000000  -0.271312  -0.078486   0.000000   0.058544
        4.6966 12   0.027987   0.027987   0.354855    0.058000   0.000000  -0.628254   0.000000  -0.140984  -0.042321   0.000000   0.043465
        5.7377 10   0.002947   0.002947   0.329094    0.055772   0.000000  -0.620654   0.000000  -0.119878  -0.050543   0.000000   0.038651
        6.0075 10   0.005224   0.005224   0.347202    0.042824   0.000000  -0.608584   0.000057  -0.128597  -0.039615   0.000000   0.038747
        6.5216 9   0.002379   0.002379   0.298190    0.066120   0.000000  -0.613298   0.000000  -0.115637  -0.043878   0.000000   0.037632
        6.6228 8   0.009103   0.009103   0.277673    0.057350   0.000000  -0.640482   0.000000  -0.086481  -0.038543   0.000000   0.039259
        7.4853 9   0.000162   0.000162   0.285082    0.049058   0.000000  -0.597367   0.000000  -0.120248  -0.032480   0.000000   0.036269
        7.5425 9   0.004468   0.004468   0.344479    0.062801   0.000000  -0.654944   0.000000  -0.121570  -0.038510   0.000000   0.034982
        7.8844 9   0.005268   0.005268   0.342603    0.059384   0.000000  -0.613543   0.002908  -0.115054  -0.040904   0.000000   0.036019
        8.0232 9   0.012729   0.012729   0.373230    0.050884   0.000000  -0.616852   0.000000  -0.118545  -0.036859   0.000000   0.031950
        8.4542 7   0.010700   0.010700   0.316181    0.061695   0.000000  -0.672948   0.000000  -0.095981  -0.039574   0.000000   0.033190
        8.8435 9   0.010228   0.010228   0.312531    0.056048   0.000000  -0.661382   0.000000  -0.105126  -0.037595   0.000000   0.031458
        9.1004 9   0.014718   0.014718   0.320849    0.091744   0.000000  -0.690852   0.000000  -0.111672  -0.036175   0.000000   0.031328
        9.8141 6   0.004087   0.004087   0.248473    0.070676   0.000008  -0.607978   0.000000  -0.072082  -0.022250   0.000000   0.029488
        9.7911 6   0.017331   0.017331   0.322260    0.049113   0.002332  -0.654448   0.000328  -0.080369  -0.024141   0.000000   0.032083
       10.3691 7   0.009467   0.009467   0.336646    0.031793   0.000000  -0.624261   0.000000  -0.090734  -0.026580   0.000000   0.028255
       10.8295 6   0.006875   0.006875   0.332099    0.050120   0.000000  -0.628699   0.000000  -0.087788  -0.028546   0.000000   0.027257
       11.0769 6   0.010966   0.010966   0.290763    0.050836   0.000000  -0.599787   0.000000  -0.076297  -0.028905   0.000000   0.027437
       11.3798 7   0.013707   0.013707   0.305838    0.038709   0.000000  -0.627529   0.000000  -0.084803  -0.033987   0.000000   0.024835
       11.8700 6   0.009534   0.009534   0.344653    0.064980   0.000000  -0.726210   0.000000  -0.075783  -0.024325   0.000000   0.026079
       12.1839 6   0.011696   0.011696   0.321207    0.056483   0.000000  -0.678141   0.000000  -0.079040  -0.022669   0.000000   0.027211
       12.4379 4   0.016595   0.016595   0.331968    0.055413   0.000000  -0.717246   0.000000  -0.052157  -0.018721   0.000000   0.024814
       12.8498 3   0.015048   0.015048   0.328142    0.042069   0.000000  -0.707346   0.000000  -0.024729  -0.006953   0.000000   0.024348
       13.3965 4   0.008769   0.008769   0.351152    0.039072   0.000000  -0.670211   0.000000  -0.041472  -0.015495   0.000000   0.024131
       13.9474 4   0.004082   0.004082   0.357433    0.056021   0.000000  -0.690574   0.000000  -0.042378  -0.012493   0.000000   0.022553
       14.4147 1   0.002337   0.002337   0.359385    0.045477   0.000000  -0.614005   0.000000  -0.013425  -0.005221   0.000000   0.023113
       14.7596 3   0.002870   0.002870   0.291730    0.057584   0.000000  -0.581908   0.000000  -0.027773  -0.008716   0.000000   0.022658
       15.3571 3   0.000253   0.000253   0.334001    0.033512   0.000000  -0.588758   0.000000  -0.028907  -0.006560   0.000000   0.023463
       15.4332 2   0.004461   0.004461   0.276879    0.066140   0.000000  -0.571414   0.000000  -0.030629  -0.005665   0.000000   0.021853
       15.8430 2   0.003722   0.003722   0.302202    0.057326   0.000000  -0.569852   0.000000  -0.020939  -0.006204   0.000000   0.021240
       15.9156 2   0.012658   0.012658   0.378883    0.043584   0.002290  -0.591749   0.000000  -0.024318  -0.002401   0.000000   0.020028
       16.2392 2   0.014726   0.014726   0.350052    0.063786   0.000000  -0.572137   0.000000  -0.022422  -0.007990   0.000000   0.019582
       17.3318 0   0.000000   0.000000   0.290861    0.050651   0.000000  -0.519364   0.000000   0.000000   0.000000   0.000000   0.029964
       17.7815 0   0.000168   0.000168   0.352332    0.035319   0.000000  -0.607575   0.000000   0.000000   0.000000   0.000000   0.027365
       17.9331 0   0.000630   0.000630   0.352247    0.041865   0.000000  -0.589008   0.000000   0.000000  -0.000275   0.000000   0.031014
       18.6041 0   0.000627   0.000627   0.366603    0.073855   0.000000  -0.603462   0.000000   0.000000   0.000000   0.000000   0.035143
       18.9281 0   0.000264   0.000264   0.371055    0.049879   0.000000  -0.606991   0.000000   0.000000   0.000000   0.000000   0.028230
       19.2381 0   0.000026   0.000026   0.324386    0.054190   0.000000  -0.649099   0.000000   0.000000  -0.000801   0.000000   0.032857
       19.2903 0   0.002486   0.002486   0.327621    0.046270   0.000000  -0.692061   0.000602   0.000000   0.000000   0.000000   0.031649
       19.7812 0   0.000919   0.000919   0.347475    0.056263   0.000000  -0.713855   0.000000   0.000000  -0.002207   0.000000   0.030334
       20.4711 0   0.000532   0.000532   0.329501    0.045775   0.000000  -0.697143   0.000000   0.000000   0.000000   0.000000   0.026797
       20.5981 0   0.000368   0.000368   0.321523    0.072103   0.000000  -0.698809   0.000000   0.000000   0.000000   0.000000   0.028410
       21.2372 0   0.000652   0.000652   0.319795    0.040851   0.000000  -0.689308   0.000000   0.000000   0.000000   0.000000   0.031136
       21.3739 0   0.000227   0.000227   0.311669    0.051354   0.000000  -0.738408   0.000000   0.000000  -0.000000   0.000000   0.026053
       21.9189 0   0.000188   0.000188   0.350269    0.051198   0.000000  -0.815804   0.000000   0.000000   0.000000   0.000000   0.034715
       22.1920 0   0.000014   0.000014   0.339193    0.046995   0.000000  -0.792340   0.000000   0.000000   0.000000   0.000000   0.027914
       22.8749 0   0.002345   0.002345   0.315079    0.070016   0.000000  -0.790107   0.000000   0.000000   0.000000   0.000000   0.031149
       22.8264 0   0.000558   0.000558   0.321630    0.043396   0.000000  -0.778890   0.000000   0.000000   0.000000   0.000000   0.030276
       23.0755 0   0.002037   0.002037   0.351293    0.059969   0.000000  -0.809127   0.000000   0.000000   0.000000   0.000000   0.027141
       23.9089 0   0.001062   0.001062   0.366841    0.045043   0.000000  -0.786755   0.000000   0.000000   0.000000   0.000000   0.028075
       24.3221 0   0.001518   0.001518   0.311498    0.056968   0.000000  -0.692204   0.000000   0.000000   0.000000   0.000000   0.029435
       24.1149 0   0.003606   0.003606   0.325787    0.060656   0.000000  -0.669595   0.000000  -0.000010   0.000000   0.000000   0.024281
       25.1566 0   0.002814   0.002814   0.309329    0.056822   0.000000  -0.726641   0.000000   0.000000   0.000000   0.000000   0.029646
       25.1126 0   0.000333   0.000333   0.336829    0.039749   0.000000  -0.737492   0.000000   0.000000   0.000000   0.000000   0.031060
       25.3302 0   0.002033   0.002033   0.342279    0.071696   0.000000  -0.761220   0.000000   0.000000   0.000000   0.000000   0.030748
       25.8322 0   0.000559   0.000559   0.338558    0.042486   0.000000  -0.781532   0.000000   0.000000   0.000000   0.000000   0.029692
       26.4437 0   0.000269   0.000269   0.274063    0.042639   0.000000  -0.751693   0.000000   0.000000   0.000000   0.000000   0.024759
       26.8527 0   0.000486   0.000486   0.345850    0.050116   0.000000  -0.807148   0.000000   0.000000  -0.000266   0.000000   0.030795
       26.5292 0   0.009355   0.009355   0.343366    0.045804   0.000000  -0.804582   0.000000   0.000000   0.000000   0.000000   0.026303
       27.7274 0   0.001847   0.001847   0.299215    0.043082   0.000000  -0.762782   0.000006   0.000000   0.000000   0.000000   0.028697
       27.7999 0   0.000073   0.000073   0.330168    0.063670   0.000000  -0.810078   0.000000   0.000000   0.000000   0.000000   0.026310
       27.7887 0   0.005513   0.005513   0.327195    0.052705   0.000000  -0.750699   0.000000   0.000000   0.000000   0.000000   0.032277
       28.6403 0   0.000043   0.000043   0.361581    0.068099   0.000000  -0.788161   0.000000   0.000000   0.000000   0.000000   0.027250
       29.1327 0   0.000696   0.000696   0.354573    0.047097   0.000000  -0.757079   0.000000   0.000000   0.000000   0.000000   0.026807
       29.2184 0   0.000523   0.000523   0.340265    0.050561   0.000000  -0.747232   0.000000   0.000000  -0.000743   0.000000   0.024631
       29.8012 0   0.000151   0.000151   0.360158    0.038849   0.000000  -0.753670   0.000000   0.000000   0.000000   0.000000   0.027301
       30.2660 0   0.000752   0.000752   0.348950    0.047952   0.000000  -0.746410   0.000000   0.000000   0.000000   0.000000   0.031996
       30.6209 0   0.000570   0.000570   0.303001    0.043015   0.000000  -0.728791   0.000000   0.000000   0.000000   0.000000   0.029234
       30.6353 0   0.001404   0.001404   0.328834    0.075750   0.000000  -0.788401   0.000000   0.000000   0.000000   0.000000   0.028484
       31.2802 0   0.000068   0.000068   0.304582    0.050790   0.000000  -0.741246   0.000000   0.000000   0.000000   0.000000   0.025584
       31.6885 0   0.000189   0.000189   0.297823    0.058763   0.000000  -0.737402   0.001230   0.000000   0.000000   0.000000   0.031126
       32.0631 0   0.000184   0.000184   0.375297    0.062793   0.001066  -0.726904   0.000000   0.000000   0.000000   0.000000   0.027489
       32.5692 0   0.001275   0.001275   0.319036    0.050981   0.000000  -0.731644   0.000000   0.000000   0.000000   0.000000   0.030867
       32.6026 0   0.000503   0.000503   0.321681    0.042675   0.000000  -0.721414   0.000000   0.000000   0.000000   0.000000   0.027745
       33.1314 0   0.000013   0.000013   0.303640    0.058958   0.000070  -0.706567   0.000000   0.000000   0.000000   0.000000   0.027960
       33.3441 0   0.000582   0.000582   0.300913    0.056258   0.000000  -0.647690   0.000000   0.000000   0.000000   0.000000   0.029168
       34.0125 0   0.000654   0.000654   0.335611    0.064416   0.001145  -0.701705   0.000000   0.000000  -0.000050   0.000000   0.029533
       34.2884 0   0.000074   0.000074   0.332043    0.051878   0.000000  -0.713764   0.000629   0.000000  -0.000000   0.000000   0.032044
       34.3052 0   0.002739   0.002739   0.303190    0.054520   0.000000  -0.742940   0.000000   0.000000   0.000000   0.000000   0.028535
       35.1554 0   0.000797   0.000797   0.310164    0.062108   0.000000  -0.744436   0.001691   0.000000  -0.000000   0.000000   0.032585
       35.2412 0   0.000441   0.000441   0.324360    0.047031   0.000000  -0.741434   0.000000   0.000000   0.000000   0.000000   0.026669
       35.4285 0   0.002810   0.002810   0.306499    0.038815   0.000000  -0.754898   0.000000   0.000000   0.000000   0.000000   0.026683
       36.0321 0   0.000205   0.000205   0.304699    0.037273   0.000000  -0.785771   0.000000   0.000000   0.000000   0.000000   0.029364
       36.6770 0   0.000987   0.000987   0.340074    0.044071   0.000000  -0.820665   0.000000   0.000000   0.000000   0.000000   0.031808
       36.7681 0   0.000287   0.000287   0.324281    0.056757   0.000000  -0.766850   0.000000  -0.000000  -0.001307   0.000000   0.029552
       37.3435 0   0.000288   0.000288   0.316487    0.037806   0.000000  -0.816308   0.000000   0.000000  -0.000001   0.000000   0.030369
       37.6749 0   0.000089   0.000089   0.311445    0.038616   0.000000  -0.809375   0.000153   0.000000   0.000000   0.000000   0.027071
       37.7532 0   0.001686   0.001686   0.323183    0.046570   0.000000  -0.807027   0.000000   0.000000   0.000000   0.000000   0.029934
