t = 1000000
b = 30 30 30
E = -1.07127705831073 -1.44736816830386 0.376091109993133
2.50415802782449 -13.1278588605489 3.37987725992075 -0.368749342149061 -0.118616431390644 0.921929533570101 -0.859334445401586 0.421606840213574 -0.28946844945775 -0.258539215735675 -0.461359152057648 0.667233771783027 0.131610264888605 0.231183866109203 -0.318300090215561
2.0655156152911 -13.2832845013334 3.32074986047422 -0.141539972487152 0.489105580510212 0.860663794580732 -0.902747274799975 0.292992197377051 -0.314964966492125 0.391192111913187 0.172761771408716 -0.276479230135846 -0.470865328950492 0.186395040913921 -0.0522493483899318
1.42470530322512 -13.0510864218277 3.42278888680313 0.418041052593455 0.645607426687424 0.639087418865837 -0.624536511828023 0.715133997500874 -0.313906850852455 -0.0896583530450858 -0.842205335595964 -0.172791823059918 -0.471267248356985 0.747942453566358 -0.186995636333774
1.0409829803981 -12.776376942413 3.52243971653328 0.647568157919383 0.714404631435984 0.265106588812334 -0.680055009133519 0.698775304713127 -0.221896953731876 -0.076454694690621 0.102443295982799 -0.0386909941580639 -0.0444143457889566 0.462941979044234 -0.30149739711993
0.714008005043695 -12.3993330434133 3.76397157260914 0.720808215223409 0.606565136949231 -0.335431440840307 -0.634493559741383 0.772224975149338 0.0329622572393408 0.108928147547369 -0.049409312057558 -0.520256532517535 -0.23866892966177 0.1120307651971 -0.265300714858921
0.558324179146748 -11.9300171526171 3.94218348779777 0.513489607602837 0.155767613989233 -0.843839364639969 -0.607608673759141 0.760393718971083 -0.229375438358127 -0.168817965559604 -0.361212208298958 0.0768168631393658 0.149508755129764 0.272849665268 -0.295443287478744
0.562299021665876 -11.4166457519025 3.96497858279904 -0.0799849202531552 -0.352797202848602 -0.932274930583409 -0.623008785616509 0.747781156927521 -0.229528635226156 -0.290931537012263 0.504546756243683 -0.218088333541766 -0.11344295870272 0.22885523842939 0.154872344553698
0.206759708238952 -10.9469442427282 3.76529849162781 -0.00085521958428962 -0.712456585397416 -0.701715670712375 -0.73389599042248 0.477095831082605 -0.483504129460551 -0.32351854396189 -0.436876259721457 0.0220584578152626 -0.187141951859035 -0.0209883195772027 0.468139914838924
0.0190570496274631 -10.6952070083205 3.41044433413637 -0.367122055327666 -0.903083989337637 -0.222846818900358 -0.716414261563129 0.427324492611819 -0.551492868351902 0.152144315110396 -0.598942708332521 0.360815065501456 0.0538933658510683 -0.353497393936977 0.109591096918393
-0.232876153841591 -10.6305329181714 2.92677252405774 -0.573495814044681 -0.71348831180431 0.402538172341288 -0.789967576559439 0.351545147912343 -0.502361659528367 -0.219093339612086 0.178798426224738 -0.514264305472552 0.330366167895114 -0.327787072782904 -0.0612278091221103
-0.534086435375865 -10.7174672430048 2.50859954948588 -0.638204382147696 -0.310470249777193 0.704488034398573 -0.769865982962535 0.258845899946288 -0.583356810501194 0.335797643380027 0.16723055311252 -0.751359499043475 0.109526408408396 -0.121646783277397 -0.310116758041549
-0.939264611816011 -10.9794238709518 2.17987902560013 -0.450783244991839 0.333965106283213 0.827805396104586 -0.868609233189538 0.0495911894723036 -0.49300985177236 -0.113002158587163 -0.749610291530698 0.240427900550566 0.399329526559781 0.0449488532201852 0.252928668985323
-1.44663244081653 -11.1730202113847 2.14304464436885 -0.26177375237043 0.704496673477497 0.659665778731203 -0.959883909140225 -0.118879879145488 -0.253949710194822 0.109191339482222 -0.0445915604444687 0.172712048538795 0.0012736129903245 -0.116516585880092 -0.390640370546257
-1.99792467076212 -11.3192689545469 2.28923628529704 0.0472555313459108 0.993528961046034 0.10328174243304 -0.979075429355459 0.0665590275444364 -0.192304964794886 -1.01641146386587 0.0465881851509877 -0.0807969527606585 0.0965972406822722 0.222670459240302 -0.00689861802298299
-2.48777550308737 -11.1779093349568 2.51882467972171 0.316287703085281 0.871751841645551 -0.374180191170816 -0.947509547034526 0.270844547875748 -0.169908472903532 -0.537282089211508 -0.0979490039304446 0.209178651353568 -0.473170570148828 -0.18076990139932 -0.0833609475852825
-2.78198399916971 -10.8893410943404 2.73540930752914 0.241521161403233 0.454770436348666 -0.857234727958263 -0.946377596717853 0.305710038873168 -0.10445485418451 0.701356006919373 0.144651708053064 -0.333996391589965 -0.243567228967316 -0.714181720768568 0.736533268026549
-3.10120500101714 -10.4460841488771 2.67185142978554 0.185233823881205 -0.351790682045429 -0.917568387923406 -0.888403779787764 0.339153752183578 -0.309375914444894 -0.147254757432546 -0.242335940790953 -0.132494116225342 -0.102978728010786 0.387111315406119 0.211158652151168
-3.35328232136043 -10.0948269749203 2.40829356425796 -0.0767139956501473 -0.881713245522073 -0.465506944676792 -0.958135454753034 0.194360421230719 -0.210239094852063 0.599644704556308 -0.413958289350265 0.30050384916268 -0.100494395719691 0.0824743706344384 -0.0750782342523793
-3.83909918585068 -9.94300442026047 2.16139264812742 0.0668500025218657 -0.984598881775282 -0.161542932899251 -0.898134029567253 0.0111424850721006 -0.439580606896741 -0.0682113454214857 0.170916276779993 -0.114099188368473 0.627069620470389 0.65230215977969 -0.174282403796563
-4.12668933284383 -9.99630535168231 1.70905057841023 -0.0853929844894694 -0.824025758131584 0.560079983694874 -0.969960224449325 -0.0597603602551798 -0.235808953028477 0.0122592840888043 -0.0945024679810777 0.0650231783822884 -0.450677591217532 -0.571097265702511 -0.00434525087707893
-4.52510348200622 -10.2004106153564 1.40222615601916 -0.163472451572686 -0.326970523564655 0.930788393941755 -0.958756010331754 -0.169712261969587 -0.228001449096063 -0.737463285726129 -0.12527666044847 0.67329208376088 -0.123271797936756 0.12332632471511 -0.229103738935077
-4.92377375347562 -10.5958270148459 1.25779680952253 -0.218774110684481 0.111378986279994 0.969398065765275 -0.971540940716599 -0.117317524780619 -0.205778519021923 0.36637303080251 -0.197738455449663 -0.232301133317826 0.716035961244698 -0.223458210488514 0.35350795282988
-5.4176156089633 -10.8801080412845 1.3000002039602 -0.0975354953546584 0.670198683671798 0.735744895701296 -0.991299209653801 -0.131078503418839 -0.0120126134220274 -0.0666594030786757 -0.176523177740651 -0.157833914123536 0.000338774156036871 0.384113597698941 -0.0736458226811136
-5.89709438457506 -11.0117687628213 1.54263766835196 0.00458769788194528 0.928021156950531 0.372499241986265 -0.997136133415183 -0.0238745517154041 0.0717602760460655 0.149934162828183 0.261844465527057 0.588597165597295 -0.354224340503636 -0.185860308425718 0.0898541127026558
-6.30717581500544 -10.9583099811998 1.9235200216489 -0.0136157322878719 0.945986835350693 -0.323919000951542 -0.952684808222471 0.0861046690117729 0.291509248835241 0.681251093357177 -0.441836834167135 -0.352894956824902 -0.00804725604237024 0.431003281485348 0.142294617927347
-6.66491290914004 -10.7819079235065 2.32713601226311 -0.130269958446892 0.592273898520113 -0.795136068266326 -0.9802995576594 0.0431483815432161 0.192745932312427 0.0303914864003746 0.733808641448196 -0.306149195842253 0.142801454694065 0.328266687678184 -0.214754177874449
-6.85189619415137 -9.97854426563572 1.39240906442797 0.173129684269151 -0.5854751460906 0.791987983327433 0.979802117180445 0.184087541649899 -0.0780998602944577 -0.391841830427111 0.299422847848713 0.184424893967538 -0.155384900026119 -0.184665898826751 0.369426575267401
-6.37172962538865 -9.82379905231972 1.57880657871894 0.0292954333977846 -0.977113019856779 0.21069391070556 0.999509739200473 0.0263057405834501 -0.0169790828892055 -0.137186251713752 0.501577213123492 -0.0744565532441927 0.138012061601175 0.223393193804656 -0.287305053430366
-5.94954369846617 -9.9193475593396 1.93960573428075 0.0921460154632052 -0.962833049915465 -0.253892949537279 0.990538077703363 0.0625916291720821 0.122133552217688 -0.0323447301752707 0.119013760020421 0.0638393876386132 0.0792006178354397 0.306948007910649 -0.28555734506091
-5.50782196995029 -10.0203752665126 2.16080469142156 0.0506892970567515 -0.777197309337254 -0.627212035537285 0.925547543796423 -0.199394252072507 0.321875249767444 0.460470319817531 0.0507790171511104 -0.0971702670919242 0.766994842447908 -0.637958543387042 -0.758991577881725
-5.23415993223349 -10.4058656329006 2.39105502413706 0.216344930973319 -0.171270656793325 -0.961177003971554 0.947563112053136 -0.200334925360392 0.248978043925609 0.1707824398748 -0.0689599617589208 -0.147323930967299 0.402953910516268 0.45998441099548 0.20380691263085
-4.81840158236858 -10.7454708045255 2.37524002689815 0.336997854616964 0.570549203782494 -0.748936614171537 0.938450742957287 -0.267582897033144 0.218425264697715 0.398336562911034 0.138311153661333 0.274856946260597 -0.983934374331971 -0.300964183224216 -1.01350573206528
-4.30204935176947 -11.0172674517284 2.24081116873268 0.160559188214022 0.947435886994347 -0.276741733598836 0.967195895673694 -0.0951023948785684 0.235558132698323 0.260899119467963 0.267273036470284 -0.224884303482683 -0.0518735560437454 0.135256342699 0.37431027705976
-3.82020253214009 -11.1064035056307 2.023778142911 0.0153874010770278 0.989771075829307 0.141832455170851 0.999873327208021 -0.0146544171974838 -0.00621108642380752 0.520587347033062 -0.518237743190921 0.278105379461073 0.135130316059776 0.506555701649589 0.448128641357255
-3.36345158031443 -11.0944579372673 1.74695980213386 -0.033047448340928 0.817226451392668 0.575368397900251 0.986089063182287 0.12049033078711 -0.114500828202645 -0.649278575304087 0.0729478938002999 -0.893128388343494 0.564307881415896 0.554476609908971 0.317255713890018
-2.96159515076285 -10.7568642521179 1.56245043836523 -0.125953154978412 0.15350151377404 0.980088306235751 0.950848919047009 0.300398477954769 0.0751471063287977 0.539305563552076 0.000588893785531151 0.14612507836465 -0.324051563640414 -0.0236958426106538 0.209675522993217
-2.60191900373498 -10.3470943395402 1.70278713671581 -0.116820719496949 -0.401691757934232 0.908293262720759 0.957331945603088 0.197862484901153 0.210632340813436 -0.272550319932055 0.160274292858437 0.140311131879684 0.425684727255168 -0.0975120101706158 0.434162565451556
-2.20834406310685 -10.0989427812137 2.03516905041619 -0.14464017866485 -0.836963426494633 0.527798675089435 0.940226431677374 0.0499467431539283 0.336867303286545 -0.245702959414894 0.309681804504179 -0.414560428295983 -0.191520274741884 -0.115558208236395 0.370485865295343
-1.9364813772023 -10.1573645448125 2.46851574050028 0.0018314298181844 -0.962396676421489 -0.271641828659899 0.829091399221392 -0.150416867999412 0.538499969877772 -0.305963823865067 -0.32380944104155 0.285925869171301 -0.0368302835901391 -0.466588276601144 -0.422485422714268
-1.69525620227881 -10.3242418862135 2.87199892104747 0.206659457403955 -0.740994274506987 -0.638920459692259 0.760988350042468 -0.2887148559759 0.580982325926063 0.284450008922341 -0.133692889478933 0.267250087501826 -0.198024013585766 -0.120257576989027 -0.0307576144060139
-1.49869997274659 -10.7224555350348 3.18289801893797 0.493821773598096 -0.123062626094373 -0.860811039647603 0.786791642913596 -0.358289882529807 0.502580611164121 0.26380796658415 -0.142145940113756 -0.0277056936157672 0.625497401547073 0.112773480143983 -0.0634591202382677
-1.2198030813244 -11.1010434336205 3.3570052404331 0.592946190683715 0.311397733201045 -0.74259428136158 0.757230411332789 -0.529302172089534 0.38267651453163 0.0794895421569121 0.667670668820984 0.272326107522702 0.433935925912995 -0.12476612273908 0.403944479842776
-0.937254384906797 -11.4906906026936 3.31866416600714 0.61213167130913 0.761988590826029 -0.211348537802498 0.790493692653137 -0.582785381754443 0.188363798774965 -0.282381658208982 -0.532141644730914 -0.438670469666198 0.0853328089145839 1.0876012858808 -0.707040442430951
-0.430097785469592 -11.8083752227803 3.15524652129277 0.354733850175022 0.920094277100478 0.16610363267236 0.92695759281208 -0.369305007802328 0.0660562816101254 -0.321305844318794 0.330661106631979 -0.00978269686398909 0.121984463224155 -0.245096431167281 0.442072339449321
0.115733387966308 -11.7784831637628 2.96272108398234 0.0364927823064571 0.739470145935482 0.672199509156092 0.956729047249032 -0.220163331341437 0.190256767770822 -0.400606909580953 0.661928346071091 -0.11093580868415 0.093261942119049 0.0342158595613151 -0.224849006858109
0.607088088880431 -11.7274406048025 2.84114243653929 -0.115401575689056 0.174995281763891 0.977782760989812 0.862958605211172 -0.469820157604778 0.185934034539701 -0.17998035644259 0.203104565733483 0.390970876210148 -0.138186891505002 -0.000658884120272845 0.440858335375072
1.09218462441101 -11.6397755796479 2.92250948125965 -0.409064054466484 -0.312296066899491 0.857401752938814 0.879933290158856 -0.383806435715823 0.280017900808729 0.217426545171275 -0.079657537896059 -0.245286795278311 -0.403907351134526 -0.136721959451364 -0.00330274897930211
1.41901378021874 -11.5799577251961 3.33326749325402 -0.45939849238194 -0.805182577064832 0.375012056857425 0.862514344628317 -0.30353166249733 0.40489200433201 0.149068484719439 -0.518891085862021 -0.0522102435234602 0.733483618948605 -0.322719638403013 0.222876187116134
1.78361193787769 -11.8500514697689 3.72811924711049 -0.539908737783856 -0.836744650345841 -0.0914163277662158 0.759319015632265 -0.53103724086957 0.37607722785205 -0.0594324776770983 -0.0838426604924994 0.326012164574901 -0.380502830499186 0.0504382285529828 -0.178169495143538
1.91458621650484 -12.2756927551941 4.16090936420767 -0.373977764731338 -0.675011152199544 -0.636003597389823 0.733062546383487 -0.635221514663139 0.243131508445175 -0.100099444309123 -0.443492426644964 0.546637193828578 0.209488695629601 0.28486928465253 0.0198480098279939
1.94571630022274 -12.725235865979 4.42004863617508 0.114792493865102 -0.322745096525476 -0.939498954773762 0.718181331544082 -0.626446240710653 0.302953267883119 0.314012081579407 0.0818797077153661 0.4372596612019 0.00977187409511484 -0.344932931972343 0.614339939934369
2.05412565971914 -13.1940816187391 4.47381130540232 0.399496634659799 0.00407611924276959 -0.91672559915572 0.667884617248186 -0.686282781231267 0.288003614957732 -0.141449468144725 -0.206501243001638 -0.437745976104692 -0.520046212162036 -0.297224090131406 0.338951128314256
