t = 1000000
b = 105 105 105
E = -0.426978833927724 -0.746729122117576 0.319750288189852
-6.68984116491606 -3.30138289580559 23.1919965170838 -0.628034457927226 -0.486775703542519 -0.607142597827553 0.447210585500225 0.412733192903535 -0.793507406198694 0.525292566774855 -0.216413522086776 0.170275979374132 0.13773265556803 0.171757487326499 -0.111198045161972
-6.31961296257546 -3.40298057446056 22.8387782104631 -0.79232170363597 -0.0915379048119356 -0.603197422018866 0.599209807236501 0.069244039560923 -0.797591919402937 -0.0151091302859577 0.0271262508094071 -0.117651078051332 0.432879774693067 0.0472133012497088 0.0237374517195752
-6.11556785533972 -3.65950266595145 22.3473963223211 -0.743290790965046 0.557211076354917 -0.370181869428959 0.493981189780086 0.0840163702795545 -0.865403855820104 0.219357294067275 0.0369003811054457 0.0629070639740937 -0.0694128717193042 -0.139937584220472 -0.68566657708813
-6.02072149082248 -3.85674889151094 21.8571329264649 -0.370312830062415 0.927419167123144 -0.0525556499703403 0.534276076615915 0.166367473856276 -0.828776771874524 0.280506254691456 -0.122003977380623 1.10071073388067 0.526593931279232 0.0568465074160932 0.0559890499693905
-5.79384632964089 -3.71482523737394 21.3352965210901 -0.336655604936802 0.868917034940944 0.362830800861911 0.442182473996663 0.486078742704309 -0.753791825095711 -0.233660960714774 0.0394994768800523 1.30444456791759 -0.118268746457253 0.706460052441366 0.0771846511880285
-5.83107234856081 -3.37049917753462 20.8229459293338 0.110174014537637 0.714733991132398 0.690664179207642 0.580963919752376 0.517511643607946 -0.628221794174762 -0.320610893162313 0.41449063987357 -0.589566747735394 0.296495575986956 0.207994113325818 -0.390689958559006
-5.77185349190896 -2.92018064071627 20.563563216333 0.610972669163964 0.213092821845361 0.762432847411909 0.567327265827796 0.553846876591005 -0.609420553262565 -0.101807211796181 -0.232506147739952 0.1091336441713 -0.0578012499325138 0.405979990274477 0.461321009328663
-5.96430937198505 -3.42167822226038 19.4116554898415 0.0622050771595286 -0.997924939019925 -0.0166236114528386 -0.867427257859681 -0.0458172844296202 -0.495450026510744 -0.238003239941111 0.368168029685184 0.160368589888465 -0.627615891717031 0.293793861572835 -0.12968586683043
-6.18077121758505 -3.63460257896725 18.9751239393348 -0.35463615067067 -0.680348147319565 0.641373213563067 -0.862779375288527 -0.0262452358567297 -0.504898937581995 -0.350901549612488 -0.460523583782883 -0.438384700427031 -0.064048658673826 -0.217525944389118 -0.428233389194412
-7.16249899843993 -3.22904844689464 18.4262438307589 -0.252471465027775 0.878049005125826 -0.406556397003113 0.00336421355514335 -0.419368916583055 -0.907809668306701 0.0459926410415077 -0.143517872076917 -0.293981558968986 -0.190197724388117 -0.441539913441848 0.422741041091263
-7.44438988973823 -3.43680076469041 18.1680951202107 0.41683516688041 0.73984732487619 -0.528085579736182 -0.270205709955208 -0.453848441423956 -0.849123351772078 0.163154985493933 0.200882769750892 -0.399548696463952 0.180322419792981 0.158787299812765 -0.0365263137832708
-7.70115014038381 -3.37893612279374 17.6894248349862 0.960442665318877 0.0643101642109098 -0.270950344923818 -0.192319475819912 -0.550501412422988 -0.812380092161601 0.023989191651759 0.130189917205069 -0.0196081664508606 -0.264579324915139 0.703674930597991 0.0377014064773536
-9.06568144327795 -3.70989222883682 18.2877360110994 -0.76952556498761 -0.631474617184846 0.0952376641979861 0.638448153690716 -0.757301250913967 0.13740003789349 0.185994062748602 -0.449405618176819 0.438572158369316 -0.368806872879152 0.0115304722610458 0.0213807960066862
-9.25957366713385 -3.79604659803242 16.9646166421224 0.794237070679191 -0.38090484519221 -0.473390931966436 -0.348714118450682 -0.923774417317093 0.158238078551083 -0.379901690382776 -0.407553707130463 -0.0556895365675218 -0.401848487462776 0.0541847032473871 -0.118032152202105
-9.35079297885167 -4.22236740946804 16.7864999921425 0.783005698565842 -0.0221045526205001 0.621621641166695 -0.296560032378069 -0.891737521850231 0.341842565108735 -0.131846885941129 -0.0102636639003411 0.389166423523234 0.112928659968668 -0.62430425616089 -0.1599173546508
-10.5925026001872 -3.94664427360941 16.477322293322 0.207900379485743 0.297624179996547 -0.931771044673016 -0.638091001340012 -0.680719251510569 -0.359807135326183 -0.00535338259481288 0.0258591968807243 -0.169137544083097 -0.328646835879619 0.35643766777492 -0.688924132713948
-11.0691729853133 -4.197757966811 16.1256092270483 0.754084932114074 0.122593727485477 -0.645233828266723 -0.237814911774182 -0.864791583000672 -0.442243807993866 -0.314180419162607 -0.103028085232462 0.453730305638551 -0.0188719024318052 -0.0416794736600541 -0.0186806727454768
-11.1893047908806 -4.54802834336962 15.7250308233724 0.996194584377782 0.0669455761180665 0.055808958910028 0.086420751058714 -0.84177177689194 -0.53287121278465 -0.159093069341705 0.254698170677189 0.254342341876464 0.260341365523635 -0.00236487325690026 -0.4772072656794
-11.0523180393066 -4.73522985030978 15.2802633422347 0.715352066187705 -0.231896705915675 0.659162604511504 0.289668730248011 -0.760040829927644 -0.581747336529655 0.216725234498848 0.622969523090996 0.206010394929847 0.230318607658508 0.136578875420895 0.0114226822559696
-11.9617153996244 -4.64960055095758 14.1739919491216 -0.492451536780192 -0.7681921393034 -0.409111624174941 -0.801967107311657 0.583135312911065 -0.129622396314714 0.279845670088619 0.143349813644597 -0.213978377846713 0.0129164615319585 0.0326767791479625 0.0822843610020275
-12.2882332232517 -4.44194876341619 13.786567853206 -0.485788721971404 -0.833926034355152 0.261871508243946 -0.872980855339208 0.477887921598394 -0.0976092239566449 0.238791493246397 0.4754695725591 0.224318392240362 -0.172060240574919 0.0211562028733816 0.159474599500587
-12.7735993125226 -4.48049628200231 13.5556381011968 -0.156084016969948 -0.337377118774305 0.928339625015575 -0.877166586909361 0.479440082798523 0.0267579112788893 -0.554988264106714 0.0306671213890915 -0.0761078186021828 -0.0115126744251251 0.0727675719737027 -0.112592974428711
-13.6509159890289 -4.02250975094057 12.8635018849358 -0.700476313339911 -0.708450521769695 0.0862020455330741 -0.629783729357122 0.670428609724358 0.392298271089837 -0.115347898031012 0.0195075470938686 -0.0236307708132994 -0.262328765963898 -0.00474533691801302 0.30009425373477
-14.1114295964817 -3.90903608837715 12.81550682003 -0.383270795530174 -0.660881942926446 0.645243019960159 -0.734099397065664 0.641923856501944 0.221431338525854 -0.463036176231197 0.0825214837577147 -0.0798360349730692 0.52337147397913 0.328354212764336 -0.07123253544257
-14.6287258667263 -3.76530795569385 12.791020698756 0.0805163901942137 -0.161289207448665 0.983617254052937 -0.828376352268845 0.538003547137146 0.15602820985187 0.121501112305174 -0.171295922804973 -0.553299803783783 -0.316537500707768 -0.0947855218452675 0.159344452957508
-15.0705287897753 -3.04511714161024 12.3403632373992 -0.373953068220734 0.640255746100332 -0.670993056859531 0.870712728050993 0.491523361369423 -0.0162520902752439 -0.00881537786546852 -0.486640043595511 0.476461703077718 0.286821208994694 0.13710448015962 -0.171775746082986
2.71611477743378 -1.57514621841969 29.4770993409634 -0.88442439441081 0.329910757865861 -0.330079357754053 0.301162517174576 -0.136830788565358 -0.943704653771314 -0.0509015224828506 0.289325781554606 0.127436328956402 0.512206506443246 0.207280027774525 -0.112442540597106
2.60915283505956 -1.80868074913091 29.1309991062663 -0.392927685987122 0.850017161804785 -0.350825680676318 0.213773127207888 -0.286623342094892 -0.933888703138726 0.298180263251775 0.166696235615723 -0.155851564760418 0.793805346158001 0.184287354881567 -0.209947842369275
2.33692480657282 -1.81619664934085 28.8130279298485 0.433614765713348 0.737684440176222 -0.517493866318516 -0.142247225621835 -0.511054679092688 -0.847696196629664 -0.589193629995258 -0.784609229743275 -0.293341405321384 -0.706760495584045 0.392545994800874 -0.293432901464537
2.21237523771567 -1.85488096287934 28.2925514863196 0.955110430501767 0.225475830875923 -0.192158047548186 -0.0279963684617471 -0.57703474037088 -0.816239616631133 0.655439028031877 -0.136953123364884 -0.0163942664262379 -0.110577626930097 -0.378528926834678 0.0208918104586503
1.91481870590642 -2.20931711262282 27.5087697094482 -0.256572600106823 -0.887203482840108 -0.383458577829185 -0.520784668575191 0.46112231520165 -0.718435480332074 0.381912850956311 -0.209593414469209 0.480617303622251 0.128490813913625 0.063615625883537 -0.110714601196595
1.81942133958169 -2.05354546744683 27.0292465051657 -0.473294917029887 -0.868163284908114 0.149279711452094 -0.637449975135287 0.220577265435926 -0.738243319761716 0.0477106275520603 0.0703532878456844 -0.839970059189651 -0.308000794016411 0.27314979122528 0.452487305774867
1.50729745345785 -2.17976621396775 26.6056719884043 -0.636379417482949 -0.309339611271168 0.706633031992367 -0.770438098501792 0.209727468906033 -0.602029505226415 -0.0467470539428172 -0.043067622910905 -0.399305393789434 0.00102673411427205 0.486433525552489 -0.269366236217593
0.830229247216464 -2.33161491784108 26.0489150818531 -0.52497142033399 0.168506541549751 0.834272469453128 -0.142686406756394 0.948908883998298 -0.28144718722365 -0.112840522128007 -0.146287089863716 -0.193423039625682 0.00315625902941396 0.0710320002268249 -0.126267645051795
0.558875368842105 -2.00276763930134 25.9034253055119 0.208984529741348 0.320025521206153 0.924072038374347 -0.196581083338342 0.939396259223221 -0.280874608733015 0.297939785255603 0.0432961354049104 0.12640227259702 0.0887793343746898 0.00365328712998861 0.399819097836841
0.127296504138752 -1.77751469114616 24.8407142158854 -0.697108052198184 -0.112737504913665 -0.708047045432945 -0.0468595560783694 0.992612728751196 -0.111911361019636 0.095846912845091 0.50929659700859 -0.184242119323341 -0.109332061042472 -0.238687401571615 -0.0877025524057733
-0.192574702087341 -2.60881483570144 25.3802232414598 0.712318134305014 -0.253178029363301 -0.654601986697139 0.233348841961553 -0.794184822986637 0.561087145542508 -0.740246345800005 -0.318795509677179 -0.129062330366317 -0.215815427455283 0.0750667212741369 -0.216820133766108
-1.14773849445149 -2.91985337826993 25.5057644181836 0.142561680069039 -0.797368074196481 0.586413098104252 -0.620689789672421 0.389475916479428 0.680479753908224 0.179123717728614 0.16346982145927 -0.496289314846386 0.0725894710603231 -0.319798772769563 0.210252484108195
-1.76749149978361 -2.1560829173563 24.9595860641637 -0.489445236341778 0.341885305524338 0.802220542300536 0.405418378043479 0.903688743295723 -0.137777334802174 -0.311685990204566 0.0111901985108928 0.537544844417172 0.120270125504848 -0.5134448166823 -0.102345258024352
-1.76282224490964 -1.72283603134912 24.7399933378286 -0.106810750968214 -0.0724275596040802 0.991637893632293 0.251393934546406 0.962970426615746 0.0974117402417893 0.334759157926422 -0.2550293684893 -0.147708188835959 0.321067031339943 0.033010047323113 0.0745759654173019
-2.30580548680668 -1.70075541194577 23.7912986605662 0.00167720195275138 0.850070373479608 -0.526666447693128 0.229893508531179 -0.512888553096047 -0.827099937636536 0.243366634596534 -0.0470879490690231 -0.272112305354506 -0.0906973543408533 -0.387381485228527 -0.353585487056555
-2.50342846888326 -1.86855112307468 23.3760669256072 0.764129621373562 0.541727916842365 -0.350195353842531 0.0405108585248474 -0.582115101481475 -0.81209659460478 -0.047416295192057 -0.287152261459745 0.401263568221548 0.0708749377221749 -0.219072320542865 0.189752751353744
-2.58192458684468 -1.91362392973302 22.8991556475721 0.953007838100033 -0.191554988341118 0.234697138801163 0.0914475691676333 -0.556677892046855 -0.825679760318528 0.409260343837757 -0.868201601218035 -0.0287919024828503 0.219192673861027 0.0223603978974741 -0.311490685172043
-3.92363917145251 -2.92682765564985 22.7456590724451 -0.97363570183845 0.0338824750279083 0.225578141652732 -0.227715896432111 -0.0863714700475821 -0.969889395587941 -0.360843538254354 0.283887001716377 -0.143609895064901 -0.0231890261928638 0.283423119487839 0.394399890796569
-3.87014598296803 -2.97600289772404 22.1479833362508 0.559268290725372 -0.118676340317781 -0.820447990574601 0.66162973421991 0.660194969609292 0.355511880108973 0.27535232239876 -0.131424304428217 0.689355393687195 0.41092315172769 0.267165481534423 0.118417506581595
-5.18677099513439 -2.61843467993095 21.5697123668547 -0.532165774592663 -0.201347396583288 -0.822349569368902 -0.7628798397925 -0.307198159291527 0.568896863206181 -0.322935520803136 -0.31640616369973 -0.454687421931775 -0.083241789657926 -0.0455357095648257 0.319612336267751
-5.6747405599016 -2.51097949807418 21.7003686833829 -0.168307069845682 -0.719710310316364 -0.67356499275444 -0.817475044696823 -0.279922672766643 0.503366515144767 0.372269421426526 -0.414039497054972 0.536783798789812 0.418309329073111 0.226712458843671 -0.279525677452586
-6.1414905198166 -2.61766775673126 21.6434195108658 0.335012356177797 -0.937011021094257 -0.0988790551939788 -0.698346611149172 -0.317381724474307 0.641545673873909 -0.120473483981749 0.0119294570619546 0.282800498130016 -0.736656459299799 -0.127362978227118 0.0680007472758814
-6.62510506788587 -2.80151944199615 21.7377387395097 0.623302642852597 -0.772753321343747 0.119775288624451 -0.7199707415048 -0.507326931634036 0.473562578563564 0.0636899267200744 -0.0853174375526895 0.222724781759472 0.412261589272121 0.806452209048848 -0.0255320221809074
-6.97824025332748 -3.15967205394379 21.7421188432355 0.730018351007039 -0.214624275033052 0.648852547008574 -0.660432918440843 -0.465745333318416 0.588990360474584 -0.431997176888195 0.113630994934568 -0.357015863351115 -0.156296805726861 -0.575940952617571 0.33831113174741
-7.2504144177298 -3.50685606987011 22.1089767664541 0.78801348243462 0.120406286151769 0.603769059952901 -0.480765332522603 -0.492249870121096 0.725640930770973 -0.445901651829831 -0.385027422610706 0.456931209503889 0.0750640465649792 -0.217898168792332 -0.0391018170989752
-7.33790189158851 -3.94594007947159 22.4825298462889 0.521533380039739 0.647486663656399 0.5556653254355 -0.497482165711032 -0.298336369974019 0.814559331878379 -0.290910022808221 -0.544596742485116 -0.036997645319296 0.800787525558375 -0.257007978387808 -0.582142881214725
