t = 100000000
b = 105 105 105
E = -0.209238404259951 -0.569207833968402 0.359969429708451
227.685546324627 332.011861306176 512.834986805232 -0.976756966633151 0.194684503960619 0.089687078494214 -0.211814975142589 -0.940811640028344 -0.264590011703262 0.172239114562085 0.51275959262704 -0.18307423909467 0.396676644985419 -0.697419553334646 0.00943615257048962
227.623145362486 332.950525215333 512.086163505712 -0.511976881658513 -0.384181762919036 -0.768299450532008 -0.650519237142266 -0.410707307338939 0.63886166718999 0.33958707429588 -0.526467761211343 0.196821912744159 0.564836587504613 -0.0486288848324983 -0.754123766284113
227.686499289073 333.172402432575 512.535575031087 0.19105750333611 0.154679201353581 -0.969314899857627 0.697340520923342 -0.716366503784143 0.0231350412794835 -0.501216719561162 -0.409530481987839 0.202157831266467 0.164153116942863 0.159785374959068 0.0187946130769121
227.890279894024 332.276204294655 513.24800035234 0.637159511042815 -0.394796402163176 -0.661939240660774 0.767828034321505 0.399629871760803 0.500735534297383 -0.186927994078849 0.839684391207078 -0.190995576165209 0.109325783733779 -0.125870256334573 0.093677514664269
227.199477028094 333.277332358174 513.568102395435 0.0622272956245226 0.990085724589648 -0.125928637110478 -0.708710619074222 0.132673960545743 0.69291188372341 -0.111600583946692 0.87874069644966 0.284331302651544 0.268744820759003 0.0574204658691903 -0.197905572088254
227.391343919976 332.050710417565 514.22298030213 -0.530115955338491 -0.328620092681096 0.781655876061755 -0.500906193376133 -0.62243107572118 -0.601392169397812 -0.0293985909855332 0.573253504774059 -0.224456778412745 -0.121295956380495 -0.440727133415788 0.298096901838885
227.235051912682 331.595728536658 514.134918199799 -0.834139641319 0.478971189957503 0.27349160493691 -0.532028385911478 -0.5679617815178 -0.627985040681203 -0.32047728089637 0.596225352628926 0.324681814171804 -0.394204886938963 0.0493509196331099 0.370711450629903
228.022682884959 331.414340489922 514.046629089802 -0.537644960279581 -0.259325131905372 0.802301921129613 -0.787508109464652 0.494437991215587 -0.367915819677093 -0.241131846787695 0.452320294468275 -0.0188631697163528 -0.180628208011428 0.128303329168794 0.140696036601754
229.39414313348 332.425149110241 514.188174935726 0.659080193330092 0.577057224155092 -0.482305151133052 -0.637756418441957 0.768726010004904 0.0482397375392127 -0.148934457267895 -0.10933792247645 -0.621024863518721 0.284782615632945 -0.00253429053202327 -0.345182567621158
229.0958981504 331.591292479237 514.647198286209 0.187250014877271 -0.949660862135224 0.251160663437414 -0.377117857742353 0.166593060727736 0.911059204161334 0.219728317518669 0.324037509495386 0.196765215964571 0.395198193401331 0.520528829346671 0.397109370354918
229.794766717964 332.309427687372 514.127646925253 0.122371444391069 -0.903660057369369 -0.410394603172219 -0.953113040733225 -0.222310642846995 0.205313198943232 -0.306473601068353 -0.244239277734728 0.616896278768887 0.225047876121364 -0.661704820027114 0.31400229917163
230.749282175399 332.693929958916 514.871903809147 0.118898559738056 0.644178515992325 0.755577376596538 0.887577612579146 -0.41004742162063 0.209921636972828 0.0965190928591912 -0.454296756776041 -0.00482792732278009 0.326732602349259 -0.522295886083934 -0.083640714533566
231.262697439633 332.631682266008 514.924963319676 -0.231821204597375 0.327522160775071 0.915962970485346 0.887511365406683 -0.314261665995693 0.336991367188736 -0.102208199302465 0.442743539776939 0.00507322163001461 -0.349719687048509 -0.0453050692484055 -0.196093276401351
231.736386807726 332.664860386205 515.08815734287 -0.645808319165891 -0.129535499037609 0.752430840267282 0.737439503918188 -0.361109092852184 0.570774212031363 0.0184607886364089 0.385152671491099 0.464216742700774 -0.264057968095928 -0.544868611800333 -0.584599031136817
232.071963896693 332.591654716753 515.505269410584 -0.739719315269014 -0.659185717629321 0.135238767712966 0.587963745823223 -0.535399509772312 0.60633818825177 -0.119443601389451 0.0304374509131451 -0.226975396488263 -0.0632234985500668 0.401610375694528 0.00207453149557019
232.298291752192 332.386793676088 515.896387994444 -0.565088028389492 -0.780676788770603 -0.26686939061365 0.444583178971004 -0.560622308001064 0.698604626916398 0.444309069074732 0.0185289681894295 -0.0224890888045254 -0.152005955419352 -0.00440118111952753 0.560171044690254
232.443703380871 332.244323151835 516.796409544218 -0.672049450455817 -0.588569491292358 0.449372328991158 0.668890402060902 -0.222141545268858 0.709393236433908 -0.300647678423559 0.205098217382396 -0.988408275835261 -0.285067022931423 -0.0521457749317193 -0.130620824485068
232.600233473036 332.271258328338 517.243257079175 -0.10870633467706 -0.922402639043993 -0.370616114441634 0.81270499863702 -0.297159726805786 0.501205229375643 0.155794047109237 -0.429204318390742 0.344085745591898 0.190447560579355 -0.258083738748399 0.487685380214617
232.95147943493 331.911760115428 517.458761476166 0.0955041859154411 -0.172864637455974 -0.980304425976269 0.967192069301473 -0.216784319631207 0.132453991413986 0.211065231780423 -0.351755609398365 -0.232403930942597 0.332584083999191 0.400977433249036 -0.910336349509767
233.260940819108 331.494221511602 517.465707265378 0.184076314020774 0.525242410062171 -0.830804622813413 0.977002211651479 -0.190323303234261 0.0961442597148653 0.798224867899403 0.592817638993596 0.291477837542671 -0.118958337266921 -0.0876959503514484 -0.171209419581003
233.896457113585 331.450691216685 517.441545692932 -0.027873229850692 0.663825045311585 -0.747368310993085 0.995771561923004 -0.0470314485196351 -0.0789115917834853 0.524790874410339 -0.296083644155533 -0.16197560148683 -0.273564338990662 -0.245104527575029 -0.435115714400334
234.241247541468 331.223247480839 517.12117885238 0.209248400641168 0.977495564877951 -0.0267867032876384 0.962988388067676 -0.210747879596022 -0.168043731491331 0.110172440974049 0.173827065408543 0.176952750371852 0.10123028594139 0.232073644875972 0.268114600765027
234.56496017866 331.330815126788 516.737217587689 0.418941560780551 0.431974535759558 0.798677637789155 0.907725054207671 -0.22139972317207 -0.3563949895019 -0.427059219910619 -0.0898842735929598 -0.697309154396769 -0.297838578721128 -0.475333151313637 -0.27698417769177
235.020004851362 331.433568133057 516.673253740384 0.00885897232401216 -0.430952478300903 0.90233113658842 0.904142154178814 -0.381999769833172 -0.191319473352664 -0.426892905879837 0.385879986129826 -0.149654327849715 0.428108853008953 0.333721517841513 0.162124396315054
235.524301059642 331.352811898077 516.676603824917 -0.392652179490372 -0.742222163533809 0.543075064701327 0.895819760694327 -0.442314931791481 0.0431793638735131 -0.179577971907887 0.421618143571523 -0.150453450177742 -0.37767667870937 -0.579788636944187 -0.0860200874084871
235.913755676619 331.2720344946 516.885889826476 -0.486900865077509 -0.839080362829289 -0.24263489506141 0.863975354978314 -0.421840385374263 -0.274949586754875 0.122569296761479 -0.37257661692799 0.449155962273244 -0.474378590941563 0.0617942737013707 -0.479522918929497
214.678687944886 368.111607135933 523.138082533574 0.424734332274756 0.428747367237028 0.797355906777471 -0.407671193236785 -0.695816817507536 0.591306312056864 -0.802081069647112 0.0219315377250766 -0.0354058024997261 -0.112567106924806 -0.335516484088137 -0.212687560632555
214.643216134817 367.612505410475 523.439983744301 -0.471156714575684 0.555756490593316 0.684942386974688 -0.228824236574954 -0.826962738163447 0.513587478864167 0.578762695831272 -0.275836065818749 -0.456372840586809 0.221659130841379 -0.239272442176162 -0.258175671421972
214.270593953056 367.497674816913 522.201017179538 -0.985042947374478 0.00763529748470119 0.172139751534938 0.162393781455044 0.375136883346774 0.912633868809294 -0.0533516952602633 0.348313305086025 0.00437526270356843 0.0218451590785838 -0.394911641623253 -0.187230142072593
214.8758247749 366.70052646718 521.753849684201 0.0388468377445441 0.998903046596228 -0.0261462559097607 0.987584142922171 -0.0343945677886058 0.153279399644487 -0.0801149786776754 -0.667150833339438 0.365601315185386 -0.280168869494365 0.204438853974206 0.0205768618678528
213.968776015322 366.058043688995 521.367885237282 -0.651619688512868 0.581980058067515 -0.486508986096846 0.172778883852622 -0.510635925621416 -0.842257922941843 -0.607636084698938 0.101768574916328 0.459186759540986 -0.0799708404006282 0.0214962287733445 -0.236480364344807
213.858224883287 365.75307538987 521.01394167588 -0.0741275324281526 0.896509104135502 -0.43677973297532 0.164981530563481 -0.42092488834343 -0.891965993155748 0.251021122662042 -0.201760179134203 0.154322755063179 -0.147428049687508 -0.0735238879239934 0.0660093414409165
213.581078520891 365.616292646562 520.716069507018 0.635881739809902 0.686777478914118 -0.352123710408285 0.118418787332558 -0.537662252022524 -0.834803146588417 0.762196832719869 -0.0887534640688575 -0.0135491065212321 0.507133383645784 -0.47645185195484 0.272137772800196
213.510610066388 365.547412857575 520.226295402619 0.968138951298624 0.126230606882973 0.216270212613079 0.247975536516153 -0.603499194879526 -0.757823762539013 -0.207587381740016 -0.732110108794841 -0.449615531231321 -0.337524898899723 0.368869125290315 -0.0665067597454964
213.696538240032 365.458283544899 519.783514961548 0.489324849587304 -0.545731832984876 0.680248453171931 0.201698782797493 -0.688044169586268 -0.697074473579433 0.0635488933111174 0.0912364442623304 0.247030757591854 -0.489567333282064 0.575486388887415 -0.0366016195530011
213.306710631185 365.605080210918 518.736026592991 -0.276392624482465 -0.704170955989082 -0.654026285308155 -0.0346489280106875 0.687395701423702 -0.725456133375641 0.506088833295875 0.216626835850645 0.238845800127085 -0.290246864630113 -0.171858738407368 -0.433429026004881
213.598526933815 365.7330138768 518.277248243499 -0.836802506431708 -0.485888537368896 -0.252336867071023 -0.136270135183471 0.63121663095211 -0.763541757250993 -0.105664749718211 -0.20259383822511 -0.313259930729794 0.13916944769751 0.454614775446622 -0.209282349074913
213.80101763028 365.761270567062 517.756537339248 -0.998717312637151 0.0484014574395366 -0.0148670224862461 0.0356492525963322 0.463659862646919 -0.885295805118774 0.519591581058685 0.626012280087239 -0.0146547035976614 -0.653061121334706 -0.0319752009804683 0.159500785803964
213.749761926005 365.750834502543 517.229675860356 -0.824855928458692 0.510771990032358 0.242331738497032 -0.00492199616656878 0.422141098281665 -0.906516777061603 0.13311888006435 0.155097947833021 -0.205216292633474 0.192857394925784 0.109530539366485 -0.153195357038466
214.215586397007 366.509549625787 517.226326064083 0.895951764425853 -0.442707647560783 -0.035782322637512 0.171292270042746 0.418742301815664 -0.891803701996039 0.183592454870896 0.149197803874463 -0.137566997001005 -0.0404927446017405 -0.20252784811944 0.227191292374451
213.444278602711 366.339144086247 516.130292171635 0.24705434802424 -0.968185482523881 0.0397620491549397 -0.968947817294584 -0.24640013205399 0.0206664531271409 -0.347770447767085 -0.294375979924442 -0.434566303707745 0.0639843041763212 0.456304391339521 -0.127131751847996
213.182499036641 366.056101589983 515.835126237786 0.0717290604034438 -0.626122791120429 0.776418181351628 -0.980634205792537 -0.186495606256727 -0.0597991912803972 0.388725156949334 -0.328957770026248 -0.285326737276651 -0.221893312274298 0.0515743266423051 0.269149099976137
212.827078493867 365.655405117532 515.716378530402 0.0287996150077642 0.151913178801642 0.987974173894349 -0.92080148584048 -0.380576308986451 0.0853598073661217 -0.304208138743359 -0.0908288881251119 -0.136654189968731 0.146089652258629 0.151429517039512 0.0137193211759439
212.374125172088 365.336276840388 516.057048414535 -0.244597666707823 0.795073606387975 0.555004452113141 -0.962830791721224 -0.266799914008796 -0.0421268607587234 -0.070432505589907 0.523922970282567 0.455354965959588 -0.362491599613468 -0.0525377198518533 -0.373771514521892
212.078897881229 365.08770783805 516.229603939606 -0.272001345772146 0.92463172043888 -0.266592290691707 -0.919057087422797 -0.331723231606178 -0.212823325015746 0.505378148062194 -0.414988812942854 -0.330422878133479 -0.000405821740046069 -0.562702487236085 0.105442891804111
212.920917217439 364.790630331825 516.284535931146 -0.604791510959474 0.625247511457072 0.493247177070614 0.511489273150551 -0.169763237453244 0.842353350240461 0.438895107883455 0.219666091042851 -0.146715019206748 -0.654767673370402 0.0189468972889675 -0.295363222127274
212.590342541991 363.347563545849 516.102576698031 -0.823641864119667 0.404838704071646 -0.397139400406894 0.393481283477461 -0.0963470209895501 -0.914270053703369 -0.400102782219719 -0.344908987855511 0.133645957945848 -0.534882144979237 0.799695235070368 -0.979630932870911
212.709734872258 363.238837315741 515.686131152312 -0.423094916906438 0.905973208165191 -0.0142561347008307 0.33910796066831 0.14373592572768 -0.929701981640857 -0.264602176412429 0.0682077525800347 0.397206076643949 -0.021908395745066 -0.483687719002004 -0.631752171007698
212.679941827417 363.235657536129 515.122442365474 0.271606444244278 0.844511614510639 0.461551809011541 0.489910414288492 0.291470155043616 -0.821603879426997 -0.085133784175125 0.0477080520207116 0.390448805162963 0.187598892465809 -0.1528492908148 0.0903028288496766
212.688662503058 363.499262473039 514.675139543321 0.718173235475584 0.281904809826667 0.636205062886941 0.658104753572114 0.0219198612441318 -0.752607236882412 0.184301652676476 -0.231388971856193 -0.139312030123871 -0.0134248738168118 -0.0154853420494392 -0.535140397356794
213.486739000187 363.387790802634 514.238414818347 0.333145580042665 -0.028756244582384 0.942436788805795 0.443064934882707 -0.877530165766917 -0.183396487548444 0.0283248728177527 0.104198575091915 0.161373328142103 0.655555048556512 -0.0226925832057637 -0.292290847974966
213.874543435824 363.349676455604 514.021672011138 -0.292130446287124 -0.529757734120355 0.796251559175816 0.453567817375619 -0.809726197865733 -0.372316692522905 0.63708242997639 0.0797203306937606 -0.0813852653413292 0.0804513353235865 -0.0784654203281921 0.106864394727386
