       31.4712 0   0.000326   0.000326   0.309723    0.064666   0.000000  -0.620563   0.000000   0.000000   0.000000   0.000000   0.033680
       31.4804 0   0.000384   0.000384   0.315430    0.054176   0.000000  -0.632557   0.000549   0.000000   0.000000   0.000000   0.028956
       31.2657 0   0.000284   0.000284   0.357404    0.061541   0.000000  -0.647594   0.000000   0.000000   0.000000   0.000000   0.029548
       31.6564 0   0.002450   0.002450   0.346828    0.049694   0.000000  -0.637526   0.000000   0.000000   0.000000   0.000000   0.025147
       31.3623 0   0.000000   0.000000   0.320785    0.037935   0.000000  -0.628293   0.000000   0.000000   0.000000   0.000000   0.028873
       31.3531 0   0.000004   0.000004   0.338330    0.067105   0.000000  -0.620412   0.000000   0.000000   0.000000   0.000000   0.027477
       31.3355 0   0.000025   0.000025   0.345380    0.036745   0.002159  -0.615768   0.000000   0.000000   0.000000   0.000000   0.029161
       31.3046 0   0.000105   0.000105   0.370120    0.051701   0.000000  -0.669327   0.000000   0.000000   0.000000   0.000000   0.028610
       31.3336 0   0.000028   0.000028   0.308027    0.052868   0.000000  -0.622982   0.000000   0.000000   0.000000   0.000000   0.031926
       31.4684 0   0.000308   0.000308   0.313568    0.074871   0.000000  -0.665343   0.000000   0.000000   0.000000   0.000000   0.025980
       31.3231 0   0.000051   0.000051   0.303968    0.044991   0.000000  -0.689274   0.000747   0.000000   0.000000   0.000000   0.032032
       31.2466 0   0.000404   0.000404   0.295380    0.043435   0.000000  -0.679938   0.000000   0.000000   0.000000   0.000000   0.037173
       31.3024 0   0.000113   0.000113   0.311899    0.032368   0.000000  -0.636767   0.000000   0.000000   0.000000   0.000000   0.024945
       31.4605 0   0.000263   0.000263   0.351134    0.054812   0.000000  -0.697952   0.000000   0.000000   0.000000   0.000000   0.028849
       31.1250 0   0.001661   0.001661   0.314315    0.045890   0.000000  -0.681335   0.000000   0.000000   0.000000   0.000000   0.032787
       31.5790 0   0.001321   0.001321   0.295297    0.062006   0.000000  -0.713226   0.000000   0.000000   0.000000   0.000000   0.031745
       31.5535 0   0.001025   0.001025   0.343223    0.047840   0.000000  -0.751657   0.000000   0.000000  -0.000003   0.000000   0.031845
       31.0567 0   0.002742   0.002742   0.333021    0.050380   0.000000  -0.716671   0.000000   0.000000   0.000000   0.000000   0.032775
       31.2839 0   0.000190   0.000190   0.302971    0.060746   0.000000  -0.704173   0.000000   0.000000   0.000000   0.000000   0.030754
       31.5473 0   0.000959   0.000959   0.346124    0.041140   0.000565  -0.733143   0.000000   0.000000   0.000000   0.000000   0.025269
       31.2338 0   0.000496   0.000496   0.343768    0.039334   0.000207  -0.747224   0.000000   0.000000   0.000000   0.000000   0.026189
       31.1502 0   0.001331   0.001331   0.324825    0.052611   0.000000  -0.697090   0.000000   0.000000   0.000000   0.000000   0.032451
       31.3248 0   0.000047   0.000047   0.316344    0.055825   0.000000  -0.733188   0.000000   0.000000   0.000000   0.000000   0.026443
       31.3883 0   0.000016   0.000016   0.299641    0.061519   0.002056  -0.764653   0.000000   0.000000   0.000000   0.000000   0.028580
       31.4471 0   0.000195   0.000195   0.303963    0.046871   0.000000  -0.756851   0.000000   0.000000   0.000000   0.000000   0.027182
       31.5106 0   0.000612   0.000612   0.342649    0.041092   0.000000  -0.826595   0.000000   0.000000   0.000000   0.000000   0.029332
       31.2384 0   0.000462   0.000462   0.307883    0.050477   0.000000  -0.760542   0.000000   0.000000   0.000000   0.000000   0.030188
       31.4658 0   0.000293   0.000293   0.301846    0.041797   0.000000  -0.763345   0.000000   0.000000   0.000000   0.000000   0.028699
       31.7134 0   0.003502   0.003502   0.338976    0.038280   0.000000  -0.794608   0.000000   0.000000   0.000000   0.000000   0.028483
       31.1015 0   0.002002   0.002002   0.348664    0.038195   0.000047  -0.780000   0.000000   0.000000   0.000000   0.000000   0.026461
       31.3132 0   0.000077   0.000077   0.360766    0.064612   0.000000  -0.808309   0.000000   0.000000   0.000000   0.000000   0.032624
       31.2829 0   0.000194   0.000194   0.346621    0.050219   0.000000  -0.778141   0.000000   0.000000   0.000000   0.000000   0.026772
       31.4691 0   0.000313   0.000313   0.309364    0.036615   0.000484  -0.731969   0.000000   0.000000   0.000000   0.000000   0.033478
       31.7239 0   0.003715   0.003715   0.315919    0.040704   0.000000  -0.703422   0.000000   0.000000  -0.000000   0.000000   0.026233
       31.1910 0   0.000874   0.000874   0.350767    0.053709   0.000000  -0.725660   0.000000   0.000000   0.000000   0.000000   0.027219
       31.4087 0   0.000055   0.000055   0.375534    0.052460   0.000000  -0.786187   0.000000   0.000000   0.000000   0.000000   0.028297
       31.3949 0   0.000026   0.000026   0.342628    0.060057   0.000417  -0.796630   0.000000   0.000000  -0.000258   0.000000   0.027301
       31.1241 0   0.001674   0.001674   0.348973    0.041228   0.000000  -0.768964   0.000000   0.000000   0.000000   0.000000   0.028921
       31.8123 0   0.005772   0.005772   0.336482    0.052336   0.000000  -0.759019   0.000000   0.000000   0.000000   0.000000   0.025697
       31.2651 0   0.000288   0.000288   0.341401    0.042481   0.001983  -0.715305   0.000000   0.000000  -0.000012   0.000000   0.029083
       31.3608 0   0.000001   0.000001   0.327078    0.051140   0.000000  -0.685684   0.000000   0.000000   0.000000   0.000000   0.025587
       31.7832 0   0.005046   0.005046   0.359122    0.057926   0.000000  -0.689536   0.000000  -0.000000   0.000000   0.000000   0.027834
       31.4716 0   0.000328   0.000328   0.398470    0.047395   0.000000  -0.745522   0.000000   0.000000   0.000000   0.000000   0.033518
       31.2119 0   0.000676   0.000676   0.332149    0.040694   0.000000  -0.703966   0.000000   0.000000   0.000000   0.000000   0.031526
       31.4613 0   0.000267   0.000267   0.267248    0.067157   0.000000  -0.659601   0.000000   0.000000   0.000000   0.000000   0.031034
       31.6772 0   0.002812   0.002812   0.285468    0.058703   0.000000  -0.688433   0.000000   0.000000   0.000000   0.000000   0.026885
       31.4125 0   0.000065   0.000065   0.319577    0.044654   0.000000  -0.673561   0.000000   0.000000   0.000000   0.000000   0.033031
       31.2533 0   0.000360   0.000360   0.303295    0.062518   0.000000  -0.696467   0.000000   0.000000   0.000000   0.000000   0.026745
       31.6753 0   0.002778   0.002778   0.339972    0.064527   0.000871  -0.720022   0.000000   0.000000  -0.000000   0.000000   0.025526
       31.1158 0   0.001791   0.001791   0.327464    0.042616   0.000000  -0.689625   0.000000   0.000000  -0.000002   0.000000   0.029089
       31.5039 0   0.000556   0.000556   0.354271    0.053786   0.000000  -0.749600   0.000000   0.000000   0.000000   0.000000   0.032126
       31.8280 0   0.006184   0.006184   0.330542    0.074566   0.000000  -0.692592   0.000000   0.000000   0.000000   0.000000   0.029747
       31.3322 0   0.000031   0.000031   0.360765    0.049297   0.000000  -0.713442   0.000000   0.000000   0.000000   0.000000   0.031877
       31.1513 0   0.001317   0.001317   0.306722    0.055700   0.000000  -0.666563   0.000000   0.000000   0.000000  -0.000011   0.026817
       31.4056 0   0.000048   0.000048   0.312629    0.048494   0.000000  -0.692190   0.000000   0.000000   0.000000   0.000000   0.036024
       31.3630 0   0.000000   0.000000   0.332771    0.047764   0.000000  -0.681934   0.000000   0.000000   0.000000   0.000000   0.030320
       31.0651 0   0.002594   0.002594   0.291484    0.050876   0.000000  -0.639795   0.000000   0.000000   0.000000   0.000000   0.029796
       31.3720 0   0.000001   0.000001   0.315459    0.051617   0.000000  -0.665967   0.000137   0.000000  -0.000002   0.000000   0.031870
       31.5473 0   0.000958   0.000958   0.317313    0.048922   0.003128  -0.642176   0.000000   0.000000   0.000000  -0.007407   0.028235
       31.3892 0   0.000017   0.000017   0.298140    0.062596   0.000000  -0.610104   0.000000   0.000000   0.000000   0.000000   0.029114
       31.4365 0   0.000148   0.000148   0.327570    0.055311   0.000000  -0.637984   0.000000   0.000000  -0.000000   0.000000   0.030446
       31.3711 0   0.000001   0.000001   0.353692    0.044815   0.000000  -0.635225   0.000000   0.000000   0.000000   0.000000   0.033601
       31.5982 0   0.001569   0.001569   0.388059    0.050809   0.000000  -0.677782   0.000000   0.000000   0.000000   0.000000   0.032654
       31.4347 0   0.000140   0.000140   0.340065    0.039449   0.000000  -0.627001   0.000000   0.000000   0.000000   0.000000   0.026679
       31.4181 0   0.000081   0.000081   0.297004    0.040603   0.000000  -0.560625   0.000000   0.000000   0.000000   0.000000   0.029219
       31.7158 0   0.003551   0.003551   0.322365    0.074528   0.000000  -0.630425   0.000000   0.000000   0.000000   0.000000   0.029422
       31.5453 0   0.000938   0.000938   0.383253    0.045955   0.000000  -0.619267   0.000000   0.000000   0.000000   0.000000   0.029462
       31.4444 0   0.000182   0.000182   0.313575    0.058612   0.000000  -0.562880   0.000000   0.000000  -0.000003   0.000000   0.028295
       31.1116 0   0.001853   0.001853   0.377001    0.032160   0.000000  -0.606752   0.000000   0.000000   0.000000   0.000000   0.030327
       31.1608 0   0.001203   0.001203   0.330574    0.055036   0.000000  -0.618555   0.000000   0.000000   0.000000   0.000000   0.032499
       31.5802 0   0.001335   0.001335   0.326594    0.051925   0.000000  -0.639154   0.000000   0.000000   0.000000   0.000000   0.029475
       30.9974 0   0.003899   0.003899   0.347002    0.041855   0.000000  -0.681870   0.000000   0.000000   0.000000   0.000000   0.026837
       31.5304 0   0.000789   0.000789   0.316997    0.045983   0.004510  -0.687900   0.000000   0.000000   0.000000   0.000000   0.027342
       31.3375 0   0.000022   0.000022   0.329259    0.046489   0.000000  -0.693195   0.000000   0.000000   0.000000   0.000000   0.025389
       31.1794 0   0.000993   0.000993   0.335666    0.050693   0.001057  -0.700531   0.000000   0.000000  -0.000117  -0.001808   0.029920
       31.4899 0   0.000450   0.000450   0.355189    0.044395   0.000000  -0.675195   0.000000   0.000000  -0.000018   0.000000   0.030215
       31.5903 0   0.001464   0.001464   0.358146    0.051653   0.000000  -0.698559   0.000632   0.000000   0.000000   0.000000   0.036240
       31.5120 0   0.000623   0.000623   0.318789    0.069567   0.000000  -0.675242   0.000000   0.000000   0.000000   0.000000   0.029479
       31.6072 0   0.001692   0.001692   0.299554    0.047369   0.000000  -0.629155   0.000000   0.000000   0.000000   0.000000   0.024428
       30.8811 0   0.006755   0.006755   0.313722    0.062482   0.000000  -0.661753   0.000000   0.000000   0.000000   0.000000   0.029824
       31.4063 0   0.000049   0.000049   0.304490    0.045650   0.000000  -0.566906   0.000318  -0.000000   0.000000   0.000000   0.030784
       31.2952 0   0.000140   0.000140   0.335574    0.053390   0.000000  -0.602616   0.000000   0.000000   0.000000   0.000000   0.036710
       31.0926 0   0.002140   0.002140   0.268209    0.031592   0.000000  -0.558267   0.000000   0.000000  -0.000061   0.000000   0.033548
       31.7429 0   0.004120   0.004120   0.316292    0.043365   0.000000  -0.618918   0.000000   0.000000   0.000000   0.000000   0.025079
       31.1873 0   0.000911   0.000911   0.361356    0.052051   0.000000  -0.655527   0.000000   0.000000   0.000000   0.000000   0.027685
       31.3739 0   0.000002   0.000002   0.325380    0.054863   0.000000  -0.658636   0.000000   0.000000   0.000000   0.000000   0.033173
       31.7007 0   0.003250   0.003250   0.312529    0.050612   0.000000  -0.614064   0.000000   0.000000   0.000000   0.000000   0.031402
       31.2439 0   0.000423   0.000423   0.362401    0.046482   0.000000  -0.680040   0.000000   0.000000   0.000000   0.000000   0.026692
       31.2268 0   0.000551   0.000551   0.324189    0.069510   0.000000  -0.665930   0.000000   0.000000   0.000000   0.000000   0.028358
       31.4500 0   0.000208   0.000208   0.318657    0.047094   0.000000  -0.612704   0.000000   0.000000  -0.000126   0.000000   0.031937
       31.7810 0   0.004993   0.004993   0.293347    0.045631   0.000000  -0.605198   0.000000   0.000000   0.000000   0.000000   0.033127
       31.6066 0   0.001684   0.001684   0.308883    0.050493   0.000000  -0.594363   0.000000   0.000000   0.000000   0.000000   0.033209
       31.2154 0   0.000645   0.000645   0.383299    0.031173   0.000000  -0.700039   0.000000   0.000000   0.000000   0.000000   0.032600
       31.4250 0   0.000104   0.000104   0.349380    0.055342   0.000000  -0.684153   0.000000   0.000000   0.000000   0.000000   0.028861
       31.2804 0   0.000207   0.000207   0.310573    0.047175   0.000000  -0.638000   0.000000  -0.017990  -0.006069   0.000000   0.027125
       31.5521 0   0.001009   0.001009   0.312075    0.046906   0.000000  -0.659296   0.000000  -0.011043  -0.004232   0.000000   0.026127
       31.5442 0   0.000927   0.000927   0.332463    0.057056   0.000000  -0.680014   0.000000   0.000000   0.000000   0.000000   0.027739
       31.3843 0   0.000011   0.000011   0.321760    0.063570   0.000002  -0.646377   0.000000   0.000000   0.000000   0.000000   0.025543
       31.2837 0   0.000191   0.000191   0.329066    0.042677   0.000000  -0.640418   0.000000   0.000000   0.000000   0.000000   0.033275
       31.4097 0   0.000058   0.000058   0.317133    0.040866   0.000000  -0.624381   0.000000   0.000000   0.000000   0.000000   0.029980
       31.2402 0   0.000449   0.000449   0.353729    0.051251   0.000000  -0.645820   0.000000   0.000000   0.000000   0.000000   0.028024
       31.4084 0   0.000054   0.000054   0.300806    0.060165   0.000000  -0.636976   0.000000   0.000000   0.000000   0.000000   0.029984
       31.4363 0   0.000147   0.000147   0.319194    0.034165   0.000000  -0.624674   0.000000   0.000000   0.000000   0.000000   0.025365
       31.5298 0   0.000783   0.000783   0.341231    0.044866   0.000000  -0.662130   0.000000   0.000000   0.000000   0.000000   0.029130
       31.5014 0   0.000537   0.000537   0.299332    0.036043   0.000000  -0.641259   0.000000   0.000000   0.000000   0.000000   0.027743
       31.2850 0   0.000185   0.000185   0.344810    0.049087   0.000000  -0.734392   0.000000   0.000000   0.000000   0.000000   0.030814
       31.4929 0   0.000472   0.000472   0.321773    0.063046   0.000000  -0.675392   0.000094   0.000000   0.000000   0.000000   0.031526
       31.4754 0   0.000352   0.000352   0.324837    0.056830   0.000000  -0.650186   0.000000   0.000000  -0.000251   0.000000   0.029138
       31.2021 0   0.000765   0.000765   0.349818    0.042637   0.000000  -0.631765   0.000000   0.000000   0.000000   0.000000   0.031690
       31.2727 0   0.000246   0.000246   0.370480    0.045588   0.000000  -0.673835   0.000000   0.000000   0.000000   0.000000   0.034904
       31.4140 0   0.000069   0.000069   0.363479    0.051646   0.000000  -0.639809   0.000000   0.000000   0.000000   0.000000   0.034693
       31.0612 0   0.002662   0.002662   0.339614    0.045286   0.000000  -0.635162   0.000000   0.000000  -0.000047   0.000000   0.032737
       31.3154 0   0.000071   0.000071   0.322213    0.035039   0.000000  -0.637976   0.000000   0.000000   0.000000   0.000000   0.031300
       31.6212 0   0.001893   0.001893   0.349132    0.043646   0.000000  -0.704561   0.000000   0.000000   0.000000   0.000000   0.032809
       31.1132 0   0.001829   0.001829   0.357361    0.053914   0.000000  -0.696003   0.000000   0.000000   0.000000   0.000000   0.028776
       31.1485 0   0.001352   0.001352   0.331488    0.042491   0.000000  -0.704047   0.000000   0.000000   0.000000   0.000000   0.035202
       31.5076 0   0.000586   0.000586   0.338068    0.046691   0.000000  -0.687416   0.000000   0.000000  -0.000000   0.000000   0.033963
       31.4451 0   0.000185   0.000185   0.331105    0.048435   0.000000  -0.682387   0.000000   0.000000  -0.000000   0.000000   0.027286
       31.6153 0   0.001807   0.001807   0.308164    0.048361   0.000000  -0.691728   0.000000   0.000000  -0.000012   0.000000   0.030781
       31.2932 0   0.000149   0.000149   0.325434    0.040775   0.000000  -0.696759   0.000000   0.000000   0.000000   0.000000   0.030137
       31.8686 0   0.007315   0.007315   0.339800    0.069296   0.000000  -0.717111   0.000000   0.000000   0.000000   0.000000   0.028455
       31.5687 0   0.001197   0.001197   0.333328    0.052607   0.000000  -0.712375   0.000000   0.000000   0.000000  -0.000733   0.032877
       31.0819 0   0.002312   0.002312   0.355309    0.053766   0.000000  -0.710786   0.000000   0.000000   0.000000   0.000000   0.029024
       31.3906 0   0.000019   0.000019   0.302596    0.047240   0.000000  -0.675422   0.000000   0.000000   0.000000   0.000000   0.025602
       31.5081 0   0.000590   0.000590   0.330448    0.037045   0.000000  -0.666675   0.000000   0.000000  -0.000001   0.000000   0.027650
       31.4685 0   0.000309   0.000309   0.320827    0.057046   0.000000  -0.633448   0.000000   0.000000   0.000000   0.000000   0.027205
       31.3835 0   0.000010   0.000010   0.341880    0.034431   0.000000  -0.655618   0.000000   0.000000   0.000000   0.000000   0.024935
       31.4761 0   0.000356   0.000356   0.335272    0.050553   0.000000  -0.666883   0.000698   0.000000   0.000000   0.000000   0.027628
       31.3669 0   0.000000   0.000000   0.338608    0.048039   0.000000  -0.616966   0.000000   0.000000   0.000000   0.000000   0.030202
       30.9299 0   0.005461   0.005461   0.302006    0.032986   0.000000  -0.613509   0.000000   0.000000   0.000000   0.000000   0.026555
       31.2704 0   0.000258   0.000258   0.331270    0.040740   0.000000  -0.587584   0.000000   0.000000  -0.000000   0.000000   0.029653
       31.3083 0   0.000093   0.000093   0.327444    0.041581   0.000000  -0.549907   0.000000   0.000000   0.000000   0.000000   0.033669
       31.2000 0   0.000786   0.000786   0.285765    0.055000   0.000000  -0.589902   0.004313   0.000000   0.000000   0.000000   0.025739
       31.3157 0   0.000070   0.000070   0.346699    0.051529   0.000000  -0.648550   0.000000   0.000000   0.000000   0.000000   0.033956
       31.2127 0   0.000669   0.000669   0.313410    0.057672   0.000000  -0.630136   0.000000   0.000000   0.000000   0.000000   0.029478
       31.6686 0   0.002659   0.002659   0.332912    0.056939   0.000000  -0.610369   0.000000   0.000000   0.000000   0.000000   0.029590
       31.2944 0   0.000144   0.000144   0.355346    0.061548   0.000000  -0.658137   0.000000   0.000000   0.000000   0.000000   0.027306
       31.6369 0   0.002132   0.002132   0.329517    0.058614   0.000000  -0.658953   0.000000   0.000000   0.000000   0.000000   0.030145
       31.5153 0   0.000652   0.000652   0.356693    0.046857   0.000000  -0.668680   0.000000   0.000000   0.000000   0.000000   0.025650
       31.8250 0   0.006103   0.006103   0.348128    0.061592   0.000000  -0.655552   0.000000   0.000000   0.000000  -0.000483   0.028530
       31.6462 0   0.002282   0.002282   0.310694    0.041262   0.000000  -0.659426   0.000000   0.000000   0.000000   0.000000   0.024671
       31.3698 0   0.000001   0.000001   0.281440    0.046764   0.000000  -0.628392   0.000000   0.000000  -0.000002   0.000000   0.025352
       31.7299 0   0.003842   0.003842   0.336649    0.042940   0.000000  -0.658860   0.000000   0.000000   0.000000   0.000000   0.033871
       31.4742 0   0.000344   0.000344   0.298402    0.056573   0.000000  -0.665398   0.001028   0.000000   0.000000   0.000000   0.029186
       31.3137 0   0.000076   0.000076   0.340844    0.042499   0.000000  -0.685638   0.000000   0.000000   0.000000   0.000000   0.029699
       31.0440 0   0.002973   0.002973   0.347960    0.052909   0.000000  -0.687204   0.000000   0.000000   0.000000   0.000000   0.030776
       31.1470 0   0.001371   0.001371   0.325162    0.050317   0.000000  -0.643783   0.000000   0.000000  -0.001201   0.000000   0.026769
       31.5218 0   0.000709   0.000709   0.360474    0.048695   0.000000  -0.683832   0.000000   0.000000   0.000000   0.000000   0.029024
       31.1316 0   0.001571   0.001571   0.331409    0.046612   0.000000  -0.673301   0.000000   0.000000   0.000000   0.000000   0.024532
       31.5655 0   0.001160   0.001160   0.327048    0.045328   0.000000  -0.639708   0.000000   0.000000   0.000000   0.000000   0.029484
       31.7898 0   0.005205   0.005205   0.351023    0.046059   0.000000  -0.627066   0.000000   0.000000   0.000000   0.000000   0.030622
       31.1983 0   0.000801   0.000801   0.376764    0.046718   0.000000  -0.663209   0.000000   0.000000   0.000000   0.000000   0.028808
       31.2023 0   0.000764   0.000764   0.322711    0.060803   0.000000  -0.577669   0.000000   0.000000   0.000000   0.000000   0.026851
       31.1863 0   0.000921   0.000921   0.336252    0.058141   0.000000  -0.636769   0.000000   0.000000   0.000000   0.000000   0.032198
       31.2929 0   0.000150   0.000150   0.326710    0.054777   0.000000  -0.616867   0.000000   0.000000   0.000000   0.000000   0.029025
       31.4214 0   0.000092   0.000092   0.324232    0.043435   0.000000  -0.604739   0.000000   0.000000   0.000000  -0.002569   0.027282
       31.4217 0   0.000093   0.000093   0.371647    0.049344   0.000162  -0.658476   0.000000   0.000000   0.000000   0.000000   0.030511
       31.3747 0   0.000003   0.000003   0.338622    0.055941   0.000000  -0.579972   0.000000   0.000000  -0.000010  -0.000086   0.027258
       30.9805 0   0.004264   0.004264   0.328811    0.047611   0.000000  -0.601413   0.004763   0.000000   0.000000   0.000000   0.035140
       31.4850 0   0.000415   0.000415   0.327831    0.052564   0.000000  -0.595056   0.000000   0.000000  -0.000030   0.000000   0.027379
       31.5276 0   0.000763   0.000763   0.298528    0.060219   0.000000  -0.573430   0.000000   0.000000  -0.000001   0.000000   0.030712
       31.3148 0   0.000073   0.000073   0.296215    0.042043   0.000000  -0.573224   0.002475   0.000000   0.000000   0.000000   0.034553
       31.1367 0   0.001504   0.001504   0.321136    0.055089   0.000000  -0.619727   0.000906   0.000000   0.000000   0.000000   0.035261
       31.3859 0   0.000013   0.000013   0.350999    0.034644   0.000000  -0.624912   0.000000   0.000000   0.000000   0.000000   0.032226
       31.5373 0   0.000856   0.000856   0.320931    0.053954   0.000000  -0.614790   0.000000   0.000000   0.000000   0.000000   0.029236
       31.6162 0   0.001820   0.001820   0.299564    0.061767   0.000000  -0.689715   0.000000   0.000000   0.000000   0.000000   0.028832
       31.3239 0   0.000049   0.000049   0.317953    0.047724   0.000000  -0.663874   0.000000   0.000000   0.000000   0.000000   0.030994
       31.4799 0   0.000381   0.000381   0.335578    0.050611   0.000000  -0.702511   0.000000   0.000000  -0.002512   0.000000   0.030898
       31.1751 0   0.001040   0.001040   0.287119    0.047405   0.000567  -0.665006   0.000000   0.000000  -0.000193   0.000000   0.027009
       31.5992 0   0.001582   0.001582   0.329424    0.038493   0.000000  -0.741028   0.000000   0.000000  -0.000281   0.000000   0.027287
       31.5468 0   0.000953   0.000953   0.335422    0.049416   0.000000  -0.718297   0.000000   0.000000  -0.000773   0.000000   0.028153
       31.3929 0   0.000022   0.000022   0.320785    0.043934   0.000000  -0.755237   0.000000   0.000000   0.000000   0.000000   0.030705
       31.5708 0   0.001222   0.001222   0.343863    0.056862   0.001649  -0.793888   0.000000   0.000000   0.000000   0.000000   0.030184
       31.6234 0   0.001926   0.001926   0.364027    0.041952   0.000000  -0.784087   0.000009   0.000000   0.000000   0.000000   0.034314
       31.5162 0   0.000659   0.000659   0.339942    0.064812   0.000000  -0.756927   0.000000   0.000000   0.000000   0.000000   0.027388
       31.5047 0   0.000563   0.000563   0.337811    0.048790   0.000000  -0.708872   0.000000   0.000000   0.000000   0.000000   0.028301
       31.3468 0   0.000010   0.000010   0.337382    0.054992   0.000000  -0.748263   0.000000   0.000000  -0.000127   0.000000   0.027268
       31.3781 0   0.000005   0.000005   0.330226    0.050836   0.000000  -0.743094   0.000000   0.000000   0.000000   0.000000   0.030360
       31.3358 0   0.000025   0.000025   0.307594    0.033221   0.000000  -0.713089   0.000000   0.000000   0.000000   0.000000   0.028877
       31.3331 0   0.000029   0.000029   0.339479    0.061261   0.000000  -0.756461   0.000000   0.000000   0.000000  -0.000191   0.031879
       31.5754 0   0.001277   0.001277   0.296477    0.040223   0.001227  -0.681092   0.000000   0.000000   0.000000   0.000000   0.025457
       31.4214 0   0.000092   0.000092   0.325481    0.049266   0.000000  -0.703624   0.000000   0.000000   0.000000   0.000000   0.034501
       31.4230 0   0.000097   0.000097   0.368235    0.037125   0.000000  -0.725018   0.000000   0.000000  -0.000000   0.000000   0.032610
       31.2164 0   0.000637   0.000637   0.319062    0.061916   0.000785  -0.701439   0.000000   0.000000   0.000000   0.000000   0.028055
       31.0543 0   0.002784   0.002784   0.397376    0.043843   0.000000  -0.679651   0.000000   0.000000   0.000000   0.000000   0.035411
       31.4674 0   0.000303   0.000303   0.385658    0.037277   0.000000  -0.670743   0.000000   0.000000   0.000000   0.000000   0.027496
       31.5073 0   0.000584   0.000584   0.364769    0.034491   0.000000  -0.616945   0.000000   0.000000   0.000000   0.000000   0.028292
       31.1896 0   0.000888   0.000888   0.345264    0.072046   0.000000  -0.648397   0.000000   0.000000   0.000000   0.000000   0.027423
       31.3440 0   0.000013   0.000013   0.359423    0.046120   0.000000  -0.650894   0.000000   0.000000   0.000000   0.000000   0.026489
       31.2035 0   0.000753   0.000753   0.352130    0.045394   0.000000  -0.649065   0.000000   0.000000  -0.000001   0.000000   0.028758
       31.5039 0   0.000557   0.000557   0.338209    0.064942   0.000455  -0.652951   0.000000   0.000000   0.000000   0.000000   0.028483
       31.2785 0   0.000216   0.000216   0.334551    0.040022   0.000000  -0.691959   0.000000   0.000000   0.000000   0.000000   0.030875
       31.5237 0   0.000726   0.000726   0.330659    0.049040   0.000000  -0.680022   0.000000   0.000000  -0.000003   0.000000   0.034081
       31.6963 0   0.003167   0.003167   0.322123    0.038484   0.000000  -0.669082   0.000000   0.000000   0.000000   0.000000   0.029628
       31.0547 0   0.002778   0.002778   0.335596    0.036989   0.000000  -0.694132   0.000000   0.000000  -0.000233   0.000000   0.029485
       31.2836 0   0.000191   0.000191   0.334672    0.041053   0.000000  -0.690828   0.000000   0.000000   0.000000   0.000000   0.033502
       31.4191 0   0.000084   0.000084   0.306186    0.040822   0.000000  -0.705780   0.000000   0.000000   0.000000   0.000000   0.027217
       31.2958 0   0.000138   0.000138   0.325477    0.054441   0.000000  -0.695099   0.000553   0.000000   0.000000   0.000000   0.027182
       31.4868 0   0.000428   0.000428   0.304162    0.037761   0.000000  -0.654778   0.000000   0.000000   0.000000   0.000000   0.023871
       31.3839 0   0.000010   0.000010   0.333415    0.050086   0.000000  -0.707681   0.000000   0.000000   0.000000   0.000000   0.026135
       31.4617 0   0.000270   0.000270   0.328817    0.053884   0.000000  -0.696357   0.000000   0.000000  -0.000026   0.000000   0.037519
       31.4579 0   0.000249   0.000249   0.319429    0.040378   0.000000  -0.647092   0.000000   0.000000   0.000000   0.000000   0.029702
       31.2751 0   0.000233   0.000233   0.324237    0.062890   0.000000  -0.696325   0.000000   0.000000   0.000000   0.000000   0.025880
       31.4387 0   0.000157   0.000157   0.348732    0.033055   0.000000  -0.709733   0.000000   0.000000   0.000000   0.000000   0.030727
       31.6061 0   0.001676   0.001676   0.328556    0.063385   0.000000  -0.709160   0.000000   0.000000   0.000000   0.000000   0.027097
       31.1524 0   0.001304   0.001304   0.325110    0.045499   0.000000  -0.683542   0.000000  -0.016668  -0.006445   0.000000   0.030587
       31.2187 0   0.000617   0.000617   0.328591    0.035882   0.000000  -0.691627   0.000000  -0.016990  -0.003309   0.000000   0.029626
       31.1341 0   0.001538   0.001538   0.322359    0.055415   0.000000  -0.733759   0.000000  -0.014377  -0.005230   0.000000   0.030662
       31.7893 0   0.005193   0.005193   0.299803    0.044290   0.000000  -0.678778   0.000000  -0.019154  -0.008722   0.000000   0.033677
       31.4491 0   0.000204   0.000204   0.319243    0.049628   0.000000  -0.674528   0.000000  -0.000000   0.000000   0.000000   0.027688
       30.8033 0   0.009102   0.009102   0.312108    0.044701   0.000000  -0.681236   0.000135   0.000000   0.000000   0.000000   0.032765
       31.5758 0   0.001282   0.001282   0.373198    0.050615   0.000000  -0.702730   0.000000   0.000000   0.000000   0.000000   0.024407
       31.4101 0   0.000059   0.000059   0.357425    0.031199   0.000000  -0.642531   0.000000   0.000000  -0.000111   0.000000   0.029953
       31.3743 0   0.000003   0.000003   0.319578    0.047360   0.000000  -0.649304   0.000000   0.000000   0.000000   0.000000   0.029083
       31.2309 0   0.000518   0.000518   0.320198    0.045349   0.000000  -0.672110   0.000000   0.000000   0.000000   0.000000   0.024198
       31.5919 0   0.001485   0.001485   0.322377    0.058052   0.000285  -0.693685   0.000000   0.000000  -0.000022   0.000000   0.033590
       31.6950 0   0.003140   0.003140   0.330360    0.039980   0.000000  -0.638819   0.000000   0.000000   0.000000   0.000000   0.029931
       31.1710 0   0.001086   0.001086   0.327240    0.036960   0.000000  -0.681429   0.000000   0.000000   0.000000   0.000000   0.028544
       31.1144 0   0.001812   0.001812   0.358189    0.042091   0.000000  -0.682874   0.000000   0.000000   0.000000   0.000000   0.029956
       31.7421 0   0.004102   0.004102   0.323633    0.052514   0.000000  -0.712221   0.006933   0.000000   0.000000   0.000000   0.029615
       31.4977 0   0.000508   0.000508   0.296960    0.049276   0.000000  -0.653642   0.000000   0.000000   0.000000   0.000000   0.028437
       31.3130 0   0.000078   0.000078   0.300749    0.041439   0.000000  -0.687493   0.000000   0.000000   0.000000   0.000000   0.032246
       30.9165 0   0.005802   0.005802   0.298704    0.042272   0.000000  -0.702494   0.000000   0.000000  -0.000000   0.000000   0.031054
       31.2511 0   0.000374   0.000374   0.362872    0.064748   0.000000  -0.803197   0.000000   0.000000   0.000000   0.000000   0.027512
       31.1846 0   0.000939   0.000939   0.323529    0.036732   0.000000  -0.730153   0.000000   0.000000  -0.000572   0.000000   0.032900
       31.1388 0   0.001476   0.001476   0.321726    0.048745   0.000000  -0.732598   0.000000   0.000000   0.000000   0.000000   0.027899
       31.2202 0   0.000605   0.000605   0.363336    0.057052   0.000000  -0.771865   0.000000   0.000000   0.000000   0.000000   0.031717
       31.4538 0   0.000227   0.000227   0.321435    0.044193   0.000000  -0.729694   0.000000   0.000000  -0.000000   0.000000   0.027763
       31.5621 0   0.001120   0.001120   0.308519    0.034643   0.000000  -0.706616   0.000000   0.000000   0.000000   0.000000   0.026696
       31.6824 0   0.002906   0.002906   0.293606    0.041574   0.000000  -0.726456   0.000000   0.000000   0.000000   0.000000   0.030621
       31.4747 0   0.000347   0.000347   0.354433    0.032997   0.000036  -0.768137   0.000000   0.000000   0.000000   0.000000   0.029000
       31.2200 0   0.000606   0.000606   0.302233    0.057744   0.000000  -0.752245   0.000000   0.000000   0.000000   0.000000   0.034481
       31.3094 0   0.000089   0.000089   0.311894    0.056863   0.000000  -0.726941   0.000000   0.000000   0.000000   0.000000   0.027556
       31.1624 0   0.001184   0.001184   0.359875    0.053033   0.000000  -0.712596   0.000000   0.000000   0.000000   0.000000   0.027552
       31.4844 0   0.000411   0.000411   0.340100    0.046983   0.000000  -0.665588   0.000000   0.000000   0.000000   0.000000   0.027221
       31.4302 0   0.000123   0.000123   0.333447    0.050096   0.000000  -0.692721   0.000000   0.000000   0.000000   0.000000   0.032481
       31.5183 0   0.000678   0.000678   0.347394    0.064939   0.000000  -0.709096   0.000000   0.000000   0.000000   0.000000   0.029785
       31.3174 0   0.000065   0.000065   0.277833    0.062690   0.000000  -0.666490   0.000000   0.000000   0.000000   0.000000   0.028908
       31.3919 0   0.000021   0.000021   0.347597    0.030374   0.000000  -0.732741   0.002316   0.000000   0.000000   0.000000   0.028148
       31.4973 0   0.000505   0.000505   0.346075    0.053798   0.000000  -0.745748   0.000000   0.000000   0.000000   0.000000   0.030819
       31.4360 0   0.000145   0.000145   0.325146    0.048054   0.000000  -0.726323   0.000000   0.000000   0.000000   0.000000   0.031541
       31.3214 0   0.000055   0.000055   0.336070    0.079162   0.000000  -0.728996   0.000000   0.000000   0.000000   0.000000   0.025369
       31.2485 0   0.000391   0.000391   0.363158    0.041355   0.000000  -0.787451   0.000000   0.000000   0.000000   0.000000   0.033238
       31.5172 0   0.000668   0.000668   0.325660    0.060962   0.000000  -0.748685   0.000000   0.000000  -0.000001   0.000000   0.032894
       31.2163 0   0.000637   0.000637   0.297908    0.069711   0.000000  -0.758580   0.001028   0.000000   0.000000   0.000000   0.026660
       31.2456 0   0.000411   0.000411   0.350727    0.060785   0.000000  -0.798863   0.000000   0.000000   0.000000   0.000000   0.025568
       31.3208 0   0.000056   0.000056   0.363250    0.045406   0.000000  -0.810571   0.000000   0.000000   0.000000   0.000000   0.026242
       31.4298 0   0.000121   0.000121   0.373042    0.067155   0.000335  -0.769162   0.000000   0.000000   0.000000   0.000000   0.027435
       31.2291 0   0.000533   0.000533   0.321642    0.052926   0.000000  -0.733666   0.000000   0.000000   0.000000   0.000000   0.032863
       31.1787 0   0.001002   0.001002   0.309752    0.056705   0.000000  -0.664284   0.000000   0.000000   0.000000   0.000000   0.026320
       31.6941 0   0.003125   0.003125   0.301513    0.058776   0.000000  -0.687950   0.000000   0.000000  -0.000000   0.000000   0.031601
       31.6374 0   0.002141   0.002141   0.315083    0.046690   0.000000  -0.685649   0.000000   0.000000   0.000000   0.000000   0.031425
       31.3390 0   0.000020   0.000020   0.335267    0.062882   0.000000  -0.637781   0.000000   0.000000   0.000000  -0.011970   0.027998
       31.3424 0   0.000015   0.000015   0.327303    0.057110   0.000000  -0.649242   0.000000   0.000000   0.000000   0.000000   0.028969
       31.4313 0   0.000127   0.000127   0.317803    0.059366   0.000000  -0.623086   0.000000   0.000000   0.000000   0.000000   0.028406
       31.3198 0   0.000059   0.000059   0.351153    0.059263   0.000000  -0.676387   0.000000   0.000000   0.000000   0.000000   0.027231
       31.2790 0   0.000213   0.000213   0.332498    0.055176   0.000000  -0.583376   0.000000   0.000000   0.000000   0.000000   0.026975
       31.2688 0   0.000267   0.000267   0.395976    0.045818   0.000000  -0.632745   0.000029   0.000000   0.000000   0.000000   0.029093
       31.0725 0   0.002468   0.002468   0.407619    0.052272   0.000000  -0.636585   0.000000   0.000000   0.000000   0.000000   0.030388
       31.3454 0   0.000011   0.000011   0.322020    0.064897   0.000000  -0.572529   0.000000   0.000000  -0.000000   0.000000   0.033381
       31.4815 0   0.000391   0.000391   0.332551    0.054923   0.000000  -0.579403   0.000000   0.000000   0.000000   0.000000   0.029807
       31.4049 0   0.000046   0.000046   0.331106    0.053695   0.001125  -0.557690   0.000000   0.000000   0.000000   0.000000   0.030159
       30.9128 0   0.005898   0.005898   0.290624    0.050256   0.000000  -0.565465   0.000000   0.000000  -0.000000   0.000000   0.030561
       31.0647 0   0.002601   0.002601   0.342337    0.085213   0.000000  -0.643178   0.000000   0.000000   0.000000   0.000000   0.034867
       31.6439 0   0.002244   0.002244   0.376553    0.053106   0.000000  -0.608135   0.000000   0.000000   0.000000   0.000000   0.026976
       31.4158 0   0.000074   0.000074   0.316948    0.047210   0.000000  -0.592995   0.000000   0.000000   0.000000  -0.000077   0.026307
       30.9242 0   0.005606   0.005606   0.286613    0.071859   0.000000  -0.588180   0.000000   0.000000   0.000000   0.000000   0.025728
       31.4650 0   0.000289   0.000289   0.290691    0.042906   0.000000  -0.568741   0.000000   0.000000  -0.000001   0.000000   0.029352
       31.8033 0   0.005540   0.005540   0.305079    0.056147   0.003085  -0.590003   0.000000   0.000000   0.000000   0.000000   0.030654
       30.9816 0   0.004241   0.004241   0.356583    0.055559   0.000000  -0.655764   0.000000   0.000000   0.000000   0.000000   0.031241
       31.4927 0   0.000471   0.000471   0.334874    0.070550   0.000000  -0.671312   0.000000   0.000000   0.000000   0.000000   0.027316
       31.3790 0   0.000006   0.000006   0.326968    0.049989   0.000000  -0.680991   0.000000   0.000000   0.000000   0.000000   0.031701
       31.5797 0   0.001329   0.001329   0.318223    0.052163   0.000000  -0.704372   0.000000   0.000000   0.000000   0.000000   0.032057
       31.0762 0   0.002406   0.002406   0.294933    0.037162   0.000000  -0.617261   0.000000   0.000000   0.000000   0.000000   0.030096
       31.4778 0   0.000367   0.000367   0.343011    0.051543   0.000000  -0.702329   0.000000   0.000000   0.000000   0.000000   0.025470
       31.5775 0   0.001303   0.001303   0.352666    0.041777   0.000000  -0.711362   0.000000   0.000000   0.000000   0.000000   0.028599
       31.3992 0   0.000034   0.000034   0.322283    0.038349   0.000000  -0.706043   0.000000   0.000000   0.000000   0.000000   0.029493
       31.3342 0   0.000027   0.000027   0.325348    0.054230   0.000000  -0.684781   0.000002   0.000000   0.000000   0.000000   0.026628
       31.2311 0   0.000517   0.000517   0.294702    0.040032   0.000000  -0.653409   0.000000   0.000000   0.000000   0.000000   0.027261
       31.4301 0   0.000122   0.000122   0.342444    0.049392   0.000000  -0.672019   0.000000   0.000000   0.000000   0.000000   0.027645
       31.6870 0   0.002992   0.002992   0.361337    0.050727   0.000000  -0.704837   0.000000   0.000000   0.000000   0.000000   0.027569
       31.3425 0   0.000015   0.000015   0.309498    0.055424   0.000000  -0.650499   0.001333   0.000000   0.000000   0.000000   0.027969
       31.3705 0   0.000001   0.000001   0.320482    0.058335   0.000000  -0.695399   0.000000   0.000000   0.000000   0.000000   0.032177
       31.5426 0   0.000910   0.000910   0.309627    0.048866   0.000000  -0.689236   0.000000   0.000000   0.000000   0.000000   0.031070
       31.2138 0   0.000660   0.000660   0.308044    0.060978   0.000000  -0.677027   0.000000   0.000000   0.000000   0.000000   0.028666
       31.3073 0   0.000096   0.000096   0.316482    0.058479   0.000000  -0.650085   0.000000   0.000000   0.000000   0.000000   0.029637
       31.6881 0   0.003012   0.003012   0.348250    0.043450   0.000000  -0.644572   0.000000   0.000000  -0.001223   0.000000   0.032063
       31.2839 0   0.000190   0.000190   0.318977    0.047917   0.000000  -0.682954   0.000000   0.000000  -0.000403   0.000000   0.032452
       31.2508 0   0.000376   0.000376   0.298819    0.061877   0.001609  -0.664521   0.000000   0.000000  -0.000000   0.000000   0.030410
       31.5395 0   0.000879   0.000879   0.306180    0.056995   0.000000  -0.666789   0.000000   0.000000   0.000000   0.000000   0.028174
       31.8442 0   0.006625   0.006625   0.316284    0.039386   0.000000  -0.679056   0.000000   0.000000   0.000000   0.000000   0.026039
       31.3240 0   0.000049   0.000049   0.363606    0.054109   0.000000  -0.728485   0.000000   0.000000   0.000000   0.000000   0.030656
       31.2224 0   0.000586   0.000586   0.342562    0.040447   0.000000  -0.718119   0.004606  -0.000005   0.000000   0.000000   0.032730
       31.7528 0   0.004339   0.004339   0.324283    0.054029   0.003274  -0.711474   0.000000   0.000000   0.000000   0.000000   0.030488
       31.4750 0   0.000349   0.000349   0.325375    0.036279   0.002392  -0.676126   0.000000   0.000000   0.000000   0.000000   0.027282
       30.9732 0   0.004429   0.004429   0.372999    0.040018   0.000000  -0.677503   0.000000   0.000000   0.000000   0.000000   0.027432
       31.4572 0   0.000245   0.000245   0.304583    0.050492   0.000000  -0.648999   0.000000   0.000000   0.000000   0.000000   0.031327
       31.4198 0   0.000086   0.000086   0.341441    0.046652   0.000000  -0.640167   0.000000   0.000000  -0.000009   0.000000   0.035736
       31.3459 0   0.000011   0.000011   0.329779    0.052663   0.000000  -0.592765   0.000000   0.000000   0.000000   0.000000   0.032945
       31.2990 0   0.000126   0.000126   0.322048    0.037995   0.000105  -0.537804   0.000175   0.000000   0.000000   0.000000   0.027915
       31.3405 0   0.000017   0.000017   0.330296    0.045093   0.000000  -0.556518   0.001397   0.000000   0.000000   0.000000   0.027736
       31.3228 0   0.000051   0.000051   0.308503    0.040983   0.000000  -0.572584   0.000000   0.000000  -0.000000   0.000000   0.028764
       31.3124 0   0.000080   0.000080   0.338940    0.040373   0.000000  -0.645498   0.000000   0.000000   0.000000   0.000000   0.025520
       31.6037 0   0.001643   0.001643   0.293301    0.054150   0.000000  -0.635049   0.000000   0.000000  -0.000143   0.000000   0.029848
       31.4041 0   0.000044   0.000044   0.338747    0.060098   0.000000  -0.680074   0.000000   0.000000  -0.000298   0.000000   0.030909
       31.5926 0   0.001494   0.001494   0.313904    0.050844   0.000000  -0.635004   0.000000   0.000000   0.000000   0.000000   0.028822
       31.2658 0   0.000284   0.000284   0.375055    0.044561   0.000000  -0.682604   0.000752   0.000000   0.000000   0.000000   0.033923
       30.9828 0   0.004213   0.004213   0.330331    0.041688   0.000000  -0.611736   0.000000   0.000000   0.000000   0.000000   0.024155
       31.2398 0   0.000452   0.000452   0.307881    0.062796   0.000000  -0.621905   0.000000   0.000000  -0.000001   0.000000   0.031156
       31.1439 0   0.001410   0.001410   0.357016    0.059583   0.000000  -0.609438   0.000000   0.000000   0.000000   0.000000   0.032176
       31.2254 0   0.000562   0.000562   0.385661    0.050122   0.000000  -0.618741   0.000322   0.000000   0.000000   0.000000   0.030090
       31.3976 0   0.000031   0.000031   0.368646    0.051239   0.000000  -0.652845   0.000000   0.000000  -0.000484   0.000000   0.029610
       31.4961 0   0.000496   0.000496   0.331767    0.038883   0.000000  -0.622081   0.000004   0.000000   0.000000   0.000000   0.028494
       31.4291 0   0.000118   0.000118   0.346949    0.032057   0.000121  -0.642416   0.000000   0.000000   0.000000   0.000000   0.028500
       31.3476 0   0.000009   0.000009   0.309170    0.049041   0.000000  -0.626814   0.000000   0.000000   0.000000   0.000000   0.028218
       31.3904 0   0.000019   0.000019   0.347040    0.044393   0.000000  -0.623437   0.000000   0.000000   0.000000   0.000000   0.031381
       31.1842 0   0.000943   0.000943   0.307277    0.066890   0.000059  -0.584500   0.000000   0.000000   0.000000   0.000000   0.030314
       31.4440 0   0.000180   0.000180   0.368317    0.056549   0.000000  -0.639460   0.000000   0.000000   0.000000   0.000000   0.026154
       31.7569 0   0.004429   0.004429   0.320621    0.069822   0.000475  -0.602287   0.000000   0.000000   0.000000   0.000000   0.034039
       31.3363 0   0.000024   0.000024   0.332022    0.085679   0.000000  -0.654044   0.000000   0.000000   0.000000   0.000000   0.025936
       31.2533 0   0.000360   0.000360   0.372481    0.038705   0.000000  -0.630114   0.000000   0.000000  -0.000000   0.000000   0.032887
       31.3936 0   0.000024   0.000024   0.334009    0.047864   0.002236  -0.541948   0.000000   0.000000   0.000000   0.000000   0.031903
       31.4272 0   0.000112   0.000112   0.353331    0.049448   0.000000  -0.516506   0.000000   0.000000  -0.000000   0.000000   0.027941
       31.2651 0   0.000288   0.000288   0.351505    0.046554   0.000000  -0.540354   0.000000   0.000000  -0.000000   0.000000   0.026793
       31.2053 0   0.000736   0.000736   0.377193    0.040406   0.000564  -0.525037   0.000000   0.000000   0.000000   0.000000   0.027667
       31.4498 0   0.000207   0.000207   0.375959    0.034373   0.000000  -0.530547   0.000000   0.000000   0.000000   0.000000   0.030858
       31.5642 0   0.001145   0.001145   0.368114    0.041208   0.000000  -0.540689   0.000000   0.000000  -0.000057   0.000000   0.034558
       31.4559 0   0.000238   0.000238   0.315737    0.042858   0.000000  -0.504968   0.000000  -0.005416  -0.005952   0.000000   0.030855
       31.6104 0   0.001737   0.001737   0.341078    0.051223   0.003655  -0.550669   0.000000   0.000000   0.000000   0.000000   0.027980
       31.0385 0   0.003075   0.003075   0.317977    0.029928   0.000000  -0.493549   0.000000   0.000000   0.000000   0.000000   0.029231
       31.2242 0   0.000572   0.000572   0.339516    0.041988   0.000000  -0.517872   0.000000   0.000000   0.000000   0.000000   0.026349
       31.3639 0   0.000000   0.000000   0.359904    0.043579   0.000000  -0.517295   0.000000   0.000000   0.000000   0.000000   0.031596
       31.4310 0   0.000126   0.000126   0.347249    0.050268   0.000000  -0.538553   0.000000   0.000000   0.000000   0.000000   0.026519
       31.2587 0   0.000326   0.000326   0.339733    0.066211   0.000094  -0.585058   0.001834   0.000000   0.000000   0.000000   0.026870
       31.2185 0   0.000619   0.000619   0.347758    0.051564   0.004136  -0.554404   0.000000   0.000000   0.000000   0.000000   0.032730
       31.5506 0   0.000994   0.000994   0.274611    0.059511   0.000000  -0.565825   0.002135   0.000000  -0.000005   0.000000   0.026872
       31.2294 0   0.000531   0.000531   0.332992    0.069846   0.002046  -0.608241   0.000000   0.000000   0.000000   0.000000   0.029333
       31.2087 0   0.000705   0.000705   0.359420    0.041533   0.000000  -0.613337   0.001028   0.000000   0.000000   0.000000   0.028973
       31.1889 0   0.000894   0.000894   0.372415    0.043845   0.000000  -0.639934   0.000000   0.000000   0.000000   0.000000   0.027682
       31.3704 0   0.000001   0.000001   0.338716    0.051753   0.000000  -0.583212   0.000000   0.000000   0.000000   0.000000   0.027118
       31.6263 0   0.001969   0.001969   0.309874    0.067364   0.000000  -0.552669   0.000028   0.000000   0.000000   0.000000   0.032022
       31.5105 0   0.000611   0.000611   0.368622    0.056911   0.000000  -0.532674   0.000000   0.000000   0.000000   0.000000   0.033370
       31.2944 0   0.000144   0.000144   0.349510    0.046800   0.000000  -0.495964   0.000000   0.000000  -0.000000   0.000000   0.028908
       31.7287 0   0.003816   0.003816   0.373709    0.076143   0.000000  -0.540805   0.000417   0.000000   0.000000   0.000000   0.036810
       31.2608 0   0.000313   0.000313   0.378975    0.059099   0.000000  -0.528927   0.000000   0.000000   0.000000   0.000000   0.027454
       31.2327 0   0.000505   0.000505   0.360988    0.039745   0.000000  -0.544350   0.000000   0.000000  -0.000547   0.000000   0.035412
       31.6268 0   0.001977   0.001977   0.363549    0.056542   0.000000  -0.547733   0.000000   0.000000   0.000000   0.000000   0.031414
       31.2760 0   0.000229   0.000229   0.280161    0.068296   0.000000  -0.569119   0.000000   0.000000   0.000000  -0.004444   0.037055
       31.4078 0   0.000053   0.000053   0.313420    0.048735   0.000000  -0.613451   0.000000   0.000000   0.000000   0.000000   0.029306
       31.3311 0   0.000033   0.000033   0.368097    0.076397   0.000000  -0.687170   0.000000   0.000000   0.000000   0.000000   0.026831
       31.3274 0   0.000041   0.000041   0.385038    0.081831   0.000000  -0.698166   0.000000   0.000000   0.000000   0.000000   0.027161
       31.0534 0   0.002800   0.002800   0.343951    0.062126   0.000000  -0.696887   0.000000   0.000000   0.000000   0.000000   0.026534
       31.4638 0   0.000282   0.000282   0.330549    0.053139   0.000000  -0.654421   0.000000   0.000000   0.000000   0.000000   0.031607
       31.2972 0   0.000133   0.000133   0.326302    0.050386   0.000482  -0.696988   0.000000   0.000000   0.000000   0.000000   0.029604
       31.6722 0   0.002721   0.002721   0.341639    0.029028   0.000000  -0.587392   0.000000   0.000000  -0.000000   0.000000   0.029351
       31.2854 0   0.000183   0.000183   0.390509    0.039204   0.000000  -0.643989   0.000000   0.000000   0.000000   0.000000   0.025431
       31.4079 0   0.000053   0.000053   0.324836    0.063155   0.000000  -0.585094   0.000725   0.000000   0.000000   0.000000   0.026917
       31.4768 0   0.000361   0.000361   0.316657    0.022349   0.000359  -0.574798   0.000000   0.000000   0.000000   0.000000   0.029645
       31.1428 0   0.001424   0.001424   0.290920    0.050439   0.000000  -0.599094   0.000000   0.000000   0.000000   0.000000   0.029661
       31.4938 0   0.000479   0.000479   0.301828    0.054880   0.000000  -0.650947   0.000000   0.000000   0.000000   0.000000   0.033792
       31.3770 0   0.000004   0.000004   0.304307    0.058492   0.000000  -0.656916   0.000000   0.000000   0.000000   0.000000   0.031260
       31.4299 0   0.000121   0.000121   0.284111    0.052793   0.000000  -0.662541   0.000000   0.000000   0.000000   0.000000   0.028116
       31.1488 0   0.001348   0.001348   0.323459    0.040734   0.000000  -0.692447   0.000000   0.000000   0.000000   0.000000   0.031753
       31.5008 0   0.000532   0.000532   0.323830    0.047256   0.000000  -0.687003   0.000000   0.000000   0.000000   0.000000   0.029900
       31.4725 0   0.000333   0.000333   0.322197    0.058363   0.000000  -0.708525   0.000000   0.000000   0.000000   0.000000   0.028146
       31.0704 0   0.002504   0.002504   0.308352    0.058646   0.000073  -0.729448   0.000000   0.000000   0.000000   0.000000   0.032228
       31.5827 0   0.001368   0.001368   0.348862    0.046748   0.000000  -0.752090   0.000000   0.000000   0.000000   0.000000   0.028661
       30.8658 0   0.007190   0.007190   0.346360    0.056379   0.000000  -0.770532   0.000000   0.000000   0.000000   0.000000   0.029175
       31.5173 0   0.000669   0.000669   0.291186    0.047301   0.000000  -0.723780   0.000000   0.000000   0.000000   0.000000   0.023473
       31.9677 0   0.010480   0.010480   0.318092    0.052776   0.000000  -0.756239   0.000000   0.000000   0.000000   0.000000   0.022895
       31.2616 0   0.000308   0.000308   0.322557    0.049974   0.000000  -0.730356   0.000000   0.000000   0.000000   0.000000   0.026942
       30.9964 0   0.003920   0.003920   0.325147    0.048635   0.000000  -0.723706   0.000000   0.000000   0.000000   0.000000   0.025722
       31.5753 0   0.001275   0.001275   0.296506    0.058116   0.000000  -0.696798   0.000000   0.000000   0.000000   0.000000   0.025642
       31.5184 0   0.000679   0.000679   0.288715    0.049171   0.000000  -0.699434   0.000000   0.000000   0.000000   0.000000   0.025848
       30.9493 0   0.004985   0.004985   0.318130    0.041202   0.000000  -0.744238   0.000000   0.000000   0.000000   0.000000   0.028265
       31.6999 0   0.003235   0.003235   0.323627    0.046417   0.000000  -0.695520   0.000000   0.000000   0.000000   0.000000   0.024969
       31.3568 0   0.000002   0.000002   0.332750    0.063199   0.000000  -0.711499   0.000000   0.000000  -0.000446   0.000000   0.033652
       31.0497 0   0.002868   0.002868   0.311269    0.041643   0.000000  -0.715579   0.000000   0.000000   0.000000   0.000000   0.031513
       31.3808 0   0.000007   0.000007   0.269750    0.042950   0.000000  -0.727700   0.000000   0.000000   0.000000   0.000000   0.029336
       31.4470 0   0.000194   0.000194   0.318916    0.054354   0.000000  -0.748667   0.000000   0.000000   0.000000   0.000000   0.026627
       30.9751 0   0.004386   0.004386   0.326545    0.048233   0.000000  -0.751530   0.000000   0.000000   0.000000   0.000000   0.028032
       31.3746 0   0.000003   0.000003   0.334888    0.051489   0.000000  -0.760605   0.000000   0.000000   0.000000   0.000000   0.026066
       31.4183 0   0.000082   0.000082   0.327138    0.049848   0.000000  -0.676904   0.000000   0.000000   0.000000   0.000000   0.026652
       31.7803 0   0.004975   0.004975   0.324209    0.064080   0.000000  -0.703984   0.000000   0.000000   0.000000   0.000000   0.032103
       31.0518 0   0.002829   0.002829   0.366561    0.050623   0.000000  -0.709137   0.000000   0.000000   0.000000   0.000000   0.029262
       31.3731 0   0.000002   0.000002   0.335297    0.033273   0.000000  -0.671079   0.000000   0.000000  -0.000264   0.000000   0.029404
       31.4035 0   0.000043   0.000043   0.353415    0.042962   0.000000  -0.694834   0.000000   0.000000   0.000000   0.000000   0.031723
       31.5351 0   0.000835   0.000835   0.320911    0.050814   0.000000  -0.733168   0.000266  -0.000273  -0.000000   0.000000   0.024948
       31.2318 0   0.000512   0.000512   0.311946    0.040934   0.000000  -0.765652   0.000193   0.000000   0.000000   0.000000   0.024439
       31.1755 0   0.001036   0.001036   0.304103    0.034979   0.000000  -0.742916   0.000000   0.000000   0.000000   0.000000   0.026338
       31.4653 0   0.000290   0.000290   0.329554    0.057094   0.000000  -0.811188   0.000000   0.000000   0.000000   0.000000   0.028455
       31.4346 0   0.000140   0.000140   0.286867    0.060389   0.000000  -0.747538   0.000000   0.000000  -0.000132   0.000000   0.025844
       31.1483 0   0.001355   0.001355   0.312532    0.034080   0.000000  -0.736022   0.000000   0.000000   0.000000   0.000000   0.026697
       31.3178 0   0.000064   0.000064   0.314927    0.044061   0.000000  -0.678542   0.000000   0.000000   0.000000   0.000000   0.026033
       31.5286 0   0.000772   0.000772   0.321509    0.052410   0.000000  -0.697593   0.000000   0.000000   0.000000   0.000000   0.027127
       31.5990 0   0.001579   0.001579   0.352135    0.046760   0.000000  -0.734544   0.000000   0.000000  -0.001671   0.000000   0.028475
       31.1347 0   0.001530   0.001530   0.338685    0.046992   0.000000  -0.709294   0.000000   0.000000  -0.000016   0.000000   0.030537
       31.2536 0   0.000358   0.000358   0.349388    0.062213   0.000000  -0.729771   0.000000   0.000000   0.000000   0.000000   0.028163
       31.4947 0   0.000485   0.000485   0.296207    0.040327   0.000000  -0.705819   0.000000   0.000000  -0.000000   0.000000   0.028557
       31.3935 0   0.000023   0.000023   0.283087    0.052072   0.000000  -0.710296   0.000000   0.000000   0.000000   0.000000   0.026634
       31.3171 0   0.000066   0.000066   0.323270    0.038663   0.000000  -0.734974   0.000000   0.000000   0.000000   0.000000   0.032144
       31.7789 0   0.004942   0.004942   0.359439    0.037098   0.000000  -0.775894   0.000000   0.000000   0.000000   0.000000   0.027426
       31.2745 0   0.000236   0.000236   0.348654    0.050396   0.000647  -0.764826   0.000000   0.000000   0.000000   0.000000   0.027729
       31.0535 0   0.002798   0.002798   0.315914    0.055227   0.000000  -0.769418   0.000000   0.000000   0.000000   0.000000   0.032272
       31.5744 0   0.001264   0.001264   0.374403    0.050875   0.000000  -0.768094   0.000000   0.000000   0.000000   0.000000   0.026516
       31.5648 0   0.001152   0.001152   0.315246    0.041596   0.000000  -0.723924   0.000000   0.000000   0.000000   0.000000   0.031101
       31.2602 0   0.000317   0.000317   0.302559    0.039144   0.000000  -0.718245   0.000000   0.000000  -0.000000  -0.011518   0.027784
       31.2454 0   0.000413   0.000413   0.341828    0.046786   0.000000  -0.676863   0.000000   0.000000   0.000000   0.000000   0.024686
       31.4177 0   0.000080   0.000080   0.335634    0.038457   0.000000  -0.670902   0.000000   0.000000   0.000000   0.000000   0.034606
       31.0516 0   0.002833   0.002833   0.375147    0.041504   0.001702  -0.629132   0.000000  -0.000001   0.000000   0.000000   0.024859
       31.7624 0   0.004556   0.004556   0.359865    0.040221   0.000000  -0.648590   0.000000   0.000000   0.000000   0.000000   0.028762
       31.2392 0   0.000457   0.000457   0.288991    0.053308   0.000000  -0.624778   0.000000   0.000000   0.000000   0.000000   0.023469
       31.3374 0   0.000022   0.000022   0.308501    0.056842   0.000000  -0.690404   0.000000   0.000000   0.000000   0.000000   0.027865
       31.7976 0   0.005397   0.005397   0.330478    0.045867   0.000000  -0.735409   0.000000   0.000000   0.000000   0.000000   0.029859
       31.2569 0   0.000337   0.000337   0.339356    0.043176   0.000000  -0.696754   0.000000   0.000000   0.000000   0.000000   0.029370
       31.5150 0   0.000649   0.000649   0.330925    0.046692   0.000000  -0.727436   0.000000   0.000000   0.000000   0.000000   0.027843
       31.3618 0   0.000000   0.000000   0.322019    0.044153   0.000000  -0.700544   0.000000   0.000000  -0.000074   0.000000   0.027251
       31.6511 0   0.002361   0.002361   0.347515    0.060759   0.000000  -0.692518   0.000000   0.000000   0.000000   0.000000   0.030290
       31.0939 0   0.002119   0.002119   0.369382    0.048123   0.000000  -0.680352   0.000000   0.000000   0.000000   0.000000   0.033106
       31.1643 0   0.001162   0.001162   0.304444    0.027489   0.000000  -0.628836   0.000000   0.000000  -0.000000   0.000000   0.029843
       31.4342 0   0.000138   0.000138   0.333358    0.063523   0.002139  -0.642627   0.000000  -0.000000  -0.000281   0.000000   0.030040
       31.3967 0   0.000029   0.000029   0.372879    0.058548   0.000000  -0.632735   0.000000   0.000000   0.000000   0.000000   0.028737
       31.0715 0   0.002484   0.002484   0.331931    0.059727   0.000000  -0.656942   0.000000   0.000000   0.000000   0.000000   0.029585
       31.4216 0   0.000092   0.000092   0.314785    0.054930   0.000000  -0.614865   0.000000   0.000000   0.000000   0.000000   0.026727
       31.4623 0   0.000273   0.000273   0.364895    0.050177   0.000000  -0.662652   0.000000   0.000000   0.000000   0.000000   0.024593
       31.4313 0   0.000127   0.000127   0.385927    0.045451   0.000000  -0.650584   0.000000   0.000000   0.000000   0.000000   0.034172
       31.4347 0   0.000140   0.000140   0.449899    0.047176   0.000000  -0.694371   0.001577   0.000000   0.000000   0.000000   0.025937
       31.4304 0   0.000123   0.000123   0.305979    0.034152   0.000000  -0.551741   0.000000   0.000000   0.000000   0.000000   0.027447
       31.3234 0   0.000050   0.000050   0.316394    0.063302   0.000000  -0.617528   0.000000   0.000000   0.000000   0.000000   0.030105
       31.5781 0   0.001311   0.001311   0.341516    0.048695   0.000000  -0.614548   0.000000   0.000000   0.000000   0.000000   0.026673
       31.0158 0   0.003517   0.003517   0.345587    0.062042   0.000000  -0.648011   0.000000   0.000000   0.000000   0.000000   0.029019
       31.0913 0   0.002161   0.002161   0.369962    0.055340   0.000000  -0.649953   0.000000   0.000000   0.000000   0.000000   0.030087
       31.6836 0   0.002928   0.002928   0.341384    0.048626   0.000000  -0.600233   0.000000   0.000000   0.000000   0.000000   0.034485
       31.1241 0   0.001674   0.001674   0.350444    0.059324   0.000000  -0.607987   0.000000   0.000000   0.000000   0.000000   0.033700
       31.6110 0   0.001745   0.001745   0.332295    0.056671   0.000000  -0.556226   0.000000   0.000000   0.000000   0.000000   0.032296
       31.5121 0   0.000624   0.000624   0.335938    0.042130   0.000000  -0.545114   0.000000   0.000000   0.000000   0.000000   0.028173
       31.2966 0   0.000135   0.000135   0.298314    0.045085   0.000000  -0.547377   0.003229   0.000000   0.000000   0.000000   0.028837
       31.5196 0   0.000689   0.000689   0.358488    0.040455   0.000000  -0.614315   0.000000   0.000000  -0.000010   0.000000   0.029334
       31.0770 0   0.002392   0.002392   0.332977    0.062148   0.000000  -0.568403   0.000000   0.000000  -0.000170   0.000000   0.027953
       31.6634 0   0.002568   0.002568   0.346244    0.066079   0.000000  -0.602621   0.000000   0.000000   0.000000   0.000000   0.038386
       31.6606 0   0.002520   0.002520   0.349463    0.055036   0.000000  -0.593136   0.000000   0.000000   0.000000   0.000000   0.030172
       31.2187 0   0.000618   0.000618   0.321487    0.051922   0.000000  -0.593311   0.000000   0.000000   0.000000   0.000000   0.034448
       31.2154 0   0.000645   0.000645   0.337722    0.042188   0.000000  -0.585255   0.000000   0.000000   0.000000   0.000000   0.028181
       31.5567 0   0.001060   0.001060   0.294402    0.036650   0.000014  -0.578587   0.000000   0.000000   0.000000   0.000000   0.034250
       31.2953 0   0.000140   0.000140   0.294829    0.046977   0.003508  -0.577578   0.000000   0.000000  -0.000052   0.000000   0.028745
       31.2878 0   0.000172   0.000172   0.335451    0.062609   0.000000  -0.525999   0.000000   0.000000   0.000000  -0.010987   0.033933
       31.0927 0   0.002139   0.002139   0.340747    0.038502   0.000000  -0.545418   0.000000   0.000000  -0.000136  -0.006468   0.031649
       31.1659 0   0.001144   0.001144   0.346821    0.036224   0.000016  -0.544693   0.000000   0.000000   0.000000   0.000000   0.026584
       31.5575 0   0.001069   0.001069   0.318167    0.045834   0.000000  -0.501652   0.000000   0.000000   0.000000   0.000000   0.029278
       31.1358 0   0.001516   0.001516   0.295876    0.048164   0.000000  -0.548753   0.000000   0.000000  -0.001610   0.000000   0.029148
       31.4089 0   0.000055   0.000055   0.372856    0.070749   0.000000  -0.551325   0.000090   0.000000  -0.000000   0.000000   0.028474
       31.6364 0   0.002125   0.002125   0.395720    0.038741   0.000000  -0.548017   0.000000   0.000000   0.000000   0.000000   0.030485
       31.3747 0   0.000003   0.000003   0.411716    0.043891   0.000000  -0.542839   0.000000   0.000000   0.000000   0.000000   0.027464
       31.6049 0   0.001660   0.001660   0.347409    0.036215   0.000000  -0.550845   0.000000   0.000000   0.000000   0.000000   0.029128
       31.0794 0   0.002354   0.002354   0.327356    0.052485   0.000000  -0.546508   0.000000   0.000000  -0.000250   0.000000   0.028579
       31.4183 0   0.000082   0.000082   0.307344    0.035320   0.000000  -0.476797   0.000000   0.000000   0.000000   0.000000   0.029876
       30.9927 0   0.003998   0.003998   0.328616    0.030962   0.002123  -0.514225   0.000000   0.000000   0.000000   0.000000   0.025766
       31.6067 0   0.001685   0.001685   0.323266    0.040625   0.000231  -0.484494   0.000000   0.000000  -0.000118   0.000000   0.027439
       31.7443 0   0.004150   0.004150   0.311067    0.039758   0.000000  -0.465416   0.000000   0.000000   0.000000  -0.004747   0.033450
       31.4630 0   0.000277   0.000277   0.314483    0.065415   0.000000  -0.505601   0.000000   0.000000  -0.000000   0.000000   0.028439
       31.7364 0   0.003980   0.003980   0.365800    0.045667   0.002442  -0.587157   0.000000   0.000000   0.000000  -0.010045   0.029451
       31.3945 0   0.000025   0.000025   0.317095    0.053447   0.000000  -0.570092   0.000000   0.000000   0.000000  -0.009931   0.032284
       31.4758 0   0.000354   0.000354   0.319978    0.038183   0.000727  -0.586028   0.000000  -0.013397  -0.004778   0.000000   0.032713
       31.4585 0   0.000252   0.000252   0.304755    0.045742   0.001826  -0.633088   0.000000   0.000000   0.000000   0.000000   0.024985
       31.5188 0   0.000682   0.000682   0.361496    0.060961   0.000000  -0.699915   0.000000   0.000000  -0.000000   0.000000   0.025958
       31.3415 0   0.000016   0.000016   0.303805    0.064224   0.000000  -0.674273   0.000000   0.000000   0.000000   0.000000   0.033783
       31.3297 0   0.000036   0.000036   0.301060    0.064720   0.000000  -0.705226   0.000000   0.000000   0.000000   0.000000   0.028896
       31.6909 0   0.003063   0.003063   0.330478    0.048687   0.000000  -0.689554   0.000000   0.000000   0.000000   0.000000   0.029444
       31.4263 0   0.000108   0.000108   0.327229    0.059962   0.000691  -0.703085   0.000000   0.000000   0.000000   0.000000   0.026598
       31.0117 0   0.003601   0.003601   0.317077    0.057768   0.000000  -0.708802   0.000000   0.000000   0.000000   0.000000   0.024239
       31.4058 0   0.000048   0.000048   0.332085    0.049930   0.000000  -0.730193   0.000000   0.000000   0.000000   0.000000   0.026885
       31.4834 0   0.000404   0.000404   0.297518    0.049969   0.000639  -0.711748   0.000000   0.000000  -0.000847   0.000000   0.033840
       31.3867 0   0.000014   0.000014   0.309025    0.060068   0.000000  -0.729399   0.000000   0.000000   0.000000   0.000000   0.029928
       31.3729 0   0.000002   0.000002   0.300782    0.066294   0.000086  -0.736066   0.000000   0.000000  -0.000000   0.000000   0.031773
       31.6114 0   0.001751   0.001751   0.347799    0.053028   0.000000  -0.751729   0.000000  -0.014153  -0.012954   0.000000   0.029823
       31.4070 0   0.000051   0.000051   0.325125    0.056094   0.000000  -0.662623   0.000000  -0.011054  -0.008461   0.000000   0.033970
       31.0928 0   0.002137   0.002137   0.286886    0.058515   0.000000  -0.616123   0.000000  -0.019708  -0.014391   0.000000   0.034386
       31.3469 0   0.000009   0.000009   0.277695    0.051481   0.000000  -0.562905   0.000000  -0.043260  -0.024892   0.000000   0.040133
       31.3095 0   0.000089   0.000089   0.320725    0.040474   0.003277  -0.596855   0.000000  -0.034456  -0.023406   0.000000   0.033506
       31.6076 0   0.001698   0.001698   0.358839    0.032550   0.000000  -0.624632   0.000000  -0.030887  -0.014948   0.000000   0.036372
       31.2317 0   0.000513   0.000513   0.324301    0.039751   0.000000  -0.612959   0.000000  -0.041631  -0.023415   0.000000   0.035010
       31.3795 0   0.000006   0.000006   0.332134    0.053973   0.000000  -0.645605   0.000000  -0.021926  -0.015884   0.000000   0.039236
       31.3072 0   0.000096   0.000096   0.341475    0.038535   0.000250  -0.630778   0.000000  -0.024515  -0.007931   0.000000   0.032145
       31.2973 0   0.000132   0.000132   0.323018    0.034818   0.000000  -0.641918   0.000000  -0.001248  -0.000822   0.000000   0.028345
       31.6113 0   0.001750   0.001750   0.382517    0.042528   0.000000  -0.659320   0.000000  -0.018038  -0.007273   0.000000   0.029932
       31.6329 0   0.002071   0.002071   0.282806    0.054637   0.000000  -0.594228   0.000000  -0.017096  -0.006821   0.000000   0.028337
       31.0371 0   0.003102   0.003102   0.300108    0.058223   0.000000  -0.577628   0.000000   0.000000   0.000000   0.000000   0.028382
       31.2086 0   0.000705   0.000705   0.340932    0.052399   0.000000  -0.611920   0.000000   0.000000   0.000000   0.000000   0.027368
       31.3872 0   0.000014   0.000014   0.326997    0.045474   0.000000  -0.610418   0.000000   0.000000   0.000000   0.000000   0.027590
       31.5016 0   0.000538   0.000538   0.312324    0.041114   0.000000  -0.642349   0.000000   0.000000   0.000000   0.000000   0.031619
       31.4499 0   0.000208   0.000208   0.347069    0.044882   0.000000  -0.687258   0.000000   0.000000   0.000000   0.000000   0.027507
       31.2777 0   0.000220   0.000220   0.348001    0.065965   0.000026  -0.675430   0.000000   0.000000   0.000000   0.000000   0.028625
       31.3497 0   0.000007   0.000007   0.339040    0.044642   0.000000  -0.645176   0.000000   0.000000   0.000000   0.000000   0.029416
       31.1976 0   0.000808   0.000808   0.288058    0.052314   0.000000  -0.588981   0.000000   0.000000   0.000000   0.000000   0.024971
       31.4851 0   0.000416   0.000416   0.312462    0.050199   0.000000  -0.631802   0.000000   0.000000   0.000000   0.000000   0.028876
       31.6642 0   0.002582   0.002582   0.334464    0.039442   0.000000  -0.672231   0.002259   0.000000   0.000000   0.000000   0.026515
       31.6649 0   0.002594   0.002594   0.330207    0.068249   0.000000  -0.683090   0.000000   0.000000   0.000000   0.000000   0.025732
       31.4810 0   0.000388   0.000388   0.315052    0.034565   0.000000  -0.650405   0.000000   0.000000   0.000000   0.000000   0.025996
       30.9805 0   0.004264   0.004264   0.399833    0.045722   0.001289  -0.684102   0.000000   0.000000   0.000000   0.000000   0.026640
       31.2970 0   0.000133   0.000133   0.350305    0.035230   0.000000  -0.682415   0.000000   0.000000   0.000000   0.000000   0.032161
       31.6626 0   0.002556   0.002556   0.359176    0.047341   0.000000  -0.729520   0.000000   0.000000   0.000000   0.000000   0.031651
       31.4294 0   0.000120   0.000120   0.334117    0.044323   0.000000  -0.688263   0.000000   0.000000   0.000000   0.000000   0.027587
       31.1404 0   0.001455   0.001455   0.338821    0.037213   0.000000  -0.672466   0.000000   0.000000   0.000000   0.000000   0.028974
       31.2518 0   0.000370   0.000370   0.329266    0.040291   0.000000  -0.665098   0.000000   0.000000   0.000000   0.000000   0.029471
       31.7889 0   0.005184   0.005184   0.350629    0.035148   0.000000  -0.582664   0.000391   0.000000   0.000000   0.000000   0.029344
       31.5034 0   0.000552   0.000552   0.318502    0.036505   0.000000  -0.581186   0.000000   0.000000   0.000000   0.000000   0.030306
       31.2656 0   0.000285   0.000285   0.334730    0.033954   0.000000  -0.549814   0.000000   0.000000   0.000000   0.000000   0.036808
       31.4721 0   0.000331   0.000331   0.380901    0.055092   0.000005  -0.551680   0.000000   0.000000   0.000000   0.000000   0.026534
       31.4126 0   0.000065   0.000065   0.381353    0.045430   0.000000  -0.588825   0.000000   0.000000   0.000000   0.000000   0.029794
       31.5074 0   0.000585   0.000585   0.373000    0.058519   0.000000  -0.529818   0.000000   0.000000  -0.000000   0.000000   0.027794
       31.6588 0   0.002490   0.002490   0.370922    0.049316   0.000000  -0.609177   0.000000   0.000000   0.000000   0.000000   0.026921
       31.3047 0   0.000105   0.000105   0.348050    0.052985   0.000000  -0.624632   0.000000   0.000000   0.000000   0.000000   0.025971
       31.4008 0   0.000037   0.000037   0.333751    0.053666   0.000000  -0.609650   0.000000   0.000000  -0.000000   0.000000   0.029716
       31.4114 0   0.000062   0.000062   0.320032    0.042366   0.000000  -0.593547   0.000000   0.000000   0.000000   0.000000   0.023989
       31.4531 0   0.000224   0.000224   0.315507    0.062123   0.000000  -0.665886   0.000000   0.000000  -0.000003   0.000000   0.025848
       31.4434 0   0.000178   0.000178   0.321158    0.045770   0.000000  -0.640637   0.000000   0.000000   0.000000   0.000000   0.028718
       31.4458 0   0.000188   0.000188   0.343542    0.064998   0.000000  -0.665410   0.000000   0.000000  -0.000512   0.000000   0.032522
       31.5029 0   0.000548   0.000548   0.319316    0.041263   0.000000  -0.590801   0.000000   0.000000   0.000000   0.000000   0.029288
       31.4599 0   0.000260   0.000260   0.359472    0.054213   0.000000  -0.610391   0.000000   0.000000   0.000000   0.000000   0.032254
       31.0750 0   0.002426   0.002426   0.343091    0.051720   0.000000  -0.599271   0.000000   0.000000   0.000000   0.000000   0.031101
       31.5751 0   0.001273   0.001273   0.343978    0.054229   0.000168  -0.634037   0.000000   0.000000   0.000000   0.000000   0.034867
       31.5577 0   0.001071   0.001071   0.364114    0.043697   0.000000  -0.616614   0.000000   0.000000   0.000000   0.000000   0.028230
       31.1573 0   0.001244   0.001244   0.304470    0.045616   0.004675  -0.614221   0.000000   0.000000   0.000000   0.000000   0.024435
       31.3999 0   0.000035   0.000035   0.291436    0.070646   0.000000  -0.629330   0.000000   0.000000   0.000000   0.000000   0.033194
       31.2671 0   0.000276   0.000276   0.333868    0.059271   0.000725  -0.696101   0.000000   0.000000   0.000000   0.000000   0.032504
       31.4119 0   0.000064   0.000064   0.313342    0.043873   0.000000  -0.664071   0.000000   0.000000  -0.000059   0.000000   0.029701
       31.5125 0   0.000628   0.000628   0.333560    0.044367   0.000000  -0.638046   0.000000   0.000000   0.000000   0.000000   0.026406
       31.5100 0   0.000606   0.000606   0.302915    0.038942   0.000000  -0.631154   0.000000   0.000000  -0.000066   0.000000   0.029431
       31.4006 0   0.000037   0.000037   0.319239    0.043710   0.000005  -0.592977   0.000000   0.000000   0.000000   0.000000   0.028711
       31.2278 0   0.000543   0.000543   0.363400    0.048793   0.000000  -0.660449   0.000000   0.000000   0.000000   0.000000   0.028435
       31.1782 0   0.001007   0.001007   0.309831    0.059245   0.000000  -0.660793   0.000000   0.000000   0.000000   0.000000   0.028614
       31.3560 0   0.000002   0.000002   0.287604    0.051536   0.000000  -0.646039   0.000000   0.000000  -0.000076   0.000000   0.028225
       31.5376 0   0.000859   0.000859   0.299954    0.030736   0.000025  -0.681524   0.000000   0.000000   0.000000   0.000000   0.028515
       31.1795 0   0.000992   0.000992   0.370493    0.051994   0.000000  -0.724602   0.000000   0.000000  -0.000000   0.000000   0.030903
       31.3747 0   0.000003   0.000003   0.318070    0.049850   0.000000  -0.686872   0.001024   0.000000   0.000000   0.000000   0.026817
       31.4480 0   0.000199   0.000199   0.326624    0.066418   0.000000  -0.717180   0.000000   0.000000   0.000000   0.000000   0.030794
       31.2973 0   0.000132   0.000132   0.332083    0.047524   0.000000  -0.634646   0.000000   0.000000   0.000000   0.000000   0.024801
       31.3104 0   0.000086   0.000086   0.390798    0.045517   0.000000  -0.662609   0.000000   0.000000   0.000000   0.000000   0.029447
       31.4187 0   0.000083   0.000083   0.337468    0.035731   0.000000  -0.610445   0.000000   0.000000  -0.001210   0.000000   0.030424
       31.4229 0   0.000097   0.000097   0.307315    0.055968   0.000000  -0.608221   0.000000   0.000000   0.000000   0.000000   0.032023
       31.4279 0   0.000114   0.000114   0.345499    0.063907   0.000192  -0.665530   0.000000   0.000000   0.000000   0.000000   0.026399
       31.5220 0   0.000711   0.000711   0.319166    0.048651   0.001181  -0.566808   0.000000   0.000000   0.000000   0.000000   0.026197
       31.5438 0   0.000922   0.000922   0.310949    0.038561   0.000000  -0.562400   0.000000   0.000000   0.000000   0.000000   0.026291
       31.5016 0   0.000538   0.000538   0.323276    0.066231   0.000000  -0.574119   0.000000   0.000000   0.000000   0.000000   0.027211
       31.3534 0   0.000004   0.000004   0.319851    0.046401   0.000000  -0.591783   0.000000   0.000000  -0.000610   0.000000   0.029919
       31.4110 0   0.000061   0.000061   0.366094    0.052999   0.000000  -0.628272   0.000000   0.000000   0.000000   0.000000   0.033076
       31.4456 0   0.000187   0.000187   0.295393    0.051326   0.000000  -0.549256   0.000000   0.000000  -0.000439   0.000000   0.028582
       31.2090 0   0.000702   0.000702   0.346865    0.048401   0.000000  -0.575571   0.000000   0.000000   0.000000   0.000000   0.026235
       31.3873 0   0.000014   0.000014   0.327053    0.062020   0.000000  -0.568613   0.000000   0.000000  -0.001087  -0.013080   0.025750
       31.5452 0   0.000937   0.000937   0.328036    0.057865   0.000000  -0.601231   0.000029   0.000000  -0.000000  -0.000961   0.031730
       31.4040 0   0.000044   0.000044   0.304392    0.036969   0.000000  -0.589521   0.000000   0.000000   0.000000   0.000000   0.026761
       31.1742 0   0.001050   0.001050   0.319477    0.053174   0.000000  -0.600921   0.000000   0.000000   0.000000   0.000000   0.028172
       31.8515 0   0.006827   0.006827   0.353093    0.035790   0.000000  -0.673669   0.000000   0.000000   0.000000   0.000000   0.027217
       31.3734 0   0.000002   0.000002   0.276235    0.058860   0.000000  -0.644191   0.000000   0.000000   0.000000   0.000000   0.029440
       31.0160 0   0.003513   0.003513   0.375532    0.047470   0.000000  -0.686424   0.000000   0.000000   0.000000   0.000000   0.024838
       31.4196 0   0.000086   0.000086   0.357903    0.040297   0.000304  -0.674767   0.000000   0.000000   0.000000   0.000000   0.026488
       31.4172 0   0.000078   0.000078   0.357341    0.045501   0.000000  -0.685444   0.000000   0.000000   0.000000   0.000000   0.026842
       31.4266 0   0.000110   0.000110   0.292809    0.048755   0.000000  -0.625444   0.000000   0.000000  -0.000159   0.000000   0.027490
       31.2386 0   0.000461   0.000461   0.287053    0.082651   0.000000  -0.650885   0.000000   0.000000   0.000000   0.000000   0.026596
       31.5773 0   0.001300   0.001300   0.334199    0.054140   0.000000  -0.751698   0.000000   0.000000   0.000000   0.000000   0.026442
       31.3481 0   0.000008   0.000008   0.338553    0.036512   0.000000  -0.750151   0.000000   0.000000   0.000000   0.000000   0.025794
       31.3763 0   0.000004   0.000004   0.330318    0.049311   0.000567  -0.763607   0.000000   0.000000   0.000000   0.000000   0.029576
       31.4143 0   0.000070   0.000070   0.338669    0.037956   0.000000  -0.807099   0.000000   0.000000   0.000000   0.000000   0.028073
       31.1875 0   0.000909   0.000909   0.308104    0.053484   0.000000  -0.811982   0.000000   0.000000   0.000000   0.000000   0.025164
       31.6419 0   0.002211   0.002211   0.329153    0.056004   0.000000  -0.816620   0.002194   0.000000   0.000000   0.000000   0.038652
       31.4632 0   0.000278   0.000278   0.322510    0.040199   0.000000  -0.793289   0.000000   0.000000  -0.000012   0.000000   0.025804
       31.2009 0   0.000777   0.000777   0.321048    0.053591   0.000000  -0.817495   0.000000  -0.013853  -0.008165   0.000000   0.032578
       31.4250 0   0.000104   0.000104   0.283349    0.038220   0.000000  -0.756766   0.000000   0.000000   0.000000   0.000000   0.027707
       31.5305 0   0.000790   0.000790   0.307985    0.049002   0.000000  -0.788372   0.000000   0.000000   0.000000   0.000000   0.026739
       31.5270 0   0.000757   0.000757   0.330512    0.052195   0.000529  -0.814863   0.000000   0.000000  -0.000706   0.000000   0.027452
       31.1329 0   0.001554   0.001554   0.290434    0.050098   0.000000  -0.741465   0.000000   0.000000   0.000000   0.000000   0.029191
       31.1018 0   0.001999   0.001999   0.335180    0.044102   0.000000  -0.790501   0.000000   0.000000   0.000000   0.000000   0.027312
       31.5288 0   0.000774   0.000774   0.359556    0.051734   0.000000  -0.827951   0.000000   0.000000   0.000000   0.000000   0.030176
       31.5543 0   0.001033   0.001033   0.329592    0.056171   0.000000  -0.772039   0.010023   0.000000   0.000000  -0.000003   0.029248
       31.5363 0   0.000847   0.000847   0.262519    0.050802   0.000000  -0.654946   0.000000   0.000000   0.000000   0.000000   0.030195
       31.2810 0   0.000204   0.000204   0.292897    0.045662   0.000000  -0.672358   0.000000   0.000000   0.000000   0.000000   0.024816
       31.3653 0   0.000000   0.000000   0.325072    0.061072   0.000000  -0.678087   0.000842   0.000000   0.000000   0.000000   0.033812
       31.2067 0   0.000723   0.000723   0.339207    0.045773   0.000000  -0.655923   0.000000   0.000000   0.000000   0.000000   0.028245
       31.3781 0   0.000005   0.000005   0.327585    0.046280   0.000000  -0.626906   0.000000   0.000000  -0.000297   0.000000   0.032280
       31.2283 0   0.000539   0.000539   0.327428    0.050595   0.000000  -0.605554   0.000000   0.000000   0.000000   0.000000   0.029358
       31.5053 0   0.000568   0.000568   0.355811    0.050952   0.000000  -0.637846   0.000000   0.000000   0.000000   0.000000   0.028840
       30.9782 0   0.004315   0.004315   0.327580    0.060077   0.000000  -0.601120   0.000000  -0.012596  -0.002275   0.000000   0.026269
       31.4938 0   0.000479   0.000479   0.349256    0.045909   0.000000  -0.567083   0.000000  -0.018948  -0.012366   0.000000   0.030191
       31.6588 0   0.002489   0.002489   0.354588    0.066243   0.000000  -0.569839   0.000000  -0.017232  -0.011281   0.000000   0.030277
       31.1922 0   0.000862   0.000862   0.335246    0.074475   0.000000  -0.589752   0.000398  -0.018653  -0.012873   0.000000   0.025032
       31.0052 0   0.003734   0.003734   0.310657    0.038983   0.000000  -0.598053   0.000000  -0.018187  -0.012430   0.000000   0.031998
       31.1579 0   0.001237   0.001237   0.314590    0.039716   0.000000  -0.570561   0.000059  -0.019258  -0.011469   0.000000   0.033512
       31.4701 0   0.000319   0.000319   0.314634    0.053075   0.000000  -0.547562   0.000220  -0.017482  -0.015745   0.000000   0.035344
       31.3400 0   0.000018   0.000018   0.323775    0.046591   0.000000  -0.587776   0.000119  -0.015273  -0.012007   0.000000   0.036093
       31.2547 0   0.000351   0.000351   0.351123    0.069293   0.000000  -0.626406   0.000000  -0.018865  -0.013098  -0.000031   0.032277
       31.1992 0   0.000793   0.000793   0.289785    0.034924   0.000962  -0.535637   0.000000  -0.017816  -0.011034   0.000000   0.036087
       31.5349 0   0.000833   0.000833   0.334750    0.053566   0.000000  -0.627665   0.000000  -0.018984  -0.009168   0.000000   0.031185
       31.4748 0   0.000348   0.000348   0.342162    0.052689   0.000000  -0.644562   0.000000  -0.018263  -0.014397   0.000000   0.029247
       31.3905 0   0.000019   0.000019   0.322180    0.064608   0.000000  -0.661532   0.000000  -0.012965  -0.008863   0.000000   0.032978
       31.2289 0   0.000535   0.000535   0.350242    0.057345   0.000000  -0.666425   0.000000  -0.018078  -0.007586   0.000000   0.030107
       31.4147 0   0.000071   0.000071   0.323177    0.035628   0.000000  -0.580511   0.000000  -0.011281  -0.011965   0.000000   0.032742
       31.4403 0   0.000164   0.000164   0.362619    0.050453   0.000000  -0.602418   0.000000  -0.012420  -0.006178   0.000000   0.030906
       31.3635 0   0.000000   0.000000   0.383705    0.058369   0.000000  -0.620047   0.000000   0.000000  -0.000008   0.000000   0.029017
       31.4020 0   0.000040   0.000040   0.391722    0.053457   0.000077  -0.653605   0.000000   0.000000   0.000000   0.000000   0.024555
       31.8866 0   0.007847   0.007847   0.364065    0.045499   0.000000  -0.653404   0.000000   0.000000   0.000000   0.000000   0.028390
       31.2175 0   0.000628   0.000628   0.344366    0.058785   0.000000  -0.618788   0.000000   0.000000   0.000000   0.000000   0.031032
       31.2713 0   0.000253   0.000253   0.306213    0.067826   0.001199  -0.611925   0.000000   0.000000  -0.000000   0.000000   0.031415
       31.2742 0   0.000238   0.000238   0.383693    0.045142   0.000000  -0.614425   0.000000   0.000000  -0.000000   0.000000   0.026946
       31.3839 0   0.000010   0.000010   0.347839    0.051134   0.000025  -0.602521   0.000000   0.000000   0.000000   0.000000   0.036690
       31.2365 0   0.000476   0.000476   0.329621    0.062033   0.000000  -0.616870   0.000000   0.000000   0.000000   0.000000   0.034602
       31.5814 0   0.001351   0.001351   0.331746    0.040256   0.000000  -0.641531   0.000000   0.000000   0.000000   0.000000   0.029001
       31.7883 0   0.005168   0.005168   0.315243    0.063563   0.000000  -0.684617   0.000000   0.000000  -0.000013   0.000000   0.032683
       31.6813 0   0.002886   0.002886   0.300126    0.044011   0.000000  -0.642831   0.000000   0.000000   0.000000   0.000000   0.025227
       31.2608 0   0.000313   0.000313   0.296296    0.058985   0.000000  -0.649233   0.000704   0.000000   0.000000   0.000000   0.030418
       31.3377 0   0.000021   0.000021   0.314694    0.052344   0.000000  -0.625666   0.000018   0.000000   0.000000   0.000000   0.031670
       31.6116 0   0.001754   0.001754   0.317287    0.054948   0.000000  -0.609076   0.000000   0.000000  -0.000000   0.000000   0.025859
       31.3783 0   0.000005   0.000005   0.275584    0.055113   0.000000  -0.558733   0.000000   0.000000   0.000000   0.000000   0.031719
       31.2589 0   0.000325   0.000325   0.331490    0.053454   0.000000  -0.606663   0.000000   0.000000   0.000000   0.000000   0.030141
       31.1454 0   0.001391   0.001391   0.300229    0.051564   0.000000  -0.567228   0.000087   0.000000   0.000000   0.000000   0.035449
       31.2617 0   0.000308   0.000308   0.290444    0.048890   0.000000  -0.544410   0.000000   0.000000  -0.000772   0.000000   0.028839
       31.1281 0   0.001618   0.001618   0.324277    0.050456   0.000010  -0.564937   0.000000   0.000000   0.000000   0.000000   0.029016
       31.4100 0   0.000058   0.000058   0.329056    0.055998   0.000000  -0.608249   0.000000   0.000000  -0.000131   0.000000   0.033240
       31.3453 0   0.000011   0.000011   0.304277    0.058243   0.000000  -0.607871   0.001227   0.000000   0.000000   0.000000   0.037386
       31.1365 0   0.001506   0.001506   0.326344    0.041335   0.000000  -0.634679   0.000000   0.000000   0.000000   0.000000   0.028221
       31.2237 0   0.000576   0.000576   0.338486    0.050991   0.000000  -0.571035   0.000000   0.000000  -0.002620   0.000000   0.028781
       30.8898 0   0.006515   0.006515   0.362461    0.038546   0.000000  -0.578057   0.000000   0.000000   0.000000   0.000000   0.028591
       31.7208 0   0.003652   0.003652   0.336742    0.043224   0.000000  -0.576786   0.000000   0.000000   0.000000   0.000000   0.035691
       31.6178 0   0.001843   0.001843   0.329519    0.041382   0.000000  -0.581613   0.000000   0.000000   0.000000  -0.000396   0.031390
       31.1230 0   0.001690   0.001690   0.327027    0.044504   0.000000  -0.629998   0.000000   0.000000  -0.002385   0.000000   0.028960
       31.4549 0   0.000233   0.000233   0.323478    0.043058   0.000000  -0.682728   0.000000   0.000000   0.000000   0.000000   0.029017
       31.5297 0   0.000782   0.000782   0.361120    0.045081   0.000000  -0.687167   0.000062   0.000000   0.000000   0.000000   0.029962
       31.1912 0   0.000872   0.000872   0.291962    0.060706   0.000000  -0.628595   0.000000   0.000000   0.000000   0.000000   0.033257
       31.4476 0   0.000197   0.000197   0.354350    0.055010   0.000000  -0.658514   0.000000   0.000000   0.000000   0.000000   0.023690
       31.5769 0   0.001295   0.001295   0.371424    0.037903   0.000000  -0.678304   0.000000   0.000000   0.000000   0.000000   0.029572
       31.2766 0   0.000225   0.000225   0.398097    0.043829   0.000000  -0.684045   0.000000   0.000000  -0.000000   0.000000   0.029847
       31.1241 0   0.001674   0.001674   0.311153    0.069780   0.000000  -0.639556   0.000000   0.000000   0.000000   0.000000   0.028240
       31.3473 0   0.000009   0.000009   0.333874    0.055331   0.000000  -0.612221   0.000000   0.000000   0.000000   0.000000   0.028563
       31.4022 0   0.000040   0.000040   0.324224    0.033582   0.000353  -0.611806   0.000000   0.000000   0.000000   0.000000   0.034054
       31.4802 0   0.000383   0.000383   0.316365    0.032852   0.000000  -0.567499   0.000000   0.000000   0.000000   0.000000   0.024943
       31.5728 0   0.001246   0.001246   0.362058    0.047001   0.000000  -0.624822   0.001596   0.000000   0.000000   0.000000   0.031913
       31.5439 0   0.000924   0.000924   0.358749    0.068372   0.000000  -0.611277   0.000000   0.000000   0.000000   0.000000   0.033448
       31.5616 0   0.001115   0.001115   0.364661    0.051915   0.000000  -0.570982   0.000000   0.000000   0.000000   0.000000   0.033223
       31.2362 0   0.000478   0.000478   0.343447    0.064007   0.000000  -0.649131   0.000000   0.000000   0.000000   0.000000   0.027504
       31.3401 0   0.000018   0.000018   0.334586    0.047561   0.000000  -0.605574   0.000000   0.000000   0.000000   0.000000   0.029583
       31.4379 0   0.000154   0.000154   0.330217    0.055758   0.000000  -0.649780   0.000034   0.000000   0.000000   0.000000   0.030192
       31.4391 0   0.000159   0.000159   0.320302    0.069926   0.000000  -0.657749   0.000000   0.000000   0.000000   0.000000   0.030536
       31.3817 0   0.000008   0.000008   0.360222    0.049540   0.000000  -0.627351   0.000000   0.000000   0.000000   0.000000   0.030301
       31.3867 0   0.000014   0.000014   0.298093    0.048136   0.000000  -0.631816   0.000000   0.000000   0.000000   0.000000   0.028386
       31.0973 0   0.002067   0.002067   0.333190    0.062632   0.000000  -0.628936   0.000000   0.000000   0.000000  -0.003073   0.035650
       31.0968 0   0.002076   0.002076   0.345541    0.039609   0.000000  -0.654272   0.000000   0.000000  -0.000000   0.000000   0.032412
       31.4618 0   0.000270   0.000270   0.347049    0.050175   0.000000  -0.642951   0.000000   0.000000  -0.000047   0.000000   0.027322
       31.4786 0   0.000372   0.000372   0.305180    0.047011   0.000000  -0.575050   0.000000   0.000000   0.000000   0.000000   0.028242
       31.5066 0   0.000579   0.000579   0.340978    0.059675   0.000000  -0.606286   0.000000   0.000000   0.000000   0.000000   0.029486
       31.2502 0   0.000380   0.000380   0.340672    0.050892   0.000277  -0.649896   0.000000   0.000000   0.000000   0.000000   0.032599
       31.3476 0   0.000009   0.000009   0.336607    0.049391   0.000000  -0.610531   0.000000   0.000000  -0.002580   0.000000   0.029471
       31.3401 0   0.000018   0.000018   0.375040    0.048189   0.002517  -0.661727   0.000181   0.000000  -0.000004   0.000000   0.027196
       31.5095 0   0.000603   0.000603   0.355376    0.078306   0.000000  -0.688436   0.000000   0.000000   0.000000   0.000000   0.024335
       31.3173 0   0.000066   0.000066   0.332324    0.073113   0.000000  -0.651408   0.000000   0.000000   0.000000   0.000000   0.027523
       31.0534 0   0.002800   0.002800   0.339060    0.052337   0.000000  -0.673892   0.000000   0.000000   0.000000   0.000000   0.027171
       31.3823 0   0.000009   0.000009   0.387516    0.042035   0.000000  -0.764148   0.000000   0.000000   0.000000   0.000000   0.028122
       31.5253 0   0.000742   0.000742   0.299403    0.066924   0.000000  -0.703596   0.000000   0.000000   0.000000   0.000000   0.025060
       31.4575 0   0.000247   0.000247   0.369393    0.057972   0.000436  -0.733177   0.001990  -0.000281  -0.000553   0.000000   0.029902
       31.3286 0   0.000038   0.000038   0.346078    0.045923   0.000000  -0.745754   0.000000   0.000000  -0.000251  -0.013127   0.032110
       31.3820 0   0.000008   0.000008   0.329594    0.050566   0.000000  -0.743918   0.000000   0.000000   0.000000   0.000000   0.029106
       31.6348 0   0.002099   0.002099   0.371941    0.030290   0.000000  -0.782176   0.000000   0.000000   0.000000   0.000000   0.035343
       31.1726 0   0.001068   0.001068   0.308847    0.051201   0.000000  -0.740974   0.000000   0.000000   0.000000   0.000000   0.025353
       31.2870 0   0.000175   0.000175   0.283308    0.049262   0.000000  -0.787348   0.000000   0.000000   0.000000   0.000000   0.028284
       31.5069 0   0.000581   0.000581   0.322960    0.051627   0.000000  -0.823939   0.000000   0.000000   0.000000   0.000000   0.030107
       31.3574 0   0.000002   0.000002   0.335274    0.066753   0.000000  -0.840557   0.000000   0.000000   0.000000   0.000000   0.024648
       31.3835 0   0.000010   0.000010   0.327901    0.042104   0.000100  -0.837228   0.000000   0.000000   0.000000   0.000000   0.028946
       31.4800 0   0.000382   0.000382   0.355702    0.033919   0.000000  -0.839548   0.000595   0.000000   0.000000   0.000000   0.031820
       31.5992 0   0.001582   0.001582   0.312869    0.060381   0.000000  -0.801050   0.000000   0.000000   0.000000   0.000000   0.029431
       31.3123 0   0.000080   0.000080   0.315180    0.061113   0.000000  -0.790240   0.000000   0.000000   0.000000   0.000000   0.023894
       31.5466 0   0.000951   0.000951   0.348996    0.045459   0.000000  -0.797096   0.000000   0.000000   0.000000   0.000000   0.030245
       31.4559 0   0.000239   0.000239   0.295427    0.041995   0.000000  -0.749629   0.000000   0.000000   0.000000   0.000000   0.027824
       31.0072 0   0.003692   0.003692   0.324317    0.062444   0.000558  -0.746447   0.000000   0.000000   0.000000   0.000000   0.027989
       31.2349 0   0.000488   0.000488   0.320533    0.037653   0.000000  -0.740514   0.000000   0.000000   0.000000   0.000000   0.029101
       31.3776 0   0.000005   0.000005   0.372363    0.066471   0.000000  -0.774514   0.000000   0.000000   0.000000   0.000000   0.029949
       31.4651 0   0.000289   0.000289   0.393680    0.054706   0.000000  -0.793868   0.000000   0.000000   0.000000   0.000000   0.029339
       31.3505 0   0.000006   0.000006   0.370774    0.043278   0.000000  -0.755758   0.001746   0.000000   0.000000   0.000000   0.036128
       31.3408 0   0.000017   0.000017   0.320347    0.059968   0.000000  -0.758408   0.002463   0.000000   0.000000  -0.000070   0.026075
       31.5110 0   0.000615   0.000615   0.352598    0.042886   0.000000  -0.832367   0.006370   0.000000   0.000000   0.000000   0.027211
       31.3208 0   0.000056   0.000056   0.349825    0.056539   0.000000  -0.871306   0.000000   0.000000   0.000000   0.000000   0.029310
       31.4013 0   0.000038   0.000038   0.368654    0.035220   0.001334  -0.883586   0.000001   0.000000   0.000000   0.000000   0.029422
       31.0846 0   0.002267   0.002267   0.353950    0.054062   0.000000  -0.881740   0.000000   0.000000   0.000000   0.000000   0.028834
       31.6493 0   0.002332   0.002332   0.335457    0.033491   0.000000  -0.777633   0.000000   0.000000   0.000000   0.000000   0.025533
       31.8549 0   0.006922   0.006922   0.335217    0.060380   0.000000  -0.786559   0.000000  -0.018823  -0.006214   0.000000   0.029123
       31.0314 0   0.003210   0.003210   0.316624    0.035480   0.000000  -0.776516   0.002022   0.000000   0.000000   0.000000   0.031749
       31.5132 0   0.000633   0.000633   0.359368    0.030546   0.000000  -0.805683   0.000000   0.000000   0.000000   0.000000   0.026731
       31.5050 0   0.000566   0.000566   0.306433    0.055887   0.000000  -0.798371   0.000000   0.000000   0.000000   0.000000   0.033007
       31.2997 0   0.000123   0.000123   0.353224    0.055369   0.000000  -0.828867   0.000000   0.000000   0.000000   0.000000   0.026154
       31.0716 0   0.002484   0.002484   0.361158    0.045896   0.000000  -0.827891   0.000000   0.000000   0.000000   0.000000   0.025936
       31.4231 0   0.000097   0.000097   0.361127    0.042958   0.000000  -0.829811   0.000589   0.000000   0.000000   0.000000   0.027821
       31.4244 0   0.000102   0.000102   0.295772    0.043465   0.000000  -0.764589   0.000000   0.000000   0.000000   0.000000   0.029794
       31.3323 0   0.000031   0.000031   0.289111    0.054708   0.000000  -0.760271   0.000000   0.000000   0.000000   0.000000   0.031539
       31.1696 0   0.001102   0.001102   0.279453    0.025419   0.000000  -0.735269   0.000000   0.000000   0.000000   0.000000   0.028755
       31.5234 0   0.000724   0.000724   0.318507    0.048315   0.000000  -0.803018   0.000000   0.000000   0.000000   0.000000   0.027701
       31.7159 0   0.003552   0.003552   0.321250    0.050064   0.000000  -0.810741   0.000000   0.000000   0.000000   0.000000   0.028900
       31.3040 0   0.000107   0.000107   0.363413    0.053066   0.000000  -0.849414   0.001300   0.000000   0.000000   0.000000   0.032746
       31.1048 0   0.001953   0.001953   0.272099    0.059282   0.000000  -0.838904   0.000000   0.000000   0.000000   0.000000   0.025002
       31.3267 0   0.000042   0.000042   0.375786    0.047888   0.000000  -0.827267   0.000000   0.000000   0.000000   0.000000   0.026912
       31.6702 0   0.002688   0.002688   0.299401    0.045181   0.000000  -0.775570   0.000000   0.000000   0.000000   0.000000   0.028642
       31.1573 0   0.001245   0.001245   0.370958    0.052954   0.000000  -0.751774   0.000000   0.000000   0.000000   0.000000   0.033595
       31.2889 0   0.000167   0.000167   0.373179    0.051403   0.000000  -0.724782   0.000000   0.000000   0.000000   0.000000   0.030939
       31.1638 0   0.001167   0.001167   0.312109    0.040248   0.000000  -0.701733   0.000000   0.000000   0.000000   0.000000   0.035128
       31.6281 0   0.001997   0.001997   0.335964    0.042946   0.000000  -0.704283   0.000000   0.000000   0.000000   0.000000   0.030502
