t = 1000000
b = 105 105 105
E = -0.0707629299736027 -0.459198351330394 0.388435421356791
-28.1353533325703 -13.2499175792987 -18.3520723589414 0.460011732483242 -0.31074812941239 -0.831760065189748 0.248257982671031 -0.854385087134499 0.456502022911536 -0.177761912084785 0.394505518353778 -0.359363084363304 0.524433693785992 0.665747670993622 0.221374884664338
-28.5159340869758 -11.9873247094105 -17.6996309342347 -0.198297487742246 0.640171140733775 0.742198771843901 0.870612203239451 0.46288545560275 -0.166647671936887 -0.244774334454878 -0.0619520020082881 0.191029265962388 -0.256337866745178 -0.547934269528031 0.0759497670537042
-28.6995971068151 -12.2886649507926 -17.6426603465817 0.296551386753595 0.831605151928189 -0.469563782995544 -0.917201669958831 0.384993169709356 0.102573660858469 0.907810925046238 -0.0466508992022012 -0.147138374392217 -0.182486552555431 -0.236079167363969 -0.144793143110499
-29.1347618869635 -11.9614162450578 -17.4102049561606 0.189136796840077 0.397712338187361 -0.897804081152772 -0.955974840229731 0.283486728966756 -0.0758114723993074 -0.144094246821131 0.0986452385871376 0.0160288825244074 -0.244928131359262 -0.0320802114638159 0.0416312672726169
-29.4473161615061 -11.5350677318835 -17.4113531831049 0.0520991329593382 -0.34668063757239 -0.936535218706291 -0.929945079177751 0.324973946980904 -0.17202930999349 -0.593653647109165 -0.249134683172931 -0.0624266019018785 -0.230310121209991 -0.201941722175104 -0.219324584612194
-29.2249142330929 -11.3814217995675 -16.0556832291551 0.699377872197359 0.667711535834705 -0.255013522767127 -0.574809101051139 0.737483537590344 0.354559627047746 -0.149335659847056 0.172941791924817 -0.214166404065725 -0.00545384781331868 0.00953790920686114 -0.820168380113876
-29.6746340727023 -11.8867295352137 -15.6091415265242 -0.753640998084146 -0.476860749552316 0.452359449490227 -0.657156823933211 0.533000055054889 -0.532968901597014 -0.141568754201525 -0.319219879081942 -0.138100138817566 -0.263910656816623 -0.806745801897483 0.201690507118188
-29.8458810053628 -11.2542408411013 -14.9062120754065 -0.329396155389249 0.817490257735862 -0.472448781691237 -0.805421245928096 0.0178498058476095 0.592433963441374 0.000574564068824748 0.255025588207469 -0.123761911960957 -0.212908202703967 -0.480659123461254 -0.0909287962955464
-30.0308165335908 -11.0369876183387 -14.5078125932484 -0.566916641423261 0.147681319823245 -0.810429361173871 -0.807822656765357 0.0930069245591954 0.582041465190122 0.085437462901374 0.54104226202112 0.541056802606556 0.105369348930457 -0.121133100975406 0.296929697795566
-30.4200522766532 -10.7090435715946 -14.4574855001262 -0.517658497440336 -0.646335683071468 -0.560606693517248 -0.767810645284736 0.0618461171793293 0.637684773832171 0.697838234821842 -0.141151355798344 -0.241183564672864 -0.262160424267254 -0.448815743514741 -0.198462657944954
-30.8743454803665 -10.6494087575125 -14.2374779624383 0.00570135151017452 -0.899977012534979 -0.43590007054312 -0.847927147732157 -0.235421269522986 0.474969870617997 -0.019266376364672 -0.483614414210973 -0.205367060936061 -0.373356457765883 0.27622401834309 0.189422820061181
-31.304797477303 -10.7067777792518 -14.273973878363 0.339237954919801 -0.810771694059231 0.477039694422034 -0.826754178446225 -0.0150440892420572 0.562362164268361 0.359556529528511 -0.382261017618073 -0.484399876910041 0.0879052700362746 0.527249410672188 -0.00204554913348155
-31.7606419234685 -10.9754702773429 -14.1046054087162 0.681511322273854 -0.137978071356317 0.718682384254197 -0.73176749281332 -0.138765583034714 0.667278389749542 -0.535374393799772 -0.760024412469302 -0.0627762760501938 -0.0270815888133185 -1.0222287044521 -0.309221068980196
-32.1028734878225 -11.303812695173 -13.8413818737713 0.392944866517977 0.67434629383328 0.62518110005852 -0.795736906111437 -0.091378775275764 0.598709191244919 -0.551978403501841 -0.413528720312179 -0.00269413495978223 0.103022901072636 -0.305775587021635 0.0124894340837162
-32.1623590003454 -11.2668095746851 -15.4107806511465 0.522128891133338 0.660561140689285 -0.539481603444722 0.767482018130795 -0.0880398399319372 0.634996329462313 0.236198759353357 -0.210055971918075 0.0609552404946782 0.118950751824745 -0.19985866901616 0.220205159280969
-31.711058654769 -11.3191333922555 -15.2790927467039 -0.161405267528691 0.986650463951896 0.0216610617846939 0.614530764562713 0.0833079152387956 0.784481823030142 -0.213333583037372 -0.0719902990707986 -0.374619746431672 0.501672647032029 -0.292951306099763 -0.371590150163301
-31.819617530408 -12.8257221934216 -15.3726654689149 0.18098486802973 -0.803212961585432 -0.567532744328865 0.983146008073713 0.132589663410583 0.125872586234586 0.434955433727178 -0.00802507367284407 -0.0872830972359308 0.463858881257618 -0.773580742808105 -0.236277255922513
-31.9155318192897 -12.6633314290811 -15.0179682453383 0.14021395367587 -0.987749963387172 0.0684839909995638 -0.0563442964530105 -0.0770151649423242 -0.995436579911513 -0.255994322652818 -0.0768063058858259 0.606143260813971 0.193129254038568 0.709346475794333 -0.162564978791982
-33.2668916527172 -12.7491642032891 -15.1649008112643 -0.223276287968363 -0.110760482070164 0.96844195223185 -0.770314490685983 0.628846604224921 -0.10567655271495 -0.000614805961110149 -0.0766446335181144 -0.463381070397751 -0.00523437014315176 0.137909211448536 -0.248713452668835
-33.6692536514305 -11.769896448425 -16.1227988267234 0.180554248722135 0.973292933516261 0.141778097165797 0.947119603800431 -0.133172254959948 -0.29194110126138 0.128356169270146 0.0131150960506211 -0.0553683514246566 0.563328685437823 0.0390778592315124 0.260178828607599
-33.9430376953457 -13.1493630289302 -16.0447740026563 0.103612567893932 -0.994473246889208 0.0169527872672748 -0.939516364871712 -0.103452657057584 -0.32650658168869 -0.384601895203868 -0.834347496868391 -0.569069814308644 0.470672231991632 -0.406780065283052 -0.538570027124937
-34.098193383094 -12.7626927605451 -16.9535174813641 -0.39771942095291 -0.384930679873073 -0.83285510978159 -0.90796596586163 0.295692345026411 0.296923966580442 -0.385408539144632 0.477713914255444 0.218035541917341 0.0626490864193427 -0.366049098513785 -0.152003664522337
-34.3682474502839 -12.4152514963556 -17.1843446958806 -0.513693158041817 -0.857971937322903 -0.00186926383440897 -0.830995291127955 0.496997025598991 0.249881537271185 0.368207677519161 0.314497655662478 0.026163052047538 0.566319753972736 0.234730458635374 -0.58904944274442
-34.8480139628537 -11.8056946170504 -17.5809010101195 -0.685951919891247 -0.0428200714378322 -0.726385851376277 -0.278398174284939 -0.90686843950938 0.316360696004793 -0.142559439445947 0.00464070987215922 0.0358526783942068 -0.698921422307419 -0.458804469324645 0.138257750819479
-34.0001941755849 -11.6829487197017 -17.4740974704233 0.887485373091189 -0.443021610446321 -0.12689194311168 0.275746257099572 0.289889620783771 0.9164758640889 0.523107096416518 0.348533787646843 0.145436353522034 -0.242322948698939 0.339431745844861 -0.307104170326757
-33.7414620324057 -10.2092807278922 -18.0321872373674 0.639757741454481 0.493684294599806 -0.589055047949394 -0.754670563190977 0.258370181861045 -0.60308970325996 0.144200559521417 0.137826796998451 -0.346623777793209 -0.804526341273542 -0.127666873420657 -0.065784653499966
-19.8100239674387 0.266818633527321 19.1556998895625 -0.978112667494833 -0.138449449139939 -0.155329841688859 -0.167710092113427 0.0826963812097238 0.982361763067976 0.0807861594454184 0.197872801946845 0.0992986183562219 -0.182771457251835 0.338957521371578 0.274133128050965
-20.0589888494634 0.607530234169825 19.5209912255691 -0.360743617090535 -0.930546058071858 0.0628337213239494 0.244671467086651 -0.029410416696646 0.969159894229693 0.766748569556926 0.932614512681399 0.292525330243386 0.378501365514974 -0.337920760645044 0.314821903283077
-19.1597984293682 1.1147331945532 18.7651800307441 0.849902361170115 0.486433444534286 -0.202604246045984 0.167442962812168 0.115255275766525 0.979121583672161 0.0415669505705686 -0.0831254267467174 0.290977567061748 0.286472124646858 -0.517733770655264 0.0296723816758435
-20.4847839916534 1.16068543461684 19.3523023985989 0.262822099810745 -0.76335892394454 0.590091261658138 -0.0544258586502659 0.598888844551731 0.79898058661133 -0.628588777340269 0.0654258373907155 -0.0674494693620772 0.354015762446476 -0.161816033129589 0.134528463621819
-20.9714433323029 2.0475077396654 19.5693116753994 0.671305856412588 0.715375899769085 0.193870495887733 -0.292613040645514 0.496122561591425 -0.817459486656158 -0.0986177311821727 -0.264350536043523 -0.0105016832852713 0.0950822631633793 -0.207202349695287 0.575623240893985
-21.1218419550484 2.38563707019745 19.5077855439952 0.818242411263624 -0.0778392537423272 -0.569579149009573 -0.4569403410408 0.513149102912001 -0.726555932403162 -0.419805287617518 0.473525886000697 -0.013244074481484 0.445855427331108 0.342730171666529 0.326708976079334
-21.1402297310183 2.84076775109986 19.3088467870763 0.301646427549557 -0.617560846870842 -0.726380088630368 -0.423452909836799 0.595821869364153 -0.682410384693974 -0.674033038164361 -0.652861234705268 0.33336921606607 0.433090658356148 0.0457040728736426 -0.311975397123274
-21.1806230369904 3.16230743925428 18.947562272229 -0.479655478846017 -0.85021491884535 -0.216945185210051 -0.630222493586014 0.505842107010749 -0.589018990655849 -0.157903584337723 -0.102310556185427 0.335917451991034 -0.720989483001825 -0.0444529540289253 0.221647793553394
-21.3316091366158 3.14641822353658 18.4644825841339 -0.828221585863708 -0.171441686401759 0.533532335358587 -0.501901437246668 0.650434973248587 -0.570113403512781 -0.336206388891402 0.0101935410439641 -0.244412936872533 0.34666716353786 -0.0682794452738614 0.862993963816341
-21.9138806838263 3.50047592190681 17.9526199313298 -0.209469033827027 0.729417266057973 -0.651209010874504 -0.142921912345045 -0.68167041117706 -0.71756447619522 0.0948457874075809 0.139114644953448 0.0628752982270806 0.174868352792494 -0.772871538946353 0.386796567188163
-21.3099391943127 3.10285120774429 16.9548943980655 0.544700400810879 -0.804664591394881 -0.236254880821385 -0.689549779026833 -0.590069433444299 0.41992757227759 -0.37523826463719 -0.177163712916092 -0.10017456146188 -0.0564108191020065 0.136926601206717 0.360090192755534
-20.9298083214733 3.60240799825038 17.5461797640189 -0.255458479197789 0.876447700737461 0.408142613895988 0.638704597183122 0.46990196766767 -0.609301713701125 0.135064179447135 0.179254564024057 -0.283393869230655 0.434850643329657 0.446122629409303 0.269724613822931
-20.7184795355876 4.00929406917887 17.1796021646191 0.113444161739996 0.146587930288027 0.982671054250124 0.777594202578517 0.602554331390209 -0.179653927981791 -1.07358253308552 0.765477507860612 -0.526202916633082 -0.486594322481936 0.580200368022527 0.344463445767755
-20.6483583583321 4.4509477916609 17.1156524050232 0.563334185535091 -0.500053550806061 0.657724138019633 0.812204859225657 0.481204804154823 -0.329795699045102 0.758903562080015 0.516318429309706 0.153652128405861 0.266347329204473 -0.175589982497685 -0.246798817239385
-21.2923522096078 4.62037380181068 15.7023012881943 0.585372379325471 -0.061749007774072 -0.808409696602917 -0.61051536329142 -0.689667105486036 -0.389397322532566 -0.386889987679843 0.145572153703247 -0.0366594930730527 -0.13514733765406 0.0435823040883934 -0.0657965720473312
-21.9253709386746 4.74607395515743 16.2435435759227 -0.573502860329117 0.732730329362282 -0.366334182990164 -0.330412352573884 0.202300319976223 0.921901436057174 0.0870975325554785 0.361451820653577 -0.100905209743263 0.660881156465891 0.0870532226948575 -0.0132974421009466
-22.0648817784309 5.03940489846309 16.6222133958181 -0.749257852862786 0.291710331280704 -0.594573588841293 -0.346674056714007 0.59219478984738 0.727408021181563 -0.0795250349009088 -0.611539248416117 -0.320859061958506 -0.119744001973131 0.0648523471763005 -0.278631301113936
-22.1731913753606 5.4691692036063 16.7547621498346 -0.921883837032244 -0.364829076536484 -0.130498796669263 -0.343342046269429 0.61308249169121 0.711509731237214 -0.377638460217113 -0.513198468891394 0.269938743659978 -0.272250095920053 0.168183162538006 -0.427846382246738
-22.4216751753655 5.86200157686477 16.7126086717416 -0.384271329157632 -0.523522775670352 0.760433724227037 -0.117481434915798 0.844708106981497 0.522174612988604 0.250372002754593 0.280873348356918 0.272337382148005 0.622341122321606 -0.118182917723614 0.407961933070015
-21.6200482259659 6.26465911318833 16.7479006867433 0.727199659045418 -0.375405969299481 0.574674702852524 -0.219204414100413 0.666358543512939 0.712682058372534 -0.0593693096880511 0.478026590755408 0.373611517418734 -0.046428526132994 0.0867811699375851 0.393151993716771
-20.8292184728079 7.0295022423026 17.3797129645025 0.92028848862196 -0.149458152333618 0.361567916733071 0.375706646413857 0.595426417571256 -0.710149207630849 -0.26165883757092 0.459737598378739 -0.0254782659522465 -0.0706817026878924 -0.334581523708636 -0.12814757988414
-20.5198618177356 7.33832876534099 17.2594976095276 0.589894009328097 -0.74153093592893 -0.319619975625981 0.301362682819455 0.569399095858574 -0.76483017921588 -0.0361387435324576 0.303568199670951 -0.783736644689281 -0.315965738145399 -0.153030611112748 -0.342619503204906
-20.2346179822528 7.61669232794705 16.9740059117142 -0.315053138278367 -0.776142172440981 -0.54620952776342 0.204290183237866 0.506568303477667 -0.83764794212385 0.228017111726118 -0.0733551326024028 -0.254406921763739 -0.083097706830505 0.0126682485644323 0.60984477494054
-19.9486450910112 7.52570515737053 16.6016927390257 -0.933678361266836 -0.10060094411397 -0.343691966367509 0.247907633814433 0.511014590481782 -0.823046713990936 0.3887170790508 -0.0150867906978814 -0.355708271186186 0.153018955607372 -0.716157754612967 0.344520252685679
-19.9210054224999 7.28303983917761 16.0226004848007 -0.937941888762633 -0.306683541499535 0.161895703086492 -0.293722070837727 0.454336702160002 -0.84101456953694 -0.173035883607059 0.385454578201352 0.444065535246994 0.667728890439457 0.202043416386536 0.108604409167701
-20.1466629983021 7.14513353719723 15.5958585590634 -0.769580498397609 0.428563724359934 0.473369824396093 -0.391160482137721 0.269549084423571 -0.879964072164353 0.144954717839049 0.311330039538825 -0.0364884264782154 -0.164942989317101 -0.186615771122514 -0.32392623525896
