        0.1434 26   0.002227   0.002227   0.333722    0.011449   0.000000  -1.051915   0.000000  -0.455232  -0.172689   0.000000   0.061308
        0.1901 25   0.007961   0.007961   0.275750    0.034631   0.000000  -1.143464   0.000000  -0.314659  -0.109908   0.000000   0.057663
        0.2064 25   0.018607   0.018607   0.279336    0.053295   0.000000  -1.102968   0.000000  -0.317057  -0.111289   0.000000   0.056950
        0.2476 26   0.032176   0.032176   0.265769    0.051589   0.000000  -1.091016   0.000000  -0.311321  -0.105685   0.000000   0.056655
        0.2597 26   0.051650   0.051650   0.306836    0.048338   0.000000  -1.129378   0.000000  -0.331704  -0.121361   0.000000   0.057509
        0.2209 26   0.080550   0.080550   0.285592    0.066965   0.000000  -1.130716   0.000000  -0.320394  -0.111910   0.000000   0.059109
        0.3101 26   0.101523   0.101523   0.309433    0.034664   0.000000  -1.101175   0.000000  -0.323920  -0.107280   0.000000   0.057045
        0.2084 25   0.148890   0.148890   0.306607    0.051751   0.000000  -1.074030   0.000000  -0.316465  -0.117657   0.000000   0.055816
        0.3686 26   0.166962   0.166962   0.369145    0.066616   0.000000  -1.085959   0.000000  -0.308484  -0.102077   0.000000   0.057376
        0.3645 25   0.210914   0.210914   0.347852    0.061233   0.000000  -1.037799   0.000000  -0.289061  -0.111656   0.000000   0.056835
        0.5270 22   0.231951   0.231951   0.330771    0.043521   0.000239  -1.016726   0.000000  -0.261143  -0.103101   0.000000   0.057990
        0.6514 22   0.260560   0.260560   0.355684    0.047957   0.000000  -0.992076   0.000000  -0.287395  -0.104631   0.000000   0.057783
        0.7367 21   0.298020   0.298020   0.331275    0.041433   0.000000  -0.973868   0.000000  -0.258681  -0.090678   0.000000   0.055802
        0.9027 20   0.322262   0.322262   0.314405    0.041938   0.000000  -0.891520   0.000000  -0.241388  -0.088654   0.000000   0.057883
        1.4194 18   0.280761   0.280761   0.372806    0.055370   0.000000  -0.905474   0.000000  -0.230179  -0.080422   0.000000   0.052264
        1.6624 18   0.290056   0.290056   0.347182    0.055048   0.000000  -0.852792   0.000000  -0.207756  -0.067260   0.000000   0.052873
        4.3958 13   0.015442   0.015442   0.397510    0.062654   0.000000  -0.681199   0.000000  -0.168839  -0.058263   0.000000   0.041106
        4.5282 13   0.023025   0.023025   0.334005    0.061632   0.000000  -0.717035   0.000000  -0.147514  -0.052666   0.000000   0.040289
        4.5444 12   0.039580   0.039580   0.356035    0.066541   0.000000  -0.794213   0.000011  -0.143544  -0.058647   0.000000   0.040334
        5.0613 13   0.025956   0.025956   0.359373    0.060523   0.000000  -0.746727   0.000000  -0.155614  -0.053008   0.000000   0.042948
        5.0995 13   0.041851   0.041851   0.352222    0.043189   0.000000  -0.744607   0.000000  -0.155114  -0.044339   0.000000   0.039626
        5.3832 13   0.042581   0.042581   0.338346    0.039131   0.001365  -0.703102   0.000000  -0.156106  -0.048815   0.000000   0.036924
        5.8447 11   0.031660   0.031660   0.339943    0.050534   0.000000  -0.700548   0.001401  -0.131706  -0.045547   0.000000   0.037716
        6.2545 11   0.025052   0.025052   0.320227    0.068999   0.000000  -0.694059   0.000000  -0.113182  -0.044700   0.000000   0.040669
        6.4764 11   0.029086   0.029086   0.320576    0.044844   0.000000  -0.659800   0.000000  -0.127088  -0.048953   0.000000   0.035916
        6.5024 11   0.046699   0.046699   0.347036    0.047317   0.000588  -0.709970   0.000000  -0.129914  -0.040820   0.000000   0.037185
        6.8669 10   0.041676   0.041676   0.315113    0.071179   0.000000  -0.670686   0.000000  -0.104393  -0.041592   0.000000   0.034649
        7.3874 9   0.027458   0.027458   0.353488    0.040316   0.000000  -0.660867   0.000000  -0.108452  -0.036422   0.000000   0.035023
        8.4771 7   0.000935   0.000935   0.337324    0.056178   0.000000  -0.655507   0.000000  -0.065739  -0.025971   0.000000   0.032938
        8.7252 7   0.001474   0.001474   0.396866    0.046724   0.000000  -0.625103   0.000000  -0.085215  -0.029189   0.000000   0.031458
        8.7645 7   0.006672   0.006672   0.403355    0.062168   0.000000  -0.630224   0.000000  -0.082255  -0.032172   0.000000   0.033400
        8.9312 7   0.010677   0.010677   0.339562    0.068144   0.000000  -0.606477   0.000000  -0.086403  -0.031257   0.000000   0.030938
        9.1176 7   0.014792   0.014792   0.376059    0.072610   0.001682  -0.620835   0.000000  -0.080198  -0.023761   0.000000   0.029463
        9.2211 6   0.023716   0.023716   0.303861    0.043800   0.000000  -0.550034   0.000000  -0.058644  -0.017873   0.000000   0.030011
        9.8642 6   0.008975   0.008975   0.316405    0.044397   0.000000  -0.543742   0.000000  -0.069370  -0.026332   0.000000   0.030755
       10.2078 6   0.007454   0.007454   0.374291    0.053503   0.000000  -0.611211   0.000000  -0.065014  -0.021051   0.000000   0.032230
       10.4100 6   0.010391   0.010391   0.361508    0.069102   0.000000  -0.610581   0.000000  -0.068876  -0.024222   0.000000   0.028151
       10.4251 6   0.022302   0.022302   0.320927    0.044127   0.000000  -0.570679   0.000000  -0.063820  -0.023593   0.000000   0.028500
       11.0813 6   0.007717   0.007717   0.350098    0.057958   0.003081  -0.596629   0.000000  -0.060323  -0.023400   0.000000   0.027770
       11.1624 6   0.015381   0.015381   0.324220    0.052189   0.000000  -0.549645   0.000000  -0.079001  -0.022431   0.000000   0.028224
       11.6242 6   0.009131   0.009131   0.280651    0.071366   0.000000  -0.509282   0.000000  -0.056143  -0.015814   0.000000   0.024814
       12.0338 3   0.005767   0.005767   0.374367    0.058988   0.000000  -0.586967   0.000000  -0.029053  -0.006422   0.000000   0.027649
       12.5887 4   0.001002   0.001002   0.358258    0.055227   0.000000  -0.572597   0.000000  -0.041900  -0.013149   0.000000   0.023356
       12.7104 3   0.003712   0.003712   0.345686    0.079268   0.000000  -0.588348   0.000000  -0.028799  -0.016433   0.000000   0.025395
       13.0422 3   0.002974   0.002974   0.289049    0.081032   0.000000  -0.573306   0.000000  -0.041215  -0.012432   0.000000   0.024411
       13.5376 3   0.000415   0.000415   0.296108    0.058164   0.000000  -0.585525   0.000000  -0.030102  -0.013050   0.000000   0.022693
       14.1099 3   0.000723   0.000723   0.344995    0.061956   0.000324  -0.624589   0.000000  -0.033155  -0.012911   0.000000   0.023546
       13.7831 3   0.006174   0.006174   0.335191    0.050832   0.000653  -0.599260   0.000000  -0.041292  -0.013941   0.000000   0.023350
       14.2512 3   0.002404   0.002404   0.372462    0.050069   0.000000  -0.661224   0.000000  -0.024363  -0.016868   0.000000   0.021704
       14.3227 3   0.007542   0.007542   0.318937    0.052376   0.000000  -0.661413   0.000000  -0.026907  -0.011583   0.000000   0.023233
       14.8391 2   0.002410   0.002410   0.323298    0.062692   0.000000  -0.666575   0.000000  -0.022101  -0.004456   0.000000   0.021103
       15.6287 0   0.001229   0.001229   0.364282    0.054507   0.000000  -0.700950   0.000000   0.000000   0.000000   0.000000   0.032432
       15.6644 0   0.000078   0.000078   0.286567    0.046423   0.000000  -0.682865   0.000000  -0.000002  -0.000204   0.000000   0.025296
       16.0144 0   0.000000   0.000000   0.364583    0.053752   0.000000  -0.800156   0.000000   0.000000   0.000000  -0.003891   0.030400
       16.2814 0   0.000016   0.000016   0.332721    0.073053   0.001621  -0.761372   0.000000   0.000000   0.000000   0.000000   0.027003
       16.6700 0   0.000146   0.000146   0.309900    0.055098   0.000186  -0.754292   0.000000   0.000000  -0.000261   0.000000   0.031419
       17.0994 0   0.001229   0.001229   0.316761    0.057366   0.000000  -0.753041   0.000000   0.000000   0.000000   0.000000   0.027677
       17.0214 0   0.000792   0.000792   0.286439    0.063851   0.000665  -0.748953   0.000000   0.000000   0.000000   0.000000   0.027075
       17.8838 0   0.004674   0.004674   0.332582    0.047570   0.000000  -0.762591   0.000000   0.000000   0.000000   0.000000   0.029672
       17.9344 0   0.000729   0.000729   0.316459    0.056524   0.000000  -0.755443   0.000000   0.000000   0.000000   0.000000   0.033699
       17.8924 0   0.000905   0.000905   0.307159    0.066293   0.000000  -0.798322   0.000000   0.000000   0.000000   0.000000   0.025688
       18.2020 0   0.000754   0.000754   0.348811    0.048273   0.000180  -0.791074   0.000000   0.000000   0.000000   0.000000   0.029679
       18.4872 0   0.000839   0.000839   0.310276    0.073807   0.000000  -0.738125   0.000000   0.000000   0.000000   0.000000   0.023886
       18.5337 0   0.005045   0.005045   0.319042    0.037429   0.000000  -0.716317   0.000000   0.000000   0.000000   0.000000   0.029695
       19.1117 0   0.000521   0.000521   0.337744    0.040363   0.000000  -0.751948   0.000220   0.000000   0.000000   0.000000   0.025742
       19.5505 0   0.000003   0.000003   0.331244    0.045132   0.000000  -0.776954   0.000000   0.000000   0.000000   0.000000   0.026571
       19.6226 0   0.001293   0.001293   0.335281    0.037754   0.000000  -0.785663   0.000000   0.000000   0.000000   0.000000   0.024645
       20.3965 0   0.002072   0.002072   0.308699    0.049647   0.000000  -0.782956   0.000000   0.000000   0.000000   0.000000   0.027572
       20.2871 0   0.000530   0.000530   0.285584    0.045755   0.000000  -0.753123   0.000000   0.000000   0.000000   0.000000   0.030358
       20.4263 0   0.002434   0.002434   0.287841    0.049772   0.000000  -0.752118   0.000000   0.000000   0.000000   0.000000   0.029670
       21.0442 0   0.000032   0.000032   0.356857    0.049711   0.000000  -0.809963   0.000000   0.000000   0.000000   0.000000   0.025414
       21.4394 0   0.000521   0.000521   0.304712    0.054824   0.000680  -0.720796   0.000000   0.000000   0.000000   0.000000   0.027129
       21.5311 0   0.000134   0.000134   0.330035    0.042093   0.000000  -0.672712   0.000000   0.000000   0.000000   0.000000   0.031080
       22.0473 0   0.000684   0.000684   0.363872    0.054573   0.000000  -0.723654   0.000000   0.000000   0.000000   0.000000   0.029746
       22.3173 0   0.000487   0.000487   0.357989    0.048353   0.000000  -0.686997   0.000000   0.000000   0.000000   0.000000   0.023937
       22.4182 0   0.000116   0.000116   0.362485    0.062863   0.000000  -0.697526   0.000000   0.000000   0.000000   0.000000   0.032213
       22.5761 0   0.001149   0.001149   0.339948    0.069335   0.000000  -0.691945   0.000000   0.000000   0.000000   0.000000   0.027672
       23.0969 0   0.000021   0.000021   0.359693    0.028011   0.000000  -0.628594   0.000000   0.000000  -0.000619   0.000000   0.027181
       23.5538 0   0.001039   0.001039   0.314428    0.045341   0.002060  -0.564236   0.000000   0.000000   0.000000   0.000000   0.026936
       23.4093 0   0.001786   0.001786   0.352099    0.056977   0.000000  -0.590906   0.000000   0.000000   0.000000   0.000000   0.028451
       24.3078 0   0.003646   0.003646   0.381179    0.052113   0.000000  -0.619890   0.000000   0.000000   0.000000   0.000000   0.035642
       24.3550 0   0.000340   0.000340   0.360849    0.054227   0.000000  -0.627006   0.000000   0.000000   0.000000   0.000000   0.027634
       24.5147 0   0.000019   0.000019   0.305663    0.049619   0.000000  -0.577951   0.000000   0.000000   0.000000   0.000000   0.027496
       24.5607 0   0.002166   0.002166   0.353399    0.052056   0.000000  -0.579334   0.001090   0.000000   0.000000   0.000000   0.031368
       25.0240 0   0.000317   0.000317   0.309462    0.035862   0.000000  -0.540353   0.000000   0.000000   0.000000   0.000000   0.030253
       25.3447 0   0.000176   0.000176   0.341945    0.065968   0.000000  -0.559240   0.000000   0.000000   0.000000   0.000000   0.026191
       25.8493 0   0.000504   0.000504   0.332142    0.071680   0.000000  -0.575139   0.000000   0.000000   0.000000   0.000000   0.027384
       26.1612 0   0.000649   0.000649   0.384727    0.047534   0.000000  -0.582882   0.000000   0.000000   0.000000  -0.000000   0.025406
       25.8742 0   0.005361   0.005361   0.334203    0.054791   0.000000  -0.522515   0.000000   0.000000   0.000000   0.000000   0.029456
       26.8039 0   0.001205   0.001205   0.374147    0.076046   0.000000  -0.552171   0.000000   0.000000   0.000000   0.000000   0.025556
       26.8477 0   0.000061   0.000061   0.365641    0.052592   0.000000  -0.543147   0.000000   0.000000   0.000000   0.000000   0.027325
       27.2080 0   0.000012   0.000012   0.320413    0.061150   0.000164  -0.589906   0.000000   0.000000   0.000000   0.000000   0.032264
       27.6638 0   0.000954   0.000954   0.414147    0.058730   0.000000  -0.658032   0.000000   0.000000   0.000000   0.000000   0.028571
       27.8071 0   0.000028   0.000028   0.335398    0.059526   0.000000  -0.626959   0.000000   0.000000   0.000000   0.000000   0.032912
       27.9459 0   0.000446   0.000446   0.338055    0.043674   0.000029  -0.590549   0.000000   0.000000   0.000000   0.000000   0.030392
       28.6720 0   0.002731   0.002731   0.303557    0.054479   0.000000  -0.556334   0.000000   0.000000   0.000000   0.000000   0.027725
       28.7213 0   0.000114   0.000114   0.327531    0.049703   0.000000  -0.587586   0.000000   0.000000   0.000000   0.000000   0.028826
       28.6792 0   0.002156   0.002156   0.370639    0.027005   0.000000  -0.555173   0.000000  -0.000632  -0.001836   0.000000   0.029119
       29.3241 0   0.000172   0.000172   0.314320    0.041036   0.000000  -0.533900   0.000000   0.000000   0.000000   0.000000   0.033709
       29.6489 0   0.000337   0.000337   0.328805    0.065556   0.000000  -0.573683   0.000000   0.000000   0.000000   0.000000   0.038116
       29.4094 0   0.005226   0.005226   0.336705    0.047202   0.000029  -0.603484   0.000450   0.000000  -0.000001   0.000000   0.033609
