0.999999238518982 
0.9999964654590291 
0.9999990772418861 
0.9999984418282034 
0.9999985340011865 
0.999996679357099 
0.9999973831855177 
0.9999851573680478 
0.9999972835912726 
0.9615217164700284 
0.9998253993839035 
0.46143072785361033 
0.4615330631795503 
0.3846041302283086 
0.38461462189769874 
0.38461406738189263 
0.3461522506098899 
0.34615324205715 
0.34611203870243135 
0.3461534936473288 
0.34615178772354677 
0.3076914220085804 
0.2692297177882648 
0.23076657421482835 
0.19230702918490022 
0.1923071395831193 
0.1923074424482348 
0.19177244884846603 
0.15384613216993218 
0.15384597187238658 
0.15384605579760524 
0.153845916001406 
0.15363822894856627 
0.11494237737753638 
2.0001034343395125e-276 
0.0 
0.0 
5.985507419244914e-288 
0.0 
0.0 
0.0 
0.0 
0.0 
0.0 
0.0 
0.0 
0.0 
0.0 
0.0 
0.0 
0.0 
0.0 
0.0 
0.0 
0.0 
0.0 
0.0 
0.0 
0.0 
0.0 
0.0 
0.0 
0.0 
0.0 
0.0 
0.0 
0.0 
0.0 
0.0 
0.0 
0.0 
0.0 
0.0 
0.0 
0.0 
0.0 
0.0 
0.0 
0.0 
0.0 
0.0 
0.0 
0.0 
0.0 
0.0 
0.0 
0.0 
0.0 
0.0 
0.0 
0.0 
0.0 
0.0 
0.0 
0.0 
0.0 
0.0 
0.0 
0.0 
0.0 
0.0 
