t = 100000000
b = 105 105 105
E = -0.345178104253272 -0.644194368068093 0.299016263814821
113.555600172929 -119.396390323994 -56.6845713575147 0.308989895474289 -0.602971623206438 0.735493348781856 0.924165829841338 0.00773381429898144 -0.381913219292195 -0.183176308126833 0.00132384770853149 0.655330819752154 0.612651450153796 0.167891544079508 -0.2062168316135
114.206996859773 -119.953931787738 -56.7226403857239 0.306230075084845 -0.935440236873552 -0.176563598603598 0.944398690190271 0.275200627698534 0.179932566487298 0.171347922710755 1.09064643651615 0.223346830450786 -0.253635857387517 -0.285927644078128 -0.164997817492299
114.574768868151 -119.935548299076 -56.425292467707 0.192146140031778 -0.447172987726806 -0.873565212173244 0.886737382364931 0.460480666564789 -0.0406739528088429 0.661215311703946 0.334340388908282 -0.0279332955331908 0.549140879885134 -0.19580718113356 0.268430075885406
115.078385987031 -119.948891302502 -56.4058384542449 -0.240543539170205 0.32582185730116 -0.914318830095978 0.865828721646041 0.497796162861214 -0.0503944938710726 0.00578106595889387 -0.511308518939373 -0.458728411725025 -0.0533776899739493 0.268469735107339 -0.136434596454683
115.548989418913 -119.905641247723 -56.7110201304443 -0.612185395864235 0.759207978506073 -0.22098028523381 0.774767334648443 0.631782247371406 0.0242233166294012 0.855128974181783 0.0346307269290474 -0.414891556083039 0.0460398693058306 0.278016539407721 0.0664883000937222
116.782437672839 -119.913691678917 -56.760956962378 0.283491750222041 0.881082057391467 -0.37858530835037 0.00213603129687469 0.394200198671825 0.919022111125238 -0.454831482785093 -0.0172937399018108 -0.0731446338690548 0.386906798700324 -0.446313995299708 -0.0267806112349093
116.950131086833 -119.494130935973 -56.34000903443 -0.639550586689107 0.620160322598694 -0.454286496981014 -0.319046387884683 0.32352360439537 0.890809676517488 -0.417276869272455 -0.0182337916017505 0.0242114876231235 0.111434012169878 0.30533410243445 -0.219263977337538
116.826971633793 -119.124178623844 -55.9479433164277 -0.815071199618606 0.160894926010706 -0.556571435070695 -0.368708360784001 0.596960099010404 0.712525638049304 0.123201525157585 -0.0378729684353281 -0.425927775886231 0.0483882542391545 -0.128153762878305 -0.20672742163655
117.965638414649 -118.723753558407 -55.5305520695559 0.383296784577443 0.838119367251487 -0.388123049006971 -0.211210983037751 0.488618762570681 0.846546883230653 -0.0568680607494054 -0.654135419799893 0.130462047376504 0.100018883789091 -0.356505206959899 -0.0936969807675868
118.164072402865 -118.579548567735 -55.0352377159836 -0.287049121058478 0.696881263326344 -0.657236112006729 -0.384296889271375 0.544699161517338 0.745398366204828 -0.734324376063119 -0.0875724288997789 0.0773979349989055 -0.137830343561098 -0.347241634654864 0.232673908947533
117.969137323884 -118.187081178588 -54.6775008991746 -0.282326373461942 0.340124726866732 -0.896998879053189 -0.435597969104364 0.787634999485174 0.435758553441316 -0.0368915129868153 -0.0856587027162043 -0.0977189760504658 0.406605229677783 0.337718204295189 0.579271459681705
117.718850979448 -117.757604264175 -54.4508700605023 -0.387622250405719 -0.0681259145699965 -0.919297476747484 -0.559575699800734 0.809891769388483 0.175927138524508 -0.106243223556229 -0.142392670963226 -0.020958826727049 -0.0249966834686344 -0.43527059761298 0.403405535154085
117.577153280665 -117.220585265521 -54.5781779136807 -0.71489298300267 -0.641850850187969 -0.277408559650289 -0.699217394843484 0.653484933723815 0.28991805073837 0.0669480523802277 -0.54829913035978 -0.131513618550767 -0.106188636180766 0.0834417868367248 0.164109294203149
118.750226257568 -116.701786756771 -53.6945535114377 0.779268364584507 0.266166445398953 0.567359003896612 0.593050790565578 -0.605827928069585 -0.530342607547087 -0.177337099403029 0.356633392678008 -0.268779902111401 0.537773982622566 0.110780691328044 -0.267876318473311
119.027175522568 -116.704177178611 -54.0727720061866 0.418001871281401 -0.209861649825286 0.883873590248385 0.745784639891658 -0.476288430059126 -0.465783857913487 0.273502006557447 0.465449623562202 0.655433097900286 -0.00370106426140906 0.398376596664126 -0.0604435210932094
119.559575188414 -116.632391061179 -54.1321289557477 -0.0779845387403029 -0.695415033507532 0.714364292842795 0.841827133123429 -0.429797889078303 -0.326497859840692 0.728627203114702 0.277917419440328 0.446767647772449 -0.137435771432193 0.162028707952052 0.0204518538799978
118.856378418577 -116.517712374685 -55.6541501816231 -0.912258876366491 0.358407468317308 -0.198312453329613 0.167864234269366 0.768739683099549 0.617139286128236 0.0311158967527771 0.429924107171181 -0.275466764113614 0.647161204337515 0.382622759940127 -0.215314777921928
119.814586012299 -116.620954057972 -55.4577626594137 -0.184523428768738 -0.431394509062998 0.88309109483997 0.29807521349274 -0.880764378758445 -0.367974559190585 -0.141413979743105 0.116364451462216 -0.0647029964302238 -0.216587488520936 -0.207563038193586 -0.148233527274545
120.076422628813 -116.951435570433 -55.4130058404297 -0.848755288193379 -0.454935939363512 0.269532468987405 0.296326519892621 -0.831371826129519 -0.470118581130909 0.00357959585798065 0.258656458162328 -0.146362938040689 -0.091574583711332 -0.631950575023266 -0.166309645100483
120.09925133975 -117.50923201496 -55.4682701018097 -0.968242012695564 0.210420533254046 -0.135020754095531 -0.0956938295053022 -0.810833162585024 -0.577401310567449 -0.417377123065683 0.420467311726766 0.651012289766048 -0.770768561406653 -0.219657976970119 -0.241490650579131
121.048806705424 -117.52440401078 -56.0286214072233 -0.00303025774746438 -0.167926866233403 0.985794798695411 0.204835967407935 -0.965000786598327 -0.16375502532881 0.401250134956501 0.273482746721134 0.0265202956246093 -0.028618822344963 0.0308124502763616 -0.250987577607834
121.334810355655 -117.801925173507 -56.0671291121303 -0.625535077843734 -0.550359682599653 0.553000982058016 0.591243715922586 -0.796862415648334 -0.124262459773267 -0.0997155736853603 0.24094319425664 -0.0968342458911765 0.140598041207529 0.136289265455139 -0.253628553259483
121.620541545195 -116.991250146534 -55.8351676779393 -0.0554351906277457 0.992259246894896 0.11112392448773 -0.72750042741864 0.0360876117297546 -0.685157509179962 0.225406888482041 -0.12500845432164 0.229555993789827 -0.38157801036788 -0.0467033033151661 0.420315116612974
122.268030529272 -116.919801072726 -55.5494714204629 -0.392961975067779 0.709425125462943 0.585061430548015 0.813497079845067 -0.0284359787736252 0.580873390847793 -0.593666146121928 0.0397137254456369 0.0885945639271623 -0.294566539933441 -0.0362370114284984 0.314818377506135
122.928239266165 -117.204635804845 -54.6309528388498 0.955136523360428 0.271531659815853 0.118257259652628 -0.286066060152458 0.949214521324005 0.13098855574255 -0.519517501455838 -0.0189017326180145 0.723273416934337 -0.665574983156103 -0.079251827727853 0.138151188885613
122.796788681439 -117.64805641022 -54.6582488907176 -0.595297699701761 -0.101916075342613 0.797015534552181 0.800195506959416 -0.165134851408632 0.576556702755526 -0.255159408629862 -0.591473279928985 -0.336565563896891 -0.116498218367358 0.34502685525958 -0.151188421224628
119.364181178033 -119.881245357234 -47.1856254163255 -0.0720391903355611 0.203926500755231 -0.976332083538971 0.458857545463075 0.875911278126707 0.149094553299431 -0.666673631508936 -0.190587042350773 0.203326097083105 0.590060525592368 0.157336398606336 1.07827493165724
119.744457427155 -119.614909666925 -47.2798619091594 -0.789486811855276 0.454853805675537 -0.412090511136499 0.400699325612422 0.890552887494766 0.215303518386982 0.0323356084306721 0.273863567863193 0.476085889896498 0.0581310889628847 -0.135057594674588 -0.625826688841027
119.936538391769 -119.218836845522 -47.5059572628411 -0.851543065775832 0.258918583085294 0.455889870979522 0.405139970801434 0.876880323811397 0.258732490754292 -0.0626343667531479 -0.0430653384334302 0.206535868477229 0.168487833776328 0.655332819322285 0.404722964162587
121.428638575066 -118.959615219452 -47.0291065805901 0.418999968421566 0.0498448915655673 0.906617070899945 0.0654940865819541 -0.997550278793023 0.0245757177794662 0.250108676751157 -0.196013083931941 0.256015597850002 -0.053187116842868 0.10956399628923 -0.113418706226162
121.757231528125 -119.319533407325 -47.0903394488714 -0.106357569920621 -0.00939877026838064 0.99428352618191 0.0606853845139084 -0.998152602382978 -0.0029438856204505 0.0695426534791881 0.094690814119169 -0.596606379214995 0.18104115620762 0.146236379722818 -0.120821895314178
121.976905399795 -119.747185983346 -46.975459333137 -0.845163954139455 -0.0220024054957024 0.53405410285427 0.103001551617296 -0.987129482014835 0.122335874132117 -0.218663474288955 0.353641942868898 0.287327602988897 0.1437816686497 0.54806525165739 -0.292021378017065
122.06880082719 -120.063540302344 -46.5525946791937 -0.989794470541925 -0.097979129212779 -0.103474616819271 0.0982803508059773 -0.99515634516825 0.00219574951660236 0.514664655471094 0.140531220589433 -0.132347209059909 -0.110191473667913 -0.228387877551394 0.0827878362869198
121.847033886536 -120.306709552954 -46.2013782892691 -0.545040928365759 -0.43962778352976 -0.713903213575915 0.0280494355615004 -0.860581948136833 0.508539024760972 0.744570657239876 0.150735157494193 -0.107654803976793 0.0873308988015252 -0.0470108457519422 0.0384167355868945
121.636070823045 -120.801193391691 -45.9991507272676 -0.208767514706972 -0.0771276627458335 -0.974919200981725 -0.0209855390167264 -0.996302428197919 0.0833131365343606 -0.238904581623176 -0.11825410634577 0.245939964871933 -0.0824623359566728 0.328342437440444 0.0270376972637731
121.409499734988 -121.259947192491 -46.0759821428042 0.449456839136496 0.00672987226643172 -0.893276697654731 0.114183981231917 -0.99220174750248 0.0499771015839888 -0.0115448744709704 -0.124432599693748 0.189728307292749 -0.0481074438942533 -0.346137079817088 -0.12149155463925
121.308273372183 -121.96055333449 -44.9255948342595 -0.470497590171009 0.325907101820258 0.820010108855604 -0.862977758016277 -0.363857020169929 -0.350538811036818 -0.128270214350061 -0.225382312199179 0.287775891684598 -0.00884323956244158 0.083075005245955 -0.0255115778483852
120.8816265988 -122.213362668656 -44.8467792065467 -0.230141581426262 0.96522959294901 0.123962435415402 -0.85680535327742 -0.140575666064342 -0.496107920421095 0.47746195204274 0.0131323041004874 -0.239866687928567 0.137804797552792 -0.0926519972065818 0.281231175575503
120.424321566186 -122.324244456249 -44.9130770126868 0.0922452095320556 0.973019206679633 -0.211481547068266 -0.909957002671936 -0.00386320154753613 -0.414684613846774 0.062210886552126 0.159432686170501 0.410497653863498 -0.17495843890331 -0.467947804965512 -0.155395704659531
119.968837997915 -122.076975008335 -44.8539260712523 0.394564157339652 0.31598065376808 -0.86282985123734 -0.844052455762653 -0.246499816376777 -0.476249191542802 -0.399921844962541 -0.184713965570064 0.185914374165101 0.00392851002964219 0.0753535955847002 0.433850465556484
119.717570971391 -121.515310530903 -45.2523916447797 0.490890774096034 0.109213261466766 -0.864348720960989 -0.836431965885746 -0.218479023870256 -0.502641505025808 0.0920764709519601 0.505160888740256 0.160005308564879 0.368947773642533 0.0909446722249799 -0.250818279238011
119.311684343445 -121.424142565005 -45.4729666404667 0.591810749048933 -0.460020908669366 -0.661922050468801 -0.755631097664136 -0.0306701741717157 -0.654278980756669 0.294403012918317 0.330988955022597 -0.301127632443178 0.170197181160498 -0.0282762763731253 0.169612653754413
119.112608780455 -121.275895845363 -45.8380043441848 0.0167585302768827 -0.99984220651976 0.00589183544130278 -0.836520796324325 -0.0172483247556102 -0.547663630899505 -0.108681528622702 -0.0347126244666649 -0.225854136793723 -0.721891822826909 0.474367968210928 -0.323796880090545
118.010687734238 -121.170219728048 -45.5354398398136 0.433852304983723 -0.637319483701759 0.636864234475971 -0.380055533896611 0.511436321855762 0.770707908251698 0.383215281987324 0.214676514635907 -0.221339720015487 0.288420135324298 -0.348140154836479 0.0547760555298263
117.814342404631 -121.162927547709 -45.112123590294 0.870948582615497 -0.0193547891488628 0.490992829456183 -0.425556023920934 0.469853647314457 0.773394867199804 0.346767047464863 -0.376138895744232 0.212619815802963 0.12697435625664 0.283013159943119 -0.486120782818046
117.649496791115 -121.061313201233 -44.6537364877012 0.779347647620981 0.626176088320345 0.0228199597706369 -0.465659698894518 0.554429496681964 0.689760087302216 0.595935723135993 -0.191197816532201 0.0499707421654056 0.362603539858111 -0.0073855585621549 -0.0735160801458209
117.584248007426 -120.869577425146 -44.1997953514398 0.399905820151892 0.751214347987492 -0.525121260649304 -0.413298698432342 0.659171611865831 0.628233214645062 0.142049561281112 -0.397240101043523 0.008980259350462 0.107108044724776 0.597500334645228 0.174416276893804
117.69660408927 -120.48392272966 -43.8393175732573 -0.458119843294575 0.522128915003053 -0.719380014524484 -0.412104078622953 0.592312303393703 0.692341219075279 0.141021901896174 -0.0550183340437604 0.275366754536106 0.0824608540390238 -0.074838306620931 -0.277705921789189
117.723898197425 -120.066766943097 -43.6554798406274 -0.977733604800112 -0.0558837857541068 -0.202272095290968 -0.197052355008654 0.575952310305221 0.79337841263846 -0.270106668887935 0.273232637125292 0.0410344705955011 0.208658732747019 -0.422415346348347 0.035523844422893
117.573111352257 -119.706261820191 -43.381429107276 -0.934695849003695 -0.351372516438794 -0.0536751762665869 -0.340812287119676 0.843044376989325 0.416080717382249 -0.0321322987295358 0.234026471271711 0.717679089081774 -0.209075543791805 0.0980730625821638 -0.100517144596842
117.775133283093 -119.03609507176 -43.3230705167991 0.0423630959842842 0.645746711012993 -0.762375598583343 0.818713391986974 -0.459786617793438 -0.343954427039429 0.239926987645643 0.0967961736049284 -0.17286576694226 0.344664039116471 -0.373631842841193 0.0198002943467635
117.550943768634 -119.42594061988 -43.6707933823215 0.862701739039632 -0.0399782495194141 -0.504130388910353 0.469974874751735 -0.304712153329742 0.828416634741131 -0.0143169572296195 0.32663402293761 -0.24008518399157 0.119152577522574 0.275648414107368 0.470736690502876
