0.999999238518982 
0.9999907726538732 
0.9999941098753459 
0.9999981885403331 
0.9999988583812732 
0.9999918206351569 
0.9999987073845424 
0.9615330882648754 
0.9615362490065061 
0.961530566362334 
0.9615305692733662 
0.9615365376294274 
0.9615344070360367 
0.9615321570483656 
0.9615357694842783 
0.9615351734247726 
0.961532308338492 
0.9615307529390742 
0.9615322467064826 
0.9615120879520233 
0.9615368528334216 
0.9615046468038364 
0.9615216767952133 
0.8461498887034011 
0.4999983467127332 
0.42296802683054946 
0.42129448078657933 
0.4230755169895233 
0.4230741032694109 
0.4230759473439212 
0.4230745645034751 
0.38460964814956444 
0.3841435206330474 
0.3846087788076539 
0.3846145664030164 
0.30768823974329845 
0.30761423897758816 
0.2307688862651844 
0.26847464211027816 
0.23076877941478566 
0.23076876393542367 
0.23076730140713825 
0.23076909427399916 
0.23076912538095046 
0.2307691239595149 
0.23071378781483862 
0.23076820494917658 
0.23076267255004604 
0.19230674817467952 
0.19230749709445985 
0.2307593714964082 
0.19230672853777991 
0.19230693451344147 
0.1923074868610976 
0.19230601666046512 
0.19230591968928254 
0.19230759283977242 
0.15384567914818173 
0.18946566486978983 
0.19230750745763256 
0.19230716341920873 
0.1923075980802129 
0.19230708130779986 
0.19230707073151146 
0.19230758070432669 
0.19230509776013885 
0.19229931820138368 
0.19230656573750118 
0.15384560930962426 
0.11538398295052182 
0.11538449664460187 
0.11538287357795031 
0.11538422129079517 
0.0769218087549852 
0.07692303366230857 
0.07692278314102233 
0.07692297779382325 
0.07692300413559473 
1.414065592162305e-270 
0.0 
4.302131656879267e-274 
9.04847499176246e-254 
0.0 
0.0 
0.0 
0.0 
0.0 
0.0 
0.0 
0.0 
0.0 
0.0 
0.0 
0.0 
0.0 
0.0 
0.0 
0.0 
0.0 
0.0 
0.0 
