       10.5160 7   0.005815   0.005815   0.342105    0.053410   0.000000  -0.716519   0.000000  -0.083410  -0.026677   0.000000   0.026468
       10.5117 7   0.005928   0.005928   0.365058    0.047993   0.000000  -0.737655   0.000000  -0.087247  -0.033368   0.000000   0.027153
       10.4904 7   0.006498   0.006498   0.286347    0.040209   0.000000  -0.656596   0.000000  -0.083273  -0.024392   0.000000   0.029041
       10.6800 7   0.002343   0.002343   0.288391    0.056574   0.000000  -0.639739   0.000000  -0.087232  -0.024769   0.000000   0.027361
       10.7783 6   0.001005   0.001005   0.318360    0.046052   0.000000  -0.647891   0.000000  -0.073912  -0.029439   0.000000   0.026001
       10.3810 7   0.009837   0.009837   0.371179    0.045916   0.000000  -0.681911   0.000000  -0.090836  -0.027445   0.000000   0.028999
       10.4196 7   0.008579   0.008579   0.355541    0.037836   0.000000  -0.706477   0.000000  -0.088643  -0.029245   0.000000   0.026439
       10.0406 7   0.024649   0.024649   0.344446    0.049316   0.000000  -0.685840   0.000000  -0.094630  -0.033415   0.000000   0.029108
       10.2597 7   0.014349   0.014349   0.311935    0.048476   0.000000  -0.728592   0.000000  -0.084876  -0.025307   0.000000   0.027240
       10.6221 6   0.003391   0.003391   0.327717    0.034683   0.000000  -0.693788   0.000000  -0.079604  -0.024195   0.000000   0.028169
       10.6999 6   0.002027   0.002027   0.364606    0.042576   0.000000  -0.720571   0.000000  -0.065937  -0.016778   0.000000   0.026909
       10.2457 5   0.014926   0.014926   0.367987    0.059336   0.000000  -0.731959   0.000000  -0.051744  -0.022884   0.000000   0.028725
       10.5666 6   0.004578   0.004578   0.354608    0.056954   0.000600  -0.676814   0.000000  -0.080766  -0.028147   0.000000   0.029308
       10.5564 6   0.004815   0.004815   0.327463    0.073324   0.000000  -0.699166   0.000000  -0.072637  -0.021260   0.000000   0.028472
       10.8707 6   0.000256   0.000256   0.314486    0.063321   0.000000  -0.755575   0.000000  -0.057871  -0.023028   0.000000   0.028576
       10.5227 6   0.005643   0.005643   0.339490    0.064639   0.000000  -0.746460   0.000000  -0.066747  -0.018427  -0.000638   0.030459
       10.7966 6   0.000818   0.000818   0.320910    0.035749   0.000000  -0.702465   0.000000  -0.068258  -0.018327   0.000000   0.029016
       10.7893 5   0.000890   0.000890   0.324399    0.050483   0.000000  -0.711507   0.000000  -0.047285  -0.019694   0.000000   0.031774
       10.0534 5   0.023974   0.023974   0.406234    0.038371   0.000032  -0.819708   0.000000  -0.049969  -0.020247   0.000000   0.028517
       10.7853 6   0.000931   0.000931   0.369104    0.050145   0.000000  -0.799803   0.000000  -0.072301  -0.021526   0.000000   0.027754
       10.7243 5   0.001671   0.001671   0.339167    0.066391   0.000000  -0.795501   0.000000  -0.063741  -0.022474   0.000000   0.028672
       10.9207 6   0.000057   0.000057   0.342866    0.051598   0.000000  -0.771128   0.000000  -0.067817  -0.020976   0.000000   0.025817
       10.6275 6   0.003287   0.003287   0.306238    0.040071   0.000000  -0.771076   0.000543  -0.076503  -0.024491   0.000000   0.026968
       10.4208 6   0.008542   0.008542   0.346620    0.043211   0.000000  -0.784751   0.000000  -0.076426  -0.026369   0.000000   0.029912
       10.5932 6   0.003988   0.003988   0.336755    0.044103   0.000000  -0.799997   0.000000  -0.068153  -0.021357   0.000000   0.028135
       10.3164 6   0.012136   0.012136   0.368726    0.042843   0.000000  -0.795741   0.000000  -0.076885  -0.021512   0.000000   0.029907
       10.5379 6   0.005262   0.005262   0.362594    0.061039   0.000000  -0.813901   0.000000  -0.079544  -0.026729   0.000000   0.030640
       10.2946 6   0.012964   0.012964   0.359342    0.064196   0.000000  -0.785300   0.000000  -0.070822  -0.024311   0.000000   0.031675
       10.7061 6   0.001933   0.001933   0.378837    0.042548   0.000000  -0.734326   0.000000  -0.078766  -0.023095   0.000000   0.027284
       10.5257 5   0.005568   0.005568   0.349364    0.084441   0.000000  -0.832254   0.000000  -0.063902  -0.025087   0.000000   0.028681
       10.8251 6   0.000565   0.000565   0.401861    0.052663   0.000000  -0.813654   0.000000  -0.076475  -0.023779   0.000000   0.027945
       10.6257 6   0.003322   0.003322   0.341199    0.058195   0.000000  -0.789581   0.000000  -0.073844  -0.021836   0.000000   0.027997
       10.4224 6   0.008493   0.008493   0.354237    0.058593   0.000000  -0.824024   0.000000  -0.074320  -0.019621   0.000000   0.029245
       10.8898 6   0.000163   0.000163   0.393847    0.051613   0.000000  -0.809126   0.000000  -0.081074  -0.026018   0.000000   0.028253
       10.8464 6   0.000406   0.000406   0.317195    0.074063   0.000000  -0.759701   0.000000  -0.083312  -0.025805   0.000000   0.027549
       10.6714 6   0.002487   0.002487   0.317909    0.074577   0.000000  -0.756573   0.000000  -0.077791  -0.022085   0.000000   0.028558
       10.4970 6   0.006317   0.006317   0.373972    0.054410   0.000000  -0.754712   0.000000  -0.071814  -0.023736   0.000000   0.027543
       10.5433 6   0.005131   0.005131   0.366694    0.059345   0.000000  -0.750612   0.000000  -0.075587  -0.022561   0.000000   0.026714
       10.8808 6   0.000204   0.000204   0.336021    0.048373   0.000000  -0.744630   0.000000  -0.058080  -0.018834   0.000000   0.030611
       10.4885 6   0.006550   0.006550   0.326293    0.050827   0.000000  -0.750683   0.000000  -0.073840  -0.026953   0.000000   0.030935
       10.8439 6   0.000423   0.000423   0.356774    0.050357   0.000000  -0.751806   0.000000  -0.079601  -0.016907   0.000000   0.028924
       10.4785 6   0.006826   0.006826   0.314318    0.063654   0.000000  -0.731598   0.000000  -0.066472  -0.016202   0.000000   0.027952
       10.6068 6   0.003701   0.003701   0.333819    0.062291   0.000000  -0.794950   0.000000  -0.067138  -0.021169   0.000000   0.028811
       10.7750 6   0.001041   0.001041   0.299209    0.044510   0.000000  -0.745088   0.000000  -0.075350  -0.023694   0.000000   0.027385
       10.5333 6   0.005375   0.005375   0.368359    0.044476   0.000000  -0.775723   0.000000  -0.078033  -0.024139   0.000000   0.027917
       10.7128 6   0.001835   0.001835   0.335236    0.059256   0.000000  -0.766103   0.000000  -0.064490  -0.023796   0.000000   0.026837
       10.6926 6   0.002141   0.002141   0.313436    0.044031   0.000000  -0.716223   0.000000  -0.074292  -0.023168   0.000000   0.028598
       11.1172 6   0.000668   0.000668   0.311343    0.056196   0.000000  -0.739972   0.000000  -0.069952  -0.020481   0.000000   0.028245
       10.7356 6   0.001517   0.001517   0.387636    0.045557   0.002336  -0.753582   0.000000  -0.069284  -0.021041   0.000000   0.031894
       10.9272 6   0.000041   0.000041   0.365328    0.067401   0.000000  -0.724790   0.000000  -0.079177  -0.026637   0.000000   0.028131
       10.5167 6   0.005796   0.005796   0.326217    0.041022   0.000000  -0.709039   0.000000  -0.060396  -0.009670   0.000000   0.029688
       10.7902 6   0.000881   0.000881   0.280633    0.050203   0.000000  -0.679574   0.000000  -0.070594  -0.020100   0.000000   0.028979
       10.4485 6   0.007696   0.007696   0.293865    0.041314   0.000000  -0.712872   0.000000  -0.079171  -0.023592   0.000000   0.026912
       10.5408 6   0.005190   0.005190   0.295023    0.052432   0.000000  -0.722882   0.000000  -0.079832  -0.024122   0.000000   0.030335
       10.5784 6   0.004312   0.004312   0.279528    0.045226   0.000000  -0.727123   0.000000  -0.074037  -0.027097   0.000000   0.028800
       10.8100 6   0.000693   0.000693   0.344388    0.068877   0.000000  -0.740461   0.000000  -0.077876  -0.026574   0.000000   0.027820
       10.7016 4   0.002001   0.002001   0.340990    0.057680   0.000000  -0.754305   0.000000  -0.048722  -0.013799   0.000000   0.028764
       10.7934 6   0.000850   0.000850   0.344473    0.036631   0.000000  -0.706071   0.000000  -0.075267  -0.015182   0.000000   0.028665
       10.7207 6   0.001722   0.001722   0.328886    0.075367   0.001201  -0.772397   0.000000  -0.072459  -0.027772   0.000000   0.025291
       10.5309 5   0.005435   0.005435   0.388461    0.043687   0.000000  -0.803189   0.000000  -0.063594  -0.019167   0.000000   0.028206
       10.9635 5   0.000000   0.000000   0.351211    0.039675   0.000000  -0.786602   0.000000  -0.061922  -0.021794   0.000000   0.030822
       10.6231 6   0.003373   0.003373   0.314809    0.064278   0.000000  -0.700076   0.000000  -0.055512  -0.020856   0.000000   0.027898
       10.5236 6   0.005621   0.005621   0.330605    0.060453   0.000000  -0.723705   0.000000  -0.078612  -0.024804   0.000000   0.028507
       10.9339 5   0.000028   0.000028   0.313159    0.063116   0.000000  -0.743033   0.000000  -0.060733  -0.022161   0.000000   0.027986
       10.8798 6   0.000209   0.000209   0.341403    0.057837   0.000006  -0.716952   0.000000  -0.056862  -0.017565   0.000000   0.025548
       10.7029 6   0.001981   0.001981   0.316607    0.042901   0.000000  -0.680503   0.000000  -0.054309  -0.023809   0.000000   0.029366
       10.6969 5   0.002073   0.002073   0.302741    0.052449   0.000000  -0.703709   0.000000  -0.062957  -0.016128   0.000000   0.027734
       10.7909 4   0.000875   0.000875   0.278670    0.044411   0.000000  -0.705011   0.000000  -0.030963  -0.013597   0.000000   0.029392
       10.6566 6   0.002744   0.002744   0.342313    0.040277   0.000000  -0.719184   0.000000  -0.073203  -0.020695   0.000000   0.028198
       10.7009 6   0.002012   0.002012   0.361783    0.044930   0.000000  -0.739121   0.002300  -0.072170  -0.020845   0.000000   0.031235
       10.7104 5   0.001870   0.001870   0.365357    0.070347   0.000081  -0.788297   0.000000  -0.058487  -0.019287   0.000000   0.026615
       10.9105 6   0.000086   0.000086   0.383567    0.051758   0.000001  -0.760709   0.000305  -0.076001  -0.025756   0.000000   0.029448
       10.6145 6   0.003544   0.003544   0.351621    0.043908   0.000000  -0.756462   0.000000  -0.062227  -0.017491   0.000000   0.027713
       10.7391 6   0.001473   0.001473   0.367210    0.049082   0.000000  -0.672401   0.000000  -0.073851  -0.018758   0.000000   0.027383
       10.5069 6   0.006054   0.006054   0.299325    0.056035   0.000000  -0.674641   0.000000  -0.054992  -0.017205   0.000000   0.029409
       10.7744 5   0.001048   0.001048   0.343141    0.057959   0.000000  -0.662335   0.000000  -0.052546  -0.019057   0.000000   0.030328
       10.6376 6   0.003092   0.003092   0.331630    0.045824   0.001205  -0.687928   0.000000  -0.078070  -0.021433   0.000000   0.027028
       10.6181 6   0.003471   0.003471   0.321709    0.047871   0.000000  -0.728028   0.000000  -0.063136  -0.019823   0.000000   0.029127
       10.1423 6   0.019526   0.019526   0.344983    0.066689   0.000000  -0.728031   0.000000  -0.070356  -0.022923   0.000000   0.027715
       10.6106 6   0.003623   0.003623   0.346674    0.048764   0.000000  -0.695162   0.000000  -0.072894  -0.025783   0.000000   0.027951
       10.6295 6   0.003248   0.003248   0.380458    0.053091   0.000000  -0.740483   0.000000  -0.069445  -0.026494   0.000000   0.028901
       10.4819 6   0.006731   0.006731   0.342116    0.033237   0.001155  -0.754915   0.000000  -0.078792  -0.022316   0.000000   0.025256
       10.5714 6   0.004469   0.004469   0.337372    0.062336   0.000000  -0.767898   0.000000  -0.071139  -0.020207   0.000000   0.028698
       10.6438 5   0.002976   0.002976   0.326133    0.050731   0.000000  -0.728854   0.000000  -0.066547  -0.025583   0.000000   0.026725
       10.5878 6   0.004104   0.004104   0.322508    0.051880   0.000000  -0.753038   0.000000  -0.074237  -0.018157   0.000000   0.029420
       10.6470 6   0.002918   0.002918   0.330027    0.066753   0.000000  -0.747014   0.000000  -0.078778  -0.025033   0.000000   0.031159
       10.7068 6   0.001923   0.001923   0.315190    0.042070   0.000000  -0.696051   0.000000  -0.068291  -0.016568   0.000000   0.030456
       10.6647 6   0.002601   0.002601   0.304160    0.039837   0.000000  -0.643285   0.000000  -0.075046  -0.020656   0.000000   0.029609
       10.8544 6   0.000353   0.000353   0.308170    0.062779   0.000000  -0.649834   0.000000  -0.068266  -0.017355   0.000000   0.029882
       11.0795 5   0.000378   0.000378   0.349829    0.054372   0.000000  -0.722571   0.000000  -0.052769  -0.024298   0.000000   0.027148
       10.8466 6   0.000405   0.000405   0.349224    0.045542   0.000147  -0.687689   0.000000  -0.069507  -0.023782   0.000000   0.026148
       10.9472 6   0.000009   0.000009   0.327333    0.057772   0.000000  -0.746666   0.000328  -0.065792  -0.023094   0.000000   0.028909
       10.8142 6   0.000656   0.000656   0.349839    0.052425   0.000000  -0.741495   0.000000  -0.073868  -0.020769   0.000000   0.028959
       10.6349 6   0.003143   0.003143   0.336111    0.072993   0.000000  -0.744178   0.000000  -0.075861  -0.028674   0.000000   0.028909
       10.6039 6   0.003761   0.003761   0.311761    0.044253   0.000000  -0.671464   0.000000  -0.081165  -0.026962   0.000000   0.027763
       10.4877 5   0.006573   0.006573   0.365632    0.041668   0.000653  -0.727464   0.000000  -0.065941  -0.024673   0.000000   0.026701
       10.5126 5   0.005905   0.005905   0.303501    0.050484   0.000000  -0.629908   0.000000  -0.064650  -0.017274   0.000000   0.029157
       10.7290 5   0.001607   0.001607   0.351008    0.049739   0.000000  -0.673249   0.000000  -0.053702  -0.017248   0.000000   0.031002
       10.8279 6   0.000542   0.000542   0.336877    0.056517   0.000000  -0.648500   0.000000  -0.055261  -0.018517   0.000000   0.027873
       10.9667 6   0.000000   0.000000   0.322098    0.056825   0.000000  -0.635122   0.000000  -0.059176  -0.015900   0.000000   0.026224
       10.6426 6   0.002998   0.002998   0.361733    0.044439   0.000000  -0.672461   0.000000  -0.053756  -0.018727   0.000000   0.028028
       10.4062 5   0.009009   0.009009   0.332931    0.074833   0.000000  -0.653359   0.000000  -0.055172  -0.022839   0.000000   0.029987
       11.0320 6   0.000130   0.000130   0.322728    0.054004   0.000598  -0.609191   0.000000  -0.075031  -0.022610   0.000000   0.026040
       10.7912 6   0.000871   0.000871   0.349538    0.036057   0.000000  -0.626132   0.000000  -0.074006  -0.030355   0.000000   0.027100
       10.7254 5   0.001656   0.001656   0.336015    0.057819   0.000000  -0.648688   0.000000  -0.060447  -0.021885   0.000000   0.027089
       10.5585 6   0.004768   0.004768   0.390083    0.062289   0.000000  -0.660084   0.000000  -0.074207  -0.021900   0.000000   0.027524
       10.8623 6   0.000305   0.000305   0.396126    0.055774   0.000000  -0.658214   0.000000  -0.070005  -0.022936   0.000000   0.027769
       10.7226 5   0.001695   0.001695   0.341706    0.046980   0.000173  -0.630291   0.000000  -0.061178  -0.020268   0.000000   0.027246
       10.7174 6   0.001768   0.001768   0.356852    0.051518   0.000000  -0.633467   0.000000  -0.065944  -0.019277   0.000000   0.025500
       10.6848 6   0.002265   0.002265   0.331794    0.056630   0.000104  -0.623990   0.000378  -0.065374  -0.019195   0.000000   0.031557
       10.9377 6   0.000021   0.000021   0.329795    0.043617   0.000979  -0.588498   0.000000  -0.070096  -0.020216   0.000000   0.026176
       10.7242 6   0.001673   0.001673   0.351060    0.046926   0.000982  -0.611341   0.000740  -0.079011  -0.021178   0.000000   0.029737
       10.5677 6   0.004554   0.004554   0.341914    0.057803   0.000000  -0.623202   0.000000  -0.076891  -0.023334   0.000000   0.029287
       10.6772 6   0.002389   0.002389   0.340518    0.059407   0.000000  -0.639531   0.000000  -0.069438  -0.024019   0.000000   0.029002
       10.4899 6   0.006512   0.006512   0.377531    0.048939   0.000000  -0.629295   0.000000  -0.072959  -0.016311   0.000000   0.027602
       10.7426 5   0.001427   0.001427   0.329367    0.050750   0.000000  -0.622170   0.002168  -0.062296  -0.019840   0.000000   0.029897
       10.7538 5   0.001287   0.001287   0.278900    0.057843   0.000000  -0.558847   0.000000  -0.058259  -0.017597   0.000000   0.029008
       11.0828 6   0.000400   0.000400   0.327220    0.039744   0.002173  -0.573956   0.000000  -0.049420  -0.021522   0.000000   0.028310
       10.5823 6   0.004226   0.004226   0.353566    0.057899   0.000000  -0.587322   0.000000  -0.068962  -0.020870   0.000000   0.028508
       10.4973 6   0.006310   0.006310   0.331052    0.050719   0.000000  -0.552991   0.000000  -0.055315  -0.017988   0.000000   0.027023
       10.4751 6   0.006924   0.006924   0.305462    0.049747   0.000000  -0.519327   0.000000  -0.071002  -0.023937   0.000000   0.027901
       10.6473 6   0.002911   0.002911   0.325983    0.044870   0.000000  -0.550403   0.000000  -0.079107  -0.017385   0.000000   0.032021
       11.0603 6   0.000262   0.000262   0.342835    0.038782   0.000000  -0.560972   0.000000  -0.060429  -0.021933   0.000000   0.028857
       10.4209 6   0.008540   0.008540   0.342261    0.043148   0.000000  -0.550923   0.000000  -0.081161  -0.025805   0.000000   0.025539
       10.6799 6   0.002345   0.002345   0.308780    0.087639   0.000000  -0.604044   0.000000  -0.067951  -0.022450   0.000000   0.027835
       10.7159 5   0.001790   0.001790   0.339979    0.054414   0.000125  -0.636337   0.000521  -0.055746  -0.020241   0.000000   0.027442
       10.6703 6   0.002505   0.002505   0.325948    0.043153   0.001383  -0.623562   0.000000  -0.068007  -0.021128   0.000000   0.026212
       10.9701 5   0.000001   0.000001   0.325638    0.051876   0.000000  -0.635058   0.000000  -0.067989  -0.025363   0.000000   0.028058
       10.8171 5   0.000631   0.000631   0.282566    0.047027   0.000000  -0.626513   0.000000  -0.056644  -0.018301   0.000000   0.028295
       10.5125 5   0.005906   0.005906   0.298848    0.055472   0.000000  -0.567503   0.000000  -0.051340  -0.020014   0.000000   0.027541
       10.9184 5   0.000063   0.000063   0.313871    0.052732   0.000000  -0.627844   0.000000  -0.041789  -0.014499   0.000000   0.029477
       10.8266 5   0.000553   0.000553   0.317824    0.074074   0.000000  -0.654543   0.000000  -0.055968  -0.018194   0.000000   0.027448
       10.7323 5   0.001562   0.001562   0.284164    0.042197   0.000000  -0.634784   0.000000  -0.051821  -0.020290   0.000000   0.031540
       10.8399 5   0.000452   0.000452   0.332950    0.047756   0.000000  -0.663316   0.000000  -0.083836  -0.026853   0.000000   0.029282
       11.0873 5   0.000431   0.000431   0.308158    0.063203   0.000000  -0.670821   0.000000  -0.053504  -0.013856   0.000000   0.026555
       10.8454 5   0.000413   0.000413   0.327678    0.066642   0.000000  -0.673599   0.000000  -0.063808  -0.017438   0.000000   0.027586
       10.3449 5   0.011092   0.011092   0.367545    0.051989   0.000000  -0.725151   0.000000  -0.061534  -0.020434   0.000000   0.028780
       10.4985 2   0.006278   0.006278   0.326199    0.063984   0.000000  -0.794073   0.000000  -0.018603  -0.006947   0.000000   0.030582
       10.7260 3   0.001648   0.001648   0.369317    0.040711   0.000000  -0.822658   0.000000  -0.039179  -0.011303   0.000000   0.028580
       10.9110 2   0.000084   0.000084   0.350740    0.049694   0.000000  -0.865469   0.003584  -0.022935  -0.018345   0.000000   0.028505
       10.6082 4   0.003672   0.003672   0.317227    0.054498   0.000000  -0.805750   0.000000  -0.049859  -0.017560   0.000000   0.030834
       10.8915 3   0.000156   0.000156   0.331569    0.049773   0.000000  -0.823065   0.000000  -0.033405  -0.012125   0.000000   0.027915
       10.7650 3   0.001154   0.001154   0.302168    0.055709   0.000000  -0.769851   0.000303  -0.035024  -0.008928   0.000000   0.029369
       10.7029 4   0.001981   0.001981   0.301277    0.049327   0.000000  -0.716746   0.000000  -0.050104  -0.020178   0.000000   0.030193
       10.9359 4   0.000024   0.000024   0.321324    0.041997   0.000000  -0.742426   0.000000  -0.046929  -0.015492   0.000000   0.031148
       10.6036 4   0.003768   0.003768   0.320322    0.047165   0.000000  -0.775497   0.000000  -0.044463  -0.016212   0.000000   0.029402
       10.6209 4   0.003416   0.003416   0.333228    0.049440   0.000000  -0.802346   0.000000  -0.047264  -0.018746   0.000000   0.032513
       10.6167 4   0.003499   0.003499   0.366653    0.027886   0.000000  -0.833545   0.000000  -0.043642  -0.018283   0.000000   0.028608
       10.6501 3   0.002861   0.002861   0.311547    0.066312   0.000051  -0.759576   0.001189  -0.036821  -0.013785   0.000000   0.029867
       10.7871 2   0.000913   0.000913   0.347026    0.047331   0.000000  -0.766954   0.000000  -0.022107  -0.009364   0.000000   0.027087
       10.8718 2   0.000250   0.000250   0.301830    0.051654   0.000000  -0.740762   0.000000  -0.029763  -0.012691   0.000000   0.029307
       11.0404 2   0.000164   0.000164   0.277972    0.038503   0.000000  -0.713153   0.000000  -0.027911  -0.010901   0.000000   0.029057
       10.7397 2   0.001464   0.001464   0.351082    0.037667   0.000000  -0.762964   0.000000  -0.021626  -0.012388   0.000000   0.026799
       11.0578 3   0.000248   0.000248   0.312639    0.073777   0.001719  -0.754509   0.000000  -0.032112  -0.015576   0.000000   0.025670
       10.7181 3   0.001759   0.001759   0.379833    0.056128   0.000797  -0.779282   0.000000  -0.019447  -0.010811   0.000000   0.026186
       10.8235 3   0.000578   0.000578   0.347460    0.050023   0.000000  -0.719978   0.000000  -0.038539  -0.012582   0.000000   0.027735
       10.7593 3   0.001220   0.001220   0.290833    0.060486   0.000000  -0.656558   0.000000  -0.035200  -0.012847   0.000000   0.029816
       10.7720 3   0.001074   0.001074   0.331011    0.046484   0.000000  -0.654435   0.000363  -0.024698  -0.012754   0.000000   0.026740
       11.0243 3   0.000102   0.000102   0.346941    0.047611   0.000197  -0.669495   0.000000  -0.036636  -0.008246   0.000000   0.023400
       10.9319 2   0.000032   0.000032   0.320864    0.047008   0.000000  -0.707119   0.000000  -0.028001  -0.006597   0.000000   0.027833
       11.2168 3   0.001829   0.001829   0.310049    0.064495   0.000000  -0.698106   0.000000  -0.032396  -0.005344   0.000000   0.026849
       10.4137 3   0.008766   0.008766   0.357695    0.061865   0.000000  -0.716604   0.000000  -0.034609  -0.011882   0.000000   0.028619
       10.9139 3   0.000075   0.000075   0.360115    0.053636   0.000000  -0.715427   0.000000  -0.040674  -0.013231   0.000000   0.026040
       10.8775 3   0.000221   0.000221   0.342930    0.050295   0.000000  -0.697802   0.000000  -0.034298  -0.012109   0.000000   0.031027
       10.9972 3   0.000030   0.000030   0.349928    0.053493   0.000000  -0.754863   0.000000  -0.033363  -0.011840   0.000000   0.024214
       11.1100 2   0.000607   0.000607   0.310803    0.044822   0.000000  -0.763912   0.000000  -0.023973  -0.008601   0.000000   0.025300
       10.8446 3   0.000418   0.000418   0.314551    0.063817   0.000000  -0.793152   0.000000  -0.036934  -0.010477   0.000000   0.027693
       10.9719 3   0.000001   0.000001   0.310582    0.038397   0.000000  -0.763538   0.000000  -0.039419  -0.011310   0.000000   0.026261
       10.7976 3   0.000808   0.000808   0.330746    0.050270   0.000000  -0.743438   0.000000  -0.024472  -0.011442   0.000000   0.026769
       11.2571 3   0.002461   0.002461   0.328845    0.057272   0.000000  -0.726825   0.000000  -0.027253  -0.007394   0.000000   0.025594
       10.5025 3   0.006171   0.006171   0.305059    0.040443   0.000000  -0.705181   0.000000  -0.027854  -0.009937   0.000000   0.028138
       10.9690 3   0.000000   0.000000   0.282205    0.068740   0.000000  -0.731958   0.000000  -0.029086  -0.010887   0.000000   0.026062
       10.5889 3   0.004081   0.004081   0.311910    0.046358   0.000000  -0.680092   0.000000  -0.033356  -0.009913   0.000000   0.026123
       10.8098 2   0.000695   0.000695   0.344044    0.048784   0.000000  -0.730918   0.000000  -0.021283  -0.010253  -0.000000   0.030006
       10.7798 2   0.000990   0.000990   0.358536    0.032985   0.001676  -0.709695   0.000000  -0.017023  -0.008807   0.000000   0.028607
       10.7814 3   0.000973   0.000973   0.338005    0.064486   0.000000  -0.752905   0.000000  -0.036058  -0.010663   0.000000   0.027448
       11.1945 3   0.001519   0.001519   0.320647    0.036192   0.000000  -0.671725   0.000000  -0.035683  -0.011709   0.000000   0.028423
       10.9476 2   0.000009   0.000009   0.330443    0.058206   0.000000  -0.696987   0.000000  -0.018207  -0.011647   0.000000   0.026373
       10.9235 3   0.000050   0.000050   0.342433    0.061105   0.000000  -0.692727   0.000000  -0.037965  -0.011887   0.000000   0.023821
       10.9697 3   0.000001   0.000001   0.340130    0.043808   0.000000  -0.730776   0.000000  -0.033253  -0.012771  -0.004145   0.031353
       10.7736 3   0.001057   0.001057   0.319918    0.049206   0.000000  -0.744552   0.000000  -0.027967  -0.012180   0.000000   0.030645
       10.6797 3   0.002349   0.002349   0.337166    0.037663   0.000000  -0.732084   0.000000  -0.028635  -0.008969   0.000000   0.029458
       10.9248 0   0.000047   0.000047   0.318693    0.031104   0.000000  -0.680870   0.000000  -0.000922  -0.000645   0.000000   0.026653
       11.1332 0   0.000816   0.000816   0.356179    0.052259   0.000000  -0.695127   0.000000  -0.019644  -0.004566   0.000000   0.027153
       11.0180 0   0.000081   0.000081   0.324385    0.041723   0.000000  -0.751505   0.000000   0.000000   0.000000   0.000000   0.033866
       10.8868 0   0.000176   0.000176   0.305834    0.039541   0.000000  -0.774623   0.000000   0.000000   0.000000   0.000000   0.029727
       10.9359 0   0.000024   0.000024   0.302245    0.044847   0.000000  -0.796427   0.000000   0.000000   0.000000   0.000000   0.028015
       10.8813 0   0.000202   0.000202   0.304915    0.038974   0.000000  -0.737716   0.000000   0.000000   0.000000   0.000000   0.027269
       11.1179 0   0.000674   0.000674   0.331979    0.054584   0.000000  -0.753425   0.000000   0.000000   0.000000   0.000000   0.027403
       10.8470 0   0.000402   0.000402   0.311445    0.057611   0.000000  -0.727133   0.000000   0.000000   0.000000   0.000000   0.027324
       10.7152 0   0.001799   0.001799   0.317146    0.055249   0.000000  -0.719230   0.000000   0.000000   0.000000   0.000000   0.028829
       10.9120 0   0.000081   0.000081   0.319446    0.050092   0.000000  -0.685782   0.000000   0.000000   0.000000   0.000000   0.025780
       10.9238 0   0.000049   0.000049   0.290921    0.056039   0.000000  -0.699946   0.000000   0.000000   0.000000   0.000000   0.025379
       10.9166 0   0.000068   0.000068   0.323811    0.035913   0.000000  -0.749066   0.000000   0.000000   0.000000   0.000000   0.025252
       10.9097 0   0.000088   0.000088   0.331060    0.053509   0.000000  -0.790228   0.000000   0.000000   0.000000   0.000000   0.029313
       10.8726 0   0.000246   0.000246   0.344559    0.062988   0.001542  -0.765686   0.000000   0.000000  -0.003405   0.000000   0.026823
       11.1501 0   0.000989   0.000989   0.342321    0.041181   0.000000  -0.769546   0.000000   0.000000   0.000000   0.000000   0.028089
       11.1291 0   0.000777   0.000777   0.304905    0.062139   0.000000  -0.781245   0.000000   0.000000   0.000000   0.000000   0.026418
       10.8519 0   0.000369   0.000369   0.304210    0.058788   0.000000  -0.777296   0.000000   0.000000   0.000000   0.000000   0.027173
       11.0078 0   0.000053   0.000053   0.340077    0.050312   0.000000  -0.791351   0.000000   0.000000  -0.000000   0.000000   0.025773
       10.6642 0   0.002610   0.002610   0.360855    0.058325   0.000000  -0.840761   0.000000   0.000000   0.000000   0.000000   0.026540
       11.2453 0   0.002267   0.002267   0.341743    0.053969   0.000000  -0.764803   0.000277   0.000000   0.000000   0.000000   0.031523
       10.9732 0   0.000002   0.000002   0.388425    0.051220   0.000000  -0.759430   0.000000   0.000000   0.000000   0.000000   0.026537
       11.0287 0   0.000117   0.000117   0.319977    0.061964   0.000000  -0.752640   0.000000   0.000000   0.000000   0.000000   0.028922
       11.0202 0   0.000088   0.000088   0.355383    0.057470   0.000000  -0.735093   0.000000   0.000000   0.000000   0.000000   0.027852
       11.0386 0   0.000156   0.000156   0.355280    0.050225   0.000000  -0.746041   0.000000   0.000000  -0.000028   0.000000   0.029570
       11.1331 0   0.000815   0.000815   0.349088    0.063672   0.000000  -0.793824   0.000000   0.000000   0.000000   0.000000   0.024547
       11.0072 0   0.000051   0.000051   0.299344    0.048531   0.000000  -0.704801   0.000000   0.000000   0.000000   0.000000   0.028082
       11.2249 0   0.001948   0.001948   0.325254    0.061687   0.000000  -0.755313   0.000000   0.000000   0.000000   0.000000   0.028736
       11.1501 0   0.000988   0.000988   0.345592    0.053400   0.000000  -0.761418   0.000000   0.000000   0.000000   0.000000   0.030330
       10.8756 0   0.000230   0.000230   0.300948    0.036713   0.000000  -0.716429   0.000656  -0.015315  -0.001359   0.000000   0.028393
       10.6215 0   0.003403   0.003403   0.331544    0.047474   0.000000  -0.783303   0.000000  -0.008004  -0.001311   0.000000   0.032307
       10.8678 0   0.000273   0.000273   0.321430    0.049808   0.000000  -0.774342   0.000000   0.000000   0.000000  -0.011647   0.029586
       11.1520 0   0.001009   0.001009   0.351483    0.059124   0.000000  -0.785258   0.000000   0.000000   0.000000   0.000000   0.026147
       10.9708 0   0.000001   0.000001   0.304077    0.054573   0.000000  -0.725621   0.000000   0.000000   0.000000   0.000000   0.026714
       11.0696 0   0.000315   0.000315   0.319022    0.051535   0.000000  -0.725126   0.000021   0.000000   0.000000   0.000000   0.029396
       10.9327 0   0.000030   0.000030   0.314080    0.071788   0.000000  -0.724705   0.000000  -0.000475   0.000000   0.000000   0.026086
       11.4222 0   0.006031   0.006031   0.343703    0.031923   0.000000  -0.700743   0.000000   0.000000  -0.000056   0.000000   0.032860
       11.0912 0   0.000459   0.000459   0.364479    0.058677   0.000000  -0.725520   0.000000   0.000000   0.000000   0.000000   0.029779
       10.6839 0   0.002279   0.002279   0.355289    0.051402   0.000000  -0.712094   0.000000   0.000000   0.000000   0.000000   0.027483
       10.7872 0   0.000912   0.000912   0.364745    0.071673   0.000000  -0.755312   0.000000   0.000000   0.000000   0.000000   0.027752
       11.0719 0   0.000329   0.000329   0.327304    0.059296   0.000000  -0.694819   0.000000   0.000000   0.000000   0.000000   0.027087
       10.9212 0   0.000055   0.000055   0.298705    0.049334   0.000194  -0.706475   0.000000   0.000000  -0.000015   0.000000   0.026092
       11.1185 0   0.000680   0.000680   0.311324    0.039580   0.000000  -0.708029   0.000000   0.000000   0.000000   0.000000   0.024079
       11.0418 0   0.000170   0.000170   0.331974    0.061361   0.000000  -0.745248   0.000000   0.000000   0.000000   0.000000   0.026119
       10.8940 0   0.000145   0.000145   0.356032    0.069284   0.000000  -0.787508   0.000000   0.000000   0.000000   0.000000   0.029900
       11.2018 0   0.001618   0.001618   0.298167    0.041842   0.000000  -0.754217   0.000000   0.000000   0.000000   0.000000   0.025952
       11.2239 0   0.001933   0.001933   0.364898    0.076717   0.000000  -0.824084   0.000000   0.000000   0.000000   0.000000   0.023968
       11.0648 0   0.000287   0.000287   0.327829    0.042035   0.000000  -0.798182   0.000000   0.000000   0.000000   0.000000   0.031078
       10.8707 0   0.000256   0.000256   0.291505    0.060412   0.000000  -0.731609   0.000000   0.000000   0.000000   0.000000   0.028670
       10.8119 0   0.000677   0.000677   0.360445    0.045807   0.000000  -0.732583   0.000000   0.000000   0.000000   0.000000   0.025476
       10.9006 0   0.000120   0.000120   0.301604    0.055368   0.000622  -0.757308   0.000000   0.000000   0.000000   0.000000   0.027529
       10.9694 0   0.000001   0.000001   0.317514    0.028028   0.001284  -0.755035   0.000000   0.000000  -0.000000   0.000000   0.034619
       11.2054 0   0.001667   0.001667   0.358172    0.051792   0.000000  -0.792119   0.000000   0.000000   0.000000   0.000000   0.024609
       10.7237 0   0.001680   0.001680   0.307809    0.045311   0.000000  -0.749566   0.002341   0.000000  -0.000000   0.000000   0.034192
       10.7437 0   0.001413   0.001413   0.314467    0.048659   0.000000  -0.747892   0.000000   0.000000   0.000000   0.000000   0.024621
       11.0147 0   0.000071   0.000071   0.315665    0.052018   0.000000  -0.702235   0.000000   0.000000   0.000000   0.000000   0.028209
       11.1638 0   0.001140   0.001140   0.327437    0.040870   0.000000  -0.691232   0.000000   0.000000   0.000000   0.000000   0.025671
       10.8746 0   0.000236   0.000236   0.280553    0.043134   0.000000  -0.648908   0.000000   0.000000   0.000000   0.000000   0.028422
       11.0466 0   0.000192   0.000192   0.315132    0.081813   0.000000  -0.689833   0.000000   0.000000   0.000000   0.000000   0.027805
       10.6924 0   0.002144   0.002144   0.324431    0.043571   0.000000  -0.670070   0.000000   0.000000   0.000000   0.000000   0.029523
       11.2875 0   0.003001   0.003001   0.343343    0.038212   0.000000  -0.700469   0.000000   0.000000   0.000000   0.000000   0.029316
       10.8724 0   0.000247   0.000247   0.393849    0.049471   0.000000  -0.709554   0.000000   0.000000   0.000000   0.000000   0.030939
       10.9189 0   0.000061   0.000061   0.290941    0.041508   0.000111  -0.617016   0.000000   0.000000   0.000000  -0.010137   0.029200
       11.2812 0   0.002884   0.002884   0.323137    0.073414   0.000000  -0.683886   0.000872   0.000000   0.000000   0.000000   0.029852
       10.7887 0   0.000896   0.000896   0.352253    0.057206   0.000000  -0.704017   0.000000   0.000000   0.000000   0.000000   0.027674
       11.1711 0   0.001225   0.001225   0.339345    0.046449   0.000000  -0.681176   0.004063   0.000000   0.000000   0.000000   0.026186
       11.0815 0   0.000391   0.000391   0.354334    0.050582   0.000000  -0.700874   0.000058   0.000000   0.000000   0.000000   0.030950
       10.9994 0   0.000034   0.000034   0.376197    0.048403   0.000000  -0.683127   0.000000   0.000000   0.000000   0.000000   0.024302
       10.6148 0   0.003537   0.003537   0.367931    0.049090   0.000422  -0.676628   0.000000   0.000000   0.000000   0.000000   0.036895
       11.2321 0   0.002058   0.002058   0.383196    0.049275   0.000000  -0.671765   0.000000   0.000000   0.000000   0.000000   0.025518
       11.0143 0   0.000070   0.000070   0.332299    0.085385   0.000000  -0.680083   0.000000   0.000000  -0.000021   0.000000   0.028090
       11.0763 0   0.000357   0.000357   0.353909    0.045085   0.000000  -0.677045   0.000000   0.000000   0.000000   0.000000   0.027773
       11.1001 0   0.000527   0.000527   0.339109    0.044946   0.000000  -0.695925   0.000000   0.000000   0.000000   0.000000   0.030320
       11.0426 0   0.000174   0.000174   0.339901    0.054903   0.000000  -0.691792   0.000127   0.000000   0.000000   0.000000   0.039360
       10.8566 0   0.000339   0.000339   0.295885    0.048379   0.000000  -0.648584   0.000000   0.000000   0.000000   0.000000   0.028038
       10.9094 0   0.000089   0.000089   0.338456    0.035970   0.000000  -0.649938   0.000000   0.000000  -0.000024   0.000000   0.029792
       10.9972 0   0.000030   0.000030   0.313602    0.045304   0.000000  -0.655453   0.000000   0.000000   0.000000   0.000000   0.027555
       10.9831 0   0.000009   0.000009   0.342937    0.053432   0.000000  -0.703594   0.000000   0.000000   0.000000   0.000000   0.035086
       10.9222 0   0.000053   0.000053   0.332659    0.031289   0.000000  -0.682249   0.000000   0.000000   0.000000   0.000000   0.028257
       11.1611 0   0.001110   0.001110   0.330555    0.066168   0.000000  -0.754373   0.000000   0.000000   0.000000   0.000000   0.026636
       10.8597 0   0.000320   0.000320   0.332821    0.044947   0.000000  -0.660802   0.000200   0.000000   0.000000   0.000000   0.031156
       10.8680 0   0.000271   0.000271   0.340887    0.061614   0.000000  -0.721116   0.000000   0.000000   0.000000   0.000000   0.034112
       10.9542 0   0.000003   0.000003   0.317851    0.050434   0.000034  -0.691970   0.000000  -0.010965  -0.007604   0.000000   0.030461
       11.0734 0   0.000339   0.000339   0.323578    0.035959   0.000000  -0.743844   0.000000   0.000000   0.000000   0.000000   0.031153
       10.9616 0   0.000000   0.000000   0.337879    0.054379   0.000000  -0.751095   0.000000   0.000000  -0.000019   0.000000   0.025921
       10.9600 0   0.000001   0.000001   0.347588    0.036722   0.000000  -0.749781   0.000000   0.000000   0.000000   0.000000   0.030708
       10.9471 0   0.000009   0.000009   0.349645    0.042803   0.000000  -0.765928   0.000000   0.000000   0.000000   0.000000   0.031959
       11.1023 0   0.000544   0.000544   0.359119    0.035216   0.000000  -0.767210   0.000000   0.000000   0.000000   0.000000   0.030813
       11.2550 0   0.002426   0.002426   0.363101    0.033074   0.000000  -0.738097   0.000000   0.000000   0.000000   0.000000   0.029268
       11.1619 0   0.001118   0.001118   0.310269    0.054263   0.000000  -0.713213   0.000000   0.000000   0.000000   0.000000   0.028655
       10.9166 0   0.000068   0.000068   0.302741    0.053080   0.000000  -0.719731   0.000000   0.000000   0.000000   0.000000   0.029185
       10.6158 0   0.003518   0.003518   0.314195    0.052290   0.000000  -0.765523   0.000000   0.000000  -0.000021   0.000000   0.026047
       10.5382 0   0.005255   0.005255   0.359923    0.040903   0.000000  -0.762495   0.000000   0.000000   0.000000   0.000000   0.030896
       11.0819 0   0.000394   0.000394   0.359273    0.045681   0.000000  -0.725789   0.000000   0.000000   0.000000   0.000000   0.023678
       11.1725 0   0.001243   0.001243   0.275540    0.046854   0.000000  -0.661896   0.000000   0.000000   0.000000   0.000000   0.031845
       10.8651 0   0.000288   0.000288   0.344089    0.069287   0.000000  -0.682314   0.000000   0.000000   0.000000   0.000000   0.027757
       11.2661 0   0.002615   0.002615   0.299122    0.049432   0.000000  -0.608918   0.000000   0.000000  -0.000025   0.000000   0.034142
       11.0724 0   0.000333   0.000333   0.354096    0.054844   0.000000  -0.605587   0.000000   0.000000   0.000000   0.000000   0.030481
       10.8980 0   0.000130   0.000130   0.331579    0.043891   0.000867  -0.577932   0.000000   0.000000   0.000000   0.000000   0.035105
       11.1220 0   0.000711   0.000711   0.376580    0.058877   0.000000  -0.622408   0.002689   0.000000   0.000000   0.000000   0.036021
       10.8535 0   0.000359   0.000359   0.336691    0.053774   0.000000  -0.578900   0.000000   0.000000   0.000000   0.000000   0.031808
       10.7123 0   0.001842   0.001842   0.322252    0.044958   0.000000  -0.580800   0.000000   0.000000   0.000000   0.000000   0.037071
       10.9485 0   0.000008   0.000008   0.307573    0.056860   0.000000  -0.618313   0.000000   0.000000   0.000000   0.000000   0.028823
       10.7981 0   0.000803   0.000803   0.284589    0.061022   0.000000  -0.645371   0.000000   0.000000   0.000000   0.000000   0.029979
       10.9448 0   0.000012   0.000012   0.337144    0.045714   0.002079  -0.655445   0.000000   0.000000   0.000000   0.000000   0.028766
       11.2447 0   0.002257   0.002257   0.322150    0.035606   0.000000  -0.654699   0.000000   0.000000   0.000000   0.000000   0.031599
       10.8988 0   0.000127   0.000127   0.338112    0.050024   0.000000  -0.665979   0.000000   0.000000   0.000000   0.000000   0.027839
       11.2876 0   0.003002   0.003002   0.347661    0.038439   0.000000  -0.676712   0.000000   0.000000   0.000000   0.000000   0.032809
       10.8836 0   0.000191   0.000191   0.331676    0.049607   0.000000  -0.680878   0.000000   0.000000   0.000000   0.000000   0.024847
       10.6601 0   0.002682   0.002682   0.308305    0.049313   0.000000  -0.649654   0.000000   0.000000   0.000000   0.000000   0.033579
       11.1059 0   0.000572   0.000572   0.352720    0.066392   0.000000  -0.697385   0.000000   0.000000   0.000000   0.000000   0.029628
       11.3069 0   0.003372   0.003372   0.349021    0.044630   0.000000  -0.680861   0.000000   0.000000   0.000000   0.000000   0.026399
       10.9182 0   0.000063   0.000063   0.307293    0.029206   0.000000  -0.643353   0.000000   0.000000   0.000000   0.000000   0.027231
       10.7735 0   0.001058   0.001058   0.339211    0.040027   0.000000  -0.673859   0.000000   0.000000   0.000000   0.000000   0.030265
       10.6998 0   0.002028   0.002028   0.356119    0.052336   0.000000  -0.645463   0.000000   0.000000   0.000000   0.000000   0.030494
       11.1236 0   0.000726   0.000726   0.334121    0.064899   0.000000  -0.672383   0.000000   0.000000  -0.000000   0.000000   0.027881
       10.8859 0   0.000180   0.000180   0.365677    0.034828   0.000000  -0.681453   0.000000   0.000000   0.000000   0.000000   0.026736
       10.6670 0   0.002562   0.002562   0.336255    0.043247   0.000000  -0.659546   0.000000   0.000000   0.000000   0.000000   0.027261
       10.8111 0   0.000684   0.000684   0.326542    0.042777   0.000752  -0.652187   0.000000   0.000000   0.000000   0.000000   0.028425
       11.2387 0   0.002161   0.002161   0.389481    0.045468   0.000000  -0.714304   0.000000   0.000000   0.000000   0.000000   0.032184
       10.7384 0   0.001482   0.001482   0.352558    0.039175   0.000000  -0.691242   0.000000   0.000000   0.000000   0.000000   0.030606
       11.2720 0   0.002719   0.002719   0.358370    0.059385   0.000000  -0.695375   0.000000   0.000000   0.000000   0.000000   0.033235
       11.1398 0   0.000882   0.000882   0.333469    0.057009   0.000000  -0.684774   0.000632   0.000000   0.000000   0.000000   0.035084
       10.7000 0   0.002026   0.002026   0.334693    0.039621   0.000001  -0.684622   0.000000   0.000000   0.000000   0.000000   0.026381
       11.3326 0   0.003898   0.003898   0.341999    0.060277   0.000000  -0.766217   0.000000   0.000000  -0.000034   0.000000   0.031881
       11.3243 0   0.003723   0.003723   0.331217    0.038237   0.000000  -0.710937   0.000000   0.000000   0.000000   0.000000   0.028281
       11.0202 0   0.000088   0.000088   0.357964    0.049112   0.000008  -0.754190   0.000637   0.000000   0.000000   0.000000   0.031612
       10.8669 0   0.000278   0.000278   0.324466    0.033062   0.000000  -0.704842   0.000000   0.000000   0.000000   0.000000   0.029060
       10.8008 0   0.000778   0.000778   0.332785    0.045465   0.000000  -0.686086   0.000017   0.000000   0.000000   0.000000   0.032874
       11.1884 0   0.001440   0.001440   0.335380    0.045393   0.000000  -0.671053   0.000000   0.000000   0.000000   0.000000   0.024611
       11.0189 0   0.000084   0.000084   0.331834    0.044436   0.000000  -0.698433   0.000000   0.000000   0.000000   0.000000   0.028075
       10.9357 0   0.000025   0.000025   0.320965    0.044764   0.000000  -0.708914   0.000000   0.000000   0.000000   0.000000   0.027175
       10.6909 0   0.002167   0.002167   0.343928    0.049991   0.000000  -0.749675   0.000000   0.000000   0.000000   0.000000   0.027032
       11.1912 0   0.001476   0.001476   0.285218    0.037039   0.000000  -0.684107   0.000000   0.000000  -0.000715   0.000000   0.026090
       11.0581 0   0.000250   0.000250   0.302964    0.040634   0.000000  -0.679075   0.000000   0.000000   0.000000   0.000000   0.027246
       11.1165 0   0.000662   0.000662   0.332243    0.058922   0.000000  -0.700614   0.000000   0.000000  -0.000000   0.000000   0.033930
       11.0088 0   0.000055   0.000055   0.369586    0.042093   0.000000  -0.749520   0.000000   0.000000   0.000000   0.000000   0.026343
       10.5212 0   0.005682   0.005682   0.309903    0.048747   0.000000  -0.736248   0.000000  -0.006146  -0.003301   0.000000   0.034505
       11.1794 0   0.001326   0.001326   0.325694    0.048764   0.000000  -0.762599   0.000000   0.000000   0.000000   0.000000   0.022438
       11.2348 0   0.002100   0.002100   0.327047    0.045053   0.000000  -0.720377   0.000000   0.000000   0.000000   0.000000   0.027102
       10.7922 0   0.000861   0.000861   0.346866    0.064506   0.000000  -0.691617   0.000000   0.000000   0.000000   0.000000   0.031696
       10.8947 0   0.000143   0.000143   0.326443    0.058200   0.000254  -0.649147   0.000000   0.000000   0.000000   0.000000   0.027630
       10.9145 0   0.000073   0.000073   0.342255    0.054714   0.000000  -0.653435   0.000000   0.000000   0.000000   0.000000   0.025126
       11.0371 0   0.000150   0.000150   0.347481    0.038866   0.000000  -0.652302   0.000000   0.000000   0.000000   0.000000   0.025942
       11.0216 0   0.000092   0.000092   0.364952    0.049060   0.000000  -0.664314   0.000248   0.000000   0.000000   0.000000   0.039129
       11.0598 0   0.000259   0.000259   0.323025    0.056909   0.000000  -0.613003   0.000000   0.000000   0.000000   0.000000   0.029471
       10.8118 0   0.000677   0.000677   0.367760    0.041552   0.000000  -0.619659   0.000000   0.000000   0.000000   0.000000   0.037372
       10.7315 0   0.001573   0.001573   0.320544    0.055666   0.000000  -0.563715   0.000000   0.000000  -0.000012   0.000000   0.031193
       10.9938 0   0.000024   0.000024   0.336377    0.045513   0.000000  -0.592720   0.000054   0.000000  -0.000001  -0.010568   0.029651
       11.0474 0   0.000196   0.000196   0.333214    0.046825   0.000000  -0.587612   0.000000   0.000000   0.000000   0.000000   0.029291
       11.1762 0   0.001286   0.001286   0.354147    0.065495   0.002829  -0.602564   0.000000  -0.016695  -0.004500   0.000000   0.035616
       10.8882 0   0.000170   0.000170   0.361266    0.046745   0.000000  -0.603770   0.000000  -0.014097  -0.004957   0.000000   0.033195
       10.8050 0   0.000738   0.000738   0.359243    0.048213   0.000060  -0.561734   0.000000  -0.008921  -0.013055   0.000000   0.033601
       10.9280 0   0.000040   0.000040   0.338904    0.049822   0.000000  -0.550752   0.000000   0.000000   0.000000   0.000000   0.038316
       11.1135 0   0.000636   0.000636   0.356788    0.053043   0.000182  -0.584438   0.000000   0.000000   0.000000   0.000000   0.030705
       10.8973 0   0.000132   0.000132   0.351881    0.046496   0.000395  -0.582635   0.000000   0.000000   0.000000   0.000000   0.024777
       10.8443 0   0.000420   0.000420   0.320521    0.050780   0.000000  -0.589148   0.000000   0.000000   0.000000   0.000000   0.027635
       10.8602 0   0.000317   0.000317   0.316748    0.058412   0.000000  -0.598352   0.000000   0.000000   0.000000   0.000000   0.031414
       11.0068 0   0.000050   0.000050   0.319384    0.061380   0.000000  -0.582647   0.003051   0.000000   0.000000   0.000000   0.028495
       10.6432 0   0.002987   0.002987   0.312159    0.039115   0.000000  -0.535487   0.000000   0.000000   0.000000   0.000000   0.030211
       11.0403 0   0.000164   0.000164   0.328233    0.059332   0.000000  -0.590278   0.000000   0.000000   0.000000   0.000000   0.031545
       10.9706 0   0.000001   0.000001   0.341730    0.053433   0.000000  -0.574939   0.000000   0.000000   0.000000   0.000000   0.029366
       10.6346 0   0.003148   0.003148   0.323950    0.064155   0.000000  -0.635678   0.000000   0.000000   0.000000   0.000000   0.030086
       11.2736 0   0.002747   0.002747   0.323933    0.054432   0.000000  -0.629773   0.000000  -0.000044   0.000000   0.000000   0.033486
       10.9271 0   0.000041   0.000041   0.360779    0.049960   0.000000  -0.617375   0.000000   0.000000   0.000000   0.000000   0.026871
       10.9991 0   0.000033   0.000033   0.367560    0.059623   0.000000  -0.636885   0.000490   0.000000   0.000000   0.000000   0.028334
       11.1103 0   0.000609   0.000609   0.296891    0.044955   0.000000  -0.579827   0.000000   0.000000  -0.000000   0.000000   0.029728
       10.8472 0   0.000400   0.000400   0.322871    0.056904   0.000000  -0.624559   0.000000   0.000000   0.000000   0.000000   0.034424
       10.9087 0   0.000092   0.000092   0.341067    0.090372   0.000000  -0.579562   0.000000   0.000000   0.000000   0.000000   0.028416
       10.7766 0   0.001024   0.001024   0.349095    0.051512   0.000000  -0.592151   0.000000   0.000000   0.000000   0.000000   0.028525
       10.9156 0   0.000070   0.000070   0.311495    0.050464   0.000000  -0.585148   0.000000   0.000000  -0.000512   0.000000   0.029155
       10.8221 0   0.000589   0.000589   0.369890    0.050319   0.000000  -0.617579   0.000000   0.000000  -0.001865   0.000000   0.031794
       11.0102 0   0.000059   0.000059   0.323719    0.059876   0.000000  -0.607075   0.000000   0.000000   0.000000   0.000000   0.026392
       11.2732 0   0.002741   0.002741   0.342149    0.053742   0.000000  -0.616544   0.000000   0.000000  -0.000002   0.000000   0.035817
       10.4649 0   0.007215   0.007215   0.434288    0.056485   0.000000  -0.639600   0.000000   0.000000   0.000000   0.000000   0.028703
       10.9386 0   0.000020   0.000020   0.387616    0.060738   0.001999  -0.603306   0.000000   0.000000   0.000000   0.000000   0.028085
       10.7883 0   0.000901   0.000901   0.310799    0.041645   0.000000  -0.566669   0.000000   0.000000   0.000000   0.000000   0.028109
       11.1497 0   0.000984   0.000984   0.335970    0.056405   0.000000  -0.530666   0.000000   0.000000   0.000000   0.000000   0.026480
       11.1299 0   0.000785   0.000785   0.357355    0.049747   0.000000  -0.531375   0.000000   0.000000   0.000000   0.000000   0.029815
       10.9129 0   0.000078   0.000078   0.316455    0.038621   0.000000  -0.504020   0.000000   0.000000   0.000000   0.000000   0.024831
       10.9919 0   0.000021   0.000021   0.327372    0.057422   0.000000  -0.514643   0.000000   0.000000  -0.000001   0.000000   0.026705
       10.9779 0   0.000005   0.000005   0.336682    0.033659   0.000000  -0.512414   0.000000   0.000000   0.000000   0.000000   0.030046
       10.9795 0   0.000006   0.000006   0.338276    0.064033   0.000000  -0.523897   0.000074   0.000000   0.000000   0.000000   0.027758
       11.1404 0   0.000887   0.000887   0.372313    0.042499   0.000000  -0.516436   0.000000   0.000000   0.000000   0.000000   0.030366
       10.9122 0   0.000081   0.000081   0.398760    0.062591   0.000000  -0.517821   0.000000   0.000000   0.000000   0.000000   0.030373
       10.7885 0   0.000899   0.000899   0.336205    0.039602   0.000000  -0.447093   0.000000   0.000000   0.000000   0.000000   0.030950
       11.1736 0   0.001255   0.001255   0.345483    0.058439   0.000000  -0.442633   0.000000   0.000000   0.000000   0.000000   0.027393
       10.6967 0   0.002077   0.002077   0.331191    0.046857   0.000000  -0.432832   0.000485   0.000000   0.000000   0.000000   0.027985
       10.8330 0   0.000503   0.000503   0.324104    0.048924   0.000000  -0.442658   0.000000   0.000000  -0.000111   0.000000   0.033272
       10.9337 0   0.000028   0.000028   0.362784    0.051493   0.000000  -0.456390   0.000000   0.000000   0.000000   0.000000   0.026747
       10.6900 0   0.002181   0.002181   0.385045    0.066930   0.000000  -0.513955   0.000000   0.000000   0.000000  -0.003592   0.034650
       11.1054 0   0.000569   0.000569   0.363168    0.051572   0.000000  -0.479250   0.000867   0.000000   0.000000   0.000000   0.034518
       11.2323 0   0.002062   0.002062   0.385989    0.064847   0.000000  -0.485555   0.000000   0.000000   0.000000   0.000000   0.033710
       10.8318 0   0.000512   0.000512   0.384221    0.038617   0.000000  -0.475774   0.000000   0.000000   0.000000   0.000000   0.031130
       11.0914 0   0.000461   0.000461   0.325080    0.075176   0.000000  -0.489431   0.000000   0.000000   0.000000   0.000000   0.032859
       11.1814 0   0.001351   0.001351   0.330680    0.048309   0.000000  -0.532202   0.000000   0.000000   0.000000   0.000000   0.030763
       10.7982 0   0.000802   0.000802   0.294988    0.037388   0.000000  -0.484351   0.000000   0.000000  -0.001359   0.000000   0.030700
       10.7285 0   0.001613   0.001613   0.326667    0.029666   0.000000  -0.504970   0.000000   0.000000  -0.000007   0.000000   0.030363
       11.2373 0   0.002139   0.002139   0.391939    0.047479   0.000000  -0.525982   0.000000   0.000000   0.000000   0.000000   0.033341
       10.7818 0   0.000968   0.000968   0.364149    0.074614   0.000000  -0.454421   0.000000   0.000000   0.000000   0.000000   0.031263
       10.8382 0   0.000464   0.000464   0.333347    0.064195   0.000000  -0.466075   0.000000   0.000000   0.000000   0.000000   0.034068
       11.0865 0   0.000426   0.000426   0.302746    0.051404   0.000000  -0.438319   0.005119   0.000000   0.000000   0.000000   0.030721
       11.0687 0   0.000310   0.000310   0.344379    0.057289   0.000000  -0.485292   0.000000   0.000000   0.000000   0.000000   0.036330
       11.2562 0   0.002446   0.002446   0.347189    0.046555   0.000000  -0.438424   0.000000   0.000000   0.000000   0.000000   0.035851
       11.1868 0   0.001419   0.001419   0.368627    0.048897   0.000000  -0.453846   0.000000   0.000000  -0.000000   0.000000   0.029554
       10.9655 0   0.000000   0.000000   0.443373    0.051929   0.000000  -0.497520   0.000000   0.000000   0.000000   0.000000   0.033474
       10.8129 0   0.000667   0.000667   0.391806    0.066124   0.000000  -0.457391   0.000000   0.000000   0.000000   0.000000   0.026734
       10.6132 0   0.003570   0.003570   0.327686    0.051584   0.000000  -0.372614   0.000000   0.000000   0.000000   0.000000   0.028790
       10.9781 0   0.000005   0.000005   0.356064    0.045708   0.000000  -0.440980   0.000000   0.000000   0.000000   0.000000   0.032269
       11.0812 0   0.000390   0.000390   0.431097    0.049324   0.000000  -0.483222   0.000000   0.000000   0.000000   0.000000   0.025841
       11.2074 0   0.001695   0.001695   0.359167    0.053148   0.000000  -0.461843   0.000000   0.000000   0.000000   0.000000   0.029345
       11.1009 0   0.000532   0.000532   0.330317    0.048157   0.000359  -0.445275   0.000000   0.000000   0.000000   0.000000   0.032898
       11.1417 0   0.000901   0.000901   0.318765    0.072326   0.000000  -0.466168   0.000000   0.000000   0.000000   0.000000   0.027896
       10.7168 0   0.001777   0.001777   0.327002    0.051370   0.000595  -0.487751   0.000000   0.000000   0.000000   0.000000   0.030858
       11.1647 0   0.001150   0.001150   0.365953    0.048288   0.000782  -0.473618   0.001797   0.000000   0.000000   0.000000   0.030321
       10.9714 0   0.000001   0.000001   0.317220    0.063403   0.000000  -0.434837   0.000000   0.000000   0.000000   0.000000   0.032717
       11.1377 0   0.000860   0.000860   0.388851    0.041250   0.000000  -0.473379   0.000000   0.000000   0.000000   0.000000   0.028057
       10.6899 0   0.002184   0.002184   0.335612    0.040308   0.000000  -0.446236   0.000000   0.000000  -0.000018   0.000000   0.028219
       10.9935 0   0.000023   0.000023   0.325496    0.053434   0.000000  -0.449931   0.000000   0.000000   0.000000   0.000000   0.033995
       11.0062 0   0.000049   0.000049   0.298151    0.078072   0.000065  -0.465644   0.000000   0.000000   0.000000   0.000000   0.032988
       10.5554 0   0.004840   0.004840   0.318608    0.047825   0.000000  -0.494394   0.000000   0.000000   0.000000   0.000000   0.029378
       10.8887 0   0.000168   0.000168   0.336733    0.056343   0.000000  -0.490189   0.001728   0.000000   0.000000   0.000000   0.027401
       11.3943 0   0.005316   0.005316   0.345289    0.041001   0.000000  -0.519024   0.000000   0.000000   0.000000   0.000000   0.027490
       10.8339 0   0.000496   0.000496   0.357941    0.050900   0.000000  -0.568242   0.000000   0.000000   0.000000   0.000000   0.026545
       10.9216 0   0.000054   0.000054   0.311186    0.050538   0.000000  -0.583544   0.000000   0.000000  -0.000057   0.000000   0.033871
       11.2991 0   0.003221   0.003221   0.289512    0.058820   0.000000  -0.567669   0.000000   0.000000   0.000000   0.000000   0.026683
       10.8766 0   0.000226   0.000226   0.277304    0.037879   0.000000  -0.587307   0.000000   0.000000   0.000000   0.000000   0.028929
       10.8683 0   0.000270   0.000270   0.333133    0.042312   0.000000  -0.609519   0.000000   0.000000   0.000000  -0.004045   0.030269
       10.9758 0   0.000003   0.000003   0.294901    0.050852   0.000000  -0.637220   0.000000   0.000000  -0.000095   0.000000   0.030625
       10.9842 0   0.000011   0.000011   0.332690    0.039392   0.000000  -0.663974   0.000000   0.000000   0.000000   0.000000   0.027016
       11.0245 0   0.000102   0.000102   0.325282    0.054844   0.006160  -0.671085   0.000000   0.000000   0.000000   0.000000   0.030146
       10.5772 0   0.004338   0.004338   0.326456    0.039052   0.000000  -0.726945   0.000000   0.000000  -0.001643   0.000000   0.027672
       11.2607 0   0.002522   0.002522   0.356017    0.056563   0.000000  -0.730030   0.000000   0.000000  -0.000327   0.000000   0.036942
       10.9239 0   0.000049   0.000049   0.352205    0.056615   0.002132  -0.731216   0.000000   0.000000   0.000000   0.000000   0.027779
       10.6385 0   0.003075   0.003075   0.371254    0.043872   0.000049  -0.764731   0.000000   0.000000   0.000000   0.000000   0.027128
       10.9621 0   0.000000   0.000000   0.343332    0.042917   0.000000  -0.756484   0.000000   0.000000   0.000000   0.000000   0.031649
       11.1205 0   0.000697   0.000697   0.326667    0.053313   0.000000  -0.743557   0.000000   0.000000   0.000000   0.000000   0.028269
       10.8545 0   0.000352   0.000352   0.358426    0.042692   0.000000  -0.772349   0.000000   0.000000   0.000000   0.000000   0.023692
       11.0266 0   0.000110   0.000110   0.333911    0.064300   0.000000  -0.808021   0.000000   0.000000  -0.000000   0.000000   0.028228
       10.8999 0   0.000122   0.000122   0.338765    0.029851   0.000000  -0.758401   0.000000   0.000000   0.000000   0.000000   0.027943
       10.7792 0   0.000995   0.000995   0.352882    0.059039   0.000000  -0.812203   0.000000   0.000000   0.000000   0.000000   0.027064
       11.0910 0   0.000458   0.000458   0.287299    0.038832   0.000000  -0.757247   0.000000   0.000000  -0.000000   0.000000   0.027498
       11.4071 0   0.005638   0.005638   0.336537    0.055179   0.000000  -0.750640   0.000000   0.000000   0.000000   0.000000   0.026003
       10.7351 0   0.001525   0.001525   0.339912    0.041844   0.000000  -0.751591   0.000000   0.000000  -0.000000   0.000000   0.025091
       11.0672 0   0.000301   0.000301   0.328080    0.051993   0.000000  -0.749398   0.000000   0.000000  -0.000000   0.000000   0.028491
       11.2616 0   0.002538   0.002538   0.344709    0.037862   0.000000  -0.745843   0.000004   0.000000   0.000000   0.000000   0.030479
       10.7541 0   0.001284   0.001284   0.323633    0.041777   0.000000  -0.686909   0.000000   0.000000  -0.001638   0.000000   0.028740
       10.7835 0   0.000951   0.000951   0.372038    0.046974   0.000000  -0.755695   0.000000   0.000000   0.000000   0.000000   0.026224
       11.0916 0   0.000462   0.000462   0.322275    0.050289   0.000000  -0.783821   0.000000   0.000000   0.000000   0.000000   0.029590
       10.8415 0   0.000440   0.000440   0.354355    0.067293   0.000000  -0.773517   0.000000   0.000000   0.000000   0.000000   0.027815
       11.1429 0   0.000913   0.000913   0.298483    0.065012   0.000000  -0.690051   0.000000   0.000000   0.000000   0.000000   0.028163
       10.8590 0   0.000324   0.000324   0.359456    0.048753   0.000000  -0.702853   0.000000   0.000000   0.000000   0.000000   0.030339
       10.8749 0   0.000234   0.000234   0.340479    0.062519   0.000000  -0.726165   0.000000   0.000000   0.000000   0.000000   0.031932
       11.0890 0   0.000443   0.000443   0.353018    0.041501   0.000000  -0.719776   0.000000   0.000000   0.000000   0.000000   0.033389
       10.9172 0   0.000066   0.000066   0.334351    0.050856   0.000000  -0.674955   0.000000   0.000000   0.000000   0.000000   0.030853
       11.0462 0   0.000190   0.000190   0.353847    0.061664   0.000000  -0.678753   0.000000   0.000000   0.000000   0.000000   0.028957
       11.0877 0   0.000434   0.000434   0.354828    0.057742   0.000000  -0.653255   0.002980   0.000000   0.000000   0.000000   0.031321
       10.7539 0   0.001285   0.001285   0.336237    0.045509   0.000000  -0.614024   0.000000   0.000000   0.000000   0.000000   0.030392
       10.8979 0   0.000130   0.000130   0.365199    0.042255   0.000000  -0.646162   0.000000   0.000000   0.000000   0.000000   0.026151
       10.9392 0   0.000019   0.000019   0.350220    0.066939   0.000000  -0.670132   0.000000   0.000000   0.000000   0.000000   0.028528
       11.3648 0   0.004611   0.004611   0.287033    0.042557   0.000428  -0.623393   0.000000   0.000000   0.000000   0.000000   0.030827
       10.7918 0   0.000866   0.000866   0.360138    0.033792   0.000000  -0.713480   0.000000   0.000000   0.000000   0.000000   0.033722
       10.6085 0   0.003666   0.003666   0.299761    0.056123   0.000000  -0.681912   0.000000   0.000000   0.000000   0.000000   0.028477
       11.3425 0   0.004111   0.004111   0.326252    0.064937   0.000000  -0.715169   0.000000   0.000000   0.000000   0.000000   0.024218
       11.0828 0   0.000400   0.000400   0.357256    0.063013   0.000000  -0.691772   0.000000   0.000000   0.000000   0.000000   0.028784
       10.8286 0   0.000537   0.000537   0.348146    0.059404   0.000000  -0.674549   0.000000   0.000000   0.000000   0.000000   0.026770
       11.5007 0   0.008277   0.008277   0.327528    0.066586   0.000000  -0.643393   0.000000   0.000000   0.000000  -0.000213   0.029115
       11.0201 0   0.000088   0.000088   0.326952    0.037896   0.000000  -0.598683   0.000000   0.000000   0.000000   0.000000   0.031078
       10.5897 0   0.004062   0.004062   0.362002    0.038809   0.000000  -0.606270   0.000000   0.000000   0.000000   0.000000   0.032298
       11.2122 0   0.001763   0.001763   0.356441    0.056926   0.000000  -0.629546   0.000000   0.000000   0.000000   0.000000   0.027198
       10.8188 0   0.000617   0.000617   0.354000    0.050592   0.000000  -0.656166   0.000000   0.000000   0.000000   0.000000   0.028787
       11.3130 0   0.003494   0.003494   0.338036    0.059892   0.001926  -0.662251   0.000000   0.000000   0.000000   0.000000   0.030087
       11.0722 0   0.000332   0.000332   0.343704    0.039875   0.000000  -0.681380   0.000000   0.000000  -0.000101   0.000000   0.030233
       10.9046 0   0.000105   0.000105   0.350826    0.059261   0.000000  -0.698153   0.000000   0.000000   0.000000   0.000000   0.031563
       11.0610 0   0.000266   0.000266   0.368878    0.031135   0.000000  -0.704578   0.000000   0.000000   0.000000   0.000000   0.028928
       11.2403 0   0.002186   0.002186   0.338272    0.069380   0.000000  -0.691677   0.000000   0.000000  -0.000028   0.000000   0.030239
       10.8529 0   0.000363   0.000363   0.393786    0.040576   0.000000  -0.726313   0.000000   0.000000  -0.000010   0.000000   0.025728
       10.9779 0   0.000005   0.000005   0.350417    0.058248   0.000725  -0.725633   0.000000   0.000000   0.000000   0.000000   0.030727
       10.5867 0   0.004127   0.004127   0.332369    0.042777   0.000000  -0.711962   0.000000   0.000000  -0.000747   0.000000   0.028763
       10.6592 0   0.002698   0.002698   0.319931    0.045584   0.000000  -0.702309   0.000000   0.000000  -0.001268   0.000000   0.028702
       11.0684 0   0.000308   0.000308   0.295259    0.060762   0.000009  -0.641986   0.000000   0.000000   0.000000   0.000000   0.027333
       11.0306 0   0.000124   0.000124   0.340192    0.041054   0.004118  -0.674361   0.000000   0.000000   0.000000   0.000000   0.027939
       11.0445 0   0.000182   0.000182   0.350017    0.030771   0.000749  -0.671148   0.000000   0.000000  -0.000000   0.000000   0.028263
       11.0748 0   0.000348   0.000348   0.354046    0.042173   0.000000  -0.742672   0.000000   0.000000   0.000000   0.000000   0.027267
       11.2411 0   0.002199   0.002199   0.308360    0.040979   0.000000  -0.703134   0.000000   0.000000   0.000000   0.000000   0.028146
       10.9028 0   0.000112   0.000112   0.319530    0.067526   0.000000  -0.753404   0.000000   0.000000   0.000000   0.000000   0.033250
       10.8455 0   0.000412   0.000412   0.293457    0.058645   0.000000  -0.737388   0.000000   0.000000   0.000000   0.000000   0.026486
       10.8956 0   0.000139   0.000139   0.342252    0.048241   0.000000  -0.777290   0.000000   0.000000   0.000000   0.000000   0.031037
       10.8766 0   0.000225   0.000225   0.294967    0.066587   0.000000  -0.768826   0.000000   0.000000   0.000000   0.000000   0.027020
       11.2426 0   0.002223   0.002223   0.330718    0.048061   0.000000  -0.806107   0.000000   0.000000   0.000000   0.000000   0.028613
       11.1457 0   0.000942   0.000942   0.302307    0.051607   0.000000  -0.817505   0.000000   0.000000   0.000000   0.000000   0.027177
       10.6912 0   0.002162   0.002162   0.292712    0.048682   0.000393  -0.793248   0.000000   0.000000   0.000000   0.000000   0.027893
       10.8169 0   0.000632   0.000632   0.343198    0.067988   0.000000  -0.822547   0.000000   0.000000   0.000000   0.000000   0.035201
       10.9859 0   0.000013   0.000013   0.377671    0.050587   0.000000  -0.802391   0.000000   0.000000   0.000000   0.000000   0.030900
       10.9488 0   0.000008   0.000008   0.360113    0.053150   0.000000  -0.768756   0.000000   0.000000   0.000000   0.000000   0.027184
       11.1771 0   0.001297   0.001297   0.330471    0.035544   0.000000  -0.746513   0.000950   0.000000   0.000000   0.000000   0.030354
       10.8996 0   0.000123   0.000123   0.319970    0.047874   0.000000  -0.712567   0.000000   0.000000   0.000000   0.000000   0.028915
       11.0576 0   0.000247   0.000247   0.322225    0.048846   0.000000  -0.708387   0.000000   0.000000   0.000000   0.000000   0.030842
       10.8605 0   0.000315   0.000315   0.286254    0.041801   0.000000  -0.716726   0.000000   0.000000   0.000000   0.000000   0.033937
       10.7897 0   0.000886   0.000886   0.331981    0.023511   0.000000  -0.740180   0.000000   0.000000   0.000000   0.000000   0.027603
       10.9682 0   0.000000   0.000000   0.337056    0.067657   0.000000  -0.792969   0.000000   0.000000  -0.000000   0.000000   0.030677
       11.2009 0   0.001605   0.001605   0.341721    0.044391   0.000000  -0.757401   0.000000   0.000000   0.000000   0.000000   0.028963
       10.9374 0   0.000022   0.000022   0.320226    0.057993   0.000000  -0.779370   0.000000   0.000000   0.000000   0.000000   0.027447
       11.1674 0   0.001181   0.001181   0.336727    0.038616   0.000000  -0.773647   0.000000   0.000000  -0.000000   0.000000   0.029650
       10.8663 0   0.000281   0.000281   0.293260    0.045856   0.000000  -0.793510   0.000000   0.000000   0.000000   0.000000   0.027299
       11.1387 0   0.000870   0.000870   0.328079    0.041546   0.000000  -0.808939   0.000000   0.000000  -0.000133   0.000000   0.028841
       10.7118 0   0.001850   0.001850   0.313565    0.050015   0.000000  -0.803006   0.000000   0.000000   0.000000   0.000000   0.033600
       10.9423 0   0.000015   0.000015   0.309046    0.051072   0.000000  -0.756691   0.000000   0.000000   0.000000   0.000000   0.028847
       11.2214 0   0.001897   0.001897   0.318474    0.041319   0.000000  -0.778237   0.001105   0.000000   0.000000   0.000000   0.027637
       10.9604 0   0.000001   0.000001   0.328642    0.045981   0.000000  -0.798130   0.000000   0.000000  -0.000014  -0.000000   0.027233
       10.6716 0   0.002483   0.002483   0.281476    0.039202   0.000000  -0.797720   0.000288   0.000000   0.000000   0.000000   0.030026
       11.1208 0   0.000700   0.000700   0.371128    0.043130   0.000000  -0.865830   0.000000   0.000000   0.000000   0.000000   0.026313
       11.0973 0   0.000505   0.000505   0.329329    0.050154   0.000000  -0.829618   0.000000   0.000000  -0.000077   0.000000   0.027397
       10.6267 0   0.003301   0.003301   0.306771    0.052503   0.000000  -0.780509   0.000368   0.000000  -0.000000   0.000000   0.030566
       11.1141 0   0.000642   0.000642   0.317117    0.052697   0.000000  -0.763531   0.000000   0.000000  -0.000000   0.000000   0.028347
       11.1885 0   0.001441   0.001441   0.323973    0.051902   0.000000  -0.752345   0.000001   0.000000   0.000000   0.000000   0.034061
       11.0755 0   0.000352   0.000352   0.385457    0.041551   0.000000  -0.729632   0.000000   0.000000   0.000000   0.000000   0.030272
       10.8571 0   0.000336   0.000336   0.322522    0.045430   0.000221  -0.613337   0.000000   0.000000   0.000000   0.000000   0.026142
       10.9391 0   0.000019   0.000019   0.384601    0.042899   0.000000  -0.632165   0.000000   0.000000   0.000000   0.000000   0.032526
       10.7226 0   0.001696   0.001696   0.320754    0.051446   0.000000  -0.580758   0.000000   0.000000  -0.000072   0.000000   0.029591
       10.9954 0   0.000027   0.000027   0.299877    0.044733   0.000000  -0.517524   0.000000   0.000000  -0.000005   0.000000   0.032696
       11.0508 0   0.000212   0.000212   0.328879    0.034063   0.000000  -0.576601   0.000000   0.000000   0.000000   0.000000   0.030998
       11.1337 0   0.000821   0.000821   0.364480    0.074400   0.000000  -0.577362   0.000000   0.000000   0.000000   0.000000   0.032744
       10.7945 0   0.000839   0.000839   0.386480    0.050151   0.000000  -0.562022   0.000000   0.000000  -0.000001   0.000000   0.029238
       10.6332 0   0.003176   0.003176   0.370051    0.042031   0.000000  -0.552722   0.002787   0.000000   0.000000   0.000000   0.030806
       11.1524 0   0.001013   0.001013   0.318236    0.054199   0.000000  -0.493582   0.000000   0.000000   0.000000   0.000000   0.033442
       11.1271 0   0.000758   0.000758   0.363818    0.045960   0.000000  -0.529697   0.000000   0.000000   0.000000   0.000000   0.033949
       10.8206 0   0.000601   0.000601   0.392780    0.049051   0.000000  -0.599114   0.000000   0.000000   0.000000   0.000000   0.028239
       10.7221 0   0.001702   0.001702   0.376723    0.048788   0.000000  -0.563923   0.000000   0.000000   0.000000   0.000000   0.029081
       11.1963 0   0.001543   0.001543   0.354809    0.064739   0.000000  -0.572483   0.000000   0.000000   0.000000   0.000000   0.031501
       11.1662 0   0.001168   0.001168   0.380436    0.053913   0.000000  -0.647299   0.000372   0.000000   0.000000   0.000000   0.032660
       10.9102 0   0.000087   0.000087   0.312868    0.044250   0.000000  -0.583447   0.000000   0.000000   0.000000   0.000000   0.026034
       11.1162 0   0.000659   0.000659   0.365261    0.061679   0.000000  -0.618115   0.000000   0.000000   0.000000   0.000000   0.025683
       10.3384 0   0.011324   0.011324   0.303699    0.062328   0.000000  -0.605542   0.000000   0.000000   0.000000   0.000000   0.033640
       11.1154 0   0.000653   0.000653   0.320289    0.056753   0.000000  -0.612177   0.000000   0.000000   0.000000  -0.000002   0.030371
       11.4456 0   0.006663   0.006663   0.322363    0.067077   0.000000  -0.624749   0.000000   0.000000   0.000000   0.000000   0.040256
       10.6793 0   0.002355   0.002355   0.339700    0.042079   0.000000  -0.584724   0.000000   0.000000  -0.003975   0.000000   0.036701
       11.0368 0   0.000149   0.000149   0.352406    0.052195   0.000000  -0.597761   0.000000   0.000000   0.000000  -0.005742   0.029347
       11.5800 0   0.010910   0.010910   0.365331    0.032860   0.000000  -0.551818   0.000000  -0.000053  -0.000112   0.000000   0.029370
       10.7084 0   0.001899   0.001899   0.329158    0.044978   0.000000  -0.562255   0.000000   0.000000   0.000000   0.000000   0.027490
       10.6877 0   0.002217   0.002217   0.359566    0.051267   0.000000  -0.585291   0.000000   0.000000  -0.000000   0.000000   0.027929
       11.2728 0   0.002733   0.002733   0.342973    0.052140   0.000000  -0.565708   0.000000   0.000000  -0.000077   0.000000   0.026594
       11.1393 0   0.000877   0.000877   0.359597    0.051062   0.000000  -0.629143   0.000000   0.000000   0.000000   0.000000   0.035700
       10.9251 0   0.000046   0.000046   0.328164    0.054019   0.000000  -0.591313   0.000000   0.000000   0.000000   0.000000   0.028071
       10.8163 0   0.000638   0.000638   0.332114    0.048748   0.000014  -0.615881   0.002630   0.000000   0.000000   0.000000   0.031929
       11.0640 0   0.000283   0.000283   0.295972    0.043098   0.000000  -0.627234   0.000667   0.000000   0.000000   0.000000   0.027567
       11.2595 0   0.002503   0.002503   0.348483    0.041227   0.000000  -0.669908   0.000000   0.000000   0.000000   0.000000   0.028798
       10.6853 0   0.002257   0.002257   0.385010    0.073864   0.000000  -0.677814   0.000000  -0.018115  -0.003456   0.000000   0.025806
       10.8753 0   0.000232   0.000232   0.324555    0.046054   0.001757  -0.629847   0.000000   0.000000   0.000000   0.000000   0.024656
       10.7598 0   0.001214   0.001214   0.348184    0.046257   0.000000  -0.680843   0.000000   0.000000  -0.000007   0.000000   0.027755
       11.1447 0   0.000932   0.000932   0.303099    0.039889   0.001447  -0.660990   0.000000   0.000000   0.000000   0.000000   0.026181
       11.0562 0   0.000240   0.000240   0.317785    0.039645   0.000182  -0.687132   0.000000   0.000000   0.000000   0.000000   0.028297
       10.8870 0   0.000175   0.000175   0.313696    0.058779   0.000000  -0.690369   0.000000   0.000000   0.000000   0.000000   0.025648
       10.7967 0   0.000817   0.000817   0.328105    0.056060   0.000000  -0.726011   0.000000   0.000000   0.000000   0.000000   0.027135
       11.0904 0   0.000453   0.000453   0.304962    0.054255   0.000000  -0.692362   0.000000   0.000000   0.000000   0.000000   0.028354
       11.0320 0   0.000129   0.000129   0.320504    0.037387   0.000000  -0.663071   0.000000   0.000000   0.000000   0.000000   0.032796
       10.6738 0   0.002446   0.002446   0.375743    0.048851   0.000000  -0.690228   0.000000   0.000000  -0.000172   0.000000   0.029960
       11.0477 0   0.000197   0.000197   0.335076    0.054438   0.000000  -0.682400   0.000000   0.000000   0.000000   0.000000   0.026620
       11.0874 0   0.000432   0.000432   0.310118    0.049641   0.000000  -0.657705   0.000000   0.000000   0.000000   0.000000   0.027803
       10.5240 0   0.005611   0.005611   0.307136    0.061478   0.000000  -0.653685   0.000000   0.000000   0.000000  -0.000409   0.026384
       11.1628 0   0.001129   0.001129   0.296777    0.055636   0.000000  -0.626909   0.000000   0.000000   0.000000  -0.012702   0.035859
       11.1866 0   0.001417   0.001417   0.339705    0.046873   0.000000  -0.655302   0.000000   0.000000   0.000000   0.000000   0.024414
       10.6634 0   0.002625   0.002625   0.340327    0.051781   0.000000  -0.660090   0.000027   0.000000   0.000000   0.000000   0.027823
       10.8264 0   0.000554   0.000554   0.349066    0.045263   0.000000  -0.726629   0.000000   0.000000   0.000000   0.000000   0.030404
       11.2352 0   0.002106   0.002106   0.327389    0.044444   0.000000  -0.692959   0.000000   0.000000   0.000000   0.000000   0.027367
       11.0523 0   0.000220   0.000220   0.299795    0.050490   0.000000  -0.691303   0.000000   0.000000   0.000000   0.000000   0.028697
       10.6396 0   0.003054   0.003054   0.296459    0.070308   0.000000  -0.700813   0.000000   0.000000   0.000000   0.000000   0.028829
       11.1480 0   0.000966   0.000966   0.332580    0.047147   0.000000  -0.714262   0.000000  -0.000000  -0.000008   0.000000   0.032912
       10.8785 0   0.000216   0.000216   0.312545    0.052696   0.000000  -0.722319   0.000000   0.000000   0.000000   0.000000   0.027312
       11.0395 0   0.000160   0.000160   0.296823    0.051655   0.000000  -0.717995   0.000000   0.000000   0.000000   0.000000   0.029883
       11.1058 0   0.000572   0.000572   0.283231    0.047458   0.000000  -0.706265   0.000000   0.000000   0.000000   0.000000   0.032648
       10.5287 0   0.005492   0.005492   0.307364    0.054381   0.000000  -0.705054   0.000000   0.000000   0.000000   0.000000   0.031378
       10.7483 0   0.001354   0.001354   0.339275    0.048460   0.000000  -0.705845   0.000000   0.000000   0.000000   0.000000   0.026275
       11.3797 0   0.004962   0.004962   0.323620    0.039248   0.000041  -0.702619   0.000000   0.000000   0.000000   0.000000   0.030864
       10.9509 0   0.000006   0.000006   0.355589    0.065189   0.000000  -0.747149   0.000000   0.000000   0.000000   0.000000   0.025389
       10.5528 0   0.004901   0.004901   0.328014    0.047475   0.000000  -0.736544   0.000000   0.000000   0.000000   0.000000   0.030434
       11.0294 0   0.000120   0.000120   0.314454    0.055378   0.000000  -0.704274   0.000000   0.000000   0.000000   0.000000   0.030554
       10.8072 0   0.000718   0.000718   0.328403    0.046947   0.000000  -0.739146   0.000000   0.000000   0.000000   0.000000   0.027544
       10.8974 0   0.000132   0.000132   0.293486    0.047066   0.000000  -0.725173   0.000000   0.000000   0.000000   0.000000   0.027634
       11.0361 0   0.000146   0.000146   0.301029    0.061886   0.000000  -0.733460   0.000000   0.000000   0.000000   0.000000   0.030357
       11.0009 0   0.000037   0.000037   0.311909    0.042820   0.000000  -0.700052   0.000000   0.000000   0.000000   0.000000   0.025132
       11.2112 0   0.001749   0.001749   0.312115    0.048496   0.000000  -0.755929   0.000000   0.000000   0.000000   0.000000   0.025463
       10.7501 0   0.001333   0.001333   0.336207    0.050852   0.000000  -0.746187   0.000000   0.000000   0.000000   0.000000   0.033893
       10.8718 0   0.000251   0.000251   0.327206    0.058585   0.000000  -0.740937   0.000000   0.000000   0.000000  -0.000025   0.029068
       10.9017 0   0.000116   0.000116   0.325896    0.045529   0.000000  -0.711408   0.000000   0.000000   0.000000   0.000000   0.028883
       10.8365 0   0.000476   0.000476   0.322613    0.051953   0.002695  -0.655057   0.000000   0.000000   0.000000   0.000000   0.023871
       11.0966 0   0.000500   0.000500   0.293129    0.059120   0.000000  -0.619632   0.000000   0.000000   0.000000   0.000000   0.028035
       10.9331 0   0.000029   0.000029   0.342114    0.059600   0.000000  -0.641967   0.000000   0.000000  -0.000001   0.000000   0.027060
       10.7527 0   0.001300   0.001300   0.339339    0.048210   0.000000  -0.657111   0.000000   0.000000   0.000000   0.000000   0.029937
       10.9764 0   0.000004   0.000004   0.344826    0.061945   0.000000  -0.674307   0.000000   0.000000   0.000000   0.000000   0.030093
       11.2754 0   0.002779   0.002779   0.321168    0.063493   0.000000  -0.633900   0.000000   0.000000   0.000000   0.000000   0.035351
       10.6957 0   0.002091   0.002091   0.385520    0.046201   0.000000  -0.638494   0.000000   0.000000   0.000000   0.000000   0.030851
       10.6623 0   0.002643   0.002643   0.308747    0.073605   0.000000  -0.607868   0.003399   0.000000  -0.000090   0.000000   0.026098
       10.7913 0   0.000870   0.000870   0.337601    0.047741   0.000000  -0.641899   0.000000   0.000000   0.000000   0.000000   0.031515
       10.9088 0   0.000091   0.000091   0.369758    0.048968   0.000000  -0.623956   0.000890   0.000000   0.000000   0.000000   0.033763
       11.1415 0   0.000899   0.000899   0.352962    0.065171   0.000000  -0.628720   0.000000   0.000000   0.000000   0.000000   0.032019
       10.9906 0   0.000019   0.000019   0.332008    0.045340   0.000329  -0.642800   0.000000   0.000000   0.000000   0.000000   0.031512
       10.5581 0   0.004776   0.004776   0.305396    0.047161   0.000000  -0.582063   0.000000   0.000000   0.000000   0.000000   0.030260
       11.2925 0   0.003094   0.003094   0.292197    0.057837   0.000000  -0.550969   0.000000   0.000000   0.000000   0.000000   0.026973
       10.8434 0   0.000427   0.000427   0.331428    0.045615   0.000000  -0.541612   0.000000   0.000000   0.000000   0.000000   0.030857
       10.8037 0   0.000751   0.000751   0.321216    0.050475   0.000000  -0.572471   0.000000   0.000000   0.000000   0.000000   0.033300
       10.7577 0   0.001240   0.001240   0.332968    0.053056   0.000000  -0.610472   0.000000   0.000000   0.000000   0.000000   0.030558
       11.2013 0   0.001611   0.001611   0.365867    0.035236   0.000000  -0.564367   0.000000   0.000000   0.000000   0.000000   0.031561
       10.9112 0   0.000084   0.000084   0.364260    0.041227   0.000418  -0.559099   0.000000   0.000000   0.000000   0.000000   0.033750
       10.7118 0   0.001850   0.001850   0.316008    0.052705   0.000000  -0.547534   0.000000   0.000000   0.000000   0.000000   0.029035
       11.1043 0   0.000560   0.000560   0.372329    0.061658   0.000000  -0.606448   0.000000   0.000000   0.000000   0.000000   0.031122
       10.8874 0   0.000174   0.000174   0.352979    0.046786   0.000000  -0.552169   0.000000   0.000000   0.000000   0.000000   0.030171
       10.7574 0   0.001243   0.001243   0.325612    0.059685   0.000000  -0.532185   0.000000   0.000000   0.000000   0.000000   0.030788
       11.1252 0   0.000741   0.000741   0.359750    0.056401   0.000000  -0.607356   0.000000   0.000000   0.000000   0.000000   0.034258
       11.0478 0   0.000198   0.000198   0.345282    0.052092   0.000000  -0.557590   0.000000   0.000000   0.000000   0.000000   0.029701
       10.9859 0   0.000013   0.000013   0.301391    0.047139   0.000000  -0.523870   0.000000   0.000000   0.000000   0.000000   0.035637
       10.9440 0   0.000013   0.000013   0.337336    0.058327   0.004273  -0.585762   0.000000   0.000000  -0.000214   0.000000   0.032764
       11.0446 0   0.000183   0.000183   0.306311    0.041800   0.000623  -0.505861   0.001975   0.000000   0.000000  -0.013115   0.035012
       11.0656 0   0.000292   0.000292   0.392385    0.037357   0.000000  -0.588250   0.000000   0.000000  -0.000000   0.000000   0.034165
       11.2593 0   0.002499   0.002499   0.384166    0.040369   0.000000  -0.566988   0.000000   0.000000   0.000000   0.000000   0.033542
       10.8909 0   0.000158   0.000158   0.326658    0.067572   0.000000  -0.521345   0.000000   0.000000   0.000000   0.000000   0.026230
       10.7384 0   0.001481   0.001481   0.378398    0.052897   0.000000  -0.520097   0.006941   0.000000   0.000000  -0.013464   0.027545
       11.2832 0   0.002921   0.002921   0.312967    0.054136   0.000000  -0.516720   0.000000   0.000000   0.000000   0.000000   0.025991
       11.1787 0   0.001318   0.001318   0.386868    0.054294   0.000000  -0.619262   0.001588   0.000000   0.000000   0.000000   0.027695
       11.0483 0   0.000200   0.000200   0.354245    0.037311   0.000000  -0.580364   0.000000   0.000000   0.000000  -0.005710   0.029401
       10.7315 0   0.001573   0.001573   0.354053    0.039311   0.000000  -0.578442   0.000000   0.000000  -0.000262  -0.002127   0.033583
       10.5022 0   0.006180   0.006180   0.295844    0.051906   0.004029  -0.512209   0.000000   0.000000   0.000000   0.000000   0.028767
       10.9953 0   0.000026   0.000026   0.308031    0.053400   0.000000  -0.534480   0.000000   0.000000  -0.000012   0.000000   0.033536
       10.9331 0   0.000029   0.000029   0.375228    0.039181   0.000000  -0.585569   0.000000   0.000000   0.000000   0.000000   0.026019
       10.4487 0   0.007690   0.007690   0.339867    0.059783   0.000000  -0.591106   0.000000   0.000000   0.000000   0.000000   0.031271
       10.9677 0   0.000000   0.000000   0.340891    0.034608   0.000000  -0.602857   0.000000   0.000000   0.000000   0.000000   0.027747
       10.8071 0   0.000720   0.000720   0.339044    0.053092   0.000000  -0.589140   0.000000   0.000000   0.000000   0.000000   0.028732
       10.9574 0   0.000002   0.000002   0.354377    0.061996   0.000000  -0.603491   0.000000   0.000000   0.000000   0.000000   0.029798
       11.0037 0   0.000043   0.000043   0.348054    0.050732   0.000000  -0.561661   0.000000   0.000000   0.000000   0.000000   0.025884
       11.0280 0   0.000115   0.000115   0.318525    0.040754   0.003222  -0.530389   0.000000   0.000000   0.000000   0.000000   0.028879
       10.9728 0   0.000002   0.000002   0.347650    0.044868   0.000000  -0.559840   0.000000   0.000000   0.000000   0.000000   0.034167
       10.9588 0   0.000001   0.000001   0.416553    0.044259   0.000000  -0.673414   0.000000   0.000000   0.000000   0.000000   0.029758
       10.8189 0   0.000616   0.000616   0.393844    0.065935   0.000000  -0.660637   0.000000   0.000000  -0.000005   0.000000   0.029156
       10.7482 0   0.001356   0.001356   0.349061    0.054984   0.000000  -0.598847   0.000000   0.000000  -0.000015   0.000000   0.034664
       11.1232 0   0.000722   0.000722   0.355005    0.035853   0.000227  -0.625570   0.000000   0.000000   0.000000   0.000000   0.029197
       10.9155 0   0.000071   0.000071   0.357559    0.076619   0.000000  -0.685973   0.000000   0.000000   0.000000   0.000000   0.026955
       10.9037 0   0.000109   0.000109   0.321819    0.063021   0.000000  -0.652389   0.000000   0.000000   0.000000   0.000000   0.032751
       10.8378 0   0.000467   0.000467   0.306265    0.041320   0.003709  -0.653938   0.000000   0.000000  -0.003173   0.000000   0.034348
       10.9962 0   0.000028   0.000028   0.313678    0.049170   0.000000  -0.724877   0.000000   0.000000   0.000000   0.000000   0.025627
       11.0386 0   0.000156   0.000156   0.282515    0.048521   0.000000  -0.693707   0.000210   0.000000   0.000000   0.000000   0.036373
       10.6294 0   0.003249   0.003249   0.344929    0.066047   0.000003  -0.745110   0.000000   0.000000   0.000000   0.000000   0.026439
       11.2844 0   0.002942   0.002942   0.331800    0.047451   0.002243  -0.696440   0.000000   0.000000   0.000000   0.000000   0.032602
       11.2856 0   0.002965   0.002965   0.284259    0.039271   0.000000  -0.680066   0.000000   0.000000   0.000000   0.000000   0.024147
       10.9601 0   0.000001   0.000001   0.301530    0.056547   0.000000  -0.698671   0.000000   0.000000   0.000000   0.000000   0.027571
       10.9683 0   0.000000   0.000000   0.332502    0.040769   0.000000  -0.704488   0.000000   0.000000   0.000000   0.000000   0.030822
       11.2279 0   0.001994   0.001994   0.334402    0.040649   0.000000  -0.685781   0.000068   0.000000   0.000000   0.000000   0.028777
       10.9094 0   0.000089   0.000089   0.323621    0.049271   0.000000  -0.677245   0.003402   0.000000   0.000000   0.000000   0.037604
       11.1632 0   0.001133   0.001133   0.328773    0.053948   0.000000  -0.649621   0.000000   0.000000   0.000000   0.000000   0.022876
       10.6776 0   0.002383   0.002383   0.316630    0.047883   0.000000  -0.637939   0.000000   0.000000   0.000000   0.000000   0.028082
       10.7507 0   0.001325   0.001325   0.339476    0.062742   0.000000  -0.664916   0.000000   0.000000   0.000000   0.000000   0.032026
       11.1695 0   0.001207   0.001207   0.318430    0.046849   0.000000  -0.663444   0.000000   0.000000   0.000000   0.000000   0.034652
       11.2853 0   0.002959   0.002959   0.339746    0.056474   0.000000  -0.721509   0.000000   0.000000   0.000000   0.000000   0.027201
       10.7227 0   0.001693   0.001693   0.322011    0.039472   0.000000  -0.698537   0.000000   0.000000   0.000000   0.000000   0.029186
       10.9249 0   0.000046   0.000046   0.345793    0.036179   0.000000  -0.671454   0.000000   0.000000  -0.000014   0.000000   0.029590
       10.7620 0   0.001189   0.001189   0.356723    0.055838   0.000000  -0.689096   0.000000   0.000000  -0.000000   0.000000   0.026871
       11.1016 0   0.000538   0.000538   0.351879    0.058277   0.000000  -0.662075   0.000000   0.000000   0.000000   0.000000   0.027850
       10.8793 0   0.000212   0.000212   0.369920    0.052505   0.000000  -0.685047   0.000000   0.000000   0.000000   0.000000   0.028033
       10.9563 0   0.000002   0.000002   0.349305    0.053306   0.000000  -0.720772   0.000000   0.000000   0.000000   0.000000   0.028457
       10.8897 0   0.000164   0.000164   0.321830    0.047731   0.000000  -0.713254   0.000000   0.000000  -0.000771   0.000000   0.030700
       11.0308 0   0.000125   0.000125   0.358843    0.053074   0.000000  -0.744873   0.000000   0.000000   0.000000   0.000000   0.027436
       11.0591 0   0.000255   0.000255   0.336426    0.056332   0.000000  -0.753873   0.000000   0.000000   0.000000   0.000000   0.026737
       10.5069 0   0.006053   0.006053   0.361029    0.045803   0.000000  -0.779966   0.000000   0.000000   0.000000   0.000000   0.030323
       10.9297 0   0.000036   0.000036   0.298578    0.026607   0.000000  -0.713577   0.000000   0.000000   0.000000   0.000000   0.029274
       11.0684 0   0.000309   0.000309   0.317157    0.047045   0.000000  -0.698767   0.000000   0.000000   0.000000   0.000000   0.026090
       10.9704 0   0.000001   0.000001   0.328643    0.061548   0.000000  -0.729775   0.000000   0.000000   0.000000   0.000000   0.027464
       11.1499 0   0.000986   0.000986   0.287611    0.050624   0.000000  -0.718497   0.001054   0.000000  -0.000000   0.000000   0.028993
       10.8989 0   0.000126   0.000126   0.288189    0.046227   0.000000  -0.722462   0.000000  -0.000000   0.000000   0.000000   0.029339
       11.1918 0   0.001484   0.001484   0.259941    0.047841   0.000476  -0.660594   0.000000   0.000000   0.000000   0.000000   0.031501
       11.1125 0   0.000628   0.000628   0.323788    0.041733   0.000000  -0.678879   0.000294   0.000000   0.000000   0.000000   0.027089
       11.1284 0   0.000770   0.000770   0.280243    0.051355   0.000000  -0.627137   0.000000   0.000000  -0.000216   0.000000   0.025368
       10.9663 0   0.000000   0.000000   0.318382    0.068389   0.000000  -0.665804   0.000000   0.000000  -0.000000   0.000000   0.036756
       11.1504 0   0.000991   0.000991   0.301675    0.044521   0.000000  -0.630644   0.000000   0.000000   0.000000   0.000000   0.030431
       10.8520 0   0.000368   0.000368   0.373919    0.047501   0.000000  -0.688042   0.000000   0.000000   0.000000   0.000000   0.027752
       10.8559 0   0.000344   0.000344   0.404666    0.041543   0.000000  -0.757250   0.000000   0.000000   0.000000   0.000000   0.025095
       10.7966 0   0.000818   0.000818   0.304253    0.038877   0.000000  -0.665582   0.000000   0.000000  -0.001246   0.000000   0.029493
       10.8273 0   0.000547   0.000547   0.300431    0.057890   0.000000  -0.683115   0.000143   0.000000   0.000000   0.000000   0.028632
       10.9806 0   0.000007   0.000007   0.332947    0.046580   0.000000  -0.661276   0.000000   0.000000   0.000000   0.000000   0.028194
       11.1686 0   0.001196   0.001196   0.362884    0.058642   0.000000  -0.654397   0.000000   0.000000   0.000000   0.000000   0.028175
       10.8728 0   0.000245   0.000245   0.364531    0.042196   0.000000  -0.662290   0.000000   0.000000   0.000000  -0.000000   0.032677
       10.9006 0   0.000120   0.000120   0.391203    0.046564   0.000000  -0.673864   0.000000   0.000000   0.000000   0.000000   0.029723
       11.1679 0   0.001188   0.001188   0.319146    0.060658   0.000000  -0.634107   0.000000  -0.000000   0.000000   0.000000   0.030474
       11.0873 0   0.000431   0.000431   0.397835    0.044395   0.000000  -0.697640   0.000000   0.000000   0.000000   0.000000   0.028024
       11.0344 0   0.000139   0.000139   0.379458    0.028441   0.000000  -0.649516   0.000000   0.000000   0.000000   0.000000   0.028860
       11.0444 0   0.000182   0.000182   0.336142    0.047768   0.000000  -0.626272   0.000000   0.000000   0.000000   0.000000   0.032528
       10.9753 0   0.000003   0.000003   0.322872    0.042433   0.000000  -0.649011   0.000000   0.000000  -0.000000   0.000000   0.035378
       11.3845 0   0.005076   0.005076   0.392066    0.054952   0.000000  -0.712867   0.000000   0.000000  -0.000009   0.000000   0.027377
       10.7564 0   0.001256   0.001256   0.353584    0.049459   0.000000  -0.681250   0.000000   0.000000   0.000000   0.000000   0.028543
       11.0122 0   0.000064   0.000064   0.373914    0.043595   0.000000  -0.700430   0.000000   0.000000   0.000000   0.000000   0.027346
       10.9071 0   0.000097   0.000097   0.387910    0.034878   0.000000  -0.684562   0.000000   0.000000  -0.000000   0.000000   0.032300
       11.1240 0   0.000729   0.000729   0.352838    0.053029   0.000000  -0.670821   0.000000   0.000000   0.000000   0.000000   0.028343
       11.1175 0   0.000671   0.000671   0.322831    0.069471   0.000000  -0.680004   0.000000   0.000000   0.000000   0.000000   0.031936
       10.8678 0   0.000273   0.000273   0.321482    0.068739   0.001710  -0.671403   0.000000   0.000000   0.000000   0.000000   0.027713
       10.9392 0   0.000019   0.000019   0.376361    0.045995   0.000426  -0.700539   0.001031   0.000000   0.000000   0.000000   0.031342
       10.9374 0   0.000022   0.000022   0.318214    0.061445   0.000000  -0.686504   0.000000   0.000000  -0.000635   0.000000   0.026452
       10.9800 0   0.000007   0.000007   0.354091    0.053785   0.000000  -0.728547   0.000000   0.000000   0.000000   0.000000   0.026504
       11.0320 0   0.000130   0.000130   0.321374    0.036146   0.000000  -0.718890   0.000000   0.000000   0.000000   0.000000   0.030090
       11.2423 0   0.002218   0.002218   0.284238    0.037813   0.000000  -0.708562   0.000000   0.000000  -0.000328  -0.000034   0.028233
       10.5751 0   0.004384   0.004384   0.330430    0.044636   0.000000  -0.742804   0.000000   0.000000   0.000000   0.000000   0.027646
       11.0610 0   0.000266   0.000266   0.313586    0.058033   0.000000  -0.711015   0.000000   0.000000   0.000000   0.000000   0.026125
       11.1887 0   0.001444   0.001444   0.329709    0.051530   0.000000  -0.769986   0.000189   0.000000  -0.000023   0.000000   0.028965
       10.7978 0   0.000807   0.000807   0.318399    0.044562   0.000000  -0.773401   0.000000   0.000000   0.000000   0.000000   0.030452
       10.7317 0   0.001571   0.001571   0.361321    0.055124   0.000000  -0.820786   0.002205   0.000000  -0.000001   0.000000   0.030451
       10.9330 0   0.000029   0.000029   0.331700    0.067456   0.000000  -0.819144   0.000000   0.000000   0.000000   0.000000   0.031042
       11.1325 0   0.000809   0.000809   0.335192    0.048987   0.000000  -0.821673   0.000000   0.000000   0.000000   0.000000   0.029986
       11.2223 0   0.001910   0.001910   0.329325    0.068542   0.000000  -0.821923   0.000000   0.000000   0.000000   0.000000   0.028791
       10.7511 0   0.001320   0.001320   0.307141    0.059521   0.000000  -0.828783   0.000000   0.000000   0.000000   0.000000   0.029817
       10.8546 0   0.000352   0.000352   0.295642    0.066281   0.000000  -0.800313   0.000000   0.000000   0.000000   0.000000   0.031782
       10.9480 0   0.000008   0.000008   0.327136    0.047467   0.000000  -0.834467   0.000000   0.000000  -0.001431   0.000000   0.031653
       10.9115 0   0.000083   0.000083   0.332515    0.047043   0.000000  -0.852921   0.000000   0.000000   0.000000   0.000000   0.024777
       11.0465 0   0.000191   0.000191   0.327055    0.043570   0.000000  -0.820831   0.000000   0.000000   0.000000   0.000000   0.031508
       11.0130 0   0.000066   0.000066   0.341942    0.038759   0.000000  -0.763231   0.000000   0.000000   0.000000   0.000000   0.025500
       11.0412 0   0.000167   0.000167   0.330030    0.054485   0.000000  -0.744717   0.000000   0.000000   0.000000   0.000000   0.031557
       11.0223 0   0.000095   0.000095   0.316411    0.039473   0.000000  -0.701697   0.000000   0.000000   0.000000   0.000000   0.027359
       11.0252 0   0.000105   0.000105   0.322471    0.048236   0.000522  -0.699470   0.000000   0.000000  -0.000188   0.000000   0.028975
       11.1706 0   0.001220   0.001220   0.329847    0.036559   0.000000  -0.712689   0.000000   0.000000   0.000000   0.000000   0.027458
       10.8926 0   0.000151   0.000151   0.303044    0.033650   0.000000  -0.692653   0.000000   0.000000   0.000000   0.000000   0.030971
       10.9710 0   0.000001   0.000001   0.342121    0.043076   0.000461  -0.750213   0.000000   0.000000  -0.000000   0.000000   0.027487
       10.7458 0   0.001385   0.001385   0.357837    0.045752   0.001081  -0.746443   0.000000   0.000000   0.000000   0.000000   0.023462
       10.5790 0   0.004297   0.004297   0.303083    0.044558   0.000000  -0.723373   0.000000   0.000000   0.000000   0.000000   0.026172
       10.9960 0   0.000028   0.000028   0.302322    0.054619   0.000000  -0.743694   0.000000   0.000000   0.000000   0.000000   0.026719
