0.26923031614961335 
0.2692133665457245 
0.2692293845135277 
0.2692305909045555 
0.2692287104052469 
0.2692288672976544 
0.26923017849215236 
0.2692291097993672 
0.2692288645217452 
0.2307684887194888 
0.2307688049496856 
0.2307482760380557 
0.23076722563520177 
0.23076908128897117 
0.2307671111086622 
0.2307690930612925 
0.23076271165350032 
0.19230759132852007 
0.23076780582878012 
0.2307660513899853 
0.2307691355588613 
0.2307677617624724 
0.2307676276436054 
0.23076857662114164 
0.23076898904313126 
0.23076901022920324 
0.23076895579696963 
0.23076764872490868 
0.23076781453621403 
0.23076916303627198 
0.23076891880959696 
0.23076911318112994 
0.23072121102340645 
0.23076703831087067 
0.23076914753589867 
0.2307690294578544 
0.2307688034153685 
0.23076912531161 
0.23076421695046123 
0.23076873348292598 
0.2307686929656995 
0.2307682324502761 
0.23076796456172494 
0.23076916079918836 
0.23076808520232922 
0.23076910131204406 
0.2307656195534946 
0.23075158121725534 
0.2307687642023912 
0.23076879594367064 
0.23074305011873192 
0.2307691137876449 
0.23076866307131486 
0.2307684038996376 
0.2307683687620955 
0.23076849402081615 
0.23076771319023484 
0.23076879711363524 
0.2307688925457358 
0.23076697100679663 
0.23076912155573304 
0.23076593474215543 
0.23076788252663744 
0.2307688219484345 
0.2307548681474823 
0.2307690737190904 
0.23076839221167939 
0.23071639646728512 
0.23076824458817138 
0.23076898984508437 
0.23076702446613198 
0.23076833074628297 
0.23076699228151873 
0.2307680876628275 
0.23075706521595313 
0.23076880487166862 
0.23076854878509023 
0.230757332029843 
0.23074901715239776 
0.23076876236018296 
0.23076803617798156 
0.2307690416885428 
0.23076592941152907 
0.23076559998278834 
0.23076865917606781 
0.2307690767574632 
0.23076815744070356 
0.23076867856645103 
0.23076839922989142 
0.23076721233222608 
0.23076839784332684 
0.23076857836644243 
0.23076894387224245 
0.23076587483857833 
0.23076638243866668 
0.2307426629815999 
0.2307691324906289 
0.23076863769007508 
0.23076278100159978 
0.23076766271212412 
0.23073665831904475 
0.22882274398120178 
0.23076893960800454 
0.23076874040543086 
0.23076906585094983 
0.23076493373364532 
0.2307681778775693 
0.2301552355124178 
0.23076405759191174 
0.23076893769046541 
0.23074155551776104 
0.23076860719090925 
0.23076654506708286 
0.23076863889766638 
0.23075821180974793 
0.19230760203684932 
0.1923074913878554 
0.2307684814871416 
0.23076830263850617 
0.23076767131903936 
0.23076891996090332 
0.23076805728530145 
0.23076723053686826 
0.23076878144195262 
0.23076638707419816 
0.23076383241857862 
0.23076890122653773 
0.19230756874970167 
0.19230758563144307 
0.1923071780231872 
0.19229105851717337 
0.19230750612752956 
0.19230763864296727 
0.19230758217574656 
0.19230605512849713 
0.19230725293419004 
0.19230728515492473 
0.19230462401052936 
0.15384578666859577 
0.15384604178759667 
0.15384530130270382 
0.15383715395407344 
0.1384965434846877 
0.15384497739563877 
0.1538456454009475 
0.15384613819232842 
0.15384586482015064 
0.15384610628408538 
0.1336454695853297 
0.115384527221403 
0.11538457341819368 
0.11538442150067305 
0.1153842773718053 
0.11971199744138568 
0.11538167874500069 
0.11538444456942992 
0.1153843289349083 
0.11534322781338632 
0.1153794068840715 
0.11533804503493253 
0.11538709109750747 
0.11538423075002534 
0.11538441659789775 
0.11538048404304388 
0.11538454528387021 
0.11538367374694393 
0.11538443841376661 
0.11538284420925268 
0.11538417204582618 
0.11538317732071672 
0.11538424681489179 
0.11538459968008002 
0.11538430920313444 
0.11538459845653735 
0.11538072173100325 
0.11538448142415264 
0.11538446622386221 
0.11538361564749436 
0.1153842302355393 
0.11538253574379717 
0.11538412326414865 
0.11538444644380666 
0.11538461467864504 
3.326072488125568e-180 
1.0812494503938086e-211 
5.964547793832346e-186 
5.1205403062882176e-148 
8.607784755057594e-213 
3.272587194812844e-155 
1.8388229333692094e-172 
9.791282476733579e-197 
9.192340179232486e-223 
4.035363480377847e-200 
9.50519929945589e-187 
3.540299744778987e-209 
7.662324794887034e-190 
1.407503215094312e-220 
1.0022246048496479e-234 
2.200827106804906e-180 
1.0873423337810255e-174 
8.342151218721635e-192 
7.20261282850712e-204 
1.952978556559493e-209 
3.0569423173839255e-206 
3.95057251873607e-208 
2.955967211724139e-178 
4.38943585197514e-145 
4.759286874974145e-144 
1.1398577832870163e-111 
2.2428199146166982e-145 
5.453363154383312e-214 
7.551018918238514e-148 
2.344308665579813e-143 
1.4637669609200848e-136 
1.6368936897063218e-117 
2.35558639452732e-103 
1.1965723795283376e-140 
1.1845670461704482e-149 
2.167470858115745e-78 
1.707313977962323e-170 
8.427485640036095e-198 
9.925941327822166e-191 
5.5261251147583975e-160 
4.925953999337502e-228 
8.345364812084146e-123 
3.4396188300130944e-189 
6.362791538629061e-60 
1.3635462165509527e-214 
5.487589205334575e-209 
4.4569680184144246e-222 
1.7157771881034146e-182 
2.2459813408568397e-171 
1.286491300416956e-192 
1.7719143242932753e-208 
1.9624352699378622e-99 
5.232506603920035e-186 
1.4294389550231245e-206 
8.426267263586036e-149 
4.199829707964832e-187 
3.780730450908672e-209 
5.342358677581544e-204 
3.7554852089677044e-148 
4.745815021528133e-199 
7.244328726359824e-176 
5.267352213977074e-231 
6.823296717202055e-163 
5.575956801920122e-220 
4.918044552414906e-200 
2.85683440011574e-214 
1.723965583115169e-163 
1.3655353307524537e-154 
7.340319501001428e-197 
2.4355159902274408e-89 
2.94800448048011e-163 
8.488975803118951e-194 
1.298565431365144e-154 
2.4126960985738608e-216 
4.149488436192876e-195 
1.2466487138594407e-107 
6.381970443710304e-128 
2.7902163842396087e-240 
1.6567468450868956e-182 
1.859756021345096e-135 
1.7164760694645955e-225 
1.8092229361787646e-148 
6.629902221028014e-159 
2.4388019271632258e-207 
1.1965299410507027e-200 
3.371568033042865e-163 
1.262095547400498e-190 
2.792151925252586e-168 
4.744065257191986e-121 
8.347698956137014e-150 
4.877735790961744e-154 
4.75033836172538e-206 
2.6022726758748105e-155 
1.5550326200484045e-129 
1.6923162680739563e-182 
1.2787606838814308e-201 
6.847494404290948e-170 
2.426688330393074e-183 
4.7448239814603025e-210 
1.654526752698667e-118 
1.7309512707408603e-161 
4.1527952464614944e-159 
2.1871414888583225e-185 
1.5784874608600154e-197 
3.884395061776112e-165 
7.854459402954388e-159 
2.4672640076442845e-139 
8.297500576279292e-167 
4.106014287322587e-174 
5.336817089025693e-88 
9.336722563563563e-41 
1.1440216167947766e-203 
1.3597033931113183e-201 
8.091709554265186e-196 
1.1280215150501938e-161 
1.6090014876163383e-190 
3.231307474770808e-193 
1.5543138377544025e-172 
5.687688639733826e-101 
1.682346491330007e-154 
2.7315157976189884e-116 
9.656261050966394e-217 
2.9472655290972334e-209 
1.0059319468112121e-210 
3.333467992995403e-179 
3.272419468873407e-147 
7.205654488885895e-86 
1.275318292899808e-125 
6.715078875080508e-156 
1.7831219445519393e-159 
1.0560538360959363e-152 
3.2539047948111526e-220 
4.3811287194349184e-198 
1.1288579898537563e-187 
4.133054221933108e-242 
7.35052909234505e-205 
1.0284020112565502e-170 
6.617301468055088e-197 
2.2266137550242547e-219 
7.929075586062213e-138 
1.0287530526994703e-198 
9.275208380203534e-198 
2.9604373030839045e-81 
5.891764470249186e-81 
1.8518702488790846e-216 
2.240661072496244e-219 
2.3280147923379244e-196 
7.80047008296072e-199 
5.090717927026999e-220 
1.1156620280337022e-165 
9.851158531120788e-173 
3.5562878060103335e-154 
1.6135378946358545e-196 
2.7978540631917067e-221 
4.930296688028085e-196 
2.9349017107240396e-174 
4.718065001386681e-213 
8.942247877212588e-161 
1.2062453372981373e-185 
1.0678420950720657e-168 
3.551879040270702e-131 
3.636419846385796e-177 
3.4605201617709465e-201 
1.3864225167846158e-152 
2.1335131342920138e-193 
3.7039041138626595e-209 
8.054564332268865e-185 
6.170504335737715e-153 
2.5442068876052378e-169 
8.477640076011438e-162 
6.53043356773833e-191 
1.060000691588349e-220 
7.797385369456653e-197 
9.448538633446276e-206 
4.428467241394998e-189 
5.153169862312908e-158 
1.6121195296610626e-212 
1.1999882984407994e-199 
7.322730593111728e-209 
1.335163710754419e-156 
5.273375455542973e-248 
8.5599194926365e-194 
8.09410043407153e-194 
1.4841257324573368e-153 
9.29120387795189e-143 
6.355892371163496e-186 
1.208387293104154e-167 
7.843755364634745e-187 
3.891998351394068e-186 
3.6308709036129574e-154 
1.312852566984085e-164 
1.8126877325083994e-129 
0.038461538461538464 
2.738767943184776e-83 
2.9600101365475576e-157 
1.5443970373314843e-162 
1.777928390156152e-204 
1.3631054352346772e-181 
3.186103256720121e-120 
3.1282324532468933e-148 
7.878827676034948e-222 
4.642689328319956e-229 
2.769636772712077e-154 
1.3803708907779112e-242 
8.436624754260675e-206 
5.379696831555532e-106 
6.127558664174306e-60 
1.5863364717512896e-163 
7.484158209867895e-204 
5.207557623936907e-197 
9.417678910176399e-164 
4.7411863698397266e-207 
2.2297924296323987e-175 
6.557613101059772e-200 
9.981865404660553e-195 
1.0595258491712698e-179 
1.9937885115355443e-152 
2.9867352533734687e-212 
8.774106946145074e-207 
5.925098403626496e-182 
3.976676329682616e-213 
3.823039989683754e-181 
9.519885661496426e-182 
1.880413721713305e-198 
3.328960110729687e-187 
1.0002598518376866e-105 
6.68068132607347e-222 
2.7065322772514896e-231 
6.0866709368281036e-176 
2.8558707355757743e-144 
5.381109215592812e-185 
2.257072851271488e-152 
7.894784028601715e-110 
2.3079598598719684e-179 
6.859937633439008e-219 
2.1331741137687692e-193 
2.35788675625864e-185 
4.2603409628620485e-181 
2.9697385491983965e-215 
8.612820242262658e-193 
5.615627370154357e-169 
7.019233898438278e-167 
1.2161662513738398e-167 
5.493815837412937e-181 
2.372199338983936e-132 
2.6230147835523097e-227 
1.3935883892893894e-116 
2.151480369745517e-177 
1.1643280341886262e-201 
2.137241427497616e-195 
1.4174463019999048e-185 
6.512562188129931e-252 
1.0171784356414988e-204 
2.221018023648048e-205 
4.698690442915518e-140 
3.86117826489492e-144 
3.800808726003375e-228 
6.19888267587976e-158 
2.5092539230378725e-111 
1.902593365663853e-119 
1.9197709723852812e-217 
1.0885158093529578e-197 
4.4440846735660733e-222 
8.453725547451506e-194 
3.1528116021726936e-238 
3.086676185179073e-153 
2.3755416266018943e-196 
6.749625725058654e-206 
8.289383922997637e-203 
5.463823222059102e-231 
3.392324235466027e-172 
3.009583139913876e-179 
1.4058221714040328e-91 
1.953658675336219e-124 
1.2001122038634412e-68 
1.6497222983932345e-79 
1.725963909018877e-168 
2.252981023300877e-220 
9.506826563859697e-222 
5.170569323247951e-151 
3.6123357409059e-139 
1.1590902441467118e-201 
9.237989124206417e-184 
1.2804342444132607e-165 
9.835701631774411e-209 
1.6916777890357842e-191 
5.066566009073803e-212 
1.3045218456552963e-230 
7.680086704208793e-176 
1.1692540656462012e-173 
4.914178471579269e-193 
9.965887502684227e-199 
1.3823089186353951e-171 
1.9156506886801291e-209 
1.7786847428191857e-177 
4.422369481694494e-213 
3.601212343802414e-160 
1.2427912333826154e-118 
4.749525040152432e-191 
1.1306826349012053e-221 
7.41815661201416e-227 
4.6351040572771157e-119 
9.21302446509799e-167 
1.1988234031827065e-189 
7.760380235936183e-209 
5.744011930947527e-179 
3.5103054494296044e-151 
1.257529481713754e-183 
3.876886070917782e-201 
2.626600978346622e-240 
8.61878032360985e-181 
7.562170804640628e-178 
9.714419685372193e-215 
1.2392666320116952e-210 
9.163857032310458e-218 
9.010072771337655e-159 
6.464386153381731e-155 
1.706408211014067e-172 
5.552159540763322e-99 
5.130277472754355e-169 
3.023294226993279e-220 
2.412809272302258e-182 
6.822702636621106e-204 
1.9500086051591932e-167 
6.327850230804443e-158 
2.177473975825769e-167 
3.257427410028253e-150 
4.28772085954191e-201 
4.244982085439492e-117 
1.6605093352202292e-171 
2.2366051963835274e-184 
4.5264582690561305e-200 
5.570048905028614e-141 
1.1608575024668501e-144 
3.1241595875804377e-121 
6.042692087016201e-134 
3.902620617823457e-174 
1.4062301295155338e-163 
3.7546642578106495e-192 
7.172720402564309e-189 
1.2853613890525444e-151 
4.725979108961695e-148 
1.8604572987169825e-197 
2.861730746572885e-109 
7.068126182154341e-151 
2.5313256644533786e-166 
3.9910929253927633e-184 
1.4955311453917838e-141 
4.195568080935268e-187 
8.629441635302976e-211 
4.536480015876985e-208 
3.173019723541782e-154 
6.114573035019464e-152 
6.948565027897605e-115 
7.688193272128118e-180 
5.973958262490965e-182 
1.741643460164269e-188 
4.978395897376486e-191 
5.592606818206175e-200 
3.063156342891399e-185 
2.6417874230407503e-212 
2.4500249110985188e-203 
1.4605526238010583e-222 
1.0782348471543875e-222 
4.4592888992971136e-132 
2.5609533345607536e-146 
4.243160588171672e-224 
5.530496144753066e-115 
1.170635253285213e-169 
7.539185148054252e-202 
1.6448999261900446e-199 
5.03643965202537e-216 
4.714692990812005e-216 
6.1065955668555765e-179 
2.1757473754002646e-199 
3.1134672925032998e-174 
7.983467931416407e-195 
2.1561175717282757e-220 
9.42044325684956e-199 
5.4683576086823675e-229 
1.9302344024348449e-178 
6.271379905988699e-91 
1.4807470495103993e-94 
1.0278993793171429e-172 
1.6502129580386748e-172 
1.2196900124598078e-227 
2.18099294966027e-94 
8.735706825735212e-19 
8.164107823544415e-91 
4.913952248269112e-123 
1.2634325840687202e-83 
1.9876155562879347e-88 
3.599618390505333e-191 
5.442004967829166e-213 
3.793971103517388e-176 
1.0273642897323268e-154 
1.1471797124362447e-158 
1.663573744694443e-59 
8.432769350952144e-154 
2.642272039123215e-178 
4.8901438999616645e-200 
1.2204378899824092e-192 
1.876865611608231e-173 
3.1353444350779985e-181 
1.3846815138764843e-127 
1.1942232612134169e-123 
9.130800873827224e-208 
2.0878655198382654e-194 
3.0436503926074877e-211 
1.1935170324597141e-178 
4.616773233461893e-179 
5.65636552339025e-180 
1.457095965922379e-219 
7.583905221596982e-112 
1.6058357315480083e-191 
1.5127661522672203e-200 
2.1429548163143994e-227 
4.844078170753875e-151 
6.871803036265452e-188 
3.090439668484009e-225 
3.5642153304433367e-203 
6.486500620115282e-95 
1.188706460247338e-191 
4.909389714539117e-173 
3.8089198795854067e-91 
9.074030449368294e-136 
6.940591871793021e-165 
1.2192825757379983e-131 
3.0997442463624823e-146 
3.657158875704243e-51 
5.889330245571466e-143 
9.199320529332477e-166 
1.596839002046527e-188 
3.422294591013927e-206 
3.228862654950712e-193 
2.371996739151421e-184 
3.797338740109877e-173 
5.188492558369853e-190 
1.5776980282059423e-179 
2.4697020693377776e-208 
1.525768236208724e-126 
1.8287621014634344e-89 
6.484957647666654e-136 
4.678293236225288e-158 
8.197351580294628e-122 
5.0997268899318714e-173 
2.6004024458325304e-100 
2.4065551646096605e-171 
1.3272095350110725e-228 
2.1969553748924775e-199 
1.291836487067271e-144 
5.856842616967958e-103 
8.066252092841192e-106 
3.3801284495620737e-217 
1.0320082428526315e-168 
2.1570055717983647e-159 
5.94684097335463e-108 
1.693647609102544e-203 
5.3227069430110663e-216 
2.5270254751049084e-206 
1.3951240816107494e-205 
4.099592529729651e-209 
3.110156804025755e-215 
2.1768988426584073e-109 
3.8517543321408965e-188 
5.274428850676661e-142 
6.557239803530234e-172 
3.006209265285378e-161 
2.1082521189088435e-220 
5.741394985735075e-214 
2.4300690220601398e-170 
1.5129677735190788e-225 
4.274110079061164e-218 
9.42508168415434e-91 
6.42665179310906e-166 
8.978455729957332e-235 
8.705071957648289e-212 
2.0386913401508667e-202 
5.42794485371312e-176 
7.7561709869487085e-208 
2.4510878048016834e-180 
2.839971976386659e-189 
2.6606833766707174e-205 
3.121316119226455e-88 
5.213836318091154e-156 
1.987696244416732e-176 
1.6143849514843365e-188 
3.6854748204964454e-124 
2.0478479539359192e-219 
1.2874224992157933e-219 
1.623809196434367e-143 
1.0483308320790667e-135 
4.481915785793113e-117 
3.282401596324394e-110 
4.876877615445964e-181 
4.831439135614212e-192 
6.583277252153932e-216 
5.306110912871377e-187 
2.4934659048228862e-191 
7.347946419652127e-124 
6.199098680617727e-168 
5.820096079145482e-151 
8.12025460622258e-192 
2.8273680625125137e-249 
1.159008293238684e-207 
3.203534945976066e-228 
2.1145814535294625e-162 
1.0729678506965802e-132 
1.31229454941782e-58 
1.2281182859460041e-166 
7.719663226888406e-191 
1.149743112674667e-195 
4.485726510477335e-202 
3.816939334456216e-178 
1.138326116834195e-222 
1.0070319043362622e-159 
1.0346357847576433e-154 
5.16905312095933e-162 
