        0.1434 26   0.002227   0.002227   0.360812    0.011449   0.000000  -1.051915   0.000000  -0.455232  -0.172689   0.000000   0.061308
        0.2309 26   0.002108   0.002108   0.294723    0.037511   0.000000  -1.112367   0.000000  -0.330937  -0.113944   0.000000   0.057118
        0.1789 25   0.004669   0.004669   0.290971    0.054726   0.000000  -1.121878   0.000000  -0.318826  -0.122025   0.000000   0.058654
        0.1620 26   0.007185   0.007185   0.350086    0.044839   0.000000  -1.096954   0.000000  -0.351616  -0.129940   0.000000   0.057609
        0.1770 26   0.009178   0.009178   0.311501    0.045362   0.000000  -1.107629   0.000000  -0.315724  -0.110771   0.000000   0.059087
        0.1715 26   0.012168   0.012168   0.286328    0.038269   0.000000  -1.128323   0.000000  -0.318384  -0.111905   0.000000   0.060014
        0.1995 26   0.014190   0.014190   0.319194    0.054336   0.000000  -1.114180   0.000000  -0.329890  -0.113502   0.000000   0.056128
        0.2814 26   0.014112   0.014112   0.307579    0.039813   0.000000  -1.095417   0.000000  -0.322415  -0.115069   0.000000   0.055604
        0.1869 26   0.022030   0.022030   0.307186    0.056821   0.000000  -1.122882   0.000000  -0.309153  -0.104911   0.000000   0.057365
        0.1719 25   0.027078   0.027078   0.293136    0.075234   0.000000  -1.135386   0.000000  -0.320918  -0.110290   0.000000   0.060874
        0.2269 26   0.028488   0.028488   0.354362    0.042425   0.000000  -1.102419   0.000000  -0.331334  -0.113030   0.000000   0.057536
        0.2146 26   0.034024   0.034024   0.301921    0.046627   0.000000  -1.092128   0.000000  -0.306784  -0.107512   0.000000   0.057025
        0.2038 25   0.039943   0.039943   0.365833    0.067280   0.000000  -1.127706   0.000000  -0.306040  -0.101986   0.000000   0.059114
        0.2402 25   0.042954   0.042954   0.347592    0.051573   0.000000  -1.077208   0.000000  -0.315640  -0.105401   0.000000   0.060416
        0.2266 24   0.049789   0.049789   0.343245    0.045901   0.000000  -1.082019   0.000000  -0.302195  -0.112254   0.000000   0.059195
        0.2792 24   0.051885   0.051885   0.318815    0.029214   0.000000  -1.049799   0.000000  -0.282339  -0.116803   0.000000   0.056516
        0.2707 23   0.058952   0.058952   0.356797    0.050414   0.000000  -1.058956   0.000000  -0.292516  -0.112995   0.000000   0.056683
        0.2619 25   0.066499   0.066499   0.366254    0.051854   0.000000  -1.096567   0.000000  -0.294260  -0.108902   0.000000   0.059242
        0.2793 24   0.072091   0.072091   0.368816    0.045559   0.000000  -1.088254   0.000000  -0.278152  -0.100989   0.000000   0.057543
        0.3278 23   0.074991   0.074991   0.306902    0.046309   0.000000  -1.059713   0.000000  -0.262800  -0.080692   0.000000   0.057487
        0.2463 24   0.090756   0.090756   0.343640    0.060474   0.000000  -1.005665   0.000000  -0.282634  -0.102322   0.000000   0.057390
        0.3297 23   0.090400   0.090400   0.318162    0.082025   0.000214  -0.997823   0.000000  -0.257954  -0.077932   0.000000   0.060468
        0.2803 24   0.104096   0.104096   0.371652    0.049697   0.000000  -1.054884   0.000583  -0.282742  -0.104913   0.000000   0.061192
        0.2796 24   0.113121   0.113121   0.327742    0.056388   0.000000  -1.043983   0.000000  -0.279879  -0.109661   0.000000   0.056437
        0.4051 24   0.107971   0.107971   0.374962    0.052634   0.000000  -1.089932   0.000000  -0.295698  -0.110237   0.000000   0.057519
        0.3338 24   0.125514   0.125514   0.324449    0.053133   0.000000  -1.055714   0.000000  -0.282820  -0.109922   0.000000   0.057525
        0.3933 24   0.127982   0.127982   0.295354    0.035845   0.000000  -1.051207   0.000006  -0.260608  -0.095028   0.000000   0.059238
        0.3168 23   0.147700   0.147700   0.334152    0.046965   0.000000  -1.014703   0.000000  -0.290769  -0.106426   0.000000   0.056118
        0.3765 24   0.150351   0.150351   0.305179    0.044039   0.000000  -1.023435   0.000000  -0.283805  -0.100386   0.000000   0.057661
        0.3835 23   0.160111   0.160111   0.335115    0.034319   0.000000  -1.041226   0.000000  -0.293451  -0.103107   0.000000   0.057698
        0.3091 23   0.181784   0.181784   0.333888    0.053926   0.000000  -1.037801   0.000000  -0.302527  -0.115213   0.000000   0.059564
        0.4077 24   0.179082   0.179082   0.349160    0.051537   0.000000  -1.034430   0.000000  -0.300968  -0.098891   0.000000   0.057821
        0.4890 22   0.178894   0.178894   0.317234    0.039282   0.000000  -0.985407   0.000000  -0.261103  -0.086986   0.000000   0.056688
        0.7297 20   0.156537   0.156537   0.368961    0.051936   0.000000  -0.967153   0.000000  -0.230440  -0.087569   0.000000   0.056206
        0.9079 20   0.143611   0.143611   0.329730    0.048400   0.000731  -0.908552   0.000000  -0.248509  -0.088378   0.000000   0.059996
        0.9258 20   0.151708   0.151708   0.337171    0.054521   0.000000  -0.975175   0.000000  -0.237852  -0.084878   0.000000   0.053325
        0.9987 19   0.152637   0.152637   0.325803    0.034941   0.000000  -0.940452   0.000000  -0.256041  -0.089022   0.000000   0.056435
        1.0857 19   0.151700   0.151700   0.315135    0.050439   0.000000  -0.946430   0.000000  -0.253333  -0.098765   0.000000   0.054540
        0.9997 20   0.174446   0.174446   0.320248    0.048410   0.000000  -0.949396   0.000000  -0.239770  -0.095987   0.000000   0.058135
        1.1233 20   0.168314   0.168314   0.351232    0.052849   0.000174  -0.929193   0.000000  -0.254293  -0.081199   0.000000   0.052296
        1.1468 20   0.176269   0.176269   0.353809    0.046120   0.000000  -0.976032   0.000000  -0.245763  -0.080927   0.000000   0.055696
        1.2291 20   0.175931   0.175931   0.326999    0.057455   0.000459  -0.923346   0.000000  -0.222652  -0.076149   0.000000   0.057821
        1.1430 20   0.200385   0.200385   0.366950    0.056435   0.000000  -0.933247   0.000000  -0.250762  -0.087079   0.000000   0.054957
        1.2168 18   0.201313   0.201313   0.312713    0.044985   0.000000  -0.914514   0.000000  -0.225957  -0.087580   0.000000   0.055859
        1.2983 19   0.201082   0.201082   0.352331    0.047390   0.000000  -0.909874   0.000000  -0.246025  -0.082948   0.000000   0.055757
        1.6543 18   0.161224   0.161224   0.324630    0.050517   0.000000  -0.874883   0.000000  -0.233013  -0.070965   0.000000   0.058110
        1.6107 18   0.178513   0.178513   0.287669    0.049852   0.000000  -0.863550   0.000000  -0.215586  -0.068309   0.000000   0.061730
        1.5763 18   0.195308   0.195308   0.335199    0.049376   0.000000  -0.884726   0.000000  -0.225940  -0.072786   0.000000   0.057186
        1.5606 16   0.209927   0.209927   0.326339    0.028681   0.000000  -0.892393   0.000000  -0.207049  -0.078894   0.000000   0.057245
        1.7016 17   0.200529   0.200529   0.405839    0.054371   0.000000  -0.914971   0.000000  -0.217797  -0.075136   0.000000   0.052946
        2.5947 14   0.095918   0.095918   0.372235    0.061141   0.000000  -0.779483   0.000000  -0.172611  -0.063349   0.000000   0.047061
        3.0741 14   0.058493   0.058493   0.301025    0.076131   0.000000  -0.721069   0.000000  -0.177411  -0.058703   0.000000   0.044892
        3.4039 12   0.039769   0.039769   0.276705    0.043360   0.000000  -0.666366   0.000000  -0.155078  -0.043803   0.000000   0.042585
        3.4299 12   0.043501   0.043501   0.303525    0.035883   0.000000  -0.626606   0.000000  -0.167204  -0.048706   0.000000   0.042400
        3.7787 11   0.026538   0.026538   0.334853    0.049965   0.000000  -0.642539   0.000000  -0.142236  -0.040687   0.000000   0.040913
        3.7666 11   0.031876   0.031876   0.366638    0.057071   0.000540  -0.675983   0.000013  -0.146164  -0.046415   0.000000   0.043675
        4.4206 8   0.006569   0.006569   0.346144    0.049873   0.000000  -0.650466   0.000000  -0.101900  -0.038743   0.000000   0.039668
        4.3739 8   0.010516   0.010516   0.314463    0.053779   0.000000  -0.664867   0.000000  -0.108571  -0.032857   0.000000   0.039372
        4.4853 9   0.009450   0.009450   0.322468    0.048648   0.000000  -0.657522   0.000000  -0.132300  -0.041836   0.000000   0.042558
        4.4188 10   0.014905   0.014905   0.306904    0.052803   0.000000  -0.697023   0.000000  -0.104978  -0.032358   0.000000   0.044458
        4.6678 10   0.008718   0.008718   0.348218    0.068874   0.000000  -0.717544   0.000000  -0.116504  -0.033972   0.000000   0.038169
        4.8876 10   0.004845   0.004845   0.348527    0.047891   0.000000  -0.630629   0.000000  -0.113470  -0.041136   0.000000   0.040172
        4.9060 10   0.006411   0.006411   0.342974    0.047071   0.000000  -0.577422   0.000168  -0.113741  -0.038322   0.000000   0.041194
        4.8789 10   0.009652   0.009652   0.366261    0.053839   0.000000  -0.588283   0.000000  -0.108025  -0.040019   0.000000   0.037173
        5.1248 9   0.004908   0.004908   0.336059    0.047478   0.000000  -0.574223   0.000000  -0.106019  -0.034542   0.000000   0.037463
        4.7744 9   0.020488   0.020488   0.321472    0.049128   0.000000  -0.623154   0.000087  -0.100754  -0.036460  -0.000600   0.039793
        4.9183 9   0.017499   0.017499   0.297693    0.059553   0.000000  -0.635318   0.000530  -0.098718  -0.038847   0.000000   0.042575
        5.2325 9   0.008556   0.008556   0.317673    0.070025   0.000000  -0.651206   0.000000  -0.110127  -0.044371   0.000000   0.039653
        5.1675 9   0.013715   0.013715   0.345141    0.032821   0.000000  -0.641800   0.000000  -0.107293  -0.039120   0.000000   0.038188
        5.2235 8   0.014683   0.014683   0.310974    0.064648   0.001318  -0.654740   0.000000  -0.104893  -0.038513   0.000000   0.039380
        5.3451 9   0.013020   0.013020   0.321164    0.059211   0.000000  -0.658999   0.000000  -0.113077  -0.038571  -0.000194   0.044312
        5.4065 9   0.013748   0.013748   0.387477    0.042113   0.000000  -0.672466   0.000000  -0.105353  -0.032971   0.000000   0.037565
        5.5390 9   0.011732   0.011732   0.358949    0.048325   0.000000  -0.645334   0.000000  -0.114616  -0.033376   0.000000   0.035480
        5.5848 9   0.013024   0.013024   0.322552    0.047198   0.000000  -0.663449   0.000000  -0.110112  -0.034803   0.000000   0.037453
        5.9245 8   0.004900   0.004900   0.354925    0.063761   0.000000  -0.666235   0.000000  -0.101721  -0.033267   0.000000   0.036824
        5.6173 9   0.018429   0.018429   0.361310    0.040138   0.000000  -0.632460   0.000000  -0.110441  -0.039503   0.000000   0.038892
        5.8709 7   0.011291   0.011291   0.340341    0.050198   0.000000  -0.639964   0.000000  -0.081932  -0.026697   0.000000   0.038522
        5.6566 8   0.024407   0.024407   0.328818    0.042786   0.000752  -0.663258   0.000000  -0.106018  -0.037230   0.000000   0.038241
        5.7344 8   0.024520   0.024520   0.348035    0.054387   0.000000  -0.649384   0.000000  -0.097071  -0.035587   0.000000   0.033841
        5.7683 8   0.027030   0.027030   0.358116    0.056628   0.000000  -0.640597   0.000000  -0.107656  -0.037576   0.000000   0.035205
        6.0736 8   0.015909   0.015909   0.354419    0.058406   0.000000  -0.686886   0.000000  -0.091688  -0.032059   0.000000   0.038618
        6.1501 8   0.016056   0.016056   0.334627    0.066884   0.001202  -0.619018   0.000000  -0.104739  -0.034330   0.000000   0.037142
        6.3538 7   0.011172   0.011172   0.321507    0.049671   0.000000  -0.592047   0.000000  -0.070586  -0.027138   0.000000   0.033843
        6.1020 7   0.026257   0.026257   0.364292    0.070287   0.000000  -0.670718   0.000000  -0.082204  -0.026664   0.000000   0.039136
        6.5003 6   0.011659   0.011659   0.322651    0.050305   0.000000  -0.597597   0.000000  -0.067364  -0.024075   0.000000   0.038165
        6.8769 6   0.003316   0.003316   0.321271    0.046190   0.000471  -0.586002   0.000000  -0.075642  -0.032715   0.000000   0.035633
        6.7243 6   0.009425   0.009425   0.357540    0.054778   0.000000  -0.635645   0.000000  -0.070919  -0.023544   0.000000   0.035856
        6.7822 6   0.010165   0.010165   0.319189    0.061915   0.000000  -0.613689   0.000000  -0.074943  -0.035857   0.000000   0.032035
        6.9317 6   0.007923   0.007923   0.331894    0.046011   0.003209  -0.643408   0.000000  -0.075386  -0.024720   0.000000   0.039816
        6.4475 6   0.034158   0.034158   0.298254    0.053744   0.000000  -0.656478   0.000000  -0.073188  -0.026142   0.000000   0.034566
        6.6152 6   0.028873   0.028873   0.327571    0.031634   0.000000  -0.687833   0.000000  -0.084153  -0.029688   0.000000   0.035929
        7.2779 7   0.005031   0.005031   0.341794    0.060905   0.000000  -0.693217   0.000000  -0.086997  -0.028724   0.000000   0.032914
        7.6454 6   0.000489   0.000489   0.325340    0.046645   0.000000  -0.737268   0.000000  -0.071044  -0.022278   0.000000   0.031994
        7.5767 6   0.002242   0.002242   0.304355    0.039420   0.000000  -0.707986   0.000000  -0.070398  -0.019896   0.000000   0.034578
        7.8319 6   0.000309   0.000309   0.309502    0.058223   0.000000  -0.712440   0.000000  -0.069125  -0.020603   0.000000   0.034194
        8.0291 6   0.000005   0.000005   0.397376    0.031116   0.000000  -0.745748   0.000000  -0.073538  -0.023051   0.000000   0.033214
        7.7667 5   0.003115   0.003115   0.302894    0.029753   0.000000  -0.752416   0.000000  -0.054016  -0.025852   0.000000   0.033559
        8.1438 4   0.000028   0.000028   0.320814    0.040731   0.001848  -0.746367   0.000000  -0.057306  -0.012901   0.000000   0.035067
        8.0731 5   0.000956   0.000956   0.335945    0.053514   0.000000  -0.709299   0.000000  -0.059780  -0.026647   0.000000   0.029509
        7.9768 4   0.003702   0.003702   0.379654    0.048995   0.000000  -0.721242   0.000000  -0.060277  -0.024578   0.000000   0.034721
        8.5858 4   0.000841   0.000841   0.319135    0.060564   0.000000  -0.676338   0.000000  -0.055604  -0.021189   0.000000   0.029691
