t = 7000000
b = 105 105 105
E = -0.240963680525312 -0.58895578346179 0.347992102936477
52.1343354882894 107.128481878867 -55.1678905685048 0.439805446188843 -0.689489617167609 -0.575478268330517 -0.508160429626597 0.337289452935462 -0.792470064229846 -0.36966033508468 -0.29524527068622 -0.504415178410255 0.0415916415303222 -0.2690327265078 -0.239658640992861
51.4243508466699 106.981898902036 -54.1225014233805 0.879731823107621 0.111489213814675 0.462214316756596 -0.475408360203964 0.190575254195511 0.8588759884503 -0.416602990324257 0.119112912880255 -0.00373413271584606 -0.259979124757388 0.031781498089197 -0.679059600824269
51.3455255676592 106.927589262078 -53.6198259022905 0.649610397775565 0.74217862097102 -0.164855165754815 -0.319937415028556 0.463569856418447 0.826282662703828 0.538363070383556 0.299450618825639 0.389156323949147 0.604429956948185 -0.506982572667412 -0.0999446088648518
50.315506138193 107.141373646581 -53.9760231624885 0.361500806937355 0.753840793286697 0.548672238190394 0.928683003907307 -0.343418641275335 -0.14004111924198 -0.415094814758748 0.169253404170437 -0.222565239556136 0.237172618052826 -0.271026999183854 -0.487649159246622
49.5623787382704 106.398214673978 -54.175125062094 -0.573403945942288 0.793099676710678 -0.205428375789532 -0.742124291240074 -0.609039053946788 -0.279862407477815 -0.0469186763695754 0.110990013422597 0.204889885968829 0.0469060767539482 0.0417988004192898 -0.245471195105517
49.7344614603263 104.889406225731 -54.677154226739 0.316875493204081 -0.645934952047205 -0.694519948979414 0.603203129512535 -0.42784229409602 0.67312476995625 -0.439607735899387 -0.363319599526226 0.0288668991939474 -0.387546735626919 0.378395065106921 0.31783912475067
49.8776187050783 104.439192398172 -54.4625931331871 0.75370205295537 0.102328802572957 -0.64920107172974 0.643593746823957 -0.314996738426993 0.697541499718498 0.331678413656284 -0.354112468255146 0.19348367026697 0.0373089029211249 -0.00333991600077855 -0.294804571514829
50.2490656645961 104.054008392891 -54.2662404019552 0.565912657444865 0.662777773673973 -0.490375862851611 0.783687502893523 -0.24769044250159 0.569634393713685 -0.179481715731413 -0.0508958306352155 0.0654716914117843 0.225868003208523 -0.0708168538826138 0.31729033653323
48.7551672007489 103.971502352009 -54.0064330938294 -0.79121631243876 0.264674294314581 -0.551293265749064 -0.0552813102735145 -0.92875371407706 -0.366552199997076 0.234611964276201 0.458850630939 0.346828453051863 0.245200786968323 -0.216485581839483 -0.156173380503219
48.5137053899479 103.503477551854 -54.1324696445494 -0.121527114971877 0.578762015013397 -0.806390532127023 -0.206237250338491 -0.809405289751849 -0.549844772180725 -0.551502478924434 -0.733896927246764 0.310275389040941 -0.334662998139363 -0.456767884666558 0.102469013172325
48.1679641557549 103.205017971655 -54.3776215009643 0.479734777755711 0.552768284942677 -0.681396922632572 -0.330144713994007 -0.605804195369498 -0.723882410819969 0.252326144966396 -0.0702342325424997 -0.168047328263338 0.523864956936401 -0.28542192239093 -0.228174078647473
47.9099406606094 103.172598768545 -54.6676978001853 0.899765060784323 -0.210996359404361 -0.381972998665416 -0.427915056254188 -0.598142693418597 -0.677579532557604 -0.23047128212038 -0.122979501026721 0.174361821849201 -0.324982046968449 -0.415475649801331 0.327628965563856
47.7943155195152 103.053490647326 -55.1150075290085 0.677081947260469 -0.703356849038353 0.216446713084365 -0.421855885638321 -0.611965122092492 -0.668981540174813 -0.357076726659319 -0.019816366930875 0.086299199921442 -0.421279636433391 -0.207227648419297 -0.735637827709755
47.8521845478149 102.787936846308 -55.4995147858231 0.17300760261776 -0.656856022866968 0.733899539896425 -0.265773642107898 -0.748629286474176 -0.607386666461056 -0.150352750100542 -0.510524010766003 0.437428880578757 0.465373997384522 0.363759849953484 -0.268237427955915
47.825589198338 102.187835669602 -55.7329135809001 -0.383119383567644 -0.30264428538812 0.872711850759892 -0.443398432662552 -0.768575577315483 -0.461182623118277 0.0830681244200616 0.174980914830261 0.145376374263967 0.0550878100446579 0.369512208000657 -0.0310236521259395
47.6653029871357 101.620081904579 -55.8014509285863 -0.66884114615837 0.119855979597305 0.733679811198308 -0.529328370569102 -0.769742754376335 -0.356801861256636 0.181902120734039 0.0414035423890191 -0.526224805999983 -0.472530063180373 0.0186764696399058 0.688565814384303
47.5103051044801 101.102332192795 -55.6909486302222 -0.675502558702696 0.714386491594491 0.182614987920547 -0.710190013777417 -0.563737778530308 -0.421698780397052 -0.433712527904912 0.00238425636695306 0.16362217558152 0.0164360468707459 -0.00210848905392027 0.293177958529502
48.7290296440014 101.221614820884 -56.6872565036344 0.760383007124686 0.521979698697305 0.386464586507038 0.205591545764065 -0.757890976613735 0.619139228185376 0.00157603455345862 0.102986806691243 -0.545039019301755 0.262818407288171 -0.0773017871280835 -0.429883254083942
49.133248773354 100.964579385163 -56.5303822169271 0.0489274826077405 0.613805404637692 0.787939735439011 0.385840374460059 -0.739260310819162 0.551925174533739 0.30565859942607 0.149614720099026 -0.153024973569454 -0.115218888873576 -0.2031191904829 0.528865609163795
49.5224411504657 100.775573594377 -56.3598919403599 -0.567831146933455 0.210906814767991 0.795667081169423 0.423311057186433 -0.754184884556026 0.502008873199172 0.213247338043243 0.195765448123694 -0.414836806927546 -0.305421543005178 0.110250224609353 0.318190324719429
49.3297974959899 100.187946797567 -57.5870596505604 -0.029238018270727 0.951491534496625 -0.30628254613818 0.838539955500366 -0.143429221035582 -0.525622299358336 0.812350834621312 -0.15354971787667 0.651652388443222 -0.0121802107017288 0.819748521713977 -0.0921470013745078
50.1189673942481 99.953534718364 -57.4955587757962 -0.862278409663344 -0.0923541232075008 -0.497942426546299 -0.346793840604323 0.82421263402903 0.447669036259931 0.0807767346159376 0.306602463891426 -0.159690118670118 -0.483839605560979 -0.0020356062724486 -0.0231530540986011
50.7868598990807 100.690647087529 -56.437799216292 0.304622177770018 0.339174138338506 0.890037208600356 0.796840577425553 -0.602652754165638 -0.0430668325423323 -0.340790278440051 -0.0877301851144234 0.723267629864489 0.0323571315941385 -0.0201456623798003 -0.0342672455341649
50.9163913141192 101.051024540609 -57.2534956328513 0.873044309807859 -0.368130617682886 -0.319802253645634 -0.402138455847353 -0.914464444217594 -0.0451601881131138 0.297146694186998 -0.0408364834443287 -0.256790025133251 0.389314139569658 -0.155073905211631 0.150132505347338
50.7182375182605 100.731648163711 -57.4900218239149 0.852794772716548 -0.386720409361223 0.350982051693539 -0.373665116597505 -0.921342568523754 -0.10724855273661 0.274251498971206 -0.0566366313230121 0.432389089540984 -0.573171509376139 -0.0278493021861376 -0.252862128714109
50.8419965687395 100.286452726791 -57.84158079987 0.363380163420006 -0.422583971704626 0.830287687305368 -0.537912425630073 -0.822817582108172 -0.183361525206745 0.0132938877831597 0.321939734843224 0.242701229615346 -0.155768410665993 -0.158619752340763 -0.0762226733676135
69.6691907350805 92.6585860528491 -42.0783966369216 0.24056753773919 0.424079906394367 -0.873088479352971 -0.96966500011943 0.145151899431286 -0.196674130569118 0.0634613997669644 -0.363270177008219 0.221472117282049 0.0424506188263083 0.103040870343778 0.104155980583782
69.4570435518003 92.7918971846466 -41.9666294727961 0.76055501334249 0.644289630362667 -0.0802928632364978 -0.55971193378222 0.71328518772512 0.421837400135719 0.0747099696426413 -0.00202105115855341 -0.238351395513426 0.277432860203508 -0.111853692953695 0.169550168749752
69.2238530241554 92.9335756923229 -42.9715778302012 0.960170918921655 -0.26434849713881 0.0905078920185226 -0.244853012096077 -0.639995580392588 0.728321810427927 -0.384091335384056 0.114831936087801 0.492906826223795 -0.0306951088491827 0.035145168327694 0.0635409405174456
69.3256040319822 93.7222675832344 -42.5921583225901 0.424879694856568 0.454293059598878 -0.783003870295891 0.487636274725118 0.613881169085798 0.620774334048724 -0.393108828911728 -0.358594337965411 0.228928625872007 -0.0222947397551965 0.251353131017002 0.248403423701774
69.0947049933143 94.1180318561482 -42.4613175384374 -0.244576806342587 0.0155496920291772 -0.96950523096937 0.362876430825664 -0.925743888806766 -0.106390546045875 0.370976034565238 0.0567942102559941 -0.135005937861552 -0.264222085742848 -0.0885158447504883 -0.0664314334257842
69.9828723101545 95.2760037055658 -41.9015514015824 0.692338977894478 0.718312035761605 -0.0685168517085918 -0.694636281567904 0.637780514835079 -0.332740816892705 0.0638033435524529 -0.397635205959349 0.62261712211393 0.240971152964521 0.407396789532218 0.476955585555353
69.7272102939114 95.7658838726162 -41.7980560084249 0.413337740088429 0.147511625870643 -0.898550072534241 -0.775598252039653 0.574037668612 -0.262541628026965 -0.00159710189409175 -0.170602622022447 -0.245142546733634 0.19550621896874 0.269390857514909 -0.140713061629518
69.4658051884222 96.2819313084413 -41.9964562561369 0.156258427146213 -0.299303676400314 -0.941276055809032 -0.515147197145922 0.788406227302195 -0.336212709491829 -0.16905432633673 0.26036377075681 0.466787198261889 0.0565757732931906 0.0867886902484499 -0.0127811131518132
69.5087194540924 96.7338622036197 -42.2265601241517 -0.507034135176684 -0.537415912999435 -0.673869811032173 -0.492561217489901 0.822243120217729 -0.285131019496666 0.735257294391231 0.055925372620839 -0.0964958729883029 0.762106834264565 -0.0997236506226844 0.319826449847203
69.4265321505928 97.213217743023 -42.5300388787684 -0.725167008100747 -0.616712421972476 -0.306265569313938 -0.54243418211995 0.785619094293179 -0.297603421938627 0.140819444475861 -0.574281616386397 -0.418308784445846 0.41086022932696 -0.581493082041802 0.350291717223715
69.3599858723211 97.4757556578008 -42.8712421519655 -0.874417550380502 -0.11335221054817 0.47174699145908 -0.218121039728788 0.960367385996389 -0.173544507092472 0.331873236736598 0.351980547652788 -0.22488807841156 -0.366989525579598 0.195416773612408 -0.235347885634147
69.6842332446548 98.7022375272687 -43.0682689215672 -0.46365271711598 0.0346149887165808 -0.885340590093808 -0.691728008500814 0.610266540540839 0.386118002367241 0.257655380018419 1.03418180738085 0.0327585778208132 -0.226964340010654 0.43491341858402 -0.210910138281267
69.417826722044 99.1807106423358 -43.0125752400399 -0.716785373969786 -0.454903095119239 -0.528471287501537 -0.653249644918422 0.703169125783357 0.280745582260483 0.446988310205651 0.303682364821433 -0.377914653097878 -0.311202622215135 0.118012603975559 0.315963087241288
69.1895981597986 99.5568983276041 -43.1411469927567 -0.771404913548676 -0.630567263388529 0.0855534084394267 -0.595121587025071 0.762485637182384 0.253862068350846 0.147991685311656 0.796368184975499 -0.00433757006352478 0.104278981688305 0.0519908777995067 0.748597291327778
68.8074915286741 99.7924643759338 -43.3488864549458 -0.450876484217915 -0.463639897988098 0.762724354517046 -0.63319658577079 0.768409055216628 0.0927879713602047 -0.795395798570176 -1.39249756938517 -0.335779218534281 0.0683582344018781 0.253573067218852 -0.40650526986756
68.5320314216172 100.678954032648 -43.1220644399325 -0.818343172059239 0.259822731148599 0.512646663036704 -0.0390248852180995 0.864799366397499 -0.50059875570349 -0.222120317603622 0.0973538404244705 0.603444628311089 0.24182976703603 0.0575393720784646 -0.35948734950434
68.3170889683214 100.983602182487 -43.4924018248551 -0.228958619500817 0.559258560528462 0.796748274570955 -0.0342308397018526 0.813358665913379 -0.580754621330623 0.316631342457242 -0.153519751589369 0.607746086866197 0.181732458648695 -0.0967234131586958 -0.214570279526447
67.9488974425045 101.21685378355 -43.6877263005977 0.566659034637349 0.610658239820451 0.553167291696811 -0.0441659958619366 0.69290460890772 -0.719675321074698 -0.551479379951398 0.768432147503298 0.461124663555899 -0.600595447594784 0.0260098082596961 0.0256525491486355
67.8496457915824 101.708022446863 -43.7927572132553 0.99827545725046 0.0566937874212041 -0.0152291141945833 -0.0527224477013347 0.751783266952 -0.657299218803057 -0.0305646566377738 -0.391861613494195 -0.339147014803063 -0.214271950418616 -0.480370449948719 -0.492205686607466
67.8232845853906 102.211019586196 -43.7743986636185 0.759973567850705 -0.3034853131074 -0.574749372245421 -0.168610263000039 0.761961993585991 -0.625287533492657 -0.56987412672361 -0.0453733033050539 0.426513835899913 0.00374827089877398 -0.0342218678951978 -0.120955450418219
68.0398392655081 102.612455814807 -43.9865293281423 0.051243252722207 -0.728451863312838 -0.68317787719311 -0.0947137660780203 0.67744846012328 -0.729446972981463 0.159891148365 -0.159638482620948 0.274294559721622 -0.410708673235436 -0.212300513900801 0.23563019207254
66.6444603047311 102.948504581793 -43.6819838575165 -0.439942724648904 -0.460690125670474 0.770853427791854 0.730189178793963 0.316170401758221 0.605689722733028 -0.0836957662601562 0.00816071191081631 0.340944833102281 0.422658174361173 -0.142193337658772 -0.471162958301571
66.7850152062739 102.235181012446 -44.4752608944401 -0.332048686190905 0.0455577982966587 0.942161428319547 -0.934247620413375 0.12187666951594 -0.335152892243961 -0.0163247126574124 -0.108179273112916 -0.440972168513547 -0.0466607549429239 -0.116530284283593 0.535798927359621
66.2853070227207 102.079711022346 -44.5446884200198 0.0144828674991651 0.644388554771917 0.764561074753334 -0.989935247771741 0.116896579860076 -0.0797708896533074 0.167737875595638 -0.463971972972019 0.42803889626695 -0.524352160508032 -0.592896960099889 0.0180590930297201
66.0672091041452 101.288516084682 -45.1111082639069 -0.63970380713989 0.699742268416038 -0.318024836958342 0.463904411644784 0.0215959930474502 -0.885621990434347 -0.154501307873943 0.211414061119785 -0.134817891069178 -0.351222077893023 -0.342436591915026 0.0594747409545579
65.6006620530692 100.814937448604 -45.4655592206929 -0.361581699111737 -0.872316305306079 -0.329124502832836 -0.830817958035142 0.141274325954109 0.53831504291847 -0.130285314272045 -0.184053983989543 -0.302606807495547 0.688451634095101 0.386156825822466 -0.565011397627968
