t = 1000000
b = 105 105 105
E = -0.273253440768012 -0.656714369901167 0.383460929133154
-11.4682831583587 5.90136375876517 -31.2214435274309 -0.255382796550947 0.281970955471069 0.924809173557805 -0.52281184806969 0.764344798351156 -0.377418601491153 -0.33672828339453 0.298747178185753 0.893778781507013 -0.117487806250023 -0.15968122810932 0.0860565001941653
-11.7583758211933 5.85135917125193 -31.5398938992448 0.36969855644306 0.896013350905744 0.245933024139922 -0.729305284404788 0.443832612449366 -0.520698006780988 -0.466200701718 -0.178798917901679 0.15328676952585 0.355856237865378 -0.201889069588868 -0.222130770372054
-12.1674869299404 6.13023656740701 -31.652989886594 0.698994916917873 0.701933438168574 0.136731688001858 -0.63664203584351 0.697886119756046 -0.328088222966015 0.653407795690516 -0.28063584930687 -0.0590883404624727 -0.144104957643527 -0.0198951438513628 -0.528385683641143
-12.5297305480114 6.85083567919709 -31.825552023621 -0.0901753734474814 0.974278358307365 -0.206518964159279 -0.724835598258878 -0.206410902605077 -0.657273074743211 0.32062624708439 -0.22000552360467 0.131128652955112 -0.175670777098129 0.479126642438484 0.355797082379028
-12.8734462593001 6.93237940069995 -31.798214083619 0.217817509782105 0.42777860138188 -0.877246259970435 -0.96050686561296 -0.0655083748742766 -0.270435230566772 -0.213930856872806 -0.149572019302084 0.527114920352257 0.139285195985628 -0.18749899983313 0.516982980590449
-13.2300609773571 6.26353545616573 -30.8087511815075 -0.709549812211442 -0.672834009917568 0.209364416959763 0.40582287287595 -0.14729316434343 0.902004722597557 -0.17722336869468 -0.316971549049875 0.435517589629051 0.30337287738163 0.257640770540626 0.716669486445319
-13.3286580507715 6.30994201445606 -30.2441105505295 0.0525715837321317 -0.973077319824318 -0.224403115458454 0.40805478904797 -0.184164998373315 0.894189321401896 -0.288908852106396 0.359904643563872 0.257169738370081 0.061510947387588 -0.32348347532869 0.168632938556402
-13.3923016124835 6.09613630979501 -29.8201803956124 0.816632953803471 -0.447025910605547 -0.365073217326906 0.348354905597794 -0.122565508591171 0.929315100409834 0.219787326852434 -0.175299692509521 -0.0362525620501868 -0.516527696042232 -0.138701636052315 -0.00271790284697132
-14.1524356290438 7.08313056350033 -29.6227360033647 0.0638473168184562 -0.241185578911926 -0.968376495305335 -0.358032345228691 -0.911293862965987 0.203362570524978 0.00804898925249587 -0.319124079372311 -0.183682677048603 0.121519985048846 0.313941437191968 0.217489601027323
-14.3834754138621 6.83176493925357 -29.7161928828643 0.0963568918251436 -0.575872982988143 -0.811840906127818 -0.950361350141757 0.189206900237863 -0.247010228652843 0.393525962380283 0.484685108801228 0.559130216843396 0.388987758032827 0.374242990341113 -0.117425050460112
-14.7013208308341 7.05915693441051 -30.0716360887807 -0.0763411950784077 -0.987691273935779 -0.136520948301628 -0.916195179597549 0.12350877507927 -0.381224311082781 -0.126810936284197 -0.760814200644471 -0.456462011903983 -0.0257514133385107 0.00563057767630624 0.414432912814925
-15.2609085818789 7.03557783500845 -30.3314233913571 0.187503891769837 -0.982152886014387 -0.0147647913868683 -0.900928348400815 -0.165969307612616 -0.400976682586669 0.118702672075343 0.277181879869953 0.18715304625671 -0.363225961220184 -0.646915009161117 -0.195833382710498
-15.4674203999357 6.82976543734864 -30.7318461792628 -0.447025845776176 -0.55006258024999 0.705407010893019 -0.829575116772829 -0.0400664161049154 -0.556955840199147 0.0299301304138231 -0.0735823787504764 -0.139679325412457 0.544404651122461 -0.510557149655148 -0.299937838852668
-15.6968160404476 6.54080679595388 -30.9857348322573 -0.661907274066868 0.330373495048432 0.672853709439652 -0.722950681226259 -0.0442059252516697 -0.689483972755838 0.0351019956677939 -0.371558365618436 -0.154216686291593 0.236338021463003 -0.156579247244357 0.104188305127873
-16.1599099228065 6.36994180353029 -31.3194206933796 -0.173306621823353 0.71945276726323 0.672571580212453 -0.892228945083253 0.17445646757341 -0.416524249567081 -0.128858271702639 -0.498263557653187 1.05298152186372 0.463547329977502 -0.431244636619513 0.175920037295615
-16.6842946675847 6.45719243731634 -31.3267540320018 0.402853491869946 0.897715881189317 0.178368328883648 -0.842810661293634 0.439843442114411 -0.310174040884906 -0.436618027934817 -0.617913196594387 -0.251242958665844 0.257350982831296 0.0605501963674924 0.0243895728732135
-17.1980286097466 6.59408886711362 -31.2200424284673 0.666452066180221 0.600437088814598 -0.441946768129214 -0.745067201919913 0.557672983496443 -0.365890295172614 0.0911864676598374 0.379737455201794 0.280572385043377 0.0491754699572112 -0.317007756407355 -0.0361643959096642
-17.367315635104 7.02971067676567 -31.1990253540179 0.212754002598771 -0.10040549837193 -0.971933367199028 -0.8202546093406 0.522171043301015 -0.233494705279482 -0.384616242668603 0.178081286211648 0.287936690771083 0.306835224941367 -0.00733191160949036 -0.571146885014659
-18.451894475662 7.21570261054756 -31.5604322654601 -0.468063381120446 -0.0699893795591532 -0.880918928167036 -0.752263861782563 -0.49152043944124 0.438755900094042 -0.119838226106649 -0.110070785691099 0.562084270349826 0.174274518898811 0.603021951072877 -0.148950816160538
-18.9668429604205 7.4196713037832 -31.506063328228 -0.225447792356516 -0.736489790335042 -0.637774318747465 -0.870659523887943 -0.141446346080661 0.471110310483269 0.489218353035789 0.716580794050704 -0.220106007381161 -0.0479415955006484 -0.00212039860250726 -0.023175092354635
-19.9453269228553 7.52237036272454 -30.941115425297 -0.468515183409359 0.408581884775226 0.783297112434668 -0.0444030135169198 0.874617850900227 -0.482775296879737 0.434002302321458 0.357742904689324 -0.49812441856543 -0.501457530042575 -0.0374751611396118 -0.567069257737475
-20.0553807836631 8.0779392757473 -31.0447437439653 -0.235444308414331 0.0828839631141846 0.968347162072513 -0.20007211939504 0.970883088365439 -0.131746634745317 -0.321883833020898 -0.340479331139378 -0.0485536873020652 -0.12205350456745 0.68435487332618 -0.201163627345209
-19.996437484162 8.21677830326552 -30.6763964621203 0.894957990547466 -0.379503031647156 0.234579718061727 0.115471387862116 0.704899486544643 0.69984503460008 -0.0873320083871245 -0.510544565135199 0.333489820317379 -0.487699190085042 0.215220198328372 -0.291523988653229
-19.9201205146515 8.33914210257836 -30.1673925070113 0.877971073514217 0.138923012840921 -0.458112639615518 0.239275293253724 0.701500341695474 0.671300681244716 0.0922978445500487 0.489110171405332 -0.448892189949862 0.433787975987385 -0.604417129608477 0.0701082717574443
-19.6737170133052 8.38855190893456 -29.7076814435345 0.0973121608473797 0.704955242475903 -0.702544268681374 -0.294409744429321 0.694692463091529 0.656296643377781 0.0448610347052642 -0.0524962778101519 0.192543797988839 0.0892723380129381 0.320365305843916 -0.288628990715382
-19.443981402629 8.76826553105395 -29.4840347547742 -0.565297766118399 0.469252137859055 -0.678410544387504 -0.121416530563831 0.766136703552302 0.63110425254128 -0.449848120388883 0.0232548656333415 -0.278407116661727 0.426458378084641 0.227754169127147 0.173551167543204
-19.0348812199798 31.6371186378247 -13.2396590739877 -0.844147737456025 0.0925155066152635 -0.528067683525201 0.351397950071466 0.839383839264607 -0.414673668162036 0.297135195610417 0.0332020180857048 -0.158662564026074 -0.126428567630558 0.653144307227638 -0.203899021203242
-18.8249102296976 31.787222446032 -13.7211908569631 -0.869551569783006 0.483381576590973 0.101105484027828 0.371356504113582 0.774987844651151 -0.511359157046742 0.337209912089356 -0.0625632351635221 0.252012585558172 -0.890441468752879 -0.310360866864939 0.283051203156867
-17.721814821185 32.4151598002801 -14.0355209015071 0.950289131663982 -0.265157252756796 -0.163224377933874 -0.285018792775832 -0.951820534082104 -0.113145740813748 0.526203752390336 0.385567564619682 -0.500576633636799 0.0875360209932882 0.453476100969256 0.152744009274729
-17.7512758014392 32.1265503128882 -14.398333545877 0.513357242990022 -0.52580531228743 0.678227922338758 -0.48211643509143 -0.830513013155829 -0.278947805141966 0.294959381537257 -0.236358200539907 -0.294611406767056 0.0329524648921623 0.64083272769545 0.287072956694005
-17.5889699655175 31.7345717186765 -14.6060031428982 -0.222122614737395 -0.410968537068283 0.884175551325734 -0.337369164319611 -0.81841897586923 -0.465158496540238 -0.430294295769687 -0.84376820675313 0.267771986759833 0.0617543642878563 0.380408966240575 0.29007800306303
-17.3872046005386 31.3272599544979 -14.7162946072358 -0.899786854885297 0.0547115308138322 0.432885971326974 -0.33981430912951 -0.710187469494802 -0.616571158491464 -0.11419829560875 -0.0249350491667154 0.64397195369693 0.190417364205117 0.528779239806692 -0.147166386252526
-16.3249166376878 31.5590148359231 -14.1004614045954 0.510774410012417 0.420618961771467 0.749792765419057 -0.849075668995154 0.110023748026451 0.516686832801557 -0.181967104333355 -0.464561263686158 0.47153997224602 0.0601518499310185 -0.279790914398981 -0.781788478414222
-15.8843329120448 30.6552281458466 -14.6720247662952 0.81557404709219 -0.293459121641886 -0.498719076870653 0.577916518196394 0.369624119628019 0.727592267815526 -0.0212304076273109 0.25778455325289 0.167511496625361 0.0144215646111238 -0.129132453084963 -0.057445165989303
-15.6234875255817 30.4469328724872 -14.3686895946325 0.733253184092072 0.432222349337499 -0.524903428024562 0.533091599193102 0.113769905335918 0.838373279339026 -0.50436490098371 -0.00163553098078119 0.470204656367273 -0.63225489209605 0.472854170029978 -0.72398625005929
-15.2435232420503 30.2788676242935 -14.1557707026135 0.00447539965415625 0.977659388618895 -0.210147782865846 0.633847466923316 0.159767631286635 0.756777175044226 0.0623020869575201 -0.540055793071225 0.0321308614371266 -0.151747090257743 0.357993938249069 -0.318228967377028
-14.7124026113864 30.3556942279457 -13.694840631129 -0.200024348743084 0.971437650431846 -0.127668129278149 0.67103994437774 0.230769672802759 0.704592613617301 -0.36777872600104 0.114643552772392 0.0265770577880937 -0.0511487333292613 -0.0867571789440234 -0.241206911402014
-14.8627470130152 29.1840122307266 -12.612907728963 -0.546977993183385 -0.651008954474145 0.526310190066117 0.500144408412801 -0.758285350930593 -0.418161329270809 -0.507947647983685 -0.33848359827307 -0.196902513769321 0.127179514826596 0.340569517011709 0.402256045407877
-14.5682064135913 28.8197504164117 -12.5513334682621 -0.847580319496011 -0.526055373618411 -0.0698093538873854 0.529624694344246 -0.830322426193106 -0.173384981188367 0.12497519039181 -0.107783670884207 -0.496404199876411 0.208411403730551 1.00325989747346 -0.110585255440181
-14.6134796599579 27.9381217056474 -12.7955610426132 -0.206535369451524 -0.758537325643179 -0.618032577435415 0.851642787247313 -0.450347351939296 0.268126510310069 -0.182125202369904 -0.772546132208851 0.112081016950056 0.801390872236184 0.228714990576895 0.238508083652353
-14.4847378226463 27.676665599372 -12.4474229025038 0.381896404150123 -0.319266077827074 -0.867308657887216 0.73430383395629 -0.465030660417476 0.494514271086897 0.483665761383534 0.146822985327281 0.0728347225570963 -0.543970591164013 -0.584415491381289 -0.676177607031305
-14.3611130215304 27.2512539602371 -12.4103164929121 0.864377179952445 0.317523794870304 -0.389911182794942 0.497320151723742 -0.654438904471077 0.569545772527714 -0.187040021216075 0.00513259199542143 -0.376912605129791 0.501134707269949 0.0612659592100811 0.0996354191317448
-14.1167286220366 26.8403567260055 -12.3756918176002 0.701322833307974 0.701830792350166 0.124819158746016 0.547311291187624 -0.642334619686485 0.536522680686252 0.105419450912101 -0.153922838005547 -0.716209957094852 -0.423215963231622 0.184055208347937 -0.554221801944743
-13.7522162678626 26.5201978524042 -12.5247771614545 0.314409501621698 0.811475698673992 0.492599082166857 0.716958552774452 -0.54309763024784 0.437053083300928 -0.278825225115826 0.025428878141896 -0.0263911423325738 -0.248223250329958 0.196958547686322 0.430550017174753
-14.0976830078217 25.1810043625425 -12.7994966808404 -0.487134671381444 0.0913241211573035 -0.868538840140672 0.742007331567319 -0.481202872577216 -0.466764303823636 -0.1938105255907 0.244319321118588 -0.338782961148037 -0.484489537211565 -0.155787358767806 -0.349913120113965
-13.8143954948927 24.7752959551091 -13.0078524685814 -0.0949829584067056 0.638413767998637 -0.763810250286117 0.847217097501371 -0.35102645304228 -0.398752578632302 -0.372965809746794 -0.0707861068295016 -0.0481320514045443 -0.779780416936551 0.0708833533058359 0.599442800239614
-13.5451396721521 24.4923028047985 -13.3618517706339 0.216036178988131 0.976071419240418 -0.0247579060149996 0.942501851440312 -0.215094039004541 -0.255782748472936 0.124984840537754 -0.0586049597139351 -0.367577933648532 -0.19725274806766 0.0297194328495771 0.617023418997206
-13.9271569302179 24.151067384078 -12.0703713777354 -0.111749998684582 0.777515986647167 0.618854448398146 -0.156558369416916 0.601203090322652 -0.783609801592727 -0.415968311784313 0.376982362035193 0.228444737243546 0.167489797754507 -0.154639556144786 0.171968325800671
-14.2036764071921 24.4608315119162 -12.3092275985013 0.670717201884335 0.592639413866326 0.446001076488201 0.0408739349934613 0.57086553470112 -0.820025525656615 0.433128070901702 -0.0456475215223361 -0.257110615336595 0.254876838977646 0.166983961887641 0.787054952346217
-15.2573501640336 24.1945501452677 -12.657452404963 -0.401289844124726 0.339750057689045 0.850609404664 -0.415272388662438 0.760248881035588 -0.499570297454513 0.274616644104206 0.121861287248975 -0.475081981355369 -0.391448233410352 0.422230250126579 0.312895690302773
-15.6271914738082 24.4844079839647 -12.9201319736555 0.331340274994525 0.357158455357595 0.873299181227706 -0.519855387398302 0.841524636188045 -0.146924003762249 -0.100428532634469 -0.21688814902318 0.316772490163108 -0.375606427197691 0.110615941441987 0.299008622436774
-15.958383619158 24.8189676939138 -12.7646571131908 0.903798314712202 0.39360767042704 0.167992881111975 -0.403332054170651 0.91465908832887 0.0268701733490109 0.0169652658801985 -0.418378698825048 -0.273475750671089 0.544318784071935 -0.0496021843452438 -0.11316186884511
